,Yield (tons/acre),Total Radiation (W/m^2),Total Rainfall (mm),Avg Min Temp (C),Avg Max Temp (C)
0,1.86,150704.0,1892.01,2.44777893,15.86448917
1,2.06,368469.0,2361.22,1.526556391,15.64877216
2,1.85,370671.0,656.98,2.220740278,15.96495503
3,1.56,357690.0,770.45,2.111289865,15.30565962
4,1.5,364177.0,2379.14,2.550793877,15.63056058
5,1.08,361108.0,1197.78,1.924673288,15.26316024
6,0.14,375831.0,2183.74,0.060636334,13.41193796
7,2.1,370537.0,2136.31,2.923230816,13.60595597
8,2.05,365336.0,2133.87,4.811223049,15.853953
9,1.09,152257.0,1927.91,2.57589136,15.87770173
10,0.17,135328.0,1943.6,0.826850627,15.4486642
11,2.01,251062.0,700.65,2.19054355,11.2808193
12,1.26,335679.0,1808.29,1.971023861,13.6906976
13,0.85,156966.0,1864.41,1.163268221,16.09192242
14,2.42,375996.0,2151.88,1.674324149,15.9372475
15,2.23,150560.0,1667.15,1.130468163,14.92893098
16,2.21,139732.0,1804.43,2.949739084,16.38470682
17,2.0,364504.0,1897.49,2.058091125,15.70035873
18,1.84,356263.0,2524.47,3.318326422,15.69480142
19,0.99,146271.0,2560.62,0.924125944,15.60476096
20,1.09,358294.0,827.49,2.884315022,13.46473041
21,1.25,252207.0,2055.13,2.86196399,15.83840187
22,1.87,362944.0,1717.9,3.740203873,12.77548383
23,2.14,386083.0,1791.24,1.259315192,15.33061816
24,0.94,149538.0,1479.01,1.892662553,16.44840882
25,1.91,244122.0,1899.43,1.073051427,13.66254024
26,1.53,139143.0,1856.41,0.458016675,15.35933513
27,2.31,361614.0,1472.26,2.027107649,16.015664
28,2.71,125107.0,727.47,0.967445335,15.02771944
29,1.66,387557.0,1029.33,0.373523781,15.09692911
30,0.86,272103.0,2335.43,1.662662942,13.75481538
31,2.04,371154.0,2458.8,1.717932958,15.08457343
32,1.58,363078.0,1412.62,3.481450877,16.3155641
33,0.56,386026.0,833.2,1.284371842,16.81922841
34,1.84,117442.0,608.68,4.157858043,15.81122519
35,2.63,370641.0,2296.76,1.288775858,15.74743572
36,0.29,157324.0,1783.63,0.528681474,15.23324754
37,2.08,368478.0,1826.88,1.636083845,14.34957369
38,2.01,147578.0,2388.64,2.936339993,16.05529063
39,1.42,378436.0,1668.64,1.904032861,15.31266447
40,1.57,259443.0,1336.88,3.318602453,14.91911654
41,0.94,176841.0,1896.83,1.889511648,16.12547421
42,1.61,147587.0,797.58,1.565858333,13.12660181
43,2.15,361542.0,1147.99,0.182189747,15.96077482
44,1.33,254237.0,586.86,1.415143278,13.20393463
45,0.48,363676.0,1395.05,0.914644583,13.14833312
46,1.88,360580.0,780.37,3.331630251,16.50960711
47,1.01,373580.0,1434.0,4.382823442,15.50749997
48,1.78,366176.0,1338.03,1.556050103,15.73596689
49,1.34,368378.0,1435.32,3.812678373,15.67937063
50,0.84,165826.0,2543.66,0.042428082,16.45467941
51,1.17,157694.0,1748.39,2.920741878,13.72773506
52,2.15,140162.0,1709.04,0.825097174,15.86001113
53,2.77,148348.0,1872.81,2.718033242,14.57049141
54,1.6,143711.0,1261.19,2.64912506,15.17315781
55,2.07,355287.0,721.92,1.467355593,17.56812231
56,1.64,247002.0,1814.41,1.459625751,14.07523812
57,1.05,396544.0,1850.7,3.201852043,13.77067837
58,1.55,264194.0,961.11,0.767078807,17.06886856
59,0.73,171652.0,2038.54,1.718356572,13.8438889
60,1.76,350792.0,2968.87,2.933069811,16.09141715
61,0.26,161134.0,1618.47,3.049778298,15.84238304
62,1.68,155504.0,2182.51,1.219214478,17.19878154
63,1.36,254058.0,1783.98,1.199128827,17.1824031
64,1.81,164908.0,784.88,1.741619405,15.84189135
65,1.33,256073.0,1459.97,-0.156747426,16.45913036
66,1.56,134458.0,2338.02,0.427564272,14.57249749
67,1.36,266915.0,822.32,0.193496237,14.48954771
68,1.5,240911.0,1818.61,1.226115247,16.00084493
69,1.6,153224.0,1857.06,0.218340502,14.15747826
70,2.16,237977.0,1243.49,3.039649381,12.16222692
71,2.06,140524.0,613.69,1.625768291,15.12315427
72,4.85,176075.0,1847.0,3.620539081,16.86678669
73,0.66,345830.0,1771.42,1.765789748,15.52139786
74,2.61,388676.0,1919.62,2.974443266,15.70814787
75,0.82,140818.0,1878.92,1.957248614,13.21494624
76,0.84,366323.0,1759.04,0.913035722,15.49764619
77,0.46,342788.0,2312.0,2.212313864,14.10509707
78,2.32,345735.0,1619.58,3.334167376,14.28439703
79,1.27,375704.0,2013.22,1.903085929,13.40464376
80,2.4,131720.0,1782.56,1.669473556,16.18735324
81,1.68,115275.0,1155.13,1.364376533,16.01242424
82,1.62,344875.0,2265.95,2.720142827,11.80202674
83,1.42,372326.0,1957.9,2.711229473,17.02612646
84,1.05,360311.0,1899.85,3.736151262,15.85937518
85,0.35,340780.0,634.48,1.393421676,14.64368388
86,0.92,357306.0,1964.88,2.280315801,15.5284254
87,1.33,364823.0,1742.12,1.23772971,15.58130935
88,2.25,253034.0,1782.85,4.238702578,12.72813565
89,0.62,375291.0,1683.54,2.143813055,14.85003315
90,1.54,383423.0,2611.87,3.107574346,14.98442651
91,2.35,118599.0,1429.38,1.119659253,15.79907825
92,2.07,353063.0,1499.49,1.411320499,16.52411149
93,0.84,256153.0,2604.03,3.135519672,15.9921554
94,2.65,255955.0,2117.59,1.890825454,16.36826609
95,0.0,390684.0,2029.13,2.304396523,16.01933953
96,0.83,352401.0,1909.52,2.916917872,14.16115546
97,1.17,374733.0,2467.45,1.057654925,13.59013143
98,0.61,238395.0,2434.0,3.052159989,14.16798762
99,1.89,242077.0,1736.22,2.185172594,15.82447731
100,2.51,364721.0,2199.16,1.462511794,14.87978422
101,1.35,158921.0,2002.35,2.652400771,15.32504771
102,0.0,162098.0,2437.84,1.994469124,16.39800942
103,2.06,255151.0,2502.01,1.722254302,16.229408
104,1.79,367711.0,1912.36,3.109932722,13.51162283
105,2.05,141023.0,1775.08,2.487662189,15.22346223
106,1.85,357456.0,939.97,2.460128438,15.54864679
107,1.94,350693.0,2084.03,3.058470017,16.40337405
108,2.59,250489.0,729.76,2.765094603,15.33772252
109,1.66,388913.0,2401.97,3.21200097,14.56990225
110,0.67,380160.0,906.81,3.569490044,15.91263274
111,1.92,377512.0,2034.65,1.248288479,14.74332579
112,0.79,359899.0,2247.39,3.710181551,16.65661291
113,1.32,263815.0,640.23,1.714807806,15.85270158
114,1.07,396028.0,1837.34,2.76456836,15.34866331
115,1.3,383981.0,1058.35,1.470447193,16.88811699
116,1.39,260125.0,953.45,1.554541414,14.87562935
117,1.37,384752.0,2418.2,2.03441819,12.74040759
118,1.35,363942.0,2244.14,0.66542387,14.85185766
119,1.26,138973.0,2008.79,1.222114248,15.47078991
120,1.53,248401.0,1709.14,2.025676727,15.43497261
121,2.03,177523.0,2528.31,1.867209097,12.21507013
122,1.89,144322.0,1301.05,0.936453845,16.04854784
123,0.65,238151.0,1781.73,1.18505883,16.57512979
124,0.96,160575.0,847.43,2.270689532,15.19916408
125,1.56,370851.0,1852.74,1.182578066,15.79625942
126,0.09,266838.0,1673.9,1.401950938,13.78020427
127,0.47,141220.0,2030.63,0.36376179,16.25931258
128,1.35,395655.0,1516.06,1.560650216,15.28321676
129,0.52,369543.0,1811.78,1.570553745,15.43956109
130,0.76,354917.0,1488.11,2.52633694,15.36501649
131,1.56,367942.0,1485.61,1.115337894,15.99291001
132,2.19,149414.0,1842.84,1.59695364,15.24065273
133,2.0,372684.0,1545.79,-0.046859033,15.24777873
134,0.8,381836.0,2209.23,2.154188537,15.85506876
135,1.7,386961.0,1958.33,3.132193328,15.42706949
136,1.92,254703.0,1802.61,2.055045034,16.27447078
137,0.79,331719.0,1096.43,0.827040883,16.47012426
138,1.71,366629.0,1802.35,1.87984004,13.9964883
139,1.07,393055.0,1892.18,0.327800905,17.61018686
140,1.18,366023.0,2574.07,2.012679153,15.73435558
141,0.5,388818.0,825.09,2.750643532,16.90286253
142,4.57,248681.0,1254.35,1.227322678,15.97655725
143,2.31,366685.0,2243.26,0.960685607,15.37306287
144,1.2,270796.0,1894.65,3.753593844,16.67816765
145,2.22,357434.0,2017.17,3.456818379,16.41912645
146,0.78,360332.0,2140.82,1.716690505,12.97297603
147,1.6,359765.0,2086.93,1.865491966,15.67072691
148,2.13,353998.0,2483.44,1.310114306,15.7770715
149,2.26,358500.0,696.81,1.637268003,15.57900043
150,1.6,146334.0,1167.17,1.194216205,15.90996104
151,2.37,153951.0,2328.64,0.860221096,16.64329068
152,0.33,388334.0,1241.97,2.505116187,13.40485432
153,0.68,250265.0,1271.34,2.705314433,12.95730054
154,1.26,251718.0,1805.82,3.348882946,16.31864988
155,0.8,355553.0,2327.64,2.744754079,11.3641624
156,1.03,132677.0,1336.69,2.104816512,16.10866373
157,0.63,244240.0,1539.02,1.894452716,15.11907203
158,2.53,349423.0,2353.24,1.005379832,15.64945641
159,1.54,376437.0,2403.49,3.502075092,17.54566669
160,1.24,144590.0,1846.08,1.608586441,17.15089256
161,1.07,258199.0,2515.09,2.075394607,15.11344365
162,2.17,138496.0,1860.77,1.176515639,15.33732084
163,0.57,381655.0,2370.28,3.022412005,15.94409058
164,1.21,342652.0,1857.58,3.178776869,14.77531064
165,0.08,377272.0,2018.41,3.212704774,15.85184884
166,1.19,261468.0,2602.52,3.665420978,13.32621241
167,0.49,139384.0,874.52,1.997106965,15.18488086
168,2.14,128324.0,1428.37,1.196427151,12.22749021
169,0.13,371513.0,1812.04,1.253742041,15.71793429
170,1.87,391075.0,2327.78,0.560474871,14.90826755
171,2.23,270733.0,1803.59,0.552929453,12.04606901
172,1.2,381386.0,1217.95,0.330842781,16.21097446
173,0.48,351670.0,1117.41,2.620592769,13.81104461
174,2.12,367122.0,823.78,2.858097688,15.21264208
175,1.05,369611.0,1842.77,2.119005068,13.17161881
176,1.67,147899.0,1830.79,2.413232286,17.43551815
177,1.95,370972.0,2357.72,2.050292694,16.58012886
178,1.26,168618.0,2450.02,4.212234001,15.52770286
179,0.2,153634.0,2703.22,3.848903089,13.98129395
180,0.6,356241.0,2316.92,1.946894575,13.41727998
181,2.12,143868.0,1685.37,3.030937595,16.6035906
182,0.3,253490.0,3047.82,0.809122456,17.15679737
183,1.79,363910.0,2287.82,1.992410478,15.52284569
184,0.96,151229.0,1694.33,1.2007324,16.39759569
185,0.98,369948.0,1900.18,0.057653505,15.51197816
186,1.13,374083.0,1939.44,1.800117184,13.67641212
187,0.31,372158.0,1739.98,2.143896155,15.77633192
188,1.51,349715.0,911.33,0.261805832,15.20477533
189,1.88,347395.0,841.84,1.398938768,15.82687602
190,0.89,249767.0,1822.79,1.072025014,15.70791259
191,0.6,380289.0,1811.39,2.19274596,16.34784212
192,1.94,260387.0,2359.71,2.028886922,13.43690938
193,2.57,363224.0,2107.3,2.889322413,16.19893605
194,1.57,360613.0,2108.47,0.718880935,16.80136449
195,1.32,165513.0,1870.37,0.238897664,17.00226095
196,0.89,375631.0,1820.47,1.543954194,15.2000892
197,1.76,251730.0,1555.11,-0.326393035,14.44173959
198,2.09,146874.0,967.05,2.081972737,13.42394901
199,0.68,153255.0,2766.68,2.829809353,13.24250885
200,3.36,148853.0,1097.28,4.196944297,14.99363431
201,0.85,401119.0,2485.53,2.312043637,14.7014226
202,0.83,126194.0,1705.48,4.729426627,13.24037355
203,1.67,366906.0,621.5,1.978227791,13.7851749
204,1.25,244128.0,2194.95,1.587241704,15.01044544
205,1.05,391546.0,990.55,4.599226444,15.25322543
206,2.55,248293.0,2358.02,1.751102358,15.05504022
207,1.37,374049.0,2163.38,1.824704193,16.30919987
208,1.26,371376.0,2044.25,1.925653927,15.62168745
209,1.2,366567.0,1807.2,2.339108166,13.95089598
210,2.63,258862.0,1019.21,2.24265728,15.70943279
211,2.17,148252.0,1804.92,2.724664508,15.86034624
212,2.45,134358.0,2152.85,1.990800578,13.204225
213,0.93,329792.0,1753.11,2.790166695,11.63569049
214,1.85,253993.0,1297.55,1.295102691,13.65925543
215,1.98,363407.0,2931.27,1.160238154,16.1738094
216,2.31,267659.0,1230.65,2.95882955,16.97183641
217,1.33,371509.0,773.98,0.821410162,13.31006451
218,1.3,256065.0,1936.0,1.280185591,16.73744976
219,3.01,250965.0,623.18,1.318035407,15.03325639
220,2.17,365704.0,1342.55,0.886716051,16.51434124
221,0.8,379012.0,2244.24,1.447351353,14.06579978
222,0.52,380950.0,2359.9,1.309438213,17.20231789
223,1.33,343320.0,586.86,2.856492657,14.57313367
224,0.3,351462.0,2144.72,0.891178883,15.56184601
225,1.29,386430.0,808.75,1.971498279,14.84613337
226,1.64,382487.0,1664.05,2.777800294,15.95736895
227,2.25,239581.0,2477.76,0.717781472,15.36159515
228,0.35,147875.0,1369.78,2.236708106,17.73027397
229,1.14,374320.0,2250.55,3.809349902,14.51382392
230,1.4,377768.0,1791.05,1.703362776,16.30116771
231,2.05,374304.0,1571.05,1.784571942,15.25448911
232,0.0,251241.0,2523.49,3.029291443,17.62059214
233,2.07,259534.0,1401.78,1.503685501,15.28294406
234,1.28,283165.0,1911.1,1.309750317,16.43312351
235,1.58,256644.0,744.61,2.446949161,15.68696443
236,2.37,365417.0,1922.91,4.20792747,15.63773541
237,1.88,255004.0,2018.63,2.424778662,15.53974228
238,5.29,375002.0,2359.42,2.147006278,12.91142756
239,0.84,365509.0,1921.67,3.972574463,16.23291397
240,1.1,385598.0,668.17,1.952184154,12.47697514
241,2.31,346747.0,1243.6,0.908218777,15.24146317
242,2.11,253923.0,2245.08,1.382413916,12.21339956
243,1.33,146488.0,1453.26,1.157771694,15.16519807
244,1.16,252961.0,2163.88,1.29258652,13.97352108
245,2.04,377700.0,940.71,2.312370901,15.08229454
246,1.32,156810.0,1879.57,1.534352824,14.24507562
247,1.03,155714.0,616.05,1.774489385,16.01492118
248,0.44,252105.0,1896.09,0.895329007,16.1067826
249,1.8,337717.0,1553.35,3.555049953,13.08583483
250,1.56,257295.0,1759.62,0.746344081,13.90166095
251,5.93,247495.0,2296.11,1.452215715,15.64145579
252,1.04,386873.0,2205.69,2.324463936,15.31481597
253,0.93,268714.0,1306.67,3.651922681,16.19282159
254,1.12,359748.0,685.79,1.24902231,14.37685804
255,2.47,270803.0,611.6,3.015890325,15.310873
256,1.94,274546.0,741.67,1.346035823,15.79767339
257,1.77,359742.0,1798.54,4.219369889,15.67747236
258,1.17,253445.0,2129.54,2.003062055,15.69205096
259,0.85,245053.0,2268.04,1.025837093,16.22030646
260,1.45,268889.0,1810.21,0.212062143,16.15646981
261,1.68,356589.0,1337.62,0.871604267,16.2496444
262,1.48,365099.0,2393.57,4.328825259,16.33108232
263,0.25,148552.0,1959.7,0.732849679,16.3189901
264,1.58,365817.0,1809.13,1.415132294,15.95056896
265,1.52,163427.0,2393.55,0.748588284,15.43199314
266,1.97,125459.0,1424.19,2.124621911,16.11650238
267,1.31,253996.0,2511.96,3.885457896,15.25141562
268,0.39,393926.0,1791.2,2.135128658,16.05023738
269,0.23,364185.0,1810.6,0.641546023,14.01228347
270,2.09,280615.0,2202.55,3.228342778,13.27699074
271,0.5,385035.0,2146.84,3.630976229,16.4292906
272,1.07,356655.0,2038.0,1.279049797,13.33222913
273,0.66,388859.0,1918.49,4.031734272,16.68275778
274,2.41,130515.0,1783.52,4.021333754,16.10193825
275,1.94,228193.0,1279.66,1.534703026,14.47121351
276,0.2,157161.0,1169.9,1.595392394,16.67077906
277,1.02,131417.0,1910.99,0.834202716,13.67326425
278,0.99,377561.0,2260.28,1.962023053,15.54807778
279,1.97,370299.0,1376.97,1.74743259,16.62053141
280,1.69,379212.0,1693.18,0.269471369,16.27108492
281,1.08,270996.0,832.64,0.961033404,15.64181997
282,0.5,145689.0,894.25,1.966965524,15.1273879
283,1.12,116837.0,1328.19,2.422627958,15.58872633
284,0.9,366665.0,946.73,1.628757066,15.46293098
285,2.1,254493.0,2038.54,1.618132085,16.55676607
286,1.24,148235.0,1670.68,1.631172315,15.22147833
287,0.28,276127.0,1864.85,2.554542379,16.29823669
288,2.51,149417.0,797.21,4.633964374,14.6890691
289,0.98,167747.0,1579.35,1.615373504,16.38617016
290,2.09,142478.0,2352.82,1.485135997,12.61302617
291,0.25,391636.0,1852.98,3.359767122,16.01538826
292,1.04,358496.0,1720.85,3.111468185,13.13408463
293,1.9,263605.0,1740.79,1.62855476,15.39595038
294,1.14,171431.0,2434.99,4.513920094,17.39556349
295,2.26,364966.0,1414.81,1.823756427,14.22135596
296,1.29,376724.0,784.12,4.93924406,16.12622572
297,1.68,156974.0,782.3,2.477282449,15.68004266
298,1.87,373278.0,1381.72,2.009513673,16.08826092
299,2.36,386505.0,1861.24,0.096256891,15.10298379
300,2.47,142353.0,1828.8,1.158942542,15.72587744
301,1.77,165072.0,1271.12,1.690053756,15.88329031
302,1.75,278498.0,1920.42,0.326010441,16.46673006
303,1.85,244850.0,1161.61,1.90238435,14.41719359
304,0.43,265340.0,907.21,3.603076512,15.57008342
305,1.56,129399.0,1882.84,2.920366476,16.36346173
306,1.7,354878.0,895.46,1.866561688,15.895655
307,1.22,374380.0,1257.59,2.906400537,15.34695165
308,1.69,382212.0,627.73,2.022247128,16.10199694
309,0.67,383090.0,1891.37,2.906714021,14.57840781
310,1.29,160296.0,800.13,2.964195203,16.32336527
311,1.19,395856.0,1101.18,1.807161853,15.82863751
312,2.17,361740.0,1003.43,2.98309505,16.07413851
313,0.27,272956.0,2375.79,3.631773839,15.62619682
314,2.09,129179.0,2548.21,0.551368642,15.25839349
315,1.21,280820.0,2446.79,1.898764139,13.83538333
316,0.82,269724.0,1961.85,1.706749861,17.11392641
317,2.41,366577.0,2486.86,1.598570344,15.63758117
318,2.84,368377.0,2629.16,1.21046892,16.20759072
319,1.12,141148.0,1396.24,3.312766286,15.55880088
320,1.22,132946.0,1778.96,3.855603307,16.46844269
321,0.39,363771.0,1576.85,2.056071573,16.13218267
322,0.77,258324.0,2427.4,4.215751479,16.53486732
323,1.44,114947.0,812.49,-0.021215028,14.93635337
324,2.11,239311.0,1017.13,1.326954521,17.0084406
325,1.63,384976.0,1961.6,1.182963265,16.67666513
326,1.21,351813.0,1850.71,2.693232013,13.17521287
327,1.73,355841.0,2334.19,1.296646097,15.58853025
328,0.99,373560.0,2141.7,1.453965918,14.96810439
329,3.12,367247.0,1810.98,1.636760822,16.18939191
330,2.07,265835.0,1990.38,1.251884521,16.70186788
331,1.52,373994.0,2193.74,2.124010262,14.14800249
332,1.99,116512.0,1834.07,2.41424139,16.70455517
333,1.47,251348.0,1812.24,2.31920139,15.74380244
334,1.1,264231.0,1811.77,2.694302483,15.21062607
335,0.75,266986.0,1020.67,1.921767223,13.95441208
336,2.1,151203.0,618.84,4.1079485,15.91611917
337,0.96,245653.0,1867.41,1.66338375,14.11487233
338,0.94,258753.0,1509.0,1.300971526,16.12260307
339,1.18,251159.0,2383.38,1.580449022,13.62621904
340,2.11,367918.0,1966.45,1.414484691,15.77922834
341,1.94,272210.0,2245.38,0.9753203,15.48950228
342,1.8,359914.0,1649.98,2.514480148,13.19932561
343,1.11,390917.0,1124.32,1.641029209,15.69617588
344,1.7,128614.0,1823.5,2.872307475,16.09592542
345,0.97,152538.0,1346.16,1.555151601,16.12905729
346,0.8,363304.0,1328.33,2.837554735,14.4550833
347,1.25,249651.0,1592.57,1.030849027,14.53413138
348,0.8,246406.0,2545.54,1.154197396,16.88851212
349,1.99,374883.0,1787.5,1.890057352,13.84275776
350,1.08,381860.0,2071.18,1.767303781,15.30266686
351,1.56,148316.0,1508.09,2.584717523,15.5060697
352,1.54,358784.0,1749.7,3.632830944,16.22289225
353,1.83,343446.0,2315.49,1.498751963,17.16162721
354,0.73,377496.0,1576.25,2.978744233,16.43593146
355,2.03,385646.0,1515.49,1.74994136,17.26653244
356,0.64,362117.0,1086.51,1.36928656,14.77300267
357,0.98,132009.0,1748.67,1.034015274,14.73306387
358,1.84,357715.0,1230.2,1.655176852,14.84178482
359,0.72,162366.0,866.78,1.035772012,16.01747013
360,0.05,361244.0,1715.08,2.295776663,15.8163155
361,1.4,134958.0,1970.5,1.986996391,16.59230276
362,1.45,253896.0,1966.24,1.646781518,16.43477223
363,2.17,357995.0,2091.34,2.9571942,13.94624988
364,1.09,148691.0,1111.54,2.246796637,13.58156295
365,1.04,150989.0,1997.37,4.098547522,15.3442481
366,1.53,378405.0,1397.64,1.603311455,14.45002942
367,0.1,380267.0,1906.68,1.618370348,14.64106075
368,1.14,368234.0,1460.49,0.94149537,13.95213932
369,2.38,242877.0,1561.2,1.215146889,13.82682239
370,1.59,360740.0,1022.69,1.300078084,15.36338625
371,1.55,166866.0,1584.44,3.477222352,14.47731516
372,2.1,263768.0,1792.44,3.87503444,13.39227771
373,1.49,156750.0,1878.89,3.004369699,15.63657058
374,1.51,136180.0,1631.81,1.875896514,15.22692017
375,1.99,175521.0,1078.18,2.315876834,16.0206013
376,1.86,366844.0,930.15,1.367856519,14.68751619
377,2.2,148629.0,837.52,2.461434926,15.25318636
378,0.13,366423.0,1433.89,3.939190178,12.7623776
379,2.64,342685.0,1934.59,1.14155826,14.98713104
380,1.04,150672.0,2116.9,1.324855813,17.02394962
381,0.24,382152.0,2199.16,3.998040213,13.10997999
382,3.29,381550.0,1852.4,0.813584535,15.00043126
383,1.6,251563.0,1832.45,2.170438443,15.43141796
384,1.9,363168.0,1841.72,1.689609063,16.78945278
385,1.87,251852.0,1634.39,1.681398574,17.1521373
386,1.36,357821.0,842.82,2.553792385,14.47881026
387,0.86,348472.0,1998.32,0.67092831,13.52868746
388,1.76,348838.0,1861.84,3.174160272,16.91417362
389,1.09,391998.0,1952.58,1.492824788,13.78879797
390,2.05,362762.0,1939.38,1.816024823,15.61087448
391,1.62,240622.0,822.03,2.55780561,16.48231378
392,1.84,397481.0,1906.9,0.994325103,16.19692121
393,1.11,180414.0,886.83,1.555927198,16.34198496
394,0.29,350655.0,913.91,-0.326393035,12.52035801
395,1.38,382735.0,1538.51,1.856606325,15.11818287
396,1.5,393828.0,1839.5,0.258486784,15.53306292
397,1.73,354799.0,1903.93,0.748248706,13.67817803
398,1.18,245246.0,1985.45,2.84860442,16.0350187
399,0.66,151939.0,1548.09,1.142409399,15.29687069
400,2.58,344428.0,1914.99,2.756835035,15.80135661
401,2.18,372710.0,1362.31,3.19478214,15.67663198
402,2.44,356968.0,2484.16,3.696180614,14.13108951
403,1.06,276303.0,1524.7,2.499085303,16.9939108
404,1.85,158851.0,2148.72,2.022169085,15.9909322
405,1.22,163853.0,2212.68,3.431493085,16.5653099
406,1.36,380529.0,2130.5,1.696867485,15.27260007
407,1.76,353363.0,1863.41,1.617688541,15.34291794
408,3.21,350070.0,1743.68,0.914438909,15.42976536
409,1.63,401119.0,1618.53,3.060630511,16.10376058
410,1.58,359326.0,2583.65,1.246804479,15.78313248
411,1.54,366999.0,1921.92,2.18262841,13.41141295
412,2.17,265186.0,1008.37,3.182139836,16.03468988
413,1.57,359785.0,2351.22,1.074170546,16.42535596
414,0.67,360768.0,1579.0,3.008084342,15.61209876
415,0.99,401119.0,1866.26,2.61563176,13.60342237
416,2.03,352354.0,1957.71,1.155505623,15.89682075
417,1.68,354652.0,897.29,1.962334969,14.62433265
418,2.05,366441.0,1238.94,0.964183313,15.45795621
419,2.16,159470.0,2583.95,3.439196979,14.69586219
420,1.58,353933.0,2167.86,3.765063702,14.9927542
421,2.24,120213.0,1655.3,1.574889336,16.06332513
422,2.22,381987.0,1671.82,1.835089233,13.18360208
423,2.26,157740.0,855.92,1.320871887,14.92002752
424,0.74,171753.0,1306.66,2.809016578,15.36707166
425,1.73,389816.0,1525.38,2.082879697,16.05964602
426,1.98,361197.0,1960.98,3.712452658,14.53105376
427,1.49,272254.0,1572.03,1.917569593,16.91613067
428,0.85,256426.0,1858.24,1.970264897,15.44603149
429,2.18,376254.0,1829.95,1.29214746,15.98430603
430,0.58,337425.0,2126.86,2.100830378,16.63208405
431,1.9,271411.0,1973.77,1.562324656,16.26779079
432,2.1,269753.0,1196.55,0.324242148,15.73785467
433,1.55,136160.0,1806.41,4.56281631,15.85021086
434,1.43,272711.0,822.55,1.68684186,13.47977641
435,1.49,164196.0,2239.81,1.718370198,11.2583727
436,1.72,137575.0,915.89,1.641640309,15.44754303
437,1.71,156677.0,1991.27,3.81060613,16.85287771
438,0.44,160524.0,1889.1,2.152070597,12.01794003
439,0.79,255360.0,2509.52,1.046996131,15.48396911
440,0.59,341738.0,2301.13,3.323174415,15.41679355
441,1.25,269649.0,1172.08,3.23118617,13.55852188
442,0.36,380087.0,1900.54,1.876749658,13.09525396
443,1.05,380220.0,2380.7,2.156590838,13.38834221
444,2.47,372790.0,757.24,1.205043382,14.66429825
445,1.58,394700.0,1236.03,0.154626362,11.7833476
446,1.78,371472.0,1771.43,1.738778922,15.55696654
447,1.35,379272.0,1288.93,3.897802615,15.27614109
448,1.72,281132.0,1444.72,2.707269307,16.07846429
449,1.62,371877.0,1799.3,2.275004382,13.29932128
450,1.6,355750.0,1737.23,4.67160326,16.83243441
451,0.51,284705.0,2415.11,0.683433832,15.64347945
452,0.01,251492.0,2672.68,1.326144071,13.24467384
453,1.52,365004.0,611.33,2.865595383,13.34813072
454,2.06,376661.0,1049.83,1.39231107,15.30807805
455,1.83,361124.0,1996.38,1.62045699,15.13595167
456,1.04,274686.0,1952.21,0.945200771,16.01792624
457,1.81,346763.0,1753.73,1.800919942,14.25434983
458,1.57,245329.0,1933.79,1.122321654,16.25076588
459,1.17,172471.0,1831.28,3.418294182,15.12150978
460,1.15,379964.0,856.51,1.877327044,15.66132673
461,0.55,359940.0,1400.26,2.959755621,15.30851095
462,1.81,250992.0,1398.12,3.562097258,13.08032472
463,1.85,364478.0,1796.54,0.694675961,15.59896958
464,1.39,367872.0,1895.8,3.760024948,16.09514089
465,1.08,384710.0,745.4,2.516519201,13.91432494
466,0.61,363960.0,1930.88,1.505525864,15.70992927
467,2.1,248541.0,586.86,4.377060347,13.48468313
468,2.49,270851.0,1868.43,2.032663139,16.19411465
469,1.46,143805.0,2160.13,0.523855483,15.81141622
470,1.43,384205.0,2021.27,1.804185308,15.81437005
471,2.17,369113.0,843.91,2.778514942,14.94770894
472,1.53,267820.0,1322.81,1.156808278,17.31299032
473,2.51,387169.0,918.98,0.631638651,15.92274077
474,1.29,258067.0,2337.94,1.717043524,16.38437085
475,0.17,379292.0,1640.67,4.179556791,13.49932513
476,0.92,357742.0,1810.83,1.116508907,15.24635026
477,1.3,396684.0,910.89,1.557117804,13.84851846
478,1.33,234941.0,2166.62,2.112337687,15.33852095
479,2.05,377594.0,1785.27,0.943939262,15.94784215
480,1.89,264471.0,1471.79,1.408463651,11.90889272
481,2.26,161137.0,1836.64,2.182408787,15.44174218
482,1.19,277840.0,1442.34,-0.003822644,17.43665662
483,0.71,368085.0,1740.05,1.695594001,16.0062492
484,1.53,127605.0,1750.37,2.020768589,16.38967925
485,0.84,365045.0,1180.78,2.013120936,13.72589892
486,1.73,129178.0,1027.7,1.353544081,15.15088803
487,1.2,162419.0,1450.1,0.460058704,16.26621356
488,0.97,165965.0,2089.2,2.035153352,14.07425036
489,2.07,392017.0,1633.04,3.115787032,15.97443187
490,1.62,364834.0,1214.74,1.392768781,13.65436769
491,1.66,356095.0,1320.18,2.207478546,17.53122015
492,1.45,369274.0,1957.71,1.954943495,16.07386844
493,1.51,373909.0,1756.1,2.932282775,14.95828182
494,0.48,152791.0,1766.83,1.269514419,16.06313017
495,2.77,268837.0,810.52,1.883328386,17.39787444
496,1.89,154186.0,1465.12,2.06323913,15.75836689
497,1.44,385689.0,1883.51,2.294966463,15.69241037
498,0.0,359693.0,1833.2,3.500205415,13.7330005
499,2.13,376861.0,1036.72,2.558959158,13.08671953
500,1.62,145386.0,2153.84,1.979332142,15.64496318
501,2.19,132335.0,1805.48,1.978614085,14.15356599
502,0.97,245067.0,1785.79,2.2980462,13.82252763
503,0.57,363206.0,2239.07,1.062331594,13.75667442
504,0.54,243853.0,2270.2,-0.203104176,17.39666121
505,0.86,274611.0,1296.07,3.994374122,15.99051757
506,1.83,357718.0,1978.87,1.109060123,15.16313065
507,0.36,163358.0,1989.9,2.566736478,14.4043881
508,1.74,132247.0,1084.28,1.105306266,15.57817092
509,1.88,346552.0,649.47,1.770479995,14.29822027
510,1.24,386849.0,1258.23,3.368007667,15.81398667
511,1.55,335873.0,2331.85,1.27374697,12.95222469
512,1.73,394988.0,1276.99,0.180478808,16.49538776
513,2.38,372839.0,1286.59,1.73153029,13.04764223
514,0.97,369943.0,1274.11,1.371218211,15.65586492
515,1.99,145004.0,1355.2,1.657830629,15.46868956
516,0.38,264329.0,1175.94,3.944033598,15.61990641
517,2.3,369396.0,1765.67,1.602310896,15.9892184
518,1.76,168793.0,1858.86,1.207103728,12.22462138
519,1.69,360141.0,2335.67,1.781939449,15.80322525
520,2.46,238047.0,846.55,2.882228578,14.7539869
521,2.94,126462.0,1903.82,1.872587096,16.03561384
522,0.64,140576.0,1118.82,4.15224842,15.46946521
523,1.33,272590.0,1322.04,2.090368811,16.92932033
524,1.07,375608.0,2417.85,1.153491593,12.93649264
525,1.58,359726.0,861.38,2.479505138,13.33729928
526,1.35,370483.0,1112.33,2.954766683,12.56398346
527,1.06,373274.0,1802.35,1.353992984,14.17305852
528,1.24,362091.0,1716.11,3.639841154,13.44767454
529,2.18,168378.0,919.9,4.694210419,13.20709309
530,2.23,133560.0,2313.63,1.740407031,11.31645536
531,2.83,149486.0,2394.87,2.286263618,15.72186429
532,1.41,181045.0,1880.3,1.653040933,14.79103118
533,1.86,353620.0,1533.75,1.480158075,13.74541592
534,0.87,156518.0,1263.16,1.228589363,16.66186163
535,2.24,244540.0,1384.12,3.673183375,15.17352657
536,1.44,345467.0,1394.17,2.886974432,13.16629808
537,1.82,354281.0,959.52,1.986256543,11.6719519
538,1.39,397355.0,1818.6,3.66425077,17.35372079
539,1.41,142343.0,2424.72,3.958163254,15.17253747
540,1.49,380217.0,2567.12,2.951845655,13.60072759
541,1.8,154925.0,2330.61,2.244388123,15.29784557
542,2.06,378585.0,1398.72,4.202553612,15.82902912
543,0.73,369466.0,1879.01,1.360362339,15.36021033
544,1.85,158911.0,1851.11,1.257748536,15.12882079
545,1.62,368526.0,2394.0,1.284351998,12.92013054
546,0.76,377863.0,2302.12,1.936427647,13.68650066
547,1.36,383132.0,1324.59,1.760902928,14.09954225
548,1.62,157243.0,1669.84,2.291263134,14.86723238
549,1.66,388485.0,2288.86,1.668104807,15.52043591
550,1.09,143331.0,2146.3,2.787767763,15.5665688
551,0.46,334828.0,2190.06,2.525151029,16.3591373
552,1.49,359937.0,1948.04,1.276156413,15.1879027
553,0.86,130119.0,1676.36,2.031588157,13.98536465
554,2.2,383966.0,1770.65,1.35449532,16.16371133
555,0.92,165812.0,1925.44,3.873818368,16.33576227
556,1.49,357710.0,1237.12,1.63456479,15.86492934
557,0.81,394580.0,1535.43,1.462728178,15.63832915
558,1.68,348277.0,1946.05,2.258898343,14.60056508
559,3.14,394103.0,2501.24,1.705249377,13.63671196
560,0.64,123598.0,1828.38,1.492113179,16.03062493
561,1.54,346907.0,1900.66,3.415165196,15.59777924
562,0.52,159781.0,2537.36,3.777112727,16.19266873
563,1.42,265189.0,1389.39,1.959357178,14.05120647
564,1.46,242181.0,1384.43,2.633729065,13.04747585
565,0.5,142127.0,1876.82,1.891227631,15.16047325
566,1.36,356622.0,1752.52,1.937479516,14.06050417
567,2.02,348697.0,2236.53,1.701467013,12.89690668
568,0.93,375235.0,2191.48,1.14778534,15.9182975
569,1.81,160166.0,2230.7,4.501024165,14.26481029
570,2.17,252452.0,1805.42,0.806646096,14.94641808
571,2.04,382939.0,1452.34,1.55461378,17.51186029
572,1.91,169136.0,1437.91,-0.326393035,14.34776157
573,1.3,146060.0,1817.86,2.22323512,16.89705558
574,1.31,386010.0,1051.86,1.82535351,15.47393532
575,1.53,249571.0,817.56,1.568354473,14.44791945
576,2.15,356278.0,1230.65,2.163553343,12.91157799
577,0.0,278771.0,2382.27,4.005571256,16.61074613
578,1.0,135726.0,1044.26,1.043743061,15.57196481
579,1.3,379159.0,2354.45,1.684425469,15.16186132
580,0.79,368595.0,2055.05,1.146529423,14.8057645
581,1.45,382914.0,1799.37,4.910785324,16.72932646
582,1.35,359878.0,2235.62,1.110744986,16.21664525
583,0.96,152375.0,1885.56,1.092694854,12.76471321
584,1.76,342048.0,2327.09,1.403711275,14.51222849
585,1.06,358296.0,1858.16,3.281793391,16.24104366
586,2.16,378103.0,2216.78,3.868570472,16.27180136
587,3.38,350367.0,586.86,1.518374014,15.85184581
588,2.58,265983.0,1808.87,1.348448396,16.27822552
589,0.79,258212.0,1570.36,4.228448428,11.31324291
590,1.63,154245.0,855.12,1.980950251,15.15527243
591,2.68,275050.0,1898.24,1.413895053,16.82761845
592,1.17,128996.0,2553.14,1.437674928,14.50995483
593,1.16,246811.0,1850.69,0.754721272,15.38164028
594,1.04,350536.0,672.95,1.760154919,15.59597003
595,2.88,362381.0,1253.09,2.471197627,16.09527492
596,1.7,149656.0,1553.31,2.925520496,15.50351311
597,1.39,141795.0,2361.18,4.412266522,15.37861424
598,1.74,164108.0,1928.72,2.665875295,15.64807596
599,1.7,241453.0,1293.92,1.508637182,12.93499619
600,1.58,271494.0,1569.0,4.110352687,13.23057043
601,1.24,367898.0,1839.59,4.93924406,13.75319867
602,0.26,138119.0,658.65,1.515417779,15.46567909
603,1.34,377496.0,1810.25,3.673713279,14.74508715
604,0.95,258268.0,1805.95,0.330284996,15.1431843
605,1.59,353963.0,1828.66,1.123024625,15.70649718
606,0.64,127922.0,1309.93,1.258472915,13.15516446
607,5.68,369392.0,1744.55,3.441913073,11.85697907
608,0.8,383829.0,2411.0,4.93924406,16.46876814
609,1.78,349076.0,968.24,2.233300823,16.23431809
610,2.22,235858.0,1573.18,1.177755996,15.52757818
611,1.83,240289.0,870.03,1.020221714,15.62730582
612,1.15,142623.0,1956.95,3.954778496,11.83635279
613,1.45,142580.0,1866.1,0.202603541,16.73886177
614,0.84,385279.0,1916.5,3.640817297,17.04983705
615,1.72,360204.0,1103.1,1.377142492,15.55649621
616,2.49,134888.0,1802.78,2.334612625,14.34259247
617,1.35,229872.0,867.7,4.208361995,15.27595672
618,2.12,259088.0,1583.72,3.689598835,15.23779596
619,0.29,355269.0,1786.14,1.121941725,15.93415976
620,0.63,169246.0,1052.21,2.860323088,14.48714227
621,0.74,142547.0,1359.03,1.916825769,14.20669692
622,1.11,139649.0,2327.87,3.096702802,15.85176236
623,1.43,383525.0,1613.23,1.493979525,16.75413852
624,0.57,160793.0,1019.73,3.15509287,14.67877662
625,0.0,364693.0,835.49,2.933830482,11.2583727
626,1.97,171191.0,1943.71,0.709764005,16.19725519
627,0.83,139188.0,1759.55,0.927245744,16.14715658
628,0.46,373437.0,1778.76,1.503206938,16.90803515
629,1.23,272078.0,1776.97,1.730121967,12.73699965
630,1.19,140191.0,1598.89,1.648854812,14.7790122
631,1.58,137579.0,1838.4,1.754994251,15.40544144
632,1.15,365565.0,1287.02,3.248362303,15.71285023
633,2.44,377968.0,2150.39,1.585105487,15.47198497
634,2.06,129780.0,1903.24,0.701896214,15.95670903
635,1.35,367101.0,2012.99,1.609605171,11.2583727
636,1.56,127421.0,807.59,0.620076444,14.55362095
637,1.67,117083.0,1670.84,1.937658095,15.95535962
638,1.89,355955.0,849.87,3.576725896,13.94327175
639,1.23,256696.0,2214.97,1.14040346,15.33409106
640,1.0,269918.0,1548.3,2.575436839,15.40642834
641,1.78,156229.0,1891.22,3.198592105,15.5156857
642,1.99,370652.0,1833.21,2.130170134,16.12930776
643,1.55,141479.0,1823.86,1.633196908,15.53836547
644,0.0,386491.0,1591.2,1.738655935,15.73493317
645,1.89,368016.0,1259.61,2.014078428,13.21846127
646,1.95,166174.0,2564.56,1.950544153,13.8252242
647,1.91,352451.0,1893.07,1.422316773,15.85944197
648,1.35,144318.0,2429.48,1.252809461,17.60298224
649,1.93,378748.0,1147.3,0.83869344,15.56036936
650,1.58,372189.0,2387.26,4.93924406,15.11066068
651,1.57,132028.0,698.91,2.245256895,16.30333095
652,2.04,379411.0,1810.05,1.524985058,15.97902378
653,1.46,385584.0,717.96,1.096901058,15.96874466
654,0.65,143314.0,1309.86,3.076291637,13.0136204
655,1.56,143433.0,1923.32,0.937993558,15.28867725
656,1.48,382465.0,2256.22,2.154375439,15.25550607
657,1.35,355492.0,1564.02,2.81576087,13.5618199
658,2.52,141718.0,1733.63,-0.052511978,15.90273905
659,1.36,383592.0,1862.09,1.558499853,14.75649831
660,2.12,376701.0,1908.31,0.988247406,15.27381666
661,1.83,143547.0,1683.33,-0.326393035,16.39517147
662,4.44,158783.0,1984.28,3.50851908,13.83590509
663,0.85,134700.0,2419.17,1.340544754,16.10939116
664,1.45,383009.0,1908.75,1.874683757,16.32495253
665,2.18,353139.0,1738.63,0.70082881,15.94489144
666,0.01,250184.0,1295.92,1.816098007,14.32073824
667,1.63,273424.0,921.56,3.893122307,15.1393548
668,1.14,149885.0,1447.85,2.163560661,15.14773451
669,1.93,136680.0,1814.31,2.092911895,12.17666239
670,0.56,351865.0,1601.64,2.388946717,14.0549471
671,2.06,345985.0,1955.61,3.917103816,15.70167478
672,2.15,366600.0,2052.89,2.135448785,14.67837259
673,1.51,114947.0,2986.91,1.195472013,15.05053867
674,1.07,266901.0,1813.44,1.108360205,12.81655037
675,1.44,135740.0,2458.67,3.022096204,16.54157184
676,1.12,376846.0,1915.56,2.941786653,16.36734876
677,1.09,382332.0,1884.88,1.040221948,14.99612718
678,1.82,136655.0,1906.85,1.796209306,15.06594879
679,1.8,147442.0,2450.45,3.937144458,15.45872251
680,1.72,378248.0,2191.46,2.9183095,14.46727369
681,2.17,362396.0,1533.24,1.981102897,15.89197172
682,0.0,364097.0,1683.01,1.243196919,15.46870234
683,0.93,134981.0,1908.48,0.682326284,15.19212023
684,0.59,391931.0,2326.72,3.833020118,15.34431467
685,2.41,251815.0,1158.13,1.16181671,14.50089023
686,1.87,376239.0,1715.97,0.289865422,15.84050065
687,1.82,151060.0,2215.67,1.533904062,13.91304066
688,1.66,346770.0,1865.99,3.93370502,12.80777386
689,0.8,169754.0,1480.1,1.753827244,16.07121008
690,1.63,269622.0,2137.16,1.467406198,17.1130223
691,0.81,381330.0,897.15,1.711791215,12.3923721
692,2.3,267391.0,1903.81,2.43666296,14.80881043
693,2.06,246481.0,1487.36,1.616527703,17.27061693
694,0.55,391384.0,1448.94,3.371603786,15.83102359
695,2.79,351992.0,2147.46,1.825497406,16.73851073
696,0.47,273269.0,1838.43,3.588328879,16.12627041
697,1.74,163123.0,1685.42,3.447776861,16.38869344
698,2.1,158738.0,1464.34,2.195217555,17.07996749
699,1.32,385277.0,1686.16,2.469418579,17.73027397
700,1.19,368786.0,2356.62,3.72178369,13.84686509
701,2.95,381026.0,2425.37,1.625236658,16.06269095
702,1.36,164170.0,1861.79,2.643571806,15.51047725
703,3.28,152676.0,2134.9,2.278406244,12.04123153
704,2.39,362222.0,1928.58,3.24498767,13.58410535
705,1.38,387149.0,1869.26,3.236039297,14.05058934
706,2.11,247927.0,978.65,0.63041681,15.76835213
707,0.79,360322.0,889.73,0.810745063,13.82680823
708,1.73,400764.0,1865.66,1.65397379,13.96870583
709,1.24,165792.0,2003.56,2.852542168,13.53657578
710,2.34,348770.0,1908.65,1.453715196,14.06484576
711,0.81,389013.0,1852.5,1.530630522,15.45507253
712,0.55,162077.0,2465.12,2.698186559,16.10819309
713,1.37,143219.0,2357.42,2.087040573,16.65601523
714,2.12,159400.0,2265.92,2.165918327,15.10512451
715,1.27,248895.0,1449.13,3.028041046,13.7220222
716,1.65,360539.0,795.27,2.066658556,15.25071289
717,1.16,265968.0,1839.65,2.344446842,16.15338388
718,2.26,365243.0,1011.7,3.535842784,16.24159963
719,2.23,352852.0,779.89,4.091937853,14.54003838
720,1.88,268210.0,1254.92,1.167342884,15.5380621
721,0.0,173840.0,1529.8,0.531258286,15.24776178
722,1.19,358823.0,1031.93,1.124185747,15.46794223
723,1.5,144913.0,721.99,2.162006379,16.17165161
724,0.87,136368.0,1689.95,1.568183721,15.46998828
725,1.47,141876.0,714.58,4.543991534,17.18476009
726,1.36,368010.0,1455.78,3.316422538,16.33733335
727,1.1,131119.0,1827.64,1.51506322,16.72208315
728,2.5,255336.0,1771.13,3.689392156,16.28865883
729,0.74,248605.0,1956.65,3.607168563,13.54886254
730,3.23,241199.0,2221.28,2.742631742,16.02620703
731,2.2,373033.0,1050.99,2.879017561,14.99243887
732,1.34,134735.0,2478.8,2.309590698,17.55298403
733,1.16,358851.0,2513.68,3.955725871,16.41890331
734,0.49,246594.0,2460.18,1.736558258,13.31924683
735,0.44,284804.0,1296.3,2.017622671,14.23495863
736,1.66,377861.0,1509.28,0.886742305,16.41494343
737,1.05,368093.0,1878.47,3.296684044,13.30221838
738,1.88,360109.0,1861.25,2.704797402,15.11069209
739,1.93,249678.0,2345.97,1.819982248,16.3371097
740,0.81,366985.0,1051.2,1.954571751,14.99046493
741,2.02,260811.0,968.34,1.79347753,17.71469968
742,0.8,115033.0,1068.35,1.882605924,13.88080531
743,2.23,274682.0,1418.83,2.935614546,13.68237432
744,1.43,129279.0,1712.13,1.37862067,15.97888088
745,1.55,361151.0,1512.79,4.517865136,15.02905684
746,1.09,129682.0,1931.63,3.821044375,15.06495278
747,0.71,388015.0,2028.87,2.025004371,14.23477106
748,1.07,260040.0,2323.71,1.467640036,15.35780307
749,0.35,382505.0,2625.73,2.196210066,13.65834176
750,1.97,358388.0,1889.65,1.43663656,17.11290683
751,1.7,353839.0,1310.5,3.947791354,16.36044129
752,2.46,355664.0,1982.58,2.335174559,14.49062509
753,0.01,385988.0,685.64,1.545001326,15.06897399
754,1.33,375269.0,1626.94,2.136897324,15.74168995
755,2.01,257547.0,1753.85,1.433027346,15.73226661
756,0.81,140522.0,1281.14,1.743523073,15.71720732
757,0.5,116307.0,586.86,0.777472764,15.22304686
758,0.48,151775.0,1870.5,1.154195331,15.11409167
759,2.51,359731.0,2258.43,1.215749265,16.8883754
760,1.6,371899.0,1869.77,2.789183857,15.44143259
761,2.02,254123.0,1872.78,2.486685718,15.33109277
762,0.93,244530.0,1157.29,1.254598063,13.68774243
763,1.66,170639.0,1862.56,0.577998814,17.73027397
764,0.67,138018.0,2581.79,3.754387415,15.97399526
765,1.82,383389.0,1431.98,1.862902241,15.77841321
766,0.03,346268.0,3047.82,2.186243388,15.50781834
767,1.67,393348.0,2315.21,1.255954239,15.94825596
768,1.37,374048.0,1425.11,2.093924333,15.44187216
769,0.0,260067.0,1017.86,1.309748493,17.4719021
770,1.49,345486.0,1827.94,2.131106142,16.53226695
771,0.0,243465.0,1503.1,3.027554793,16.09013497
772,1.63,142670.0,2763.22,2.287760326,17.04937221
773,0.67,359298.0,1929.03,2.674610218,15.13353339
774,0.78,384538.0,1362.56,3.761112992,16.07700772
775,1.06,343415.0,1711.57,3.433252772,15.46928596
776,1.65,349150.0,1884.1,2.188114398,17.20074991
777,1.52,365261.0,1312.97,2.713477372,14.30815344
778,0.99,369104.0,919.0,1.920613657,13.7217181
779,0.6,369080.0,1551.61,3.862423288,15.69597457
780,1.15,126727.0,1392.12,1.674079547,15.0870678
781,1.27,156568.0,775.51,2.286039425,16.48994416
782,1.71,142479.0,2479.76,4.088542859,13.92187082
783,0.68,373597.0,983.2,3.04407959,16.3862399
784,1.07,363761.0,1934.59,3.135028879,15.88699599
785,1.65,366136.0,1443.68,0.371725293,16.12906929
786,1.96,139300.0,2157.47,3.019487029,15.42143507
787,0.68,241962.0,1824.79,1.455646187,12.54923555
788,2.28,251559.0,1970.1,1.50917934,16.05897856
789,2.15,165997.0,1062.45,1.834660085,13.67374605
790,0.97,249694.0,1252.79,1.505088916,15.39535518
791,1.28,338278.0,1962.43,1.102795033,13.51012077
792,1.47,353869.0,1959.82,1.692348317,15.36262038
793,1.49,142224.0,1835.46,1.939442999,16.32115985
794,0.36,371035.0,1953.81,0.636088924,17.46210431
795,1.71,133171.0,1838.71,1.023150884,15.72091177
796,1.77,399313.0,2494.96,1.703442696,14.03221782
797,0.04,164418.0,1257.13,1.114847943,15.20184315
798,1.7,353916.0,1140.04,3.490228466,16.24276294
799,1.33,369791.0,1825.85,1.718127198,12.95946831
800,0.79,362597.0,1214.19,1.638190498,16.002754
801,2.29,359371.0,2755.23,1.049919905,17.57897141
802,1.78,271203.0,1819.19,3.790429904,15.22893417
803,1.38,258756.0,2247.44,1.716051603,15.28363124
804,2.11,377295.0,962.32,0.845422245,14.21246516
805,2.51,243778.0,2057.22,2.959137289,15.38061943
806,1.04,378222.0,2379.34,2.331566968,13.48884813
807,0.93,391912.0,1918.47,4.66649515,15.15910822
808,2.33,257017.0,2428.12,2.251649905,16.5732388
809,1.09,349366.0,711.65,1.465735599,13.34088402
810,2.42,165083.0,1877.62,3.571261098,14.02000011
811,1.54,399564.0,1695.92,1.808567212,13.54744238
812,1.51,384787.0,2607.48,0.907610932,13.76817302
813,1.36,390164.0,1646.48,0.182310683,14.83620159
814,2.05,145982.0,899.31,1.517812309,15.75263351
815,1.24,240581.0,1943.77,0.770902513,15.13932614
816,1.95,362283.0,1686.71,3.052030336,16.22773618
817,1.13,372594.0,1289.6,0.367525068,16.79512364
818,2.18,344797.0,1473.99,1.637087659,13.84050058
819,1.91,265618.0,2105.74,2.928271837,11.73487358
820,0.64,357992.0,1433.18,2.70458349,15.59849133
821,0.87,160018.0,1267.83,4.108531628,16.60852741
822,0.99,257644.0,1877.26,2.253465031,14.58276575
823,2.2,360655.0,2260.46,2.116321224,16.21521349
824,2.26,275522.0,1843.49,0.967153693,16.77436948
825,1.59,378634.0,2279.24,4.215177784,16.02457385
826,2.58,385005.0,1444.78,2.3725788,14.19393089
827,1.19,377111.0,1529.3,1.888216387,15.31671713
828,1.35,255603.0,859.65,1.442700792,13.91977899
829,2.41,142229.0,829.28,1.384127033,15.8886256
830,2.1,265573.0,709.75,1.264212798,15.13755079
831,2.66,352651.0,2502.13,1.028466711,15.92770575
832,1.29,357188.0,1972.14,3.045961618,14.20254491
833,1.39,380713.0,1653.55,3.631991055,17.55872389
834,1.88,387515.0,2482.29,4.767497133,16.46845919
835,0.69,159522.0,2548.62,0.497507743,16.07737137
836,1.74,174678.0,998.5,4.195380147,15.16963186
837,0.96,118443.0,1564.98,-0.251351751,15.46224207
838,0.66,154478.0,2385.33,1.677891551,15.8209533
839,2.1,376224.0,661.09,0.392813636,14.72146739
840,1.37,269000.0,2542.1,3.438683805,15.67329059
841,1.31,352897.0,1429.15,1.87467229,16.51422348
842,1.69,358775.0,768.99,4.596438891,15.3374407
843,1.45,260013.0,2087.96,0.511760323,15.33485159
844,1.37,129194.0,2420.63,1.752991457,17.31477054
845,1.57,393390.0,1918.89,1.657385263,13.80526407
846,0.67,377788.0,1885.08,1.385107233,12.96896282
847,1.9,245099.0,736.73,0.980490103,15.57015883
848,1.81,372231.0,1769.71,3.048849798,15.02234362
849,0.41,265075.0,1808.18,1.495617981,13.97859575
850,1.45,362441.0,1873.69,1.323919353,16.52232786
851,1.4,138683.0,1969.73,1.893387098,13.67985102
852,0.09,126279.0,1780.25,3.470446407,15.78899706
853,1.02,149679.0,1750.36,1.497185052,14.10372735
854,1.35,361214.0,2508.78,0.88257284,15.48510447
855,1.23,368763.0,1248.09,0.891111264,15.81847433
856,2.08,275937.0,2501.21,1.977800434,15.98396386
857,1.48,365370.0,1087.76,1.170173045,14.79709854
858,1.82,390066.0,2914.05,3.149363647,14.63393279
859,1.38,370478.0,1492.97,2.786716754,17.05161707
860,0.93,150382.0,2234.75,1.930620867,13.38492048
861,0.0,248867.0,1930.58,0.813838431,15.74000567
862,1.31,373962.0,2019.32,2.021484103,15.73701508
863,1.34,361644.0,1074.43,1.7504266,16.16913067
864,1.64,134696.0,2000.35,4.768097002,14.33972271
865,1.24,253737.0,1746.89,3.385028731,16.8619423
866,1.38,126480.0,1570.82,1.175622123,14.60660189
867,1.58,116915.0,1760.6,3.046553041,15.80989447
868,1.77,276767.0,858.58,4.780046393,15.27830145
869,1.07,357655.0,1916.77,1.588692577,15.18792845
870,0.72,138798.0,1106.35,2.345639465,16.15217011
871,1.91,365142.0,1132.35,2.731536377,16.38727395
872,2.67,365052.0,2100.25,3.094411787,15.30461484
873,1.53,391390.0,2366.62,3.121741874,15.81302943
874,1.03,265085.0,1498.02,2.709761816,15.9826844
875,1.45,132360.0,2033.29,2.129977931,15.07255594
876,0.62,383968.0,943.27,1.355508043,15.41161349
877,1.66,362412.0,1188.6,1.686277411,14.55096746
878,2.12,383243.0,790.14,2.060794059,15.82862866
879,0.82,351855.0,1836.53,1.763164594,14.77702209
880,2.01,130157.0,1949.72,1.69350778,14.92494212
881,1.88,258931.0,1819.7,1.748569987,13.50395314
882,1.47,158825.0,1503.99,-0.212115289,15.86889779
883,1.76,126343.0,1415.91,2.207400988,16.20247914
884,2.93,128159.0,862.54,1.175344292,14.24917011
885,0.82,168923.0,2299.32,1.630424032,14.2025975
886,1.78,151323.0,1859.27,2.135885779,13.42708418
887,1.85,143170.0,1419.98,1.190911054,15.80505743
888,0.98,373334.0,1940.72,0.510263733,16.03501629
889,1.63,186096.0,1915.24,2.352750152,16.3488019
890,2.45,118687.0,2538.35,2.874147563,15.24985278
891,1.04,254957.0,1677.78,0.538185939,16.03198765
892,1.26,231691.0,827.24,3.278917188,14.31618327
893,1.83,148771.0,1856.84,2.296294815,14.69457177
894,1.36,373024.0,1463.42,1.710603622,13.51026038
895,1.88,384246.0,1850.44,3.710910145,15.67773568
896,1.56,395123.0,2030.94,1.166636471,15.79538323
897,1.29,147358.0,2336.7,-0.178721517,15.96155038
898,1.0,269776.0,2644.75,1.33439349,16.54515606
899,1.69,384500.0,2694.75,0.78840379,13.66857049
900,1.82,346687.0,1987.93,2.64304356,15.92310727
901,2.08,380708.0,2313.68,1.980824943,14.7263776
902,1.21,258810.0,1772.74,0.145326891,15.33757516
903,1.86,368862.0,1740.38,3.777255344,15.81190926
904,0.88,362909.0,2357.58,1.460441348,15.23161735
905,1.96,252356.0,1502.43,1.905391455,12.70888877
906,1.48,265703.0,1731.45,3.546913119,14.32125726
907,1.12,179808.0,833.67,4.727495445,16.80089655
908,0.97,360726.0,1733.77,3.652060768,15.90827617
909,1.1,165367.0,1449.3,-0.248332804,15.84716525
910,0.5,355057.0,1933.49,1.696392603,16.17579584
911,2.52,146560.0,2467.49,1.523865166,13.29017567
912,0.62,369858.0,1869.82,3.28111216,16.18015302
913,0.16,261105.0,1617.13,2.173808434,16.14258506
914,2.23,159211.0,2604.19,1.888736862,15.74082146
915,1.49,386114.0,656.25,4.275700429,12.99058653
916,1.23,148184.0,1802.44,1.566689096,13.40648217
917,1.08,377773.0,1957.47,1.456215639,12.85966607
918,2.27,155727.0,2449.15,2.243025167,14.31341074
919,4.34,174288.0,1352.1,-0.214587466,16.23216597
920,1.51,353693.0,2212.52,3.353739535,13.24879827
921,1.07,373569.0,2280.95,1.530937219,15.59088451
922,2.63,354379.0,751.06,2.099133796,15.57794048
923,2.23,355681.0,2489.58,0.94003524,17.2200527
924,1.98,345436.0,1912.6,1.792727507,14.27842605
925,1.26,379741.0,998.17,2.786045623,13.63941215
926,0.63,139661.0,935.63,4.014401866,15.42010536
927,0.4,365097.0,2453.93,1.827271427,13.4137355
928,2.58,346689.0,1523.45,1.663157063,12.59089341
929,2.15,166273.0,1884.23,2.015753249,15.67352073
930,1.45,134864.0,2073.61,2.561173288,15.00821019
931,0.2,376379.0,1988.2,1.51165091,16.01546294
932,1.68,277864.0,1840.71,1.267328521,12.04327756
933,1.36,139418.0,2014.24,1.604837772,15.17237885
934,2.01,160646.0,2180.48,2.89006905,15.24638358
935,2.56,388236.0,1828.69,1.708038912,15.4714917
936,1.04,149751.0,1852.46,1.814379336,15.25385091
937,1.4,379626.0,1442.72,1.813998308,17.3711416
938,2.12,351735.0,1906.16,0.824610127,14.81402726
939,1.92,351359.0,1703.15,1.610353117,15.32259057
940,2.3,136512.0,1213.94,1.545723277,13.99891466
941,0.59,401119.0,2087.28,2.454806456,15.40305668
942,1.7,352380.0,1856.45,2.370777274,15.52824098
943,2.05,357408.0,2133.53,1.529685239,13.76607279
944,1.52,166362.0,1521.26,2.272457179,14.31208406
945,1.09,364380.0,685.68,3.573651065,15.00396341
946,1.6,364119.0,1456.42,3.270792717,13.784197
947,2.29,354994.0,2266.03,2.496254716,12.59587751
948,1.77,131228.0,2526.29,3.291016824,17.23277982
949,1.18,355402.0,1325.01,2.131501366,12.47199438
950,0.8,133254.0,2277.74,0.1624448,13.01016731
951,0.88,162531.0,684.76,4.40572194,11.53026404
952,2.26,266576.0,1801.41,1.821976176,11.53195501
953,2.03,364625.0,2194.67,1.548972701,15.19296463
954,0.48,385326.0,1414.15,1.887155081,16.03582425
955,0.01,150419.0,758.88,2.030343888,15.12137878
956,1.01,347844.0,2382.32,0.089852518,12.95919703
957,2.17,350659.0,1429.26,1.744093793,16.03821617
958,0.84,378855.0,2036.31,1.625819598,16.56386048
959,1.65,170102.0,2545.82,1.969433452,15.81968348
960,0.76,365777.0,2165.27,1.97168017,16.57046753
961,1.86,247616.0,2706.61,-0.326393035,16.56165329
962,1.82,377797.0,899.84,1.40931936,15.35203381
963,2.14,249084.0,1991.33,0.262380094,15.82766775
964,2.43,359775.0,2506.67,2.209227008,16.14723739
965,2.71,389006.0,2309.01,2.406576475,15.4540515
966,1.98,124485.0,1970.98,2.604752074,15.0151022
967,2.44,368700.0,1874.61,4.515419084,15.95641362
968,1.59,363466.0,2074.08,0.929714606,14.21198641
969,1.75,395287.0,3047.82,3.716429152,16.74159003
970,0.56,153211.0,1972.02,1.153334005,15.65063063
971,0.56,368534.0,1476.68,1.277572432,14.97718474
972,0.84,155474.0,971.58,2.152450714,16.10980878
973,2.09,181282.0,2586.38,3.025201455,16.22190811
974,1.53,355507.0,2011.42,0.893939065,15.69346392
975,2.36,166327.0,704.25,1.336320619,13.88849841
976,0.98,375836.0,1869.38,1.62290349,15.43395181
977,2.09,254992.0,1766.28,1.460618311,15.38137564
978,2.19,348598.0,1766.99,2.780128298,14.95437722
979,1.02,371785.0,1250.77,2.012564999,14.92854979
980,1.89,131184.0,2014.28,2.939688781,15.93043631
981,1.72,354510.0,1751.53,3.389391506,15.34478504
982,0.46,393167.0,1957.17,3.678681601,13.40208516
983,1.3,365195.0,1211.67,0.339791534,15.89458622
984,0.84,393982.0,831.18,3.106947373,14.44494566
985,0.68,385181.0,2420.94,1.380344169,14.12967307
986,1.57,254791.0,1427.42,1.603937212,13.37598308
987,0.25,365285.0,1934.11,1.979549167,16.06934107
988,1.37,269223.0,1633.85,3.314712384,16.84529997
989,1.97,348081.0,2560.1,1.149497321,14.20191859
990,2.06,126502.0,1563.52,1.685954837,15.67168429
991,2.87,355200.0,1013.65,1.98446896,14.64418534
992,1.46,381381.0,2413.05,0.723462624,16.75903591
993,0.91,399040.0,1852.3,3.925140729,17.64653096
994,0.89,357039.0,1806.72,2.094608712,13.93113506
995,0.21,351051.0,662.4,0.81451123,12.41721928
996,0.09,379118.0,1233.7,1.870214405,12.47973643
997,0.65,177854.0,2018.95,1.651578141,15.42138683
998,1.63,151794.0,1820.04,1.672251315,12.24483744
999,2.41,174498.0,2502.58,1.972870324,14.8992073
1000,2.1,146768.0,863.58,3.034428678,13.51999423
1001,1.35,375745.0,1821.88,1.426981512,13.60009947
1002,2.44,128521.0,1867.43,1.123629004,15.52760381
1003,0.44,367309.0,2185.17,2.010924724,14.68796539
1004,1.19,375141.0,785.11,2.699689967,16.67195381
1005,0.31,376665.0,975.38,2.392599566,15.07636355
1006,0.35,132136.0,1185.49,4.126371259,14.09236514
1007,1.41,355553.0,1267.69,3.442626885,14.63608945
1008,1.73,241392.0,1057.55,1.157235543,17.14810693
1009,0.37,376967.0,1968.46,2.689779568,16.35559496
1010,1.36,226659.0,1916.83,0.059477457,15.68630041
1011,1.21,351036.0,1889.06,0.470531323,15.55441862
1012,2.71,342055.0,2428.8,1.90504298,11.2583727
1013,1.33,171017.0,2285.53,1.157677633,15.54901708
1014,1.16,390017.0,2269.74,3.846273837,13.88203012
1015,1.64,360903.0,1804.47,0.533472105,13.11238769
1016,2.26,132673.0,1565.66,1.2627062,16.53079525
1017,0.17,345288.0,832.6,2.60052782,12.3147423
1018,0.84,250474.0,1852.61,1.951481874,15.67446188
1019,1.37,362896.0,1800.9,1.145888687,15.0734045
1020,0.3,244687.0,1888.59,2.292628726,17.34634213
1021,2.05,253351.0,704.45,-0.326393035,15.44463573
1022,0.63,370715.0,1860.0,1.844475879,16.12849819
1023,0.98,156263.0,1714.81,1.362752689,15.64215188
1024,1.04,135818.0,959.49,2.177769487,15.34299786
1025,1.55,261506.0,1429.38,1.509614333,16.41810637
1026,1.08,362541.0,1641.66,2.066974987,14.4060437
1027,0.14,387507.0,2392.8,2.648602799,15.07606344
1028,1.05,273339.0,798.16,1.752346702,15.19194207
1029,0.67,391738.0,1982.22,0.113592905,16.85498145
1030,1.98,138678.0,1081.09,3.421117937,13.6393501
1031,1.51,153550.0,2308.89,1.438409873,13.61993206
1032,1.91,159094.0,2348.84,4.016323692,15.11732806
1033,1.79,263246.0,1795.14,3.756579979,15.28950011
1034,0.75,277956.0,1842.66,4.55730796,16.8435503
1035,1.81,382651.0,1754.34,3.844927346,13.19023437
1036,1.82,254103.0,2196.53,1.643821404,16.17375495
1037,1.53,158327.0,1840.49,1.270387922,15.80883205
1038,0.89,153707.0,2099.74,1.613791568,15.85124761
1039,0.51,154236.0,1529.77,3.052178803,12.48471628
1040,1.45,374981.0,2952.6,2.764547765,15.15366455
1041,1.62,259772.0,2453.25,0.094869497,17.23684791
1042,1.03,280453.0,1685.52,2.637869847,13.33634451
1043,1.38,354224.0,2185.54,1.936082519,17.25178468
1044,2.54,366425.0,1347.45,1.500250592,15.51449814
1045,0.36,398969.0,2998.99,2.548780768,15.84144209
1046,2.1,379526.0,1441.39,3.179688035,15.24026953
1047,1.55,144505.0,1976.2,2.418590307,15.90862552
1048,1.88,244512.0,1929.63,1.599264617,15.54050055
1049,1.3,149967.0,1506.92,1.684271088,15.79377861
1050,1.95,378634.0,1945.58,1.594508172,15.96687096
1051,1.57,380086.0,869.56,3.163028813,11.82177355
1052,2.03,393677.0,1881.93,3.153529259,16.6141214
1053,1.19,358311.0,1014.36,2.524898714,15.74782619
1054,2.58,250245.0,993.34,2.23970687,13.53306794
1055,0.8,380220.0,1339.14,1.169957459,14.94689056
1056,1.56,355084.0,2254.44,1.063452967,15.28648413
1057,1.89,377328.0,921.83,3.111444869,16.35840363
1058,0.87,119005.0,1422.79,1.805460131,14.55215199
1059,0.71,158802.0,1887.43,2.684221469,15.37048374
1060,1.29,145840.0,1870.3,4.315729127,15.49606587
1061,0.21,384645.0,1954.07,1.640830211,16.11321328
1062,2.13,127940.0,1865.73,1.173523079,12.79321231
1063,0.83,390549.0,1589.9,3.808481568,13.22135804
1064,0.71,372961.0,2168.61,3.688551078,16.12831302
1065,2.13,165712.0,649.86,1.737085508,13.31117412
1066,0.51,357821.0,2117.26,2.990238784,14.19192682
1067,2.0,352835.0,2179.61,0.689843429,17.34739815
1068,1.24,249914.0,1478.63,1.045021929,13.53488502
1069,2.02,377743.0,962.48,1.698882219,16.67190815
1070,2.56,335319.0,1694.07,1.902642516,14.43777405
1071,1.44,370731.0,2455.57,0.803407299,16.09870979
1072,1.6,376532.0,2209.73,1.729708864,14.62209045
1073,0.84,369741.0,1370.35,3.496968924,14.82827619
1074,0.07,272059.0,1952.4,0.14466638,16.61743452
1075,1.3,168169.0,2933.03,2.950142803,14.02817917
1076,2.45,379648.0,1743.21,-0.169172367,12.63601011
1077,1.56,390543.0,2931.14,2.779055462,14.07395635
1078,1.23,277082.0,771.33,0.961485296,15.58170444
1079,2.07,371390.0,1441.0,3.646018616,15.33894807
1080,2.2,347475.0,888.06,1.378508054,16.74988948
1081,1.23,114947.0,1861.2,2.464893282,12.68295306
1082,1.46,282573.0,895.25,2.29832936,15.57656378
1083,1.73,248815.0,1867.16,2.720957267,15.06085402
1084,1.66,141255.0,2062.33,2.110272985,15.6597102
1085,2.07,138757.0,817.31,2.746991744,17.00212082
1086,1.18,236801.0,1150.8,1.938882787,15.24915894
1087,0.49,367097.0,1122.78,1.383951131,15.94381592
1088,1.0,152940.0,1666.79,4.586789046,12.45544052
1089,1.69,394134.0,1867.75,1.587090174,15.44985256
1090,1.53,166715.0,2250.02,1.886561183,13.48948839
1091,1.59,157598.0,2554.86,1.586748251,15.18243996
1092,0.47,235609.0,1868.23,0.891119127,15.86125296
1093,1.03,139251.0,1779.32,3.688426153,12.75686796
1094,1.16,247885.0,1397.39,1.273649756,16.05129523
1095,0.88,360785.0,1379.77,1.031993436,12.78274385
1096,1.53,357539.0,1874.67,0.098030165,15.09879291
1097,2.3,257004.0,2309.29,2.808455899,15.46200808
1098,1.41,252247.0,1383.66,0.195317833,16.70585293
1099,0.51,374684.0,1011.61,2.766264868,15.54399606
1100,1.12,364595.0,2004.6,2.507315168,16.10903033
1101,2.7,169203.0,982.28,2.506048757,15.71682031
1102,0.9,253805.0,2020.38,2.074560667,16.04969789
1103,0.81,240980.0,1402.28,0.357587784,15.56684359
1104,1.66,362120.0,1612.75,3.79948515,15.67673142
1105,1.89,362466.0,1927.66,2.794285517,14.63294221
1106,2.08,388966.0,1348.54,3.924661311,12.60410377
1107,1.4,362746.0,2265.23,1.123801741,12.70721646
1108,0.15,141852.0,1879.99,1.066245757,16.00674599
1109,1.65,149976.0,1185.19,-0.272364764,12.96388368
1110,1.13,374145.0,1927.1,2.185401263,16.28037147
1111,2.17,375567.0,1888.44,1.298014918,15.45708974
1112,2.24,384644.0,2630.77,2.136396152,14.30983887
1113,0.81,380405.0,2424.48,2.398888086,16.72941289
1114,0.74,174790.0,1324.75,2.338711047,16.07560404
1115,1.13,158498.0,1478.36,4.264790144,14.65557114
1116,2.06,252910.0,2580.39,0.562678375,16.54526421
1117,0.11,141263.0,2298.31,0.975818885,14.81683064
1118,2.31,360344.0,2283.65,3.796433454,15.13359831
1119,2.03,243260.0,928.8,1.399274122,14.37532754
1120,2.24,119519.0,2009.89,0.175069466,16.08381339
1121,2.21,401119.0,1278.42,2.145380696,14.9334716
1122,2.35,338101.0,1326.06,1.213063705,15.28975512
1123,1.48,253304.0,1120.77,1.347467867,16.2312843
1124,1.1,351065.0,2952.84,1.521005302,15.52245047
1125,1.06,118843.0,829.21,1.440857173,15.42139791
1126,0.71,377742.0,2223.01,2.486291058,15.18749624
1127,1.04,372443.0,1980.68,2.256870095,15.70388491
1128,2.24,149484.0,2252.38,1.453160281,15.3951941
1129,0.26,340235.0,1591.09,1.578132463,13.09792808
1130,1.53,371450.0,2655.84,2.982951732,15.18476972
1131,2.11,164940.0,1936.73,2.424254621,13.36653452
1132,2.05,160565.0,685.56,1.751560679,13.60934632
1133,1.22,369648.0,1999.57,1.723726064,15.78842016
1134,1.74,377315.0,1808.55,1.040744395,13.88267057
1135,2.44,366920.0,1653.59,1.292265028,16.40068279
1136,1.06,369613.0,1767.96,4.93924406,15.87069529
1137,1.08,132868.0,1822.99,3.252141158,13.42922892
1138,2.23,357747.0,2375.95,2.554696038,13.43925883
1139,0.86,131114.0,700.79,3.31738192,16.50668355
1140,1.18,370048.0,1883.15,1.877288492,14.47420838
1141,2.39,252051.0,1964.13,2.127445935,15.64938281
1142,0.97,246582.0,845.19,2.410540175,14.05372476
1143,1.66,133699.0,1580.9,0.657379047,16.34979439
1144,0.76,359490.0,1796.13,1.991076101,13.66715014
1145,1.74,260536.0,733.37,1.102779101,15.54785186
1146,1.61,361396.0,2336.75,3.944809039,15.00924308
1147,2.2,335517.0,1246.39,1.040204921,15.33167498
1148,1.84,369042.0,1721.57,1.665337876,15.18798906
1149,1.21,389684.0,1928.64,0.579355563,16.09522401
1150,1.46,359015.0,1946.71,2.271880921,15.94532959
1151,2.38,382150.0,870.2,3.746276982,16.4638382
1152,4.95,372526.0,1962.03,1.591795632,14.3402127
1153,0.73,389961.0,1844.99,2.837704947,12.89485438
1154,0.12,389374.0,2402.11,4.93924406,15.01599484
1155,1.22,358448.0,1495.89,4.664237067,16.3377747
1156,1.07,378159.0,2326.36,4.680096657,17.12451183
1157,1.76,265184.0,1641.12,4.095786943,16.68499865
1158,2.5,371885.0,817.36,4.168409486,16.414074
1159,1.77,127341.0,1646.13,3.242815956,13.46580993
1160,2.65,367787.0,1850.47,1.420433869,15.29482405
1161,1.68,152103.0,1889.26,2.492841354,15.41729255
1162,1.59,274050.0,1874.58,3.621833333,14.17944217
1163,2.56,371949.0,683.04,1.951486608,13.77945738
1164,1.52,257557.0,1254.65,1.962946732,16.31235832
1165,1.76,126021.0,1792.57,1.784230324,16.90551177
1166,1.89,380077.0,1649.97,1.370269843,13.05977921
1167,1.64,357264.0,734.03,1.224471442,15.68310264
1168,1.11,364803.0,2592.91,1.171459031,15.10351231
1169,2.62,387901.0,1838.71,0.09468995,16.29883655
1170,0.82,347023.0,2101.15,2.471775576,15.89363467
1171,1.38,134134.0,1982.99,1.606209699,16.35341677
1172,2.46,134922.0,1636.85,1.873094798,17.16960889
1173,1.71,163293.0,1251.98,3.18084836,15.40323972
1174,2.49,269492.0,1881.69,2.09690301,13.8885146
1175,0.58,166322.0,995.12,3.362289214,13.99703863
1176,1.83,275334.0,1882.6,2.17631863,15.02876628
1177,1.98,387661.0,1997.13,1.399243155,16.32563343
1178,0.0,376561.0,2032.02,1.324855187,14.6746819
1179,2.64,156606.0,842.8,2.400613713,16.80861252
1180,2.7,149034.0,2216.9,2.641710519,13.95004755
1181,0.12,135244.0,956.33,4.684876986,15.53340129
1182,2.12,150433.0,2217.64,1.460580916,16.50455047
1183,0.89,151755.0,1988.9,1.750298181,15.86438105
1184,0.96,356969.0,2257.5,1.404942812,14.05295543
1185,1.68,252258.0,1619.33,2.813892401,15.01056358
1186,1.52,161856.0,1053.11,3.942909255,15.78406083
1187,1.41,350823.0,1557.48,2.688084688,15.2197045
1188,0.93,352847.0,2359.76,2.856148777,11.2583727
1189,3.69,114947.0,1889.53,1.968445225,14.91337328
1190,1.02,142267.0,1970.15,4.655742635,16.57175589
1191,2.18,378908.0,2114.01,1.172538044,13.42665562
1192,0.06,365861.0,2309.44,2.979152088,16.0892936
1193,2.3,114947.0,1681.85,3.299900875,13.44048474
1194,1.62,245484.0,2468.55,1.882417568,16.78986787
1195,1.65,361832.0,2081.27,0.046042982,16.11335283
1196,0.91,140572.0,1893.35,1.185348572,16.03618837
1197,1.61,349943.0,1930.96,1.016959192,14.73693827
1198,1.03,163004.0,1129.7,2.076943294,15.45408656
1199,2.0,382723.0,1305.4,2.534068051,14.74350799
1200,2.64,357973.0,900.54,1.767081464,13.42815846
1201,1.31,380410.0,2238.95,0.079220913,16.54500657
1202,0.81,369166.0,1710.95,3.468218143,13.14218248
1203,1.21,372072.0,2275.4,1.677312226,15.28407289
1204,1.62,376069.0,1896.59,2.166274922,12.9978388
1205,1.35,357070.0,1533.81,2.417275716,15.59653585
1206,0.47,161217.0,1419.55,0.880101519,15.83996646
1207,1.94,386986.0,875.18,1.921456158,14.82921709
1208,1.94,391990.0,1740.37,2.126268164,14.58966516
1209,1.59,149646.0,2370.61,3.659979174,15.33967525
1210,1.16,384117.0,1836.33,3.013953133,14.83644725
1211,1.67,353951.0,1292.57,2.061696276,13.77730624
1212,1.41,133421.0,2548.26,1.636939961,16.93949138
1213,1.31,160360.0,1576.24,3.099093044,16.56863952
1214,3.18,152896.0,2180.15,-0.28493284,14.58525375
1215,1.25,376746.0,2471.74,0.35084358,13.71775357
1216,1.98,118875.0,2315.29,3.367110998,12.65276565
1217,1.46,369291.0,2229.56,1.659414003,16.20549767
1218,1.3,150935.0,1854.4,3.408486221,16.97562346
1219,2.54,388731.0,1005.98,1.921397032,14.15511533
1220,1.66,365496.0,1793.71,1.092703942,15.87978435
1221,0.32,348693.0,2606.82,3.09937958,14.48065608
1222,2.1,229330.0,1148.99,4.493944197,14.99808592
1223,1.63,375953.0,1752.28,2.253859396,15.79074117
1224,2.57,264788.0,2323.33,1.223925634,15.77479725
1225,2.04,251236.0,1849.89,1.680792651,15.35724498
1226,0.97,128802.0,2021.69,0.305248612,16.52741981
1227,2.23,358956.0,1589.12,1.429714976,13.4612948
1228,0.61,365868.0,2268.67,4.473256129,15.45907579
1229,0.99,152761.0,1813.77,3.510829554,15.95212414
1230,1.14,254723.0,2233.01,1.738031474,13.2427921
1231,2.55,381070.0,2364.8,1.663391718,16.13122706
1232,1.09,272311.0,1981.41,4.687822728,15.63908249
1233,1.76,371896.0,2301.14,1.563484286,16.27018181
1234,1.71,129673.0,1735.07,1.463244566,16.45452238
1235,1.82,258446.0,1852.82,1.981341711,15.86021991
1236,2.16,382507.0,2870.73,1.738953818,13.83310285
1237,1.81,354678.0,2239.03,1.033072723,17.23955326
1238,1.29,375034.0,1671.84,4.876313747,15.31271894
1239,1.03,136339.0,1491.86,4.347314719,14.06132082
1240,0.53,283343.0,2595.81,4.094259366,16.02845083
1241,0.63,376717.0,1164.22,0.824753192,15.06490557
1242,2.49,370660.0,1119.65,-0.326393035,15.65917377
1243,0.64,135814.0,727.9,2.045465909,17.3401258
1244,1.43,380396.0,1883.42,2.560439374,14.23582053
1245,1.39,372912.0,913.15,2.945583223,17.01778942
1246,1.47,353680.0,2321.54,1.579821896,12.03369135
1247,1.65,381649.0,2283.16,-0.086980221,16.2510759
1248,1.94,388759.0,2102.26,1.734348135,15.70149498
1249,0.74,153563.0,1842.11,4.255619566,13.72513655
1250,1.86,153357.0,2002.8,1.32779264,15.78228266
1251,0.65,372120.0,1758.06,0.824679869,15.47212766
1252,1.1,383960.0,1619.21,1.467019381,15.93574377
1253,0.47,385072.0,1086.78,1.890052894,15.4258134
1254,2.4,162448.0,1917.93,0.061652759,15.15009036
1255,2.42,384391.0,1570.04,2.027046121,13.24129963
1256,0.6,370230.0,881.3,4.459151148,14.4481221
1257,2.44,358845.0,1830.52,1.293510356,15.02437179
1258,3.66,131617.0,2309.22,1.601400477,11.2583727
1259,1.59,350232.0,1699.43,3.752228676,15.0250581
1260,1.25,361990.0,1864.73,1.209836537,13.28904903
1261,1.15,130990.0,2478.56,2.064714532,15.79055815
1262,1.53,383061.0,1919.59,1.892387163,15.99908668
1263,1.01,249538.0,1095.99,2.06001096,16.11878319
1264,1.63,377968.0,1323.19,3.760359099,15.4484339
1265,1.38,163838.0,1777.32,4.93924406,15.28337248
1266,1.71,366074.0,1128.69,1.235571221,13.21641509
1267,0.34,224955.0,2283.89,1.558668627,16.49032662
1268,1.95,160592.0,1060.98,1.925097096,14.6365636
1269,1.48,121212.0,1275.37,3.322782797,13.61675238
1270,1.28,372868.0,1928.57,1.569481115,16.54682998
1271,1.52,350083.0,1251.89,2.228093187,15.88521886
1272,0.0,352472.0,1832.84,1.002665919,11.93923999
1273,1.28,155708.0,1899.85,3.588485086,14.26022278
1274,1.56,146054.0,2074.1,2.161239715,13.35120601
1275,1.15,350728.0,770.23,1.788669605,12.61454406
1276,2.04,335520.0,1685.56,2.700681055,14.08706781
1277,2.36,360256.0,766.9,2.253234579,14.4757186
1278,1.88,265432.0,1818.51,1.54105951,16.16449634
1279,1.62,359474.0,1398.26,1.44127704,15.12576863
1280,2.15,369443.0,1838.11,2.090985381,15.54166199
1281,1.72,238233.0,1305.72,2.907679577,14.25547864
1282,1.71,146780.0,2380.13,2.008409045,15.59587619
1283,1.54,275499.0,2481.61,1.885526294,16.39889221
1284,0.93,373258.0,1699.74,2.10575942,15.92338196
1285,1.81,127290.0,1442.66,2.893071385,16.98671894
1286,1.16,255677.0,2429.44,3.310058605,15.60363029
1287,0.91,122614.0,1802.08,2.196799858,14.41659657
1288,1.17,345995.0,2512.78,2.911499789,13.77785515
1289,2.49,137238.0,2416.57,3.973630541,17.24938711
1290,1.7,232059.0,2709.81,1.709070285,15.2874386
1291,1.17,383920.0,2304.06,2.433360543,12.30508017
1292,1.83,275430.0,1893.34,1.426709964,16.92593926
1293,0.85,385637.0,886.42,2.265206737,15.15058897
1294,1.67,164760.0,2208.62,1.033043165,15.46345358
1295,0.94,281469.0,2536.13,1.425184686,16.09503244
1296,2.66,370081.0,2526.59,1.708771654,15.35827756
1297,2.15,377751.0,1399.77,1.469499952,15.16430817
1298,2.7,158336.0,1162.14,1.357849671,13.86819654
1299,0.98,394262.0,1699.66,1.973477335,15.26320438
1300,0.0,357356.0,1914.58,3.804405302,16.49931929
1301,0.59,367363.0,1728.57,3.518345172,15.87135577
1302,2.33,150456.0,1666.38,1.527529596,12.25861846
1303,1.53,365507.0,1990.48,4.348425962,14.25724027
1304,2.15,237493.0,645.92,2.679405702,16.24124113
1305,1.73,124508.0,2456.03,0.965780966,16.26295554
1306,1.83,124714.0,1014.44,1.585295698,15.97027893
1307,1.09,139511.0,2198.94,3.762770128,15.38136547
1308,0.54,374612.0,1392.54,4.777227889,16.11546086
1309,1.11,140996.0,2056.32,3.454737227,11.52067824
1310,0.0,361068.0,1477.49,3.430404555,16.31092299
1311,0.91,360216.0,2053.56,-0.205245382,12.25565856
1312,1.63,381454.0,1353.88,2.325253542,15.40982079
1313,0.93,253090.0,1115.4,4.336948608,14.88557053
1314,0.95,362412.0,2200.03,1.105617638,11.2583727
1315,1.89,386284.0,1445.94,1.877274699,12.60493448
1316,1.35,370514.0,2691.47,0.37974777,15.79564824
1317,0.0,273213.0,2480.79,1.524420062,13.95291162
1318,1.53,391101.0,1364.4,2.054515822,15.24077024
1319,2.48,269248.0,1018.23,1.475952241,15.48323516
1320,1.52,379785.0,2433.49,2.330937682,16.89567645
1321,2.38,157024.0,1998.75,4.742080253,13.19092057
1322,0.88,376865.0,2454.58,2.358905222,15.83079963
1323,0.89,168435.0,998.05,1.283953127,13.71690465
1324,0.18,374146.0,2191.17,1.380426234,12.80972327
1325,0.52,371255.0,1059.71,2.550586413,17.49091996
1326,1.44,251610.0,2242.04,1.19155133,13.65961412
1327,2.17,341426.0,1900.03,2.936754826,15.27360152
1328,0.53,287551.0,2503.7,3.676640618,15.31340323
1329,0.2,382999.0,1943.33,2.094774611,14.59569466
1330,2.26,283227.0,969.8,2.045875831,15.60678244
1331,0.43,383724.0,1622.2,1.950568453,16.04074736
1332,2.07,362151.0,2325.18,3.117787242,14.49776372
1333,1.49,164347.0,1831.92,1.279501831,16.32853615
1334,0.62,368586.0,2262.76,1.476032178,15.6646891
1335,1.62,261265.0,947.18,1.129280576,12.94462842
1336,1.56,369665.0,938.52,2.917054323,14.6868029
1337,1.24,176432.0,1851.11,2.194132589,11.32263032
1338,1.56,362551.0,2076.21,2.10846246,15.33269231
1339,0.91,365310.0,1608.53,0.700550443,14.88299263
1340,1.93,150682.0,1895.89,2.846074619,12.82203173
1341,2.41,347217.0,1426.64,1.283789935,15.79787596
1342,1.54,342184.0,2146.14,4.072974706,14.71136696
1343,1.43,347358.0,2298.95,0.530825983,11.5643223
1344,2.28,143168.0,2118.4,2.414546794,14.6153836
1345,2.94,367267.0,1701.87,1.890747935,12.66686265
1346,1.69,166361.0,1917.42,2.227646546,15.06959302
1347,1.61,390831.0,802.99,0.598069104,16.68603482
1348,1.82,384022.0,614.85,2.680720856,16.15083494
1349,1.18,290326.0,1840.67,1.982415099,13.06407458
1350,1.22,372028.0,2153.58,2.393275119,14.17036824
1351,1.75,357126.0,2420.25,1.763096658,15.3423656
1352,2.47,254495.0,1042.73,1.107155529,13.97597634
1353,1.62,394756.0,2651.55,1.78642851,15.55061647
1354,3.38,140615.0,2035.58,3.274406844,14.36110018
1355,1.19,355202.0,898.46,4.325775382,17.35841337
1356,1.85,362803.0,726.62,3.743738764,13.90380645
1357,1.59,273059.0,1486.45,2.034652965,16.33558707
1358,1.82,139204.0,2332.53,1.711918395,13.56240581
1359,1.78,351775.0,858.97,3.027108118,14.56477429
1360,0.42,152388.0,1909.66,2.028889003,13.48868258
1361,0.78,245320.0,1336.85,2.257089555,13.69062777
1362,1.68,146081.0,1477.53,1.100866375,15.40628664
1363,0.63,390453.0,1875.62,2.186223609,16.13876946
1364,1.75,240446.0,1135.39,2.97341459,17.15645063
1365,1.69,253617.0,1545.91,1.356255625,15.77728552
1366,1.64,165998.0,1976.17,1.570767829,16.52865906
1367,0.85,259905.0,1714.66,1.691038526,15.80788464
1368,1.36,372085.0,689.44,2.722326836,15.96742648
1369,1.13,139563.0,1756.08,3.021692475,16.64476447
1370,1.85,361634.0,947.26,1.142064299,15.35812401
1371,0.85,159185.0,728.51,3.176837693,16.22018743
1372,2.26,172756.0,1986.21,4.266202907,16.58120691
1373,1.84,390980.0,2381.79,1.612561466,15.58864043
1374,0.33,240220.0,1742.29,1.662655946,17.06205852
1375,2.91,370773.0,1805.54,0.847095389,14.0865157
1376,2.16,362923.0,1884.33,1.096662538,14.36275431
1377,1.27,401119.0,862.75,1.398656037,16.64822985
1378,3.48,142892.0,2094.97,0.29713402,17.03437044
1379,1.01,358716.0,1926.49,3.194881574,14.4114774
1380,1.51,142480.0,643.67,0.216357506,15.42684394
1381,1.3,391098.0,877.7,2.793117647,15.84196417
1382,0.87,242389.0,625.85,3.462365789,15.23556959
1383,1.47,170700.0,922.33,3.454869609,17.17691895
1384,0.96,123980.0,1877.56,1.575175378,15.89845997
1385,2.04,393293.0,1538.79,2.026577199,15.40258148
1386,0.8,164835.0,2070.39,1.782761798,16.0992066
1387,0.94,377792.0,1808.46,2.038813716,14.93703403
1388,0.33,352745.0,1947.22,1.493758366,16.75428318
1389,0.76,154119.0,1477.71,1.66479237,15.33152894
1390,0.79,377858.0,2110.34,4.725329136,13.42750248
1391,0.64,381091.0,2465.93,0.702755875,15.48299023
1392,1.53,358959.0,1878.58,3.172065085,15.88670244
1393,4.24,377695.0,2019.39,3.701196304,15.98589326
1394,1.27,129147.0,2206.96,1.555985352,12.96896696
1395,0.76,378555.0,1567.09,1.808225531,15.69419604
1396,1.82,371024.0,1802.66,1.000995404,17.55913606
1397,1.35,371898.0,1012.94,3.764842298,13.7618555
1398,0.25,353689.0,2514.03,1.059983873,15.5852416
1399,1.94,124088.0,1588.91,3.252769843,15.95418493
1400,2.92,132212.0,1912.65,2.846447326,15.10016899
1401,2.58,139144.0,667.84,1.833533756,14.04130541
1402,0.34,382641.0,1740.88,2.857207766,15.95269195
1403,1.1,376339.0,1786.46,1.587117216,12.35832041
1404,1.52,370227.0,1888.16,1.434294535,16.26413749
1405,2.68,140808.0,1797.57,1.760520269,15.16333712
1406,2.64,366230.0,680.51,1.629670654,15.59427506
1407,0.56,260567.0,632.9,4.245191069,14.72551372
1408,1.46,262510.0,2675.03,3.272597291,16.15526333
1409,2.08,126151.0,626.9,1.787650667,16.02274251
1410,1.52,160513.0,2708.78,2.033820522,16.42896215
1411,1.18,361614.0,783.28,0.575665619,13.80779546
1412,0.87,361127.0,1806.38,1.384149073,15.63348844
1413,1.63,368151.0,1281.98,3.47683579,15.39142137
1414,0.84,364405.0,1778.32,4.116742822,17.34918447
1415,0.88,151081.0,1844.87,1.740315444,16.0368834
1416,2.0,375130.0,2179.65,1.489074036,15.2033795
1417,1.92,372528.0,1186.79,1.519019259,13.75312998
1418,2.56,124509.0,1796.61,1.524651422,15.78454603
1419,1.41,128921.0,1164.19,2.954427471,13.52822495
1420,3.0,351043.0,1707.86,3.875100513,16.46489593
1421,2.54,344111.0,1120.99,0.177389464,15.29958582
1422,0.79,138306.0,984.36,0.960031029,15.31371326
1423,1.61,142422.0,1936.23,1.310355914,15.82407611
1424,2.63,337690.0,1597.08,4.248327316,15.07621565
1425,2.4,162720.0,825.11,1.024832211,16.21426437
1426,0.62,250083.0,1722.43,3.263493181,12.16474591
1427,1.58,349847.0,753.41,1.490249274,15.45583992
1428,1.7,376817.0,1923.18,1.39715706,13.27317274
1429,1.76,130101.0,1782.48,4.195756028,17.5332827
1430,1.02,266188.0,1442.48,1.870579766,17.30139492
1431,0.87,162424.0,966.6,3.62390742,14.05754497
1432,2.03,245959.0,586.86,0.680832414,16.81505199
1433,2.4,255189.0,1772.39,3.102421606,15.34942257
1434,1.38,399313.0,2124.29,2.158225612,16.05414176
1435,0.61,344704.0,1784.73,1.780704978,15.19258602
1436,2.56,257018.0,932.53,3.415418799,13.05675557
1437,2.31,138935.0,2238.66,1.643631796,15.21481722
1438,0.81,150214.0,1497.66,4.298692506,17.12443952
1439,0.83,151502.0,1419.92,1.513338818,14.74050774
1440,1.91,264768.0,1876.33,4.261745143,15.79958575
1441,1.54,355071.0,1260.21,1.66177005,13.7962301
1442,0.92,385066.0,1438.08,2.57308958,12.88892872
1443,1.56,375063.0,1224.84,4.310073298,16.68292571
1444,1.98,160005.0,1892.06,1.777293583,15.56525144
1445,2.08,236451.0,973.47,4.481365706,17.00220682
1446,1.43,124469.0,1001.53,3.327158722,17.04153502
1447,2.22,361294.0,2627.06,1.313894792,13.26468826
1448,4.76,370166.0,1223.66,1.973970144,15.90061852
1449,2.01,336647.0,1470.03,3.548748215,11.2583727
1450,0.66,271367.0,2404.35,2.887225648,15.00936607
1451,2.49,362209.0,958.21,4.767141482,16.52475976
1452,0.6,354083.0,1449.92,4.052186526,15.36908182
1453,1.13,374182.0,1201.29,1.134040481,16.11790695
1454,1.19,377127.0,2819.17,2.192245774,14.62771818
1455,1.95,392165.0,786.3,2.051172984,15.63822618
1456,1.38,143026.0,1506.88,1.785648787,15.43565758
1457,1.55,377984.0,1010.78,1.775343153,13.50695243
1458,1.93,144932.0,2344.41,1.137554645,16.64339183
1459,0.0,265507.0,1844.96,0.82172998,13.47812167
1460,0.15,142059.0,2185.62,4.276786787,15.61263751
1461,1.23,380058.0,1243.85,1.620816625,16.69278412
1462,2.36,185134.0,2584.46,2.119481888,15.76578299
1463,1.38,162568.0,1817.66,1.766861199,11.66224464
1464,1.45,369390.0,1509.26,1.09397925,14.56198681
1465,1.46,343613.0,1041.59,0.646215764,15.49070793
1466,1.45,389836.0,1414.8,0.657603484,15.74194638
1467,1.64,259115.0,1769.68,4.415443241,16.82238684
1468,1.47,392864.0,1352.64,2.029196999,17.3526403
1469,0.99,357742.0,948.09,2.559436777,16.42439317
1470,2.01,170309.0,1908.53,1.711127041,15.85112358
1471,0.84,139018.0,1206.9,1.708964865,15.10569264
1472,0.55,255450.0,1754.39,2.023930315,13.95326076
1473,2.41,145673.0,1705.55,2.06660297,15.46947366
1474,3.09,369230.0,1917.34,1.99748843,15.18739523
1475,2.05,351688.0,2048.47,1.513140457,15.32841615
1476,2.23,353274.0,1882.1,3.694129926,14.09749028
1477,0.81,263675.0,1374.8,3.111747029,16.0450419
1478,1.66,117274.0,2357.68,1.56118242,15.47944431
1479,3.77,252207.0,2500.8,2.544267282,14.68287847
1480,2.02,133011.0,1768.76,2.460856448,15.64124786
1481,1.77,355568.0,1145.01,1.955403195,13.46190728
1482,0.74,136435.0,2307.56,0.716387762,12.41930989
1483,2.07,240733.0,896.38,1.166600477,15.85011154
1484,1.09,256556.0,1333.37,3.045799611,15.58136983
1485,2.27,348379.0,1822.63,3.171817684,15.34588069
1486,1.45,154744.0,2010.8,2.491733567,14.32628002
1487,1.42,273882.0,1674.81,3.953542744,15.80950782
1488,0.77,381126.0,993.15,3.55752503,16.18164444
1489,1.62,383538.0,1638.89,1.621239154,13.2731251
1490,0.74,351730.0,1306.6,1.699588273,15.63265715
1491,1.22,389923.0,1668.53,3.928637283,13.2413537
1492,1.32,363355.0,2200.1,1.410073973,16.93868104
1493,1.54,129842.0,839.57,0.909310979,15.24702767
1494,1.59,163392.0,1652.49,1.523145513,15.12864664
1495,1.36,252459.0,1540.72,3.059053097,15.54852588
1496,1.38,370672.0,1756.89,1.719228476,16.51307917
1497,1.47,370991.0,1802.89,3.185088191,16.23379216
1498,2.12,249211.0,2467.26,2.782259596,16.11764333
1499,0.34,158236.0,2532.91,3.034021834,16.30676695
1500,1.66,362409.0,1634.23,1.241109415,12.70992457
1501,1.5,358479.0,1884.39,1.382232362,16.00599129
1502,2.37,139280.0,1340.47,3.528136915,16.3812302
1503,2.1,259230.0,1748.11,2.36894858,15.89077129
1504,2.41,149841.0,2199.61,1.857793877,15.53597068
1505,0.84,153490.0,1956.71,4.625816953,17.73027397
1506,1.76,118488.0,1334.36,1.60027829,15.80653972
1507,0.87,152078.0,1867.42,2.191180865,15.69979698
1508,0.53,353936.0,778.39,1.964119876,16.26858941
1509,1.39,401119.0,1718.79,3.283462212,14.07353813
1510,0.0,255326.0,1812.89,1.573228695,12.43653255
1511,1.84,372504.0,1318.58,1.388013645,16.40256586
1512,2.46,233032.0,1431.08,2.297287487,16.95514659
1513,0.72,241706.0,1819.87,-0.326393035,15.83679038
1514,1.37,370494.0,1449.97,-0.252173634,14.99276352
1515,1.97,353208.0,1369.79,1.968927191,16.65107997
1516,1.85,348875.0,773.77,1.044342808,15.67639595
1517,1.23,248185.0,1081.89,0.833849375,14.99936072
1518,1.75,140820.0,2396.38,1.943826623,16.02029777
1519,1.52,258711.0,975.38,1.226195045,12.85689038
1520,0.89,130387.0,2028.09,1.283483207,16.01157498
1521,1.29,393444.0,2362.12,1.949280357,15.42797255
1522,0.74,256771.0,1598.48,1.24471666,14.12777411
1523,2.18,365111.0,846.18,1.192295515,13.87645478
1524,0.04,393785.0,2341.04,3.747015136,14.93913332
1525,2.23,229316.0,2194.11,2.277237787,14.44166769
1526,1.61,126541.0,1537.17,1.760700272,16.04315378
1527,1.86,389172.0,1990.35,1.719825376,15.56583111
1528,1.41,257531.0,2421.4,1.61021581,16.66057819
1529,1.62,257644.0,1997.62,2.34858997,16.75695388
1530,1.55,260842.0,2266.96,1.993905089,15.69930514
1531,1.01,379402.0,1999.56,0.875930335,16.89851623
1532,0.52,146422.0,1863.2,1.624196374,13.90064989
1533,1.88,153115.0,2275.39,1.336047255,16.72287392
1534,0.2,372028.0,2563.7,3.941770722,12.73454426
1535,1.46,153846.0,1326.94,2.00516171,12.86701972
1536,0.5,281041.0,2495.59,4.229158034,15.84959653
1537,1.14,370109.0,1934.32,2.694892343,15.44513404
1538,1.7,168273.0,1992.63,4.692418825,14.70202143
1539,0.79,375987.0,2343.79,2.005063597,14.90599836
1540,0.81,373478.0,1697.3,1.669784154,15.98327254
1541,0.99,352866.0,1559.77,4.359660948,15.50375015
1542,0.59,352642.0,1716.95,1.973533894,15.18467083
1543,1.81,235288.0,1543.56,3.208847062,16.25814004
1544,1.59,344127.0,1319.49,3.314893205,15.10388383
1545,2.29,384943.0,1885.47,4.036881567,15.4724047
1546,0.99,361254.0,2397.96,2.830309444,13.48171249
1547,1.1,378411.0,1758.53,3.211356476,15.76942502
1548,0.9,364296.0,1026.11,3.785338261,16.14209034
1549,0.77,382480.0,2289.46,-0.157569676,15.46016086
1550,2.95,373979.0,1273.2,0.914861505,15.20154052
1551,1.57,129620.0,1326.49,1.169059841,16.23517077
1552,0.98,267824.0,1894.83,1.310563788,16.00886723
1553,1.79,255932.0,2626.76,1.461612767,15.85888091
1554,1.04,361950.0,1507.89,0.966194245,15.62370065
1555,1.92,250264.0,2151.09,0.456852158,15.26928289
1556,0.64,137931.0,1477.08,2.290989358,16.4686394
1557,0.43,155744.0,1270.16,1.900706277,17.57920232
1558,1.83,237852.0,1219.15,1.851285019,13.70531793
1559,1.3,366933.0,2265.19,1.281694657,11.78518366
1560,1.9,244064.0,598.61,0.297199913,16.67848542
1561,0.27,374239.0,2597.24,1.635663984,14.55423699
1562,1.35,364366.0,1887.41,1.619247135,15.73058958
1563,1.47,365448.0,1870.67,1.24521858,15.1135868
1564,2.33,238673.0,1750.85,-0.326393035,13.67299854
1565,2.41,140792.0,1756.81,0.94145669,16.85828686
1566,1.31,383388.0,2374.28,3.856925654,15.36414162
1567,1.81,262498.0,850.13,4.059071921,15.93509779
1568,1.95,134092.0,1726.85,1.388723666,15.63851507
1569,1.44,125449.0,2459.7,3.707640732,16.04206962
1570,0.25,246575.0,1505.06,3.881227394,16.72120343
1571,1.56,157244.0,1762.0,1.908301147,14.78163167
1572,1.05,156771.0,2096.45,1.812945985,15.29073809
1573,1.86,146869.0,1851.04,3.799933909,15.34085579
1574,1.46,390024.0,1723.01,1.501562673,15.70916391
1575,2.29,142506.0,1944.87,1.799167307,15.6303416
1576,0.76,340002.0,1294.81,1.866113658,11.96572419
1577,1.68,374111.0,2289.9,1.366272175,14.83671177
1578,1.37,383596.0,2558.16,2.769623317,16.074207
1579,1.52,125567.0,956.25,1.908074304,14.90430071
1580,1.2,129101.0,1908.56,0.14677575,16.15709792
1581,0.65,355843.0,2124.05,2.056194332,15.88677416
1582,1.92,368349.0,1282.84,2.865003152,16.14499014
1583,2.48,145056.0,2241.73,0.651938289,14.62592805
1584,1.72,157586.0,1466.37,1.646971533,15.57805218
1585,0.69,363378.0,1770.56,1.881002628,14.84414104
1586,1.42,368995.0,1555.74,1.494232701,16.44490661
1587,2.16,123503.0,751.39,3.335521019,13.41776655
1588,1.38,372460.0,2572.84,3.188497422,15.72932675
1589,2.1,157292.0,2179.68,3.104749898,13.25636276
1590,2.25,158631.0,2137.02,2.01908106,15.9689435
1591,1.84,358591.0,1214.73,1.391945475,16.89509363
1592,1.02,369862.0,1505.46,1.95322944,13.32017267
1593,1.2,151521.0,1961.93,2.056817187,13.77607831
1594,0.14,254334.0,1865.69,2.934215911,15.99846266
1595,2.13,123821.0,1017.8,1.995651806,11.45026339
1596,1.23,133889.0,1697.91,1.679767423,15.8808272
1597,2.42,350448.0,2291.12,3.571755359,15.39472943
1598,2.23,376992.0,1996.64,0.925025596,14.59306349
1599,1.51,373681.0,1827.54,3.833083712,16.98890774
1600,2.13,364144.0,2219.76,1.477787117,15.36064365
1601,1.49,114947.0,1542.17,1.2711036,15.33830131
1602,1.02,362025.0,1860.62,2.191474169,14.79503032
1603,2.43,352335.0,1399.15,3.437055315,15.93338776
1604,0.9,158293.0,1757.08,1.659443471,16.74558555
1605,1.29,385685.0,2498.48,0.368933303,16.60303191
1606,1.26,382877.0,2376.75,3.634516882,15.74189855
1607,1.53,355484.0,1907.74,3.778631385,14.91095559
1608,0.92,368823.0,1929.85,1.332988507,15.8971759
1609,0.62,361764.0,1854.33,1.366538903,15.48303461
1610,2.03,390326.0,1979.07,1.156187686,14.13351928
1611,0.9,165098.0,1821.31,0.538077407,15.57389609
1612,1.77,157995.0,857.91,4.912040537,14.84642431
1613,2.03,373123.0,1165.79,1.862318874,15.83628323
1614,2.64,350741.0,1921.98,2.64395137,13.71568869
1615,1.22,385444.0,1745.15,0.174900968,15.88407615
1616,0.81,333109.0,2100.55,1.210358301,16.47363861
1617,2.45,152813.0,1480.61,2.877420742,13.50631822
1618,1.67,269524.0,2233.25,1.966485283,16.20744097
1619,2.32,120473.0,1623.03,1.880142233,15.36406455
1620,2.43,146328.0,1828.82,1.522559318,15.62594692
1621,2.26,256923.0,1803.65,2.218865602,14.73776669
1622,1.22,374113.0,2273.65,1.588367477,13.30659963
1623,1.87,246938.0,1967.67,3.099663251,15.26464554
1624,1.79,378760.0,2477.07,2.498909317,15.43763402
1625,0.97,170605.0,2532.17,1.825079085,14.49821719
1626,0.79,381533.0,1424.11,1.292531496,12.38824945
1627,1.16,166507.0,1571.46,0.607133812,16.82966369
1628,1.62,380981.0,692.16,1.4803125,15.64470603
1629,2.56,380685.0,1905.84,2.166317089,14.43391807
1630,2.1,359700.0,868.06,1.434114254,15.3028557
1631,1.8,153898.0,1704.93,1.773420639,15.68762834
1632,1.73,372784.0,1950.25,2.242350865,13.22799858
1633,1.13,392484.0,2038.02,3.154085359,16.11664877
1634,0.61,364696.0,2197.05,2.376565441,15.70820611
1635,0.9,371911.0,2285.82,1.797553972,16.92124357
1636,1.24,176352.0,2487.67,1.209417898,16.59316186
1637,0.98,266508.0,687.36,3.544404527,15.43323756
1638,2.12,385714.0,1896.65,3.672521196,15.02415623
1639,1.24,162673.0,1685.57,0.597497097,14.18056792
1640,2.1,352093.0,1247.5,3.834827895,15.52267985
1641,1.42,223980.0,1763.58,1.65462411,16.10803133
1642,1.32,129053.0,1627.61,3.552605781,17.14206253
1643,0.12,357937.0,678.47,2.378025164,13.68472553
1644,1.51,270569.0,1716.56,2.941872299,15.75731663
1645,1.36,370616.0,1851.45,3.75179441,16.45231576
1646,1.83,144983.0,1856.14,4.657535132,16.70634867
1647,1.94,150353.0,1984.16,2.201014222,15.88826708
1648,1.5,363020.0,2120.57,3.146179429,13.89691236
1649,1.71,151685.0,1881.52,1.862257241,13.42238267
1650,1.9,373501.0,1310.23,2.181883092,14.101126
1651,2.26,176371.0,1859.95,1.803038849,11.79775434
1652,1.84,253072.0,2450.83,2.073457935,13.69085935
1653,1.61,354206.0,1930.32,1.910415918,14.94663705
1654,1.52,368009.0,1677.92,1.270916167,15.29163847
1655,1.55,379002.0,1939.57,3.749255137,16.37286926
1656,1.09,368088.0,2370.88,1.321930629,12.79274152
1657,1.48,365816.0,2088.3,3.320665595,15.23548441
1658,1.37,369700.0,1521.24,1.338514225,14.40747072
1659,0.76,150568.0,2273.1,2.820142537,15.55374691
1660,1.24,400894.0,2724.44,1.600484362,14.67715281
1661,1.19,134580.0,1358.15,1.597181213,13.63943599
1662,1.64,382793.0,986.06,0.29214799,15.08768254
1663,2.21,232101.0,1124.17,1.511324057,16.39705183
1664,0.89,381903.0,2427.65,0.898288129,11.85464378
1665,1.35,257961.0,948.46,1.662788309,14.03819422
1666,1.25,372283.0,1811.94,1.482589047,14.87028014
1667,1.12,378855.0,811.29,2.432346639,15.27635031
1668,1.72,161729.0,1647.87,1.710295839,15.88706796
1669,1.2,392790.0,1293.62,1.686285915,14.29500825
1670,1.43,130411.0,1963.0,2.924025519,16.65764192
1671,1.89,260580.0,1561.34,3.084757077,16.11544706
1672,1.91,355963.0,1963.74,1.827298769,15.72691436
1673,2.05,163414.0,1198.86,0.508727481,16.01624964
1674,1.87,149298.0,920.42,0.2618034,15.85560176
1675,2.02,130901.0,1638.84,1.679826051,15.60437118
1676,2.78,125703.0,1675.03,1.158028555,13.46249838
1677,1.01,346026.0,1833.11,4.751360766,16.34547118
1678,1.58,393473.0,2459.34,4.153465404,14.3743949
1679,0.5,117536.0,1456.29,2.841687403,14.59105795
1680,1.11,379511.0,1990.99,1.530384473,15.89250436
1681,1.73,248663.0,1321.65,2.73691501,13.85643191
1682,0.92,153548.0,1092.29,0.848190846,16.24086738
1683,2.03,373730.0,1209.79,3.996284149,13.52872415
1684,0.7,376450.0,1395.94,1.614051738,13.98353402
1685,2.14,152729.0,1921.02,3.081803021,12.56297381
1686,1.76,263386.0,1719.27,1.508395681,14.483811
1687,0.53,335990.0,784.58,1.490519476,15.7496661
1688,2.03,361473.0,1386.93,1.349224793,13.70154122
1689,1.55,153168.0,1670.71,1.685708051,13.44607144
1690,1.48,134729.0,1788.49,2.65051191,15.65665735
1691,1.06,365144.0,1885.56,1.757509483,15.87650914
1692,1.64,270942.0,1908.86,1.65639729,17.73027397
1693,1.4,362795.0,1744.21,1.79517949,13.45337138
1694,0.63,376884.0,2077.02,2.678901451,17.47617598
1695,1.81,250965.0,2273.14,4.057839559,15.49939316
1696,1.27,154736.0,880.96,1.50842698,15.3677072
1697,2.44,249296.0,1813.53,1.66407378,16.68098118
1698,1.66,155312.0,1097.27,0.975216321,14.94678863
1699,1.02,359378.0,1432.53,1.921281894,14.09038093
1700,2.4,181514.0,1167.41,2.080959623,17.73027397
1701,2.17,279289.0,1412.28,1.596312057,17.17106671
1702,0.31,144559.0,2051.33,1.262879921,13.79145252
1703,0.89,359918.0,1916.66,3.104765791,15.2133248
1704,2.06,384149.0,1022.86,1.328984998,13.53908816
1705,0.82,375540.0,2077.92,1.577385486,16.39386263
1706,3.12,364008.0,2208.73,1.081868653,13.27771918
1707,0.96,130450.0,1337.46,1.749564605,15.59231236
1708,0.65,252620.0,1432.69,1.091080732,15.2911162
1709,1.6,370643.0,935.99,0.124470455,16.21877484
1710,1.15,366779.0,1633.3,2.239646025,16.11391572
1711,0.6,366121.0,597.03,3.643909572,13.86741465
1712,1.77,252210.0,2372.33,1.385982895,15.91513607
1713,4.44,348474.0,2429.26,2.239413287,16.30012817
1714,2.01,367569.0,1858.64,1.377510312,16.54754852
1715,1.19,368763.0,2260.59,1.993723459,15.60514544
1716,1.61,392941.0,1096.23,1.413305666,16.62871887
1717,0.72,384838.0,1950.47,2.113609126,13.72502635
1718,2.46,277125.0,1051.21,2.990681278,13.69998236
1719,0.6,389179.0,815.61,2.794985034,16.48279484
1720,0.71,237883.0,2087.44,3.073002066,16.26015281
1721,2.13,386997.0,624.78,1.245822491,14.46946864
1722,1.75,155510.0,2237.54,1.589996537,15.00419518
1723,1.44,167725.0,936.12,4.617626815,16.09387062
1724,1.74,358128.0,1497.33,1.237270826,14.92794113
1725,0.0,288739.0,942.23,2.208041177,16.26080846
1726,1.03,385968.0,2229.76,3.806659729,13.63451065
1727,1.21,367043.0,924.29,3.671041531,15.68472754
1728,0.95,258207.0,1776.22,1.219711291,12.5985706
1729,1.05,373038.0,1358.35,1.113500468,16.77052169
1730,1.7,376001.0,1656.74,-0.326393035,12.8229066
1731,2.03,154725.0,985.56,1.266323958,14.42984093
1732,1.7,149355.0,1983.45,2.408162744,15.71696183
1733,0.47,141808.0,1990.67,1.937892014,15.72833533
1734,2.12,143096.0,960.03,1.42127493,15.68457007
1735,1.62,271755.0,1796.92,2.32223111,13.75845668
1736,1.06,376103.0,2146.26,2.788800912,11.65518094
1737,0.69,378482.0,1825.91,-0.282391397,14.80780853
1738,1.47,158974.0,666.62,2.03528608,15.43605716
1739,2.58,258519.0,1830.2,3.324934042,17.26011017
1740,1.38,359227.0,594.58,1.578673493,13.36033529
1741,1.08,351195.0,1438.73,0.235357861,15.78248283
1742,1.46,130482.0,1361.94,1.680449053,13.97561211
1743,1.41,368456.0,1805.23,2.142439838,15.693116
1744,0.4,390858.0,1208.34,4.210724444,15.18534886
1745,1.12,161756.0,723.3,1.913077271,13.98546987
1746,2.2,364522.0,1320.41,1.662563533,13.59714882
1747,1.36,376897.0,2335.51,0.593223169,16.87323082
1748,2.1,397058.0,2053.64,3.069724601,15.1317964
1749,1.76,159812.0,907.69,1.470594027,14.01149946
1750,1.32,150731.0,2044.28,2.274440003,16.38023986
1751,1.06,378792.0,2323.91,1.666682534,14.44599344
1752,1.17,361124.0,2859.39,2.394078747,16.77017801
1753,0.75,382237.0,2016.6,2.410958608,11.8291236
1754,1.25,245612.0,2174.17,2.629194498,15.98053108
1755,2.41,359103.0,2231.71,3.634221019,14.48237101
1756,1.42,370222.0,1158.81,1.381816464,15.10422406
1757,2.01,374352.0,1377.41,1.182010162,15.33740791
1758,1.94,361569.0,1837.98,1.783511681,15.66572991
1759,0.68,387005.0,2457.92,2.498125971,16.50976981
1760,1.93,354894.0,2333.37,1.158525892,13.59733368
1761,1.58,359956.0,1912.53,0.911183199,13.14319694
1762,1.08,378586.0,1949.49,3.360744757,15.58401881
1763,0.76,373016.0,1439.97,0.923806575,14.68833092
1764,1.57,175211.0,2374.49,2.312608803,14.93460627
1765,2.34,172749.0,1929.94,2.574664127,13.55478497
1766,1.38,374445.0,892.71,1.322552701,14.04576892
1767,1.86,382918.0,1862.46,2.363273579,13.91635453
1768,2.53,349648.0,2354.84,3.725090884,16.77197618
1769,2.5,355141.0,1856.19,4.043117034,16.19781
1770,1.68,365668.0,1817.5,1.65343279,15.31821186
1771,2.07,140809.0,1280.93,3.674804287,15.81419031
1772,1.32,373561.0,2517.59,2.023009879,15.20690732
1773,1.96,263088.0,679.44,1.094572415,13.51781241
1774,1.28,378397.0,1669.46,3.500889728,15.71140663
1775,2.49,252109.0,1467.35,1.385033165,15.51793378
1776,0.21,380907.0,1159.91,1.787289522,15.89083755
1777,1.19,132267.0,1942.99,1.121673707,13.47427417
1778,1.48,250878.0,1898.15,3.993361043,15.96178632
1779,1.63,370844.0,2218.72,1.371559165,12.90900792
1780,2.59,358016.0,2671.01,0.558478118,15.96772409
1781,0.86,262247.0,2287.18,3.907958774,16.07160007
1782,1.14,256654.0,1438.19,1.817244842,15.94554293
1783,1.43,384236.0,3037.48,2.678690398,16.66519215
1784,1.29,364995.0,1913.62,4.033570554,15.68090679
1785,0.73,361972.0,1744.34,3.578584778,15.22659504
1786,2.13,136956.0,2417.66,1.667604988,15.13493408
1787,1.38,266243.0,2560.03,1.613410238,17.14275623
1788,1.52,389398.0,2242.14,2.16480233,13.98974229
1789,2.68,128748.0,2073.71,2.145558284,15.16159858
1790,1.45,248859.0,618.31,0.928951047,15.16471571
1791,1.69,342138.0,1775.96,2.694323533,15.80931093
1792,1.61,252502.0,1019.0,1.637455312,16.1429543
1793,0.61,385629.0,2356.14,2.096694269,14.44977863
1794,1.76,138852.0,1809.85,2.906198741,13.31130449
1795,1.54,261701.0,1765.0,1.458848334,15.23645008
1796,1.92,151239.0,2470.87,0.957265218,15.47926764
1797,0.77,260786.0,1875.37,2.308914693,16.91171681
1798,1.41,343037.0,2130.56,1.778545841,13.97387188
1799,0.68,353550.0,1518.45,1.486618786,13.90970331
1800,2.39,356948.0,1957.23,1.830449852,15.44033831
1801,0.48,370912.0,1862.17,4.407413967,13.76800626
1802,0.98,401119.0,1763.72,1.374470871,15.96509645
1803,1.36,375116.0,1843.84,1.422973866,15.97195514
1804,0.88,372771.0,1381.41,3.623717491,15.9579731
1805,1.52,380914.0,1618.91,3.335847434,16.1485481
1806,0.45,373632.0,1799.22,2.91318383,15.55138255
1807,2.16,351508.0,2457.73,2.331966715,15.71702658
1808,0.0,142043.0,1859.42,-0.326393035,15.65992631
1809,0.73,394352.0,1633.44,3.580069285,15.5649866
1810,1.89,338026.0,2554.18,2.464738882,14.75116616
1811,1.67,166326.0,1784.81,0.594562133,15.37173195
1812,1.47,140090.0,839.85,2.083475203,16.17630029
1813,2.39,154646.0,1381.49,2.43085472,16.30200683
1814,0.83,242557.0,761.95,1.418394247,15.21515205
1815,0.96,365779.0,1928.76,0.890320567,15.72217132
1816,2.18,343009.0,1958.96,2.627050713,13.01837771
1817,0.85,146770.0,1926.04,1.483920965,17.20230229
1818,2.29,363068.0,1757.35,1.337538517,15.29100388
1819,1.55,368577.0,1489.43,2.230388656,15.55399904
1820,0.34,366387.0,1991.18,3.005805022,13.37278498
1821,1.31,358161.0,586.86,1.501727663,12.92382764
1822,1.88,136055.0,2310.43,2.740217936,15.39317394
1823,5.88,242132.0,880.51,2.793993942,13.52103135
1824,1.76,241984.0,2463.49,2.211753362,16.58678461
1825,1.64,252546.0,1455.54,1.384594108,14.85794673
1826,2.1,148000.0,811.71,2.761616326,16.0277973
1827,1.24,154854.0,2256.49,2.500360098,17.5761023
1828,1.19,383811.0,1825.14,1.084706339,15.54110837
1829,0.42,275874.0,914.27,1.904817262,17.26326393
1830,1.97,156578.0,1638.27,3.26627774,12.92155181
1831,1.36,382672.0,586.86,0.549343822,14.98244414
1832,0.93,373205.0,1560.34,2.363557553,16.16165388
1833,1.42,119370.0,646.72,3.624827587,15.63117454
1834,1.51,139878.0,1875.97,1.660481401,17.07488944
1835,1.04,149911.0,1289.98,2.951436106,16.64820398
1836,0.58,359745.0,1527.85,1.906491875,15.07563704
1837,1.78,388843.0,1872.99,3.195085917,15.17291323
1838,1.31,263100.0,1465.72,1.854272604,14.92185684
1839,0.59,370954.0,2124.13,2.440321944,15.6220801
1840,0.68,271105.0,1951.96,1.677856105,13.4548471
1841,2.74,365863.0,2487.81,4.345861594,12.85810807
1842,1.01,267927.0,1825.37,2.428800268,15.705573
1843,0.53,343377.0,2295.21,1.758873216,15.51756571
1844,1.63,146203.0,1840.82,1.204399476,13.55163862
1845,0.05,378319.0,586.86,2.60646294,16.21434995
1846,2.72,374067.0,1399.97,-0.126340348,16.14283969
1847,1.68,142458.0,1682.14,0.978661753,16.40528643
1848,1.75,285322.0,845.49,0.860110797,16.88435214
1849,1.98,361931.0,1859.74,2.162046908,15.50009847
1850,1.53,127341.0,1739.92,1.120388255,14.80954098
1851,2.61,362851.0,1573.82,2.351557858,16.55083538
1852,1.94,354760.0,1912.29,2.035170774,16.97329445
1853,0.69,138400.0,1296.63,3.064937329,13.20225166
1854,0.52,399880.0,1686.44,1.847749274,14.55955362
1855,2.02,164884.0,1852.52,3.351710953,12.45960788
1856,0.48,360343.0,1736.11,1.152126063,13.32043927
1857,0.4,257560.0,2408.64,4.916562162,13.4595954
1858,1.06,257719.0,1988.4,0.716086323,15.26134152
1859,0.41,379923.0,1733.31,-0.113245604,13.53896531
1860,3.51,273370.0,2261.01,3.366658123,13.86916103
1861,0.88,156739.0,1609.61,4.073758168,16.21983884
1862,1.99,123209.0,1265.99,1.830627887,14.3668543
1863,1.42,269678.0,1172.3,2.222004945,15.36855206
1864,1.97,119827.0,1050.05,1.409809405,16.12393987
1865,0.71,263261.0,2041.69,2.037791222,15.86295007
1866,1.6,248990.0,1229.43,1.191139775,13.71382726
1867,1.98,353411.0,2456.24,2.681805928,13.9561271
1868,1.24,132981.0,1849.07,0.703941727,15.41558007
1869,1.83,365794.0,1377.82,1.968258542,15.16576431
1870,1.42,352150.0,2036.87,3.81016991,14.93344889
1871,0.97,387052.0,1807.42,4.476061129,15.59939862
1872,1.52,158928.0,786.59,1.663537013,13.96951074
1873,2.13,165691.0,1749.64,2.704937683,14.48485018
1874,1.66,364129.0,2207.9,1.274166937,13.77736899
1875,1.97,362324.0,2129.58,1.261631263,11.2583727
1876,1.78,157820.0,2028.98,1.523807075,13.23697143
1877,0.8,252546.0,1838.78,1.046899129,16.73783089
1878,1.36,342169.0,1428.19,1.679414284,14.69411194
1879,1.02,362729.0,974.49,1.829716396,14.3542913
1880,2.76,293878.0,2579.54,3.44346002,16.07070648
1881,1.17,139763.0,677.08,1.889765646,13.82644156
1882,1.76,140476.0,1771.36,1.360232825,14.88904595
1883,2.52,258809.0,2364.04,2.847134291,14.39335626
1884,1.7,258405.0,2231.14,1.988595391,15.20342425
1885,2.09,276952.0,1855.16,3.216323039,15.22731683
1886,1.92,398659.0,1301.93,4.326932689,16.31261824
1887,1.02,246172.0,739.2,2.683298518,15.72606936
1888,1.88,357362.0,2453.94,1.796864406,15.42750466
1889,2.18,148303.0,1844.95,4.062813211,16.53666941
1890,0.64,371959.0,1845.6,1.027123846,15.87893286
1891,0.45,140798.0,1431.65,0.804040786,14.15836252
1892,2.73,120712.0,2318.33,1.883957504,14.37670407
1893,5.01,350193.0,2189.96,-0.082604075,17.29795525
1894,1.79,273514.0,1782.37,1.074242783,13.33474967
1895,1.25,348060.0,1788.72,2.247461768,15.52039842
1896,1.14,374351.0,2259.45,1.582017017,15.56519464
1897,1.78,254563.0,1833.63,1.819813806,13.10049106
1898,1.16,181290.0,1898.67,1.151667322,12.6717727
1899,1.39,134307.0,1789.88,1.779691367,14.22189897
1900,1.25,365758.0,1900.71,2.896914993,15.35992629
1901,1.69,355299.0,677.86,1.228982902,16.37826398
1902,0.95,152165.0,1181.06,2.823160202,16.76513609
1903,1.83,381885.0,2552.24,2.042927946,15.75619508
1904,1.01,142139.0,1812.06,4.629424444,15.77280898
1905,1.23,288402.0,800.59,3.708522858,12.03722567
1906,1.47,378552.0,1390.71,1.068167975,15.55509675
1907,0.54,379136.0,2376.92,1.993341708,15.44330142
1908,1.56,393089.0,2263.63,1.711504333,15.2631705
1909,1.36,249020.0,1876.61,3.310784929,15.80682661
1910,1.56,375538.0,869.21,1.349643334,12.15968476
1911,2.11,360333.0,1954.02,1.495561365,15.98529475
1912,1.32,229653.0,1726.78,2.53928656,15.96939629
1913,0.93,360868.0,1841.89,0.563727041,15.20308048
1914,1.66,161989.0,1813.95,2.20394929,15.83698311
1915,0.11,386936.0,2280.75,1.975888028,13.59918576
1916,1.06,129057.0,1412.43,3.079505242,15.87802204
1917,2.07,362609.0,1911.17,1.877373367,15.62400844
1918,0.98,368977.0,1048.95,1.736619628,13.70874147
1919,1.24,150479.0,1747.45,1.860961279,14.11089151
1920,1.58,359751.0,1536.04,2.248509433,13.83356167
1921,2.79,129102.0,1778.77,1.234990691,15.91448228
1922,0.97,381514.0,1459.06,1.105920342,15.15739671
1923,1.17,372886.0,2400.33,3.012579565,12.63021631
1924,1.55,168526.0,2293.32,3.749885827,16.80332362
1925,1.5,157377.0,2576.27,2.090312125,16.67377163
1926,2.47,117921.0,1854.58,1.985437348,14.87081115
1927,1.0,382840.0,2365.76,2.370211154,13.77867189
1928,1.48,256139.0,2259.13,0.31007416,16.09628175
1929,0.33,366760.0,1393.82,3.944535463,15.77477889
1930,1.65,159421.0,1835.99,0.602015264,11.9573889
1931,1.0,245690.0,1540.17,0.819177252,15.1586791
1932,0.56,156754.0,2220.55,1.355542327,15.48609616
1933,2.08,365448.0,1977.74,1.674587031,15.89641558
1934,1.76,265800.0,1941.7,3.954017135,15.12615493
1935,1.75,136560.0,586.86,3.995503816,16.32620706
1936,2.63,161719.0,2407.93,1.672833402,15.7384565
1937,1.35,146182.0,1753.97,1.973729179,15.46019542
1938,1.19,272182.0,1077.28,4.570004689,15.75129352
1939,1.64,160546.0,2326.91,4.512740113,16.36578569
1940,1.52,125988.0,2104.26,3.639053648,14.28466073
1941,0.44,165025.0,1668.99,1.369424713,16.09858962
1942,2.94,165789.0,1013.08,1.813926994,14.51018948
1943,0.2,164874.0,2014.08,1.958522193,11.80738086
1944,2.12,251980.0,1268.38,1.961674586,15.87191149
1945,1.45,160559.0,1890.75,1.516399703,15.72945319
1946,1.85,146741.0,1790.19,3.257080383,11.47719095
1947,1.06,392195.0,1835.69,4.414685078,13.0371828
1948,0.31,143790.0,1594.83,2.702325476,17.21663482
1949,1.09,361176.0,2504.64,1.299837914,15.07366698
1950,1.22,384155.0,2233.41,3.786859736,15.42216279
1951,1.73,124005.0,2212.0,4.126473754,14.86503742
1952,0.54,352497.0,1780.78,2.342493848,15.70995499
1953,0.46,184860.0,2362.31,3.341221584,13.29480245
1954,1.79,240880.0,1872.23,1.055986233,16.8171651
1955,0.62,363847.0,2361.82,2.71222559,14.39396759
1956,0.91,267492.0,1666.18,4.347960486,17.25023359
1957,1.32,366620.0,1873.32,2.480915711,15.26244007
1958,1.75,262642.0,1982.97,1.118520331,13.13407849
1959,1.78,363316.0,680.88,0.9276755,15.45991092
1960,2.47,256343.0,1838.53,1.864750896,14.92834414
1961,0.71,160842.0,2564.17,4.189112033,13.96443034
1962,2.37,135263.0,2254.48,3.52871871,15.77644132
1963,1.59,357111.0,1010.05,1.626867794,14.5219831
1964,1.04,396680.0,1656.83,3.765455738,13.75991286
1965,1.33,139626.0,1101.71,2.038406992,17.21964527
1966,1.07,153423.0,2125.69,3.652216717,16.04111694
1967,2.17,275292.0,1349.74,1.99123945,15.67447304
1968,1.77,114947.0,2498.74,1.351172141,15.92903337
1969,2.24,237282.0,2077.67,2.056699384,15.87612134
1970,0.91,159313.0,2378.43,0.196111095,15.23803964
1971,1.4,350641.0,2179.65,2.83593154,14.94997884
1972,0.31,156122.0,1810.4,2.028530581,16.4074594
1973,1.82,258727.0,1344.03,2.912748197,17.16123755
1974,1.8,159679.0,1349.43,2.384979354,15.97971523
1975,0.56,150348.0,1956.19,3.057982033,14.86636862
1976,1.69,355193.0,1810.59,2.215212317,13.40820065
1977,2.05,136513.0,1933.03,2.913967619,15.51090534
1978,1.86,254830.0,1841.33,0.969096909,14.58279268
1979,1.34,354039.0,1568.27,1.702215039,13.71741569
1980,2.25,392257.0,1980.65,2.447442917,15.84831751
1981,1.52,135697.0,1872.8,1.800239033,16.21904847
1982,0.95,349552.0,2420.94,1.512442179,13.48084322
1983,0.76,365863.0,1825.44,2.979975548,15.63315513
1984,0.86,154641.0,2259.31,3.340725068,16.25448958
1985,1.83,368850.0,2352.7,1.739154814,15.99945089
1986,1.41,164982.0,1845.27,1.873712818,13.57250606
1987,2.84,376651.0,1902.24,0.969131963,13.59651275
1988,1.92,266132.0,2651.81,2.412256296,13.02177602
1989,2.55,150426.0,1032.5,4.096922622,15.23489231
1990,1.98,369273.0,1982.96,1.945767357,14.2297665
1991,1.6,379487.0,1847.59,3.115234268,12.08667595
1992,3.47,157619.0,1995.83,1.789514067,13.69727261
1993,0.64,375866.0,1273.35,1.964462005,14.83433268
1994,1.2,367480.0,1271.9,3.053579579,15.35371845
1995,1.18,142603.0,1349.89,2.25799546,16.06350982
1996,0.86,126922.0,606.72,1.452560424,14.15758639
1997,1.74,160631.0,1812.31,1.29679608,14.23033898
1998,0.84,377330.0,1786.35,4.044258481,17.01743259
1999,1.07,393862.0,1785.35,1.691737897,15.34339274
2000,2.41,138811.0,1495.07,1.703470542,15.66472369
2001,1.65,369414.0,2089.52,2.734642809,13.88915366
2002,0.89,265293.0,2118.76,1.412574092,15.80367194
2003,1.15,160144.0,1435.57,2.108041726,12.23543448
2004,1.49,361638.0,1332.26,2.909082768,14.71720271
2005,1.75,134403.0,2348.85,0.352413696,13.71362155
2006,1.55,168094.0,1806.63,0.64317397,15.65924708
2007,1.48,172026.0,1911.96,3.10492292,16.91006739
2008,0.77,231283.0,786.93,3.479954784,15.27032941
2009,2.04,138939.0,1552.51,1.792207953,15.22395682
2010,1.27,248200.0,1379.58,4.53775808,14.80876972
2011,0.13,152940.0,2220.87,1.58255473,14.08586335
2012,1.74,146581.0,2449.12,2.633692611,15.96679468
2013,0.73,389065.0,1856.86,3.526556713,13.32625442
2014,1.63,362128.0,1771.66,0.45786291,16.19735439
2015,1.45,362035.0,1753.66,1.268698963,15.27177255
2016,1.65,341173.0,1784.96,3.612079384,14.76531333
2017,2.48,136930.0,2259.01,2.55522803,15.72079195
2018,2.17,364770.0,1776.22,2.820347748,14.38793997
2019,0.78,356446.0,1327.04,2.228064474,13.3668924
2020,0.75,272099.0,2463.96,1.967764813,13.96992685
2021,1.39,383407.0,1685.34,2.953498848,15.48395612
2022,0.31,387020.0,2619.63,4.087414533,15.73865802
2023,1.29,366316.0,674.3,1.815956591,15.0131154
2024,0.81,364738.0,1961.51,1.645702711,13.76300566
2025,2.6,386127.0,1721.08,1.246350834,13.96626172
2026,1.2,377410.0,2091.2,4.510025156,15.96857772
2027,1.35,239992.0,1039.08,1.244774002,15.47864626
2028,1.24,386275.0,822.99,2.399532997,13.82314675
2029,1.02,370419.0,2183.88,2.004118929,15.24285115
2030,2.57,270445.0,1711.75,1.057562161,17.24574804
2031,1.43,151441.0,1909.54,1.342463136,15.94047055
2032,0.22,384331.0,1760.39,1.814236502,15.49989653
2033,2.08,382587.0,2230.87,2.837934328,16.74948228
2034,2.04,249941.0,1738.24,1.548726257,12.87090501
2035,1.38,272452.0,1302.45,2.170545046,15.32619247
2036,2.47,251247.0,1947.59,4.307921353,15.01182218
2037,2.74,143958.0,1786.02,1.441142238,16.50318904
2038,1.27,264316.0,912.57,3.402477099,14.41837509
2039,1.71,146726.0,1541.48,3.140141934,15.85404532
2040,1.6,158770.0,1440.5,3.035643329,15.86683832
2041,1.96,400497.0,1954.81,1.995980522,15.67696035
2042,0.88,367585.0,1355.75,2.196915427,14.97551819
2043,3.17,370752.0,1031.76,1.30960062,16.3314213
2044,1.64,169918.0,1953.96,1.31959574,15.89054448
2045,1.86,278677.0,1203.26,4.440323979,16.2047428
2046,1.59,266345.0,1542.18,1.884460118,14.91593124
2047,0.6,390604.0,1460.19,1.624659727,13.88786966
2048,3.34,390107.0,1763.65,2.788525405,17.22112338
2049,2.26,366353.0,1833.55,2.625567224,16.06070939
2050,1.15,375534.0,928.95,1.867084408,16.3235778
2051,0.95,162812.0,1747.85,3.042150734,16.06154295
2052,1.49,370230.0,1993.42,1.688675374,16.07516497
2053,2.16,137714.0,2061.56,3.688261488,14.20792883
2054,0.39,153262.0,1820.21,1.227646466,14.34281943
2055,1.79,348316.0,2087.09,2.084380505,14.65017638
2056,0.6,394267.0,2447.0,4.78338173,15.85454741
2057,0.31,165104.0,1909.13,1.728454903,13.35284844
2058,1.06,335985.0,1411.35,1.112019827,15.26571989
2059,0.69,376923.0,2345.45,3.174850739,15.41830586
2060,1.03,349815.0,1774.1,1.422068824,15.17701032
2061,1.66,166181.0,1032.64,1.482604256,16.0617438
2062,2.18,152625.0,1777.47,1.204683644,15.76730041
2063,1.6,372037.0,1640.44,2.040087018,15.9088087
2064,1.52,161867.0,1021.94,0.475285367,14.72205406
2065,2.1,126632.0,2277.58,1.59242239,15.83559474
2066,2.23,386038.0,876.45,0.33743116,15.98273441
2067,0.91,375369.0,1945.16,3.024417093,14.353375
2068,1.54,348093.0,1836.13,1.265402715,13.46396932
2069,0.82,174304.0,2397.32,2.745883355,14.50518099
2070,0.98,355216.0,1792.33,1.948664826,16.25045673
2071,1.74,146178.0,2268.15,0.872524709,15.3886537
2072,1.03,115901.0,1827.21,3.240679773,15.46147082
2073,1.46,278872.0,1638.25,1.576671233,14.42477589
2074,1.56,240428.0,1948.01,2.267946789,16.34328287
2075,1.32,256845.0,1706.21,1.313132855,16.19084741
2076,1.36,354186.0,2222.37,1.574746579,12.03420258
2077,0.36,275036.0,2346.51,3.313624598,16.82059986
2078,1.63,341233.0,2191.71,2.966719323,14.93120049
2079,2.72,355019.0,824.48,3.810588079,16.31184175
2080,1.79,259193.0,1450.42,1.9837837,16.30553479
2081,1.53,276598.0,2333.57,3.708052186,15.52181073
2082,0.77,369409.0,1496.87,1.031428055,12.45357061
2083,0.86,389192.0,784.56,3.869554499,15.5682676
2084,1.34,368859.0,848.03,-0.26506129,13.31263558
2085,0.95,374133.0,1831.45,2.878077342,13.01810268
2086,1.01,145766.0,1557.43,1.72705192,13.17031982
2087,1.51,338694.0,681.16,1.508767824,15.39284071
2088,1.39,163071.0,961.72,2.710114776,15.60485997
2089,0.46,262644.0,1806.16,3.187596847,15.81506786
2090,1.73,244148.0,1729.84,3.406150236,14.4935522
2091,1.07,354073.0,1465.47,0.558840912,12.77709004
2092,2.82,135840.0,1906.73,1.203241762,15.6736085
2093,1.31,153618.0,1869.78,3.84593447,17.09921968
2094,0.02,168152.0,2384.5,2.277928377,13.97089359
2095,1.04,378059.0,2453.44,3.047713041,13.21958356
2096,1.39,391824.0,1850.22,1.985477301,15.99830111
2097,0.99,387769.0,2027.27,1.300681949,15.89247511
2098,1.48,156036.0,1202.25,1.509959728,14.86994627
2099,2.15,272037.0,936.08,2.072576171,14.54240031
2100,1.09,369568.0,2021.97,4.312237042,15.97512853
2101,0.47,244200.0,2019.53,1.609730254,17.09580961
2102,0.0,155617.0,1322.96,2.288865034,13.49614336
2103,1.29,389466.0,1019.06,2.21720908,16.7353562
2104,0.34,366299.0,1892.6,2.619849573,16.20863106
2105,1.74,116414.0,2018.86,1.53078999,15.69927401
2106,1.85,366694.0,811.85,0.563971417,15.18885128
2107,1.53,249001.0,2227.25,1.999809733,16.382948
2108,2.36,157666.0,719.94,2.837826417,16.57662734
2109,0.49,151990.0,2300.31,2.552750294,16.47859246
2110,2.19,369507.0,1990.79,1.647708656,16.01023578
2111,2.02,386017.0,2181.81,1.391582247,12.22744863
2112,0.88,259376.0,1225.11,0.910809425,15.46976863
2113,1.65,150032.0,2296.95,1.794175058,16.88381678
2114,1.75,259007.0,1805.13,2.88026581,15.74265759
2115,2.3,360351.0,1941.85,2.590524121,14.36479477
2116,0.7,357616.0,1341.25,1.457627115,15.02496635
2117,1.03,264562.0,1833.87,1.723833638,15.60949797
2118,2.66,377764.0,1838.02,1.681473977,15.82483897
2119,0.81,368580.0,1513.45,3.102019722,12.43576778
2120,1.96,257404.0,1086.45,3.599028247,15.48842226
2121,1.41,256767.0,1781.75,1.899611796,15.04928701
2122,4.17,250406.0,1744.44,1.055805959,15.32658857
2123,1.38,371603.0,1830.73,1.424266499,15.45498125
2124,1.41,364898.0,1451.93,2.15410339,16.58976011
2125,1.57,241072.0,1913.54,1.567023067,15.77067291
2126,2.31,366578.0,2075.05,1.524315926,16.00468064
2127,1.16,257454.0,2227.7,0.630131099,13.94625652
2128,2.28,259782.0,2653.71,1.903023555,16.29931843
2129,2.29,367554.0,1874.87,2.349764925,16.34870593
2130,2.3,251128.0,850.8,1.440742772,13.81474788
2131,1.46,139408.0,1873.81,0.932483684,16.85680524
2132,2.22,145274.0,1844.68,1.649177377,17.12109673
2133,1.45,371852.0,2428.25,0.751055831,17.73027397
2134,1.03,361545.0,1779.32,2.617897391,16.38044648
2135,2.41,350721.0,2063.79,1.469424536,15.700099
2136,2.12,147083.0,3013.55,1.683505488,17.42880899
2137,1.74,269036.0,961.34,1.787521258,15.40948338
2138,1.19,261851.0,1680.08,4.030541799,15.39402846
2139,0.62,153751.0,1191.56,2.216415162,13.1165244
2140,1.58,388420.0,869.26,4.498886009,15.3902498
2141,0.0,173358.0,1055.36,3.882025545,15.65081548
2142,1.08,133865.0,1190.9,3.198618982,16.86336606
2143,0.68,368877.0,1792.25,2.501299793,15.31765769
2144,1.96,153615.0,1835.86,3.700291413,16.7788532
2145,2.01,363726.0,2376.77,3.437443973,16.08377886
2146,2.22,383092.0,1142.46,1.388105159,13.74468123
2147,1.53,158994.0,1807.37,1.404248248,14.56474911
2148,0.28,255794.0,1712.07,0.678143652,15.55526931
2149,1.54,262316.0,1899.27,2.05224744,16.22567027
2150,2.18,252085.0,1452.82,1.139778924,15.4360099
2151,2.76,118177.0,586.86,1.465189289,14.69646505
2152,0.96,132451.0,1252.36,2.051174791,16.25286101
2153,2.3,367117.0,1826.45,3.742375168,15.60559245
2154,1.71,379792.0,2285.33,3.296001907,16.23595187
2155,1.91,336926.0,1620.12,0.567957589,11.2583727
2156,0.89,384121.0,785.35,1.557854819,13.98788131
2157,1.33,146072.0,2189.02,3.062019514,14.0039256
2158,1.17,346515.0,1874.64,2.799061184,11.73587486
2159,7.06,145891.0,1844.85,2.583658548,14.77784554
2160,1.01,365588.0,2268.38,1.876010477,12.25223212
2161,1.04,250245.0,1849.85,1.540209408,14.40552833
2162,2.27,147807.0,1698.3,3.118367941,15.99240209
2163,1.76,233389.0,692.42,2.146756691,14.64681458
2164,1.74,359613.0,1540.51,2.95548674,15.38090162
2165,1.6,248088.0,954.67,2.250235979,15.46353718
2166,1.31,247794.0,764.34,1.939200917,15.54363228
2167,1.31,374431.0,2835.89,0.623820995,16.60522492
2168,1.43,137402.0,2379.43,1.83886654,16.12289949
2169,0.81,243144.0,1962.45,1.685065643,12.75409205
2170,0.16,380654.0,1226.34,1.672620602,13.87954525
2171,0.48,163796.0,2288.98,2.196507197,13.85461326
2172,0.48,380802.0,1362.22,3.657841243,14.13304911
2173,1.99,272001.0,1932.85,3.261045083,16.63991687
2174,2.03,364720.0,2605.61,3.575433697,15.98180377
2175,1.32,367279.0,1822.44,1.195401615,12.18169259
2176,1.46,385876.0,1970.98,4.93924406,16.61615168
2177,0.64,250599.0,890.78,2.286871628,15.56116857
2178,1.41,392147.0,2279.93,1.538860886,15.87332794
2179,1.35,360321.0,828.87,1.95968808,16.41714225
2180,2.18,347075.0,1881.12,3.016665854,17.00330952
2181,0.86,265597.0,1881.01,1.478054361,16.59890783
2182,0.55,379689.0,1805.53,0.974011144,15.64912118
2183,2.12,273271.0,1216.44,1.784888201,14.99597755
2184,0.85,359069.0,1881.95,0.68508639,15.20435592
2185,1.57,264954.0,2566.66,4.066224737,15.94825158
2186,2.66,364752.0,1208.81,1.756532038,15.73715134
2187,0.74,363514.0,2468.79,2.936262102,14.45592584
2188,1.8,136097.0,2227.53,3.477853968,15.02665935
2189,1.72,147485.0,2037.87,1.590126086,15.82322581
2190,0.99,136765.0,1199.32,1.927875367,15.31257442
2191,1.0,365569.0,2582.57,2.094701873,16.05921983
2192,1.85,378124.0,1874.39,3.685384326,15.45235495
2193,1.4,237152.0,1836.0,1.063085556,16.78626283
2194,0.85,243639.0,2251.99,4.301280605,13.45568254
2195,2.04,114947.0,1817.41,1.416116359,15.23162719
2196,2.08,369246.0,1447.69,1.160181616,14.45402059
2197,0.51,229461.0,1866.01,2.708755425,12.43257955
2198,1.32,137737.0,2097.1,1.392466312,15.64517304
2199,1.26,375171.0,1570.54,3.41790308,15.41417704
2200,0.7,356418.0,1164.01,4.08342427,15.56999504
2201,1.79,369189.0,1982.87,1.290729229,17.42306577
2202,1.15,141651.0,2254.34,1.117418932,16.09954965
2203,0.67,258065.0,2412.74,1.735766345,13.11390283
2204,1.4,138279.0,985.16,2.993100328,16.5525907
2205,1.53,346102.0,791.94,2.851310502,13.38711993
2206,1.95,377596.0,586.86,0.250369365,15.19189271
2207,0.8,139158.0,1939.66,2.663292285,14.28278323
2208,1.19,392956.0,812.57,2.198951319,15.08703607
2209,1.08,359083.0,1745.82,3.080540009,13.04487369
2210,3.14,360126.0,1311.28,3.989173819,15.55595865
2211,2.43,141378.0,1819.31,0.870697434,15.35368521
2212,1.21,165528.0,1180.11,0.93720679,15.75243989
2213,0.85,342187.0,2010.16,2.725582978,15.17248347
2214,1.68,160667.0,1876.82,3.776181475,15.87260582
2215,1.6,251151.0,2259.15,2.125024502,15.51304802
2216,2.24,382567.0,1959.8,4.608047996,16.66135308
2217,1.79,369577.0,2407.74,2.061952447,16.20601096
2218,1.22,264817.0,1811.62,3.293950153,13.02544964
2219,1.69,258112.0,2468.27,0.512766885,14.13925541
2220,0.94,263393.0,1527.93,1.536274819,13.9552895
2221,1.13,156227.0,1339.01,1.569056184,15.80129077
2222,1.02,271792.0,2522.82,2.015614799,16.22140462
2223,1.34,243506.0,1861.5,-0.326393035,15.29538756
2224,0.57,254424.0,1977.13,0.930448804,13.11535256
2225,1.72,336971.0,1845.8,0.737935229,15.20353217
2226,1.34,359219.0,1814.01,2.019833289,15.0512786
2227,2.2,256181.0,1826.81,2.103674826,14.8365212
2228,0.99,133287.0,2246.05,2.766891745,12.77628937
2229,1.31,273650.0,586.86,2.247514163,16.8921442
2230,1.91,378122.0,2163.49,1.948918706,16.19353041
2231,2.13,134510.0,2283.22,1.476023665,15.29523829
2232,2.26,233198.0,2134.27,1.47750632,13.23092218
2233,1.4,251429.0,1545.0,2.114545577,13.06304103
2234,1.61,350767.0,1843.0,1.642630329,17.11298629
2235,2.18,252003.0,1869.35,2.008379032,12.90794511
2236,1.27,371492.0,945.9,0.150428825,16.27184865
2237,2.55,364091.0,1882.25,1.388585075,12.91979174
2238,1.78,251772.0,2491.51,3.728383932,16.7926746
2239,0.93,378771.0,2531.86,2.366381235,14.94647288
2240,0.71,267748.0,794.82,2.198344498,15.55417988
2241,0.74,263475.0,987.53,3.48669828,15.17246456
2242,1.7,141325.0,1784.71,1.708856671,16.25167932
2243,1.63,375320.0,2358.31,1.017067208,13.94229991
2244,2.11,379632.0,2659.06,3.552140978,13.91836801
2245,1.39,263186.0,1727.9,4.355128337,17.1607485
2246,1.19,146000.0,1275.79,4.234065183,17.02707632
2247,1.68,342887.0,939.22,2.898339564,14.43008532
2248,2.56,247675.0,1913.6,2.100717856,13.07939513
2249,0.63,401119.0,2628.04,2.440868249,15.92430714
2250,1.31,367561.0,945.8,3.171458,16.39734805
2251,0.95,358211.0,1803.74,0.44830174,16.14403504
2252,2.69,375205.0,1505.8,2.620784089,15.39840432
2253,1.95,266606.0,2041.36,0.211753848,16.18707155
2254,0.53,350072.0,1868.41,2.028774473,12.02531556
2255,1.8,276050.0,1072.52,1.820910662,13.90903356
2256,0.03,283934.0,2384.75,1.95949206,16.37380573
2257,0.56,366562.0,1739.85,4.40772509,11.58463275
2258,2.0,384671.0,1627.7,2.237611856,15.56206734
2259,2.55,272524.0,1860.32,2.054719155,17.24739551
2260,2.29,368898.0,1534.38,3.535724448,14.41440185
2261,1.23,146705.0,2154.54,1.048722571,12.74788896
2262,1.77,256415.0,1055.21,1.421502629,14.80647827
2263,1.5,168780.0,709.24,0.411098473,15.75165135
2264,0.67,365673.0,1695.03,1.491796622,15.25465381
2265,0.87,354819.0,1951.46,1.221444642,13.99518416
2266,1.97,378810.0,1915.88,1.577942385,15.06492793
2267,0.87,362657.0,1546.29,1.281320336,15.2953642
2268,0.77,388577.0,2463.36,1.537886863,15.60857327
2269,1.98,380755.0,1284.3,3.079144859,15.23364468
2270,2.43,384707.0,1810.98,4.132794349,14.07133864
2271,2.47,366252.0,1804.48,0.380997236,14.4883971
2272,0.0,394317.0,2432.52,3.820513404,16.8416633
2273,2.23,150006.0,1155.36,1.816522082,15.90124732
2274,1.13,381497.0,1739.71,1.71479649,13.11544612
2275,1.37,147678.0,2350.57,2.736157392,15.8566643
2276,1.46,359307.0,1808.21,0.531734259,14.91220012
2277,2.02,138690.0,1759.67,1.080869987,16.19757816
2278,1.54,374672.0,2414.24,1.343068511,13.79702731
2279,2.86,336816.0,949.21,1.722975958,17.18613306
2280,1.35,366251.0,1773.16,1.523566231,13.53780287
2281,0.94,135743.0,834.3,1.681186197,13.15357818
2282,1.12,268976.0,1794.02,2.984361934,14.2784128
2283,1.89,160194.0,2085.77,1.073219767,15.84939744
2284,1.56,149984.0,2381.22,2.835480226,17.4274454
2285,1.16,391133.0,753.38,1.218399583,15.59242689
2286,1.27,383807.0,1512.28,2.638625051,14.50515824
2287,1.4,389712.0,1927.17,2.174883599,15.26727577
2288,2.59,366652.0,839.93,3.084633331,16.18428472
2289,0.7,370965.0,869.07,1.972973142,13.35541016
2290,2.24,151420.0,1732.22,1.601534553,15.09840342
2291,0.94,245814.0,1327.56,3.628781551,15.51351549
2292,1.88,226495.0,1078.46,1.319110421,13.03543095
2293,2.19,164964.0,1680.81,2.95315788,15.57208226
2294,0.61,358421.0,1004.03,1.477110985,15.27552183
2295,1.09,245656.0,817.86,1.20680664,16.13450242
2296,0.26,381810.0,1440.55,0.811446077,15.01945864
2297,0.78,363824.0,1950.27,1.812733146,14.81070432
2298,0.79,252099.0,1894.9,1.304560056,15.50049594
2299,1.66,143768.0,2538.9,2.545111643,15.30566032
2300,1.03,162004.0,2328.14,4.087556536,13.07687143
2301,1.4,371396.0,1858.27,0.46492392,14.96990465
2302,2.03,370443.0,1776.2,1.545669494,15.85186761
2303,0.89,373965.0,1677.51,1.860143541,13.82841162
2304,1.88,357998.0,1670.54,3.285622755,15.55900436
2305,2.08,164809.0,1903.25,2.035407376,14.04313244
2306,1.27,195019.0,1258.02,3.828983985,15.9458819
2307,1.73,157210.0,2023.26,1.972492098,12.72063612
2308,1.95,381905.0,1802.74,0.757712426,12.80458488
2309,1.87,361744.0,1803.89,2.370238058,13.71996652
2310,1.75,358957.0,2477.28,1.976277205,15.12828035
2311,2.49,253237.0,1864.25,4.177669768,16.21847128
2312,2.0,116316.0,1191.16,1.28236523,14.30550788
2313,0.15,141921.0,2099.83,0.805737668,15.81347508
2314,2.04,135768.0,1421.42,4.418960625,14.13588733
2315,0.64,363107.0,1668.38,1.165830777,14.22359098
2316,0.43,366816.0,1560.04,1.781614033,14.72109274
2317,1.89,162373.0,586.86,1.076575294,14.84636135
2318,1.47,366331.0,2189.19,1.212514415,15.09844163
2319,1.36,258390.0,1124.39,2.763294937,15.14743976
2320,0.0,396974.0,1962.89,1.722485805,14.07806777
2321,1.15,255297.0,855.82,4.028126763,15.82227832
2322,1.32,356742.0,2205.94,2.564861619,14.62541707
2323,2.29,375267.0,1588.33,3.614510135,16.28280664
2324,1.65,356301.0,2567.94,1.274999046,16.19695357
2325,2.02,365169.0,1996.23,1.449702048,12.58112787
2326,0.87,373338.0,1441.08,3.306281694,14.29662769
2327,1.71,387124.0,2280.86,0.288898226,13.90053318
2328,1.42,348701.0,1364.24,3.511882749,15.05662806
2329,1.39,383115.0,1878.45,1.27451523,16.69367121
2330,2.08,150410.0,1888.43,1.07513852,16.47617833
2331,1.36,351761.0,1266.56,3.460509435,15.92840452
2332,0.95,365547.0,1840.8,2.859841473,15.99970535
2333,1.45,359427.0,1946.79,1.400400678,13.33797942
2334,1.99,143199.0,1040.76,2.057312099,16.29533655
2335,1.76,251234.0,586.86,0.744530071,11.32618087
2336,0.85,356169.0,1941.74,1.474790462,13.50410414
2337,0.46,150105.0,1910.57,0.853321954,15.79945457
2338,1.01,166413.0,2440.0,4.200909509,16.12731201
2339,1.89,260433.0,1666.73,1.675628368,15.94952282
2340,2.51,364897.0,1722.66,3.562309133,14.27191981
2341,1.04,375552.0,1739.3,1.661932929,14.66374064
2342,1.04,265737.0,1424.69,2.6950343,15.14870041
2343,1.7,265021.0,1892.57,1.725043806,13.67587685
2344,2.22,361891.0,1221.94,2.944255597,15.55411518
2345,0.46,257026.0,1065.56,4.290585865,13.95124534
2346,2.1,362672.0,1096.31,0.447258913,16.977355
2347,0.59,339614.0,791.42,1.121610608,16.3354825
2348,1.23,371259.0,1653.89,4.591840581,15.47271673
2349,1.42,375940.0,2948.47,1.612821023,15.57782529
2350,1.82,127075.0,1775.19,3.240787454,17.43190433
2351,2.03,124993.0,1781.98,1.164039799,13.83928207
2352,1.73,136463.0,901.14,1.133788651,13.65911265
2353,1.08,367669.0,1251.89,1.015856911,15.84570325
2354,0.22,391176.0,1055.57,2.572730496,16.60866659
2355,1.15,380354.0,738.17,0.295450016,12.8124248
2356,0.32,372756.0,1935.65,1.919516133,14.79745804
2357,2.49,150294.0,2516.67,0.647863001,15.92328027
2358,2.67,357696.0,1715.75,1.729866499,15.39069941
2359,0.42,150685.0,1184.33,1.76375312,15.42081882
2360,1.72,386705.0,1019.7,2.467557211,15.97513936
2361,1.97,371065.0,963.42,1.969425607,15.0854983
2362,1.66,151771.0,1370.45,3.376758242,13.31209302
2363,0.64,125644.0,2309.84,1.283320328,13.98096989
2364,2.06,362624.0,831.0,2.147730943,14.15140495
2365,0.4,368835.0,2356.45,2.61064322,13.49647124
2366,1.97,350974.0,737.69,2.025159331,12.3760763
2367,1.88,152370.0,1771.91,1.104120224,14.65492865
2368,1.23,357679.0,1768.03,1.849146676,16.80368669
2369,2.72,259486.0,2310.81,3.136450724,16.19318299
2370,2.46,342060.0,1869.9,2.200646036,15.54807566
2371,1.27,240829.0,1864.29,1.058576054,14.74931045
2372,1.26,252831.0,1824.5,1.694300438,15.38037224
2373,1.6,143352.0,1647.69,2.688355823,13.6955915
2374,2.14,138860.0,1551.53,2.686718333,15.81988386
2375,1.83,143338.0,1859.67,4.047170396,14.91752234
2376,1.88,135421.0,775.87,3.20439794,17.12278837
2377,1.3,153605.0,1829.81,1.280915517,17.3926
2378,1.93,366816.0,1551.57,2.060900567,16.55433046
2379,1.59,174971.0,809.81,1.123606737,17.1080592
2380,1.3,343024.0,1638.84,1.711469596,12.67273898
2381,2.22,114947.0,1022.7,1.007428901,12.66264143
2382,2.81,352127.0,869.82,2.056399645,15.94155335
2383,3.72,146010.0,868.96,4.277213794,13.78207237
2384,1.84,356747.0,2385.27,1.505852248,14.99603704
2385,1.83,163466.0,1980.63,2.598654775,15.21898451
2386,0.48,388256.0,2440.75,4.5291111,14.68094372
2387,2.2,242327.0,2266.45,1.433495758,15.62419918
2388,1.67,154447.0,2425.7,1.807910895,16.10249045
2389,1.39,133900.0,1940.63,1.686675422,15.37379708
2390,1.98,155709.0,765.05,0.978898073,13.30294774
2391,2.14,153202.0,2468.32,1.864430437,17.15744876
2392,1.58,273035.0,2053.26,1.506312152,13.23835918
2393,1.58,138465.0,2172.88,3.739522158,15.72393578
2394,2.61,345561.0,2298.77,2.794538282,16.57258525
2395,1.52,233234.0,1588.43,0.143646087,15.15933615
2396,1.71,388462.0,1932.42,2.056187354,14.96554092
2397,1.21,374042.0,2198.61,1.569702293,13.52701942
2398,1.44,375414.0,1207.99,1.576223934,14.91128639
2399,0.91,384768.0,1993.48,2.298374862,14.98951887
2400,2.17,371549.0,2441.13,1.934430791,13.17784647
2401,0.73,149895.0,1757.82,1.379521514,15.21619924
2402,1.01,378644.0,1806.05,1.797658779,11.57358193
2403,1.4,369120.0,2163.51,3.434496127,14.79407583
2404,1.52,384598.0,2006.72,1.560542137,16.28535934
2405,1.47,260920.0,1957.8,2.617382969,12.67565142
2406,1.44,373345.0,2116.21,4.567321062,17.70083148
2407,0.47,282840.0,1509.44,3.559341699,16.4329595
2408,2.47,346890.0,1825.61,1.463420554,15.54011491
2409,1.5,131309.0,1350.88,2.383527051,13.58016792
2410,1.56,374908.0,1740.06,0.611688073,12.60934067
2411,1.9,264675.0,2547.64,3.211200584,17.31190646
2412,1.23,250937.0,989.8,1.348909299,15.27511652
2413,1.46,249874.0,1673.12,1.750569644,14.07750309
2414,0.91,139567.0,1971.8,1.608184832,13.45348205
2415,2.25,144818.0,988.97,2.56619819,15.07040059
2416,1.84,360174.0,1056.65,1.845805628,15.96374173
2417,3.01,145095.0,1547.46,1.442803358,16.10514082
2418,1.4,158786.0,950.25,1.039843483,13.04354264
2419,2.34,368789.0,2271.7,1.564517172,16.01813692
2420,0.31,365354.0,1956.04,1.797463785,13.47936254
2421,3.11,115716.0,1223.14,2.099362402,13.19913309
2422,1.48,379589.0,2440.86,1.222216849,17.15978378
2423,1.34,141831.0,2652.87,-0.056371213,15.95949677
2424,0.8,383466.0,1522.95,2.52516065,16.58932893
2425,1.78,350552.0,1940.78,1.415485251,15.59304327
2426,0.94,114947.0,1039.24,0.472493053,16.36307955
2427,1.34,267885.0,2519.56,4.036731229,16.47170871
2428,0.99,389604.0,2048.68,0.749333124,16.07648047
2429,0.53,363567.0,1926.24,1.190387425,15.87224567
2430,0.71,165941.0,2592.71,2.289737075,12.86677586
2431,1.38,385657.0,882.36,2.332834858,14.49284405
2432,1.55,351007.0,1206.57,2.849872329,14.62129072
2433,2.04,368458.0,1553.08,2.471491273,16.61494498
2434,0.61,355776.0,1524.14,1.502513044,15.49178545
2435,1.35,273924.0,1807.14,0.005761581,15.94886396
2436,0.84,377537.0,1401.02,2.657073762,16.67330037
2437,1.22,275468.0,1854.69,1.796439985,14.37929984
2438,0.92,281509.0,2462.84,2.847367844,14.98057181
2439,1.9,150346.0,1665.32,0.58757487,14.36815189
2440,2.0,252783.0,1858.9,1.577863669,16.46263453
2441,0.51,260957.0,1999.42,4.079878549,16.30038775
2442,1.58,371477.0,1890.21,1.17542329,13.40972582
2443,1.0,252821.0,2081.44,2.755618032,15.68011318
2444,0.51,130618.0,1110.36,0.220722078,13.58968788
2445,1.79,359978.0,2853.94,2.639492673,13.10936231
2446,2.67,124236.0,1058.8,2.897207056,11.61027613
2447,0.0,382008.0,2497.45,0.303672859,15.65796759
2448,2.67,156773.0,1708.56,3.644354394,13.20335617
2449,2.43,364472.0,1765.5,1.760057141,14.96033768
2450,1.37,359594.0,1951.03,2.439833964,16.17062948
2451,2.53,376674.0,701.78,1.950190445,13.56892812
2452,0.63,381147.0,1617.83,2.136884742,14.45735449
2453,2.18,386728.0,2273.55,3.959088894,15.7335366
2454,0.39,376404.0,2312.88,4.019760534,14.35331123
2455,1.15,283828.0,1074.97,1.135878713,14.55496864
2456,2.16,386273.0,678.34,1.123453208,12.79095098
2457,1.47,145413.0,1960.34,0.28996514,13.04429648
2458,0.99,147833.0,2644.14,0.283273598,15.11597471
2459,1.9,371738.0,1021.05,1.276980904,15.05677316
2460,0.39,173002.0,1462.21,1.791656046,15.02701404
2461,1.99,369512.0,1918.48,2.080827358,13.54457396
2462,2.39,372872.0,951.89,4.371300911,12.59082654
2463,1.78,354445.0,807.82,1.46017318,14.0950043
2464,1.81,156147.0,1988.96,1.07890994,14.30669799
2465,1.82,379448.0,2666.63,4.769691288,15.20897773
2466,0.34,378326.0,1678.12,3.014160135,15.37371332
2467,1.72,158890.0,1216.94,1.333332765,15.79664876
2468,1.92,244476.0,2307.1,1.346280392,15.8739778
2469,1.83,155909.0,2367.64,0.342619366,15.49657807
2470,0.16,380013.0,1137.71,1.940282633,15.18381215
2471,1.92,147223.0,1331.55,1.467856342,15.76294676
2472,1.51,369581.0,1693.24,1.793767955,16.26737058
2473,0.98,371233.0,1795.05,1.551597231,15.59302398
2474,1.46,282527.0,2556.16,1.886859347,15.48564344
2475,1.52,146043.0,1521.59,1.634403633,15.73419938
2476,1.49,269847.0,1499.12,0.850962195,15.83626711
2477,2.17,251700.0,2276.17,3.061696749,15.4138037
2478,0.58,374654.0,2654.01,1.298307561,15.62906625
2479,1.78,254083.0,2017.95,1.174563513,15.71967047
2480,0.0,228822.0,1880.79,1.390287906,13.18115571
2481,1.95,121596.0,869.28,1.715769783,15.2892781
2482,1.05,165483.0,1163.3,3.622342221,16.09167652
2483,2.11,277951.0,2077.33,1.513740292,17.73027397
2484,1.18,372615.0,2018.03,3.19677487,16.82030634
2485,2.41,357637.0,1371.73,0.848169938,16.08201922
2486,2.34,387289.0,2372.43,2.294306995,15.73115335
2487,1.04,276186.0,1850.49,1.813187779,16.00374337
2488,0.63,366816.0,2271.05,1.837788297,13.51471074
2489,1.91,362918.0,2247.84,1.342155525,16.27321854
2490,1.33,138274.0,2106.25,1.209923213,15.39008844
2491,1.78,266466.0,2133.34,2.885442629,15.8908219
2492,2.09,340232.0,1835.1,-0.061251835,15.59084273
2493,1.85,239028.0,698.18,1.611537065,13.28644083
2494,0.75,150015.0,796.96,1.978245329,15.38640102
2495,0.59,159664.0,1368.49,4.871344806,17.01038486
2496,2.08,353623.0,1889.91,1.51834774,13.62534646
2497,1.08,363087.0,1732.28,4.470646566,12.97139644
2498,1.61,141626.0,2258.17,1.233404782,15.01577181
2499,1.4,340782.0,1361.83,2.770296182,12.77852956
2500,1.64,351180.0,940.94,2.810242992,15.05554644
2501,1.42,395834.0,998.73,3.920566678,15.38921856
2502,0.69,384724.0,1359.49,3.868926573,12.07741621
2503,1.47,133641.0,1718.79,4.392743856,15.60990408
2504,1.18,254046.0,1806.6,1.699732576,15.81707674
2505,1.66,149757.0,2472.3,1.589291674,13.35784744
2506,1.25,379906.0,2045.25,1.846568197,16.57353502
2507,0.72,158551.0,1885.16,2.233174376,15.56236448
2508,1.17,265538.0,2208.81,2.751555937,17.73027397
2509,1.93,345942.0,749.53,1.851300239,15.33537781
2510,0.51,257067.0,2366.03,2.45237987,14.77324204
2511,1.53,341767.0,1837.55,0.741544508,12.59704571
2512,1.86,362046.0,1352.06,4.220216596,11.56913411
2513,0.56,370712.0,2366.27,1.944719456,15.33709656
2514,0.72,366094.0,1963.91,2.843002896,13.79797438
2515,2.71,255529.0,1650.09,1.957716226,13.79447031
2516,1.75,395127.0,1296.87,2.338587787,15.25128553
2517,2.03,131297.0,624.9,1.346792627,14.67779725
2518,0.43,152630.0,1555.67,2.581711744,15.64170892
2519,1.55,362021.0,2116.01,0.023841465,15.56770688
2520,1.4,369921.0,970.8,2.715627958,15.84457465
2521,1.38,379587.0,1521.79,1.151902194,16.10260604
2522,0.62,358549.0,2367.22,3.613155098,15.3110483
2523,1.08,386537.0,1494.35,1.70220665,14.75858675
2524,2.99,170781.0,1777.74,3.246181781,15.59873292
2525,1.99,242194.0,1469.5,1.543413289,14.97534234
2526,1.9,127801.0,1077.35,1.728015726,15.70484796
2527,1.53,401119.0,2568.18,2.481917898,16.83927762
2528,0.52,122233.0,2165.59,1.269197004,12.88854093
2529,0.94,275363.0,974.3,2.706254407,14.9352985
2530,1.96,274004.0,2492.69,2.678690081,15.78761047
2531,1.26,347268.0,2268.22,2.278401552,14.02621327
2532,1.62,354744.0,1490.47,2.245694733,15.07809886
2533,1.1,368986.0,1458.94,2.006553309,15.46507865
2534,2.27,120102.0,1238.34,3.661749503,15.36097188
2535,0.72,396926.0,1528.42,3.199072768,16.22475216
2536,1.62,358233.0,1840.93,1.554708549,16.00926501
2537,1.99,248576.0,1925.81,1.461414208,14.54174915
2538,1.78,245589.0,1751.98,1.780631567,16.28142188
2539,1.2,168841.0,1814.7,1.418110561,16.08723296
2540,1.6,369608.0,1858.6,2.94456885,14.82164536
2541,0.64,370782.0,911.19,2.478574043,13.26405719
2542,1.19,379233.0,2365.45,1.183866011,17.40613297
2543,0.98,123429.0,1233.22,1.932518291,15.56707732
2544,0.77,137219.0,739.44,2.364814436,15.60879149
2545,1.15,169223.0,1904.89,3.045925546,14.93089154
2546,1.05,140743.0,1384.59,1.324482748,12.94532369
2547,1.03,391316.0,1758.04,1.411390932,16.46579147
2548,1.42,384554.0,673.43,4.447711239,15.02081688
2549,2.92,251367.0,1894.46,3.197944165,14.47547023
2550,1.37,362472.0,803.53,1.085123366,13.26824419
2551,0.45,368926.0,2437.42,1.481434786,15.28154463
2552,2.58,387412.0,2264.76,0.241318311,15.61199809
2553,2.25,357843.0,1698.32,1.457363379,15.40751984
2554,2.02,363873.0,918.87,3.20555798,17.27646413
2555,2.25,373988.0,1747.23,3.204123146,14.034167
2556,1.44,384747.0,802.35,2.075815766,15.65984313
2557,1.02,361999.0,1232.89,1.952348837,15.52549013
2558,1.52,270606.0,2595.4,2.117058041,15.21635585
2559,1.28,392677.0,1766.29,3.402146341,15.66449191
2560,1.57,381625.0,1803.96,0.988477364,16.43512731
2561,1.56,149641.0,982.87,1.271980592,15.02985003
2562,1.73,361218.0,865.92,0.042764816,15.23192549
2563,1.66,136224.0,1623.18,1.830060792,13.45734017
2564,1.57,355362.0,1903.77,0.744938697,13.78856852
2565,1.06,273051.0,908.47,1.559970374,14.53585384
2566,2.95,376047.0,1796.68,1.102081242,16.07982829
2567,1.98,346531.0,2185.65,1.545012062,13.77761625
2568,0.73,388087.0,1719.9,3.031455315,13.74859331
2569,0.77,154436.0,1004.57,1.927090137,15.71395852
2570,1.8,364152.0,1682.47,2.270658077,16.02356089
2571,0.79,253200.0,1453.18,3.613298987,13.91658446
2572,1.65,354297.0,1554.58,2.420858547,13.64340079
2573,1.46,379971.0,2191.39,1.123050134,15.58415348
2574,1.89,257174.0,691.56,0.93400409,15.57354115
2575,0.91,254924.0,2089.26,1.307520521,16.39519108
2576,0.13,361698.0,1629.05,1.83879208,15.01011139
2577,0.11,349215.0,2286.25,1.12804401,13.1833641
2578,0.41,145446.0,849.46,1.491544185,15.56557807
2579,1.92,367738.0,2053.45,3.701791883,16.9618544
2580,0.48,378530.0,1788.74,3.452643578,16.72595032
2581,1.63,162936.0,2269.96,2.742894098,15.62781989
2582,0.83,392784.0,2546.21,2.873543809,14.98368954
2583,1.32,367605.0,2264.71,1.055541199,14.32260278
2584,1.4,364599.0,1962.76,2.806911747,13.41671729
2585,1.89,165471.0,1372.79,2.646297387,15.82545927
2586,0.2,146761.0,963.7,2.62600072,16.17758672
2587,2.02,370282.0,1835.78,2.312320471,14.08243596
2588,0.94,375241.0,1927.95,2.29822815,16.65312982
2589,2.63,382118.0,2380.69,1.706502346,13.85133434
2590,1.47,131976.0,1036.97,1.369927251,15.77658135
2591,1.5,386998.0,1973.71,2.533189244,15.99417735
2592,2.23,250692.0,1790.51,-0.326393035,15.45193173
2593,0.73,394693.0,2154.65,4.270258704,13.68115378
2594,0.54,352418.0,1775.07,2.011067003,12.952743
2595,2.66,379819.0,1980.43,1.496216449,14.62065415
2596,1.51,370417.0,2531.99,2.431664138,15.020093
2597,0.86,366812.0,1962.65,1.354520484,15.42938953
2598,1.55,352444.0,929.24,1.980696197,15.57985932
2599,1.83,235356.0,1792.24,4.245792435,15.6793587
2600,1.73,388532.0,2089.04,0.414903755,16.36920721
2601,1.8,141036.0,1849.3,0.990528686,15.9934242
2602,2.21,355004.0,729.13,1.700115446,13.6856584
2603,0.22,272368.0,678.51,1.421644859,14.38736079
2604,2.44,247120.0,2193.02,0.178838323,15.64982973
2605,1.97,244259.0,1771.7,2.285426052,13.16099876
2606,1.63,373578.0,1671.9,1.95908517,16.02700377
2607,0.87,355204.0,1257.1,1.608854125,14.54344413
2608,1.43,123637.0,1608.11,1.412665731,14.64065594
2609,2.02,388376.0,734.32,1.674080627,15.96363706
2610,1.84,269570.0,2032.21,2.979356671,16.28494295
2611,1.65,134997.0,1426.53,1.063536159,15.96284122
2612,1.0,159821.0,2170.59,2.679548869,13.03844545
2613,2.45,252174.0,1892.14,2.831133221,15.35998662
2614,2.03,350733.0,2764.88,2.021460699,13.30539905
2615,1.62,346021.0,756.88,0.460001844,12.9375102
2616,1.05,372634.0,1771.09,3.489901444,15.23232103
2617,1.83,280021.0,837.92,1.296193266,17.01193857
2618,2.14,375092.0,1617.38,1.154365909,13.8032808
2619,2.4,377133.0,1823.5,1.500565727,15.28719803
2620,2.5,358351.0,1363.02,4.54833753,15.25295815
2621,1.0,390823.0,2484.6,2.031565612,12.51689887
2622,1.0,146449.0,1979.51,1.729435368,14.98930131
2623,1.09,257002.0,1805.58,1.563300711,15.64300667
2624,2.01,173355.0,1430.66,1.592215505,15.97695514
2625,1.7,363795.0,2627.02,1.625100352,14.29694712
2626,1.35,346558.0,1852.68,2.321306891,16.78506146
2627,0.95,364171.0,2146.56,4.532931358,15.80536493
2628,0.19,369425.0,1586.98,1.801443034,13.43549593
2629,1.67,350907.0,1860.94,1.110481115,16.16704663
2630,1.28,139313.0,1263.39,4.140012545,15.59128301
2631,2.08,395356.0,1397.25,1.840491713,16.08831255
2632,1.26,370353.0,1599.33,1.716951897,14.99225541
2633,1.91,356039.0,1715.44,1.079088022,15.33103905
2634,2.11,142588.0,850.83,2.034982156,15.31722288
2635,1.19,162329.0,2299.01,1.707274273,16.60656543
2636,1.53,360098.0,850.7,1.412372137,15.80746234
2637,2.46,339281.0,1678.78,2.001648193,12.92490105
2638,0.99,401119.0,1780.15,3.928136134,17.20325569
2639,2.16,170843.0,969.11,4.291668535,15.36454475
2640,1.05,356303.0,1445.3,4.253382836,16.99261849
2641,1.99,272055.0,1394.71,2.288033783,13.23850938
2642,0.72,145815.0,1846.37,1.592532593,12.94144262
2643,1.4,147601.0,1192.09,1.746552672,14.55565423
2644,0.0,369583.0,1770.42,3.260319886,15.00524844
2645,2.33,351365.0,1423.03,0.231132714,11.79715696
2646,0.57,390106.0,970.5,2.595634506,15.67977463
2647,4.95,141667.0,832.57,4.93924406,16.51536578
2648,1.99,378513.0,1869.01,1.483104513,12.4374985
2649,1.63,272669.0,2035.61,4.608344035,16.32447347
2650,2.11,362615.0,1882.26,3.106562815,15.41803069
2651,1.19,364588.0,2540.81,3.602501088,16.23667145
2652,1.29,384381.0,861.47,2.295001048,16.62215885
2653,1.46,140039.0,1860.57,2.026391055,15.24878202
2654,2.66,133786.0,1155.08,0.27339137,15.74756626
2655,1.66,244385.0,906.62,2.199549094,14.04365967
2656,2.38,389570.0,633.82,2.163002604,13.68928547
2657,2.22,163641.0,1891.35,2.753222184,12.98855842
2658,1.02,366137.0,866.23,4.770925434,16.92602176
2659,1.63,379861.0,1802.83,1.863835639,13.68961414
2660,1.77,146637.0,979.07,3.481840097,15.82354624
2661,0.98,375140.0,1788.5,2.741392238,15.21421627
2662,1.99,375490.0,2359.02,2.305734563,13.14870305
2663,1.65,151925.0,891.8,1.607447777,16.06046757
2664,1.74,248607.0,2177.11,1.075496433,13.27769656
2665,0.73,353770.0,911.24,2.754879384,15.31478161
2666,1.43,356231.0,2502.36,1.826778865,14.86400041
2667,1.54,136952.0,1063.23,3.616268547,15.86726785
2668,0.98,137891.0,1402.89,2.337955899,14.17688735
2669,1.4,346537.0,1988.37,1.061592505,15.61250638
2670,2.41,147391.0,1826.09,2.553971071,15.57266637
2671,1.36,363335.0,1776.59,2.908471131,15.83726774
2672,1.68,380058.0,598.75,0.380453075,15.2069256
2673,2.4,240191.0,1298.57,1.723652356,15.50820277
2674,0.18,243968.0,1846.06,2.06170061,14.35832905
2675,2.11,173193.0,1909.01,1.597619835,13.23796586
2676,0.22,390021.0,1969.15,1.6177667,17.46807165
2677,2.09,344099.0,2121.99,1.427533241,13.44060965
2678,0.88,397007.0,873.37,2.438511488,16.53271304
2679,1.79,366900.0,2712.99,0.50252849,15.59839394
2680,2.26,250621.0,1311.55,0.854077771,14.94605636
2681,1.3,257651.0,1893.88,2.19230086,15.57523616
2682,2.04,366065.0,2458.09,0.49019652,14.9320773
2683,1.54,396158.0,1852.74,3.634881908,14.35812333
2684,1.01,393262.0,1893.38,0.820725986,13.69753347
2685,1.4,382295.0,1812.46,1.952583145,14.26914628
2686,1.14,389759.0,1733.3,2.05913422,15.56030878
2687,0.82,353400.0,2262.43,1.534975137,13.92925899
2688,1.61,366120.0,663.42,1.548025414,13.14413684
2689,1.73,365161.0,2231.62,0.471962329,15.62693948
2690,0.57,381874.0,1701.55,2.083664887,13.05013983
2691,2.08,391875.0,1852.63,1.892180568,13.61016857
2692,2.42,144205.0,2068.22,2.111130133,15.67519368
2693,2.2,335251.0,2417.19,1.351123252,13.24591374
2694,1.57,259180.0,2088.41,4.508603582,14.29380068
2695,1.37,362432.0,2227.44,2.317544746,15.48585456
2696,1.48,391683.0,1946.79,2.062419747,14.23848225
2697,2.28,378605.0,1935.94,2.671145458,15.64195878
2698,1.41,123954.0,719.68,2.175648663,13.75133234
2699,1.53,123588.0,1285.23,2.060167098,15.93394651
2700,2.12,379337.0,1744.11,2.045374627,15.5584123
2701,2.46,375350.0,2377.7,3.484316694,13.10204951
2702,2.12,172608.0,1865.01,1.355855397,12.74858278
2703,1.19,350252.0,1400.54,2.035197771,16.54850161
2704,1.81,372148.0,1897.0,1.641106734,14.12524009
2705,2.02,351346.0,1283.86,1.863234199,15.76547123
2706,1.21,366471.0,2463.51,1.381402882,13.39844007
2707,1.24,128640.0,1956.26,1.769320234,15.91897904
2708,2.61,269175.0,1444.31,2.878335104,14.01068623
2709,0.39,256498.0,2413.99,1.592237227,15.33784734
2710,1.38,252886.0,1058.58,3.35133382,15.66052662
2711,1.76,366278.0,1324.78,2.153325834,16.27502697
2712,2.12,374787.0,1846.81,2.927387298,15.93629551
2713,2.65,267646.0,1759.19,3.57933842,15.95342887
2714,3.8,386661.0,2338.24,2.512019214,15.90486829
2715,0.73,380025.0,972.18,2.037077783,14.00031258
2716,0.88,392775.0,1750.83,1.669123249,15.69816105
2717,1.17,262593.0,1772.41,0.793338105,14.34306172
2718,0.68,151733.0,2259.28,4.035686872,14.85951569
2719,1.81,249002.0,2653.32,3.53801008,15.93653458
2720,1.15,278177.0,1192.65,1.770271893,15.78544873
2721,2.06,358594.0,2197.38,1.721150785,15.47180714
2722,2.35,353957.0,2374.78,2.136760358,16.91947132
2723,0.75,130532.0,1017.64,2.922672249,15.41071084
2724,1.13,357138.0,1271.06,2.887605619,17.07788989
2725,2.0,153711.0,2246.93,1.866979069,14.22365097
2726,1.68,364757.0,1817.36,1.424024184,13.75276197
2727,3.06,145922.0,775.47,3.756901805,15.62421842
2728,2.02,240514.0,1304.67,1.717333116,16.25070079
2729,1.16,362330.0,2171.17,2.220357024,13.4721416
2730,3.24,364512.0,2088.1,3.388665941,16.18817236
2731,0.91,386978.0,1939.44,4.567436027,15.89848193
2732,1.41,386488.0,680.26,1.573970726,12.26061429
2733,2.12,267093.0,1844.23,2.298241198,13.7005271
2734,2.15,128918.0,851.84,-0.326393035,15.57902931
2735,1.39,251777.0,2304.65,3.352310848,15.359679
2736,0.78,351124.0,1778.39,2.895411114,15.99534421
2737,1.18,364114.0,2234.05,0.081097851,16.77992558
2738,0.5,362131.0,826.67,2.174935486,15.34549052
2739,1.76,400995.0,1803.1,0.880066463,15.45749294
2740,1.82,175857.0,1183.41,1.779027109,15.59431737
2741,1.35,374964.0,917.85,3.437448194,15.92360642
2742,1.0,383228.0,1985.4,1.526976358,13.98271577
2743,1.92,384227.0,1917.32,1.934404755,16.23016959
2744,0.97,365740.0,1947.61,2.189290481,16.39677796
2745,3.03,256022.0,822.24,2.305222534,16.57860532
2746,1.49,242813.0,1408.19,1.795055516,15.65730232
2747,2.17,374026.0,1927.39,1.655322736,14.77203051
2748,2.11,367802.0,1422.8,2.204148231,11.97264973
2749,1.12,156626.0,862.39,1.179716371,13.93347752
2750,1.45,269481.0,2420.25,3.807613098,15.55679306
2751,2.37,158304.0,1846.58,2.699148262,14.96415078
2752,0.98,346300.0,769.9,4.322876814,15.22429982
2753,5.18,370165.0,1760.02,3.084333815,13.64052306
2754,1.93,233807.0,1738.68,1.366905491,15.88229591
2755,2.64,167380.0,968.39,2.216735496,13.67086931
2756,1.55,149370.0,899.41,1.038052742,15.9657222
2757,1.4,342398.0,1333.36,3.084302092,15.22602625
2758,1.32,270830.0,1638.53,3.902970554,17.07815486
2759,1.39,255977.0,1977.6,1.060172184,14.4472707
2760,1.76,256926.0,2020.43,2.892420492,15.68235655
2761,1.64,138062.0,1306.68,2.17762494,16.6030884
2762,2.03,160599.0,1840.17,2.062269019,17.34289274
2763,0.84,140771.0,1969.84,2.385961032,13.90844385
2764,1.65,367037.0,1221.47,1.799834435,16.36640678
2765,1.73,148136.0,760.94,0.405602779,15.81649985
2766,1.36,147176.0,1494.23,2.24484591,13.00156751
2767,1.72,354720.0,1722.77,0.495655653,15.68128225
2768,1.73,341313.0,2731.3,2.632362326,16.59282591
2769,2.04,172561.0,2426.02,1.497627054,13.45106428
2770,1.65,382637.0,1744.13,1.90003933,15.2224749
2771,1.17,381412.0,1039.69,2.931578461,16.68595986
2772,2.05,386060.0,2548.64,1.915130407,16.03549432
2773,0.55,249102.0,1801.89,3.599067272,15.88498061
2774,1.83,373960.0,1877.04,2.255964383,16.82969665
2775,1.99,372538.0,1099.73,4.137754286,13.6606735
2776,2.25,288200.0,1297.08,3.247827886,15.94531896
2777,1.55,340156.0,783.24,2.322802566,15.16838954
2778,2.53,388225.0,2408.6,1.516504944,14.68701487
2779,1.67,360333.0,816.45,3.372527515,15.81435104
2780,0.97,391333.0,2476.32,4.105976131,16.02876767
2781,1.57,262152.0,1903.78,4.418594848,16.16604582
2782,1.24,367841.0,1593.02,2.081724616,13.28750134
2783,1.53,169811.0,1790.06,2.070718118,13.8199326
2784,2.04,252930.0,1996.64,0.295318585,13.90878298
2785,4.19,379124.0,2629.21,0.922344426,14.97470724
2786,1.24,371793.0,1667.44,1.098507539,15.28451446
2787,1.48,157594.0,1920.28,1.432994973,14.3200745
2788,1.65,259663.0,1043.04,2.99165581,15.71801725
2789,1.8,265053.0,1812.14,2.06977665,15.92966695
2790,1.46,358059.0,911.97,0.169186616,15.69783639
2791,0.87,244069.0,1862.33,1.449052888,16.61345276
2792,1.71,245367.0,1142.32,3.065572358,15.83283846
2793,2.04,360186.0,1417.05,1.286709594,15.5355721
2794,1.74,162163.0,957.14,2.845272878,16.25854208
2795,0.8,379370.0,586.86,0.82983048,16.59344153
2796,1.52,249254.0,1072.84,1.157198574,14.38749421
2797,0.71,348700.0,743.71,2.981659832,11.84373715
2798,1.8,372454.0,1918.6,4.170436559,12.43691253
2799,0.41,379312.0,2027.63,1.496716338,13.68714529
2800,2.6,251519.0,1780.39,-0.326393035,14.80243183
2801,0.65,127901.0,1924.65,1.680918722,16.54298476
2802,1.26,247763.0,1826.94,1.151912249,13.83707191
2803,1.47,240421.0,2307.87,0.6073164,12.91676811
2804,1.52,114947.0,2274.24,4.49959588,15.12917783
2805,0.86,152252.0,1759.19,3.264605809,16.79305165
2806,1.23,353320.0,1479.13,1.928281643,15.13240386
2807,1.49,254744.0,1685.44,3.566932193,16.07007734
2808,1.5,264837.0,1554.94,1.055696332,14.29614164
2809,2.61,131787.0,1493.19,3.491912474,15.76498336
2810,2.1,143638.0,1880.01,1.518816746,13.64318466
2811,0.89,366951.0,1923.73,2.378663064,15.92525456
2812,1.0,157270.0,838.84,0.387686888,14.14805737
2813,0.99,131241.0,1768.84,1.297908439,13.55134331
2814,2.6,285170.0,1961.14,2.337184731,16.98392999
2815,0.8,364658.0,1836.49,1.101361141,17.73027397
2816,2.38,135572.0,1759.22,2.202168646,15.69537046
2817,0.05,385194.0,2317.72,1.426638786,16.08631478
2818,1.41,374661.0,2898.53,2.913109414,13.61944201
2819,1.29,373565.0,1866.5,0.824428221,13.32302227
2820,1.43,128520.0,2098.34,0.367873661,15.50215548
2821,1.81,150586.0,2223.86,1.60927331,16.17130003
2822,1.06,364164.0,1456.13,4.445458355,15.28855319
2823,1.78,154694.0,2096.68,2.148031952,16.30751088
2824,1.8,127186.0,1462.48,0.696208977,15.97136796
2825,1.77,143852.0,1875.63,1.701116154,12.43342428
2826,1.14,265714.0,1912.35,1.513408775,16.0468725
2827,1.71,165716.0,963.22,1.53126584,16.12462326
2828,1.99,266845.0,2395.56,1.810623565,16.67510511
2829,1.95,132866.0,1566.24,1.617539505,15.52860536
2830,3.21,352514.0,2071.98,1.622000744,13.0671099
2831,1.24,285010.0,2497.5,1.096713869,15.4592586
2832,1.15,261068.0,2278.77,4.129238171,16.00175226
2833,1.49,391768.0,884.89,1.571205823,15.61047633
2834,0.17,273094.0,1038.44,1.224815449,15.25125444
2835,1.37,135724.0,1676.05,1.395054393,12.16466452
2836,0.0,355404.0,2307.41,2.603006543,13.43978156
2837,0.67,279015.0,2264.57,2.549872558,15.47349987
2838,0.96,380319.0,1353.96,2.479217789,16.63552809
2839,1.47,147312.0,1288.71,3.649882727,15.93397123
2840,0.54,377935.0,2520.7,4.85267587,17.25218651
2841,2.11,152327.0,1725.79,-0.023439425,15.26371156
2842,0.81,243250.0,1940.93,2.015329703,14.61241529
2843,1.63,360020.0,1562.52,2.820277682,16.04137988
2844,1.36,135664.0,1328.66,1.796297201,16.47462635
2845,1.53,391776.0,2531.11,1.070484238,14.13344111
2846,2.27,365272.0,1777.13,1.841339495,15.04179335
2847,0.61,386565.0,1493.05,1.463267816,17.10118137
2848,2.01,151117.0,1244.85,3.428419287,16.40071853
2849,1.27,376004.0,1487.73,2.191003651,15.63684753
2850,2.47,251441.0,2307.09,2.294221239,16.9237901
2851,1.58,373262.0,1887.12,1.517549154,12.98225284
2852,0.83,162971.0,947.86,2.694851154,16.0332002
2853,1.46,248319.0,1870.03,3.094166974,14.57142086
2854,1.79,268332.0,759.25,2.253849443,15.14629083
2855,2.76,384357.0,2263.04,1.598970095,16.69963607
2856,1.56,142913.0,1018.31,1.376117177,15.44590276
2857,0.92,373407.0,2305.18,0.84848881,15.45454418
2858,1.63,153493.0,2967.96,2.46801876,15.99834263
2859,2.39,360050.0,1300.82,1.182898503,14.69299718
2860,1.24,360222.0,1827.06,2.13920677,15.53900594
2861,0.54,376796.0,1341.85,2.756771653,16.03700703
2862,1.23,153120.0,824.83,2.339888859,16.16004505
2863,1.94,372409.0,1031.62,2.913735607,16.31590922
2864,0.91,252957.0,2588.39,2.943719763,15.88797929
2865,2.07,242928.0,723.51,1.075719456,16.12053065
2866,1.17,363354.0,1812.61,-0.326393035,15.15537164
2867,2.27,354180.0,1470.05,1.916630973,15.28879579
2868,0.98,356769.0,1734.19,1.767903323,17.16565386
2869,1.98,165558.0,1520.4,1.512253668,14.76244562
2870,0.24,367790.0,2368.7,2.401143132,15.21167903
2871,2.1,394788.0,817.06,1.285407249,15.03039224
2872,2.08,390377.0,1528.53,3.619274919,13.86484026
2873,2.48,360367.0,1036.9,2.91180052,12.76481532
2874,2.11,362852.0,2404.34,1.608639541,15.63396568
2875,0.68,250181.0,1782.34,1.372410304,17.21617101
2876,1.63,238982.0,1724.3,2.051454978,15.26737137
2877,1.57,372231.0,1687.33,3.762156658,15.38836662
2878,2.11,134215.0,2428.57,1.286710862,14.98455469
2879,1.26,252013.0,2013.14,2.79069739,15.28315692
2880,2.27,382422.0,2150.87,3.379356562,17.31351172
2881,0.69,388094.0,2128.22,4.554136491,16.44451568
2882,0.56,376790.0,2171.07,1.987176743,11.48012868
2883,2.49,390102.0,2555.52,3.121630626,17.61815264
2884,0.0,380521.0,2344.96,1.891733319,16.24291962
2885,1.77,357942.0,586.86,3.846816293,12.83090317
2886,1.45,364551.0,1559.8,2.899697788,15.69283762
2887,0.88,245513.0,1430.18,1.772012496,13.80579118
2888,1.46,142458.0,1610.49,1.264292359,15.66146811
2889,2.19,260731.0,2176.46,3.843558624,16.07540007
2890,1.93,157849.0,809.71,1.885501842,14.69035736
2891,0.0,384885.0,1304.56,2.263910739,15.4995795
2892,1.49,376092.0,1897.59,2.609546157,14.77094471
2893,0.6,381512.0,1778.36,1.493517361,17.09202173
2894,1.0,284225.0,2224.49,2.459492259,14.64830312
2895,0.42,388167.0,1460.42,1.49059249,13.28159536
2896,2.4,387638.0,1275.71,2.812421009,14.16911094
2897,0.59,374819.0,1912.51,2.88258262,15.86575809
2898,0.41,266185.0,2575.17,1.80316816,12.79153432
2899,1.05,168757.0,2600.39,2.170552386,15.92915094
2900,2.27,391608.0,1821.41,2.753933481,14.43843403
2901,1.01,401119.0,1909.59,2.2054633,15.49878425
2902,2.84,278967.0,1623.92,1.331022443,14.40850247
2903,1.34,135829.0,1719.11,4.403198027,13.37575014
2904,1.67,144038.0,1779.2,2.16932468,15.72713589
2905,0.0,290395.0,2482.54,1.802247921,17.73027397
2906,1.62,368618.0,1918.39,3.746094609,11.83243996
2907,0.24,121984.0,908.97,2.888469929,14.13429804
2908,0.62,182944.0,1626.37,3.280139694,16.78552499
2909,1.57,269176.0,1862.41,3.894009395,15.80888345
2910,2.02,257158.0,1903.59,1.335148041,16.25275004
2911,1.59,374327.0,1566.68,2.797661514,14.17661152
2912,1.31,357877.0,654.35,4.315613843,16.34917707
2913,0.66,122231.0,823.45,1.715052343,12.07877129
2914,0.75,154631.0,1169.18,2.952078352,15.91388191
2915,0.94,381202.0,2384.12,1.339381389,15.22350334
2916,0.42,376400.0,1955.54,1.666062227,13.73339626
2917,2.21,377656.0,1907.1,4.116013448,16.89649246
2918,2.24,146741.0,1934.29,1.818386863,16.91084853
2919,0.93,175411.0,869.08,2.276872794,14.83701661
2920,1.8,249701.0,1792.26,1.592591028,13.67486624
2921,1.79,357373.0,1448.36,1.857406507,11.56216619
2922,1.33,377598.0,2215.88,1.002306669,15.31938434
2923,2.64,362004.0,1962.5,0.791357524,13.19594307
2924,1.62,379397.0,980.65,1.612880744,15.78364194
2925,1.26,357466.0,1814.34,0.781913229,17.10363046
2926,2.1,153493.0,2030.59,2.391668114,14.62268014
2927,1.31,363484.0,1652.34,4.593929028,17.33252507
2928,1.25,401119.0,2066.67,1.202580554,14.76582309
2929,2.3,149536.0,1865.83,1.696553329,16.56667469
2930,1.89,258389.0,1876.57,2.075102467,16.22751772
2931,1.26,359931.0,1202.32,4.737283899,17.11568034
2932,0.0,375702.0,2762.65,1.930437753,15.63086329
2933,0.99,172238.0,1945.48,0.175971139,12.83152244
2934,1.93,153858.0,756.35,1.494646979,12.44114246
2935,1.4,149143.0,2500.46,2.819928985,13.48489231
2936,0.82,351419.0,2263.42,3.08001039,16.09090105
2937,1.91,372572.0,1763.82,3.086933396,16.55876545
2938,0.7,132779.0,2188.27,2.057831471,12.77283107
2939,3.2,242991.0,2138.74,2.199139331,15.93681929
2940,1.71,395937.0,1904.28,0.933045852,15.06108919
2941,0.82,342460.0,2332.7,2.320347351,15.93389549
2942,1.56,358165.0,586.86,2.613859415,13.18957698
2943,2.19,167179.0,1859.56,1.460837816,15.6032669
2944,1.62,145348.0,2278.02,1.062244396,13.23568985
2945,0.9,362133.0,708.35,1.904530778,14.6370211
2946,0.51,233717.0,790.66,1.230695122,14.10499999
2947,2.08,379532.0,2375.09,1.628810259,14.98596096
2948,1.62,377423.0,1787.98,3.028243398,13.88594897
2949,2.26,155234.0,1602.69,1.13042459,14.74080155
2950,1.64,365502.0,1756.71,1.762321107,16.01090393
2951,0.93,256961.0,2208.65,2.29943484,17.17189118
2952,1.92,370187.0,1388.34,1.905743256,15.41223647
2953,1.19,159247.0,1834.18,1.733638967,17.18536972
2954,0.19,143856.0,1568.72,1.146331324,15.80424051
2955,1.74,184529.0,2614.56,2.36731613,16.41878545
2956,0.0,383756.0,877.71,2.735921741,13.69723915
2957,0.47,356991.0,1476.94,0.88248613,14.98789805
2958,1.43,356468.0,2139.93,2.154410522,16.69539453
2959,0.03,355960.0,1900.71,1.8356262,13.57695785
2960,2.28,247232.0,1790.34,1.914173674,14.71522941
2961,2.33,259688.0,1191.05,1.615519803,16.43202593
2962,0.98,241238.0,1977.59,1.680257278,16.09126146
2963,0.88,360813.0,1700.51,1.613258521,15.61169355
2964,2.59,348394.0,1816.03,0.608378104,13.5309828
2965,2.0,396523.0,1931.95,2.861240729,15.05006668
2966,1.66,153493.0,2268.17,0.993797781,15.91970561
2967,2.51,141431.0,2499.82,2.95505099,16.1895513
2968,0.13,350098.0,3047.82,1.322837855,16.16895838
2969,2.26,136121.0,808.97,1.692333716,15.25351368
2970,1.27,120784.0,2209.23,0.066712627,11.70170496
2971,0.67,376478.0,1695.2,1.907679606,14.32283811
2972,2.79,114947.0,691.26,0.315399838,15.50558977
2973,1.97,242733.0,1967.79,3.47387698,15.7474921
2974,0.41,149275.0,1766.53,3.0110297,12.54574721
2975,2.37,399012.0,1859.81,0.978882911,13.69898041
2976,1.6,369013.0,1024.1,3.007418092,16.47688253
2977,1.54,387143.0,2248.31,1.886386322,14.65553789
2978,1.89,374118.0,2197.77,1.678709162,16.37903772
2979,0.84,152534.0,2227.35,1.632455798,15.90570476
2980,0.74,352462.0,1893.01,2.299502832,14.68996222
2981,1.51,126386.0,1874.59,1.22737229,13.0758388
2982,0.94,364986.0,1773.3,1.470430789,17.73027397
2983,1.27,340221.0,1753.09,1.103032705,13.41224361
2984,0.96,361003.0,1806.0,2.733186555,16.93402475
2985,0.55,255443.0,1657.5,1.129825537,15.20229992
2986,2.7,363783.0,2407.03,1.423955546,15.23032958
2987,0.85,272887.0,1206.23,1.712162149,13.93907021
2988,2.16,360009.0,2286.97,3.216645317,15.83628187
2989,1.53,154372.0,2381.54,1.531236134,15.21014107
2990,1.89,123500.0,1707.79,-0.070695057,14.69823793
2991,1.51,340753.0,1609.51,1.64665001,16.55219751
2992,0.0,377523.0,1675.86,1.456248735,16.22796788
2993,1.09,360380.0,739.67,0.896613366,15.51946959
2994,1.85,377502.0,1876.94,1.018591427,14.28991169
2995,1.72,133670.0,2283.45,1.688206549,15.59517924
2996,1.27,388402.0,2220.46,4.673281837,15.76165073
2997,2.81,389076.0,806.68,1.65014213,12.42381619
2998,1.08,151544.0,1802.61,1.521234611,15.75769766
2999,0.32,135691.0,2281.26,1.63155006,15.5729415
3000,1.18,369339.0,1943.61,3.463535392,15.97384899
3001,2.25,166416.0,2106.26,0.066881703,12.25740595
3002,1.2,370369.0,1291.21,1.60824058,16.68977766
3003,1.53,283815.0,892.65,1.681400739,15.50513949
3004,1.49,147785.0,1852.46,3.978539737,14.58994474
3005,1.69,277926.0,2038.57,0.950777983,13.57819968
3006,0.0,244028.0,1313.5,3.245931956,16.37153779
3007,1.02,360053.0,2261.96,3.267478691,17.22108979
3008,1.25,371456.0,2349.04,4.291869684,15.18994569
3009,1.79,371751.0,616.2,1.293107394,16.74044377
3010,1.42,259217.0,2444.61,2.051102685,15.16043456
3011,1.35,373950.0,1358.68,2.098637632,15.89461039
3012,0.29,246799.0,1890.84,1.077474688,14.03135679
3013,0.81,377349.0,1369.6,1.377188,14.98645578
3014,2.67,393053.0,1213.93,3.545515242,13.79050982
3015,1.28,370157.0,1935.9,1.315887092,13.45868314
3016,0.43,252455.0,1777.52,4.563395673,16.67420004
3017,1.44,374989.0,1810.14,3.327614664,15.20457689
3018,1.14,239524.0,753.03,2.751051668,12.45191112
3019,0.51,346673.0,1938.45,0.080071072,15.45730128
3020,1.22,352975.0,1465.9,2.033443437,15.03742618
3021,2.15,122804.0,2490.58,1.32940002,17.73027397
3022,2.89,286538.0,1927.44,2.866806159,15.63130978
3023,1.99,233229.0,626.11,3.797643148,15.03772522
3024,2.01,151388.0,2032.12,0.363858129,16.67744569
3025,1.28,149107.0,1719.13,4.358621336,16.12196931
3026,0.5,371678.0,1729.83,2.809949507,16.90927686
3027,1.31,383232.0,1438.79,3.629261595,16.37210318
3028,1.27,372844.0,1671.8,1.025428391,14.60468338
3029,2.29,389968.0,2032.4,1.310392029,15.64305057
3030,1.68,356912.0,778.11,2.380454194,15.02960012
3031,1.63,380466.0,1415.92,1.665089586,14.40546187
3032,0.02,123263.0,1790.02,1.289807626,13.83566345
3033,1.61,134609.0,1857.36,2.802412992,14.83824255
3034,1.76,250676.0,1863.27,2.813575575,16.23819059
3035,1.08,126984.0,989.22,2.126287591,15.56533444
3036,1.02,127115.0,2427.79,1.078590438,15.07539031
3037,1.49,170037.0,695.12,1.798536851,15.28165377
3038,0.97,367818.0,651.12,1.632941541,16.33305215
3039,1.54,133651.0,799.52,1.080498274,15.31051993
3040,0.56,356814.0,1437.7,2.99844838,16.35137118
3041,1.76,353937.0,805.09,1.540060996,15.18112094
3042,2.2,251799.0,2526.78,1.672545503,14.21064445
3043,2.28,131909.0,2270.17,1.981539899,14.06628373
3044,1.15,133825.0,2163.89,2.422897643,15.35714088
3045,1.89,136043.0,1356.52,2.109782533,13.65800007
3046,1.94,364742.0,2055.14,2.94871629,14.45283839
3047,1.58,360015.0,1786.86,1.581207161,13.16989959
3048,1.56,271786.0,1765.46,4.35228082,15.62770512
3049,1.67,261135.0,890.81,4.175108911,15.96301744
3050,0.92,149308.0,1108.31,2.077047091,16.26330204
3051,2.09,390162.0,1898.7,1.382121063,15.93175862
3052,2.81,349424.0,1041.44,0.769144398,16.56926737
3053,0.99,394074.0,1605.25,2.01682869,15.21389869
3054,0.99,386957.0,1670.78,4.67107947,13.4929928
3055,1.79,383371.0,1635.28,2.479363296,15.14647162
3056,2.45,350112.0,1915.75,1.703885028,14.72559148
3057,2.39,338992.0,2230.13,0.963238849,15.8350449
3058,2.28,153176.0,1490.14,1.046217059,15.79047175
3059,1.69,144608.0,1874.19,0.387201893,13.03827534
3060,0.28,388627.0,1875.59,1.575005652,15.80009049
3061,1.17,158981.0,1789.29,1.502795783,16.67330713
3062,0.98,256553.0,759.73,4.355217503,13.55746806
3063,1.89,259637.0,1872.01,1.581456161,16.50379802
3064,0.66,151521.0,2056.59,0.350477175,16.12089015
3065,0.82,356382.0,2468.07,1.202172677,15.74575374
3066,1.05,251293.0,2018.31,2.263743864,16.00066203
3067,1.57,380824.0,1860.54,2.591474459,16.0855405
3068,2.45,152927.0,1955.22,3.15689958,15.28001107
3069,2.21,264741.0,839.21,1.543228657,15.47571207
3070,1.66,353813.0,1770.68,1.992447371,15.13244202
3071,1.74,163880.0,2379.95,2.866486659,13.56292617
3072,2.21,153558.0,963.77,3.189201921,17.14081152
3073,0.64,144371.0,2150.33,0.899399002,15.08741437
3074,0.62,141836.0,1315.31,2.129107513,14.93321331
3075,2.39,269672.0,2273.28,1.72028439,13.77324458
3076,2.13,273287.0,769.76,4.215425987,16.06157208
3077,1.93,350858.0,1871.05,-0.326393035,15.85262328
3078,1.26,347572.0,1850.24,3.807823439,16.38773525
3079,1.52,375718.0,859.76,3.667256235,13.98661417
3080,1.29,271731.0,2365.28,1.392620052,13.63850458
3081,1.94,331899.0,1075.76,2.705201227,15.45713447
3082,4.07,140180.0,2072.17,2.76615249,12.23948838
3083,1.01,376143.0,1397.13,0.202130507,14.74601036
3084,0.66,253826.0,2474.89,3.012498896,14.33042412
3085,0.11,396736.0,2155.45,2.823370401,15.12962201
3086,1.87,152346.0,1977.83,2.262325937,16.33864108
3087,2.97,245905.0,2615.3,4.490440052,15.90301325
3088,1.57,339582.0,1890.91,2.153126306,13.78401778
3089,2.23,143295.0,2027.81,3.678178409,15.38687969
3090,2.04,368842.0,1851.34,1.623878288,15.48171926
3091,1.02,163891.0,1750.16,2.643072853,14.90005227
3092,1.07,161487.0,1887.87,1.623434881,15.40884066
3093,2.61,288116.0,1992.84,1.397589129,16.86794826
3094,1.68,369310.0,900.55,2.719160542,17.27281832
3095,0.91,150868.0,760.53,2.399601604,15.69941865
3096,0.83,365772.0,815.13,1.809508307,15.16179403
3097,1.08,148072.0,1464.92,1.845097055,16.01385932
3098,0.63,129697.0,3002.61,1.548276681,16.29803772
3099,1.09,359414.0,1665.83,2.435032606,15.12330291
3100,1.14,155976.0,2377.26,1.239842253,15.4463497
3101,1.4,381873.0,2359.78,2.254774416,15.16264179
3102,0.25,121095.0,1107.35,2.139696923,14.96028922
3103,1.67,368594.0,1986.84,1.289242621,16.3117383
3104,1.88,343129.0,2763.32,1.686625492,16.4940429
3105,0.95,377748.0,1600.02,3.943816809,15.04312098
3106,1.25,277547.0,1300.13,3.029094008,16.62408436
3107,0.96,145062.0,1830.49,2.421671369,14.78794253
3108,2.33,354990.0,1768.54,2.89303771,16.34289851
3109,1.28,384980.0,1781.97,1.842767839,13.45027873
3110,1.82,349986.0,2131.45,2.21775092,15.48441962
3111,2.39,148732.0,1286.52,2.557143954,15.97692693
3112,0.46,375951.0,2306.62,3.685284412,13.55759947
3113,1.54,118806.0,1433.05,4.381151415,15.69932231
3114,1.42,260323.0,1797.58,1.096469068,16.07660306
3115,1.31,261362.0,1608.96,2.909654109,16.24217709
3116,1.64,349352.0,1115.41,1.490993778,15.4101782
3117,1.4,146847.0,992.32,2.834482323,16.11534744
3118,1.66,238504.0,1903.98,0.336446051,17.15486174
3119,1.4,374478.0,704.34,1.962674977,14.19462468
3120,1.25,366035.0,1882.09,0.981057738,15.86002779
3121,2.14,388060.0,1944.36,2.893312845,16.02844353
3122,1.07,160469.0,1733.54,1.926865863,15.80233679
3123,2.2,371385.0,3047.82,0.71769709,13.69165243
3124,0.47,354970.0,1771.15,1.359326061,15.70997433
3125,2.22,387555.0,1799.02,4.890910794,15.70590798
3126,0.96,379210.0,829.51,2.744093648,15.74668498
3127,1.62,386169.0,880.4,2.51412716,14.79744158
3128,1.31,359263.0,1425.61,1.924308055,14.30467662
3129,1.3,161481.0,1152.13,1.894300381,15.85954502
3130,1.07,253089.0,1815.68,2.174087458,17.02076727
3131,0.4,370354.0,1954.16,1.014977228,12.83527765
3132,2.27,130808.0,1352.36,1.233606534,14.68332876
3133,0.95,141278.0,845.0,1.365585466,13.30061699
3134,0.55,385216.0,1144.82,3.050151704,15.69106127
3135,1.42,399289.0,1875.55,2.974511375,15.77786398
3136,1.94,261737.0,1807.86,0.993795841,14.05095879
3137,2.47,162561.0,1311.4,0.505278776,13.0006457
3138,2.06,356754.0,1501.84,1.339433153,15.42216754
3139,1.17,252709.0,1980.28,2.493758715,14.185634
3140,1.58,391872.0,2993.18,3.967155966,13.60544802
3141,1.46,372932.0,1809.47,4.499789621,14.35556821
3142,0.33,256015.0,1651.22,3.593656655,16.08614263
3143,0.2,353579.0,1857.35,4.172455377,12.54067504
3144,1.67,376406.0,939.58,1.533274362,16.11996999
3145,1.38,364101.0,1833.28,2.139109772,16.5847401
3146,0.67,153510.0,771.9,1.486428942,15.63651048
3147,2.28,137614.0,2158.5,2.642762832,16.00620585
3148,1.1,356003.0,1729.76,2.880997463,14.76847302
3149,1.78,133864.0,1766.52,3.142860009,12.35880703
3150,1.41,382280.0,1315.09,1.403767078,16.11011065
3151,0.94,263278.0,1707.56,2.556623226,16.4180379
3152,2.05,138208.0,1870.87,1.736813337,15.65856808
3153,2.22,131428.0,602.45,2.986592102,16.49415442
3154,1.6,153759.0,1918.02,-0.326393035,13.10630524
3155,1.5,138435.0,1825.53,0.997124821,15.94128128
3156,1.75,382776.0,1861.58,3.882060546,15.41431636
3157,1.12,269985.0,2043.42,1.850471421,13.81822256
3158,1.51,396494.0,1828.54,2.179414996,16.80717108
3159,1.06,277085.0,1661.75,1.494290572,15.94774161
3160,0.43,360580.0,1011.62,1.383310292,14.22354171
3161,1.88,376567.0,1021.91,3.473313529,15.74662688
3162,1.06,360657.0,2322.45,1.412768736,17.31371632
3163,1.73,343667.0,726.75,0.843094528,15.47185244
3164,1.22,149737.0,713.67,1.757207837,15.31304918
3165,2.0,185181.0,1984.63,1.300781427,16.29162003
3166,1.57,132662.0,2289.84,1.5996948,14.07708465
3167,1.3,141197.0,2055.25,3.69213389,14.72535523
3168,2.33,263010.0,1802.54,1.89235202,16.00991135
3169,0.0,359485.0,1890.29,2.324830784,13.69790601
3170,2.28,244635.0,2238.01,3.668569398,14.23942008
3171,2.39,374183.0,2339.3,0.684292592,14.76443211
3172,1.66,365523.0,2539.41,1.685294613,13.59889149
3173,1.92,248722.0,1571.98,1.411194327,13.95134225
3174,0.86,357877.0,1613.62,3.541519902,17.19755179
3175,1.03,356223.0,1476.78,3.392099795,15.95076888
3176,1.53,259562.0,2382.48,1.20775028,16.22602904
3177,2.62,142623.0,1980.1,2.1584204,15.77381448
3178,0.83,161820.0,1423.43,2.063086935,15.43706405
3179,1.41,372228.0,1110.76,1.229328304,13.28884452
3180,1.74,140514.0,1484.27,3.150904607,15.40307913
3181,0.38,264424.0,2188.16,3.808155609,15.22151929
3182,2.25,376945.0,1955.29,0.243747558,14.17725733
3183,2.11,152327.0,1444.65,1.629148578,13.81273529
3184,1.32,151993.0,1867.19,0.189170996,13.89598431
3185,1.39,258983.0,2312.68,4.023763745,14.45430647
3186,0.88,376889.0,1844.6,1.003748343,15.44589033
3187,1.94,353481.0,2074.78,1.961456653,14.39275713
3188,1.52,385645.0,1431.55,1.177367696,15.15105123
3189,1.05,257163.0,1877.05,1.282186453,14.255231
3190,1.98,372127.0,899.83,2.171532273,15.21520106
3191,0.94,369095.0,694.92,-0.326393035,14.89029769
3192,2.6,356662.0,1210.31,2.853479012,16.93995328
3193,0.25,378816.0,2454.06,1.097374648,14.71524741
3194,1.41,262574.0,2138.42,0.709224636,12.70752083
3195,1.21,239006.0,1422.26,1.508620773,16.34168913
3196,1.31,273649.0,1900.44,2.307058469,13.26477532
3197,1.5,364564.0,1971.49,2.706862278,11.38026277
3198,1.92,269735.0,1452.42,1.522605074,15.28349387
3199,1.5,364209.0,1901.4,1.802833075,13.33536984
3200,0.92,393973.0,1719.63,0.913202368,12.95972493
3201,1.27,146819.0,1344.08,1.711783608,13.72214733
3202,1.65,134863.0,2324.5,3.557888541,12.91815985
3203,0.6,135074.0,883.73,2.681356545,16.00282153
3204,2.06,365739.0,2465.64,1.395499946,16.21903676
3205,1.13,359901.0,890.3,1.52559073,15.91456548
3206,1.38,388773.0,2179.17,1.385949238,13.12555297
3207,0.81,376991.0,2018.21,1.086177907,14.57486577
3208,1.1,368395.0,1435.32,0.038880198,15.00490197
3209,2.24,150180.0,1851.22,0.797734813,15.86633112
3210,1.38,125716.0,1343.04,0.907988168,13.96594087
3211,0.9,145481.0,2334.76,2.204322865,13.94896748
3212,1.66,120619.0,901.63,1.882030615,16.24910166
3213,1.33,248376.0,1638.37,1.221041111,16.15352133
3214,2.61,366077.0,2458.55,3.691054976,16.89601944
3215,0.31,249625.0,1270.38,1.83290103,15.92555786
3216,1.53,143889.0,2018.31,0.601725844,14.79636258
3217,1.14,130101.0,2170.39,2.958585968,15.66543548
3218,1.12,339811.0,1288.3,3.214801634,13.76248313
3219,1.67,146146.0,1233.26,3.557425667,16.98623938
3220,3.63,362358.0,1883.99,2.019050052,14.08762787
3221,1.32,241376.0,1783.27,3.587806108,13.74897402
3222,2.3,231733.0,1088.34,1.815479314,15.47386385
3223,1.86,383009.0,2275.99,2.051539,15.93630709
3224,0.83,373149.0,2027.37,2.977566662,14.70706062
3225,2.33,132775.0,1532.14,2.860305018,12.81115098
3226,1.96,382392.0,1798.92,3.036363269,13.22235923
3227,1.73,366747.0,1337.18,1.160276684,15.16920853
3228,1.1,385010.0,1654.21,1.909586207,15.70586194
3229,1.54,235559.0,924.57,1.737632116,12.83693954
3230,1.3,382006.0,2247.71,1.996050268,15.68867474
3231,0.39,370990.0,1872.16,2.367542694,11.42248961
3232,0.84,362661.0,955.82,0.86251156,15.93723944
3233,0.44,386924.0,2016.65,2.437117699,16.97585199
3234,2.18,361926.0,1685.41,2.382912808,15.95245317
3235,0.52,348643.0,1606.82,2.093842079,16.24653381
3236,2.33,143039.0,1806.39,2.246704714,15.28438196
3237,1.32,364181.0,1768.52,1.378959198,15.08944065
3238,1.38,348556.0,1710.63,2.729609763,15.91500548
3239,0.33,375895.0,1953.41,2.498820581,16.09397278
3240,2.13,148332.0,870.97,1.755005799,16.38160208
3241,1.77,143503.0,2124.08,1.333725074,12.32962211
3242,1.55,383024.0,2660.58,2.002071148,15.25051441
3243,0.13,369136.0,2037.55,2.416384496,16.24089611
3244,1.14,364106.0,901.51,1.112777967,15.54211057
3245,2.08,158454.0,1960.2,3.293483491,14.67401413
3246,1.21,124972.0,1491.88,0.912249059,14.71391484
3247,1.01,373858.0,1481.38,1.912204743,13.68568485
3248,1.28,148747.0,1912.32,2.212630326,15.88347092
3249,0.46,280977.0,2424.63,1.413963379,14.46536752
3250,1.36,249716.0,2547.45,1.42558591,17.01915467
3251,1.33,365573.0,1914.57,1.890122534,16.10938192
3252,2.46,159118.0,986.19,2.599944388,15.19010553
3253,1.46,387048.0,2572.77,2.183236045,16.01329807
3254,1.46,164216.0,1648.36,2.031604751,16.0973155
3255,1.69,242897.0,1913.44,1.553238846,14.06329733
3256,0.37,376008.0,2426.87,2.912110548,15.01767259
3257,1.75,383306.0,2603.45,3.438252539,14.59515288
3258,1.54,267673.0,2295.25,1.254246869,13.97511978
3259,1.09,399052.0,1391.16,2.957320043,15.29878559
3260,1.26,254785.0,1867.39,1.321260314,17.12419183
3261,3.55,243412.0,890.55,1.407943903,14.11948331
3262,2.29,121861.0,2210.95,1.294373555,16.10497073
3263,1.48,357853.0,1703.16,1.432309253,13.23489965
3264,1.53,254530.0,1907.36,2.407830179,15.92043136
3265,1.55,245551.0,2599.05,2.51137999,16.08125982
3266,0.9,370077.0,2506.75,0.567720427,16.73043379
3267,1.03,165939.0,586.86,4.27419631,16.81289693
3268,1.6,366641.0,2249.81,3.746077111,15.37318398
3269,1.44,380206.0,1965.78,2.580647702,16.56231475
3270,0.58,360970.0,1064.01,0.295543967,15.90391273
3271,1.28,392872.0,2487.55,1.747222334,16.36646416
3272,2.63,364204.0,1913.81,1.508699435,13.82200326
3273,0.63,360244.0,607.72,1.91079306,12.94951322
3274,1.65,270960.0,2115.16,2.203538687,16.42557411
3275,1.25,262601.0,865.94,1.641520005,14.98930802
3276,0.93,132094.0,2386.28,1.798866612,15.89100987
3277,0.8,394541.0,1826.42,1.387101325,13.03981016
3278,0.11,379934.0,1259.65,0.376223512,15.28862206
3279,1.4,383948.0,1224.97,1.793283582,15.44223485
3280,0.84,171138.0,2477.36,4.93924406,15.45552239
3281,0.0,366852.0,1894.32,0.787929176,15.61434778
3282,0.8,388135.0,1799.02,4.303735578,12.67428415
3283,1.95,354976.0,1796.66,1.777140513,15.74149405
3284,2.35,358826.0,1080.33,2.091669374,14.03161085
3285,1.31,387456.0,1967.83,3.819287436,15.03550122
3286,2.19,362553.0,1505.88,2.798236544,15.07283748
3287,0.48,370271.0,1892.42,1.212869464,16.45522574
3288,0.47,280500.0,1894.83,2.975092241,13.32004189
3289,1.18,172070.0,2300.22,1.683022345,14.97479834
3290,2.24,140975.0,1293.38,2.75089623,16.25975675
3291,0.8,354514.0,827.16,1.753768653,15.86116051
3292,1.85,371774.0,1363.08,-0.326393035,15.31845976
3293,0.88,397028.0,1948.42,0.796779209,15.21817057
3294,1.1,383549.0,712.4,1.490308397,12.49123579
3295,1.87,391956.0,2130.87,1.984623739,13.1903483
3296,1.16,253879.0,2355.81,3.462990405,15.84512152
3297,1.7,160309.0,2055.11,2.885665114,15.53508296
3298,1.93,350593.0,2262.73,4.131328995,16.39432377
3299,1.76,260613.0,1874.19,1.632052656,15.1813035
3300,2.79,171164.0,1870.14,3.1603388,16.15950129
3301,0.52,139866.0,1339.29,0.976268983,15.49467408
3302,1.4,249117.0,1850.01,1.474588171,13.39422637
3303,2.33,168763.0,1972.76,2.228620084,14.64051553
3304,1.46,360033.0,1402.97,3.730295997,15.63617454
3305,1.31,388783.0,2394.23,4.033946545,16.70140293
3306,1.02,376297.0,1734.94,4.1478423,15.81172583
3307,0.98,374850.0,2494.19,1.646307028,17.73027397
3308,1.5,272532.0,2084.59,3.703893124,15.0653631
3309,1.14,358564.0,1671.99,3.741330606,13.64634293
3310,0.87,360173.0,1835.24,1.204962877,15.23532379
3311,1.39,140245.0,1776.61,1.59615452,13.82107712
3312,2.72,345576.0,833.48,0.462569706,15.24661961
3313,0.55,374147.0,1282.48,2.054185773,13.18019623
3314,2.05,127195.0,872.05,1.464165809,13.95901231
3315,1.09,373907.0,1998.61,2.559528079,15.81468365
3316,0.57,276075.0,1958.35,0.739772405,15.96769473
3317,1.01,383887.0,2999.58,2.356375082,12.65591022
3318,0.73,360041.0,1428.11,2.982431176,15.47517286
3319,0.99,364055.0,2404.83,1.341288938,12.59653173
3320,3.95,376797.0,2403.6,1.775890537,15.12153707
3321,1.55,170353.0,2139.35,1.807123269,16.24825679
3322,0.29,379833.0,2902.86,1.333980096,17.18139793
3323,2.11,348552.0,1701.54,4.442227126,13.72530405
3324,2.2,241748.0,2440.87,1.604598148,13.43879411
3325,0.0,257061.0,1442.54,0.274394401,15.23298479
3326,0.99,250065.0,1518.68,2.419527358,16.11883661
3327,1.89,356435.0,1411.0,1.525959148,15.95373762
3328,1.17,366384.0,818.02,1.362968075,15.9511219
3329,1.15,264694.0,1786.73,3.654647548,16.51902744
3330,0.51,377051.0,1889.85,3.500258446,14.08622315
3331,0.45,380634.0,1410.78,3.712898764,17.20304636
3332,1.62,172027.0,2317.98,1.52182051,14.45236656
3333,1.25,149464.0,1056.24,1.169934739,14.87591099
3334,1.63,366361.0,2310.42,1.963919662,16.41456987
3335,2.04,348996.0,1966.58,2.832511831,15.48653998
3336,0.91,146516.0,2487.94,3.57670229,14.39405573
3337,1.26,357980.0,1758.69,2.990477245,15.80110105
3338,2.36,351766.0,1546.47,0.90294215,15.06236512
3339,0.63,159828.0,586.86,3.049393849,15.14582061
3340,1.9,121302.0,1593.59,0.337403752,15.55263036
3341,2.96,351612.0,1521.7,1.150101244,15.29881478
3342,1.51,260604.0,1718.8,1.202659236,13.48042015
3343,0.87,379837.0,2204.68,2.148854588,15.70654917
3344,1.9,340306.0,2251.57,1.760501461,12.40649755
3345,1.0,122048.0,1499.62,1.364557941,15.14008596
3346,0.81,170562.0,960.76,0.895839292,16.77540268
3347,1.07,360974.0,1791.93,2.798101837,14.45896998
3348,1.92,256945.0,1999.11,2.46597286,15.52797683
3349,2.32,378851.0,1481.69,2.089175297,14.39355182
3350,1.19,142570.0,1827.29,1.222255468,13.13863264
3351,1.11,250665.0,2054.69,3.97622968,15.69912383
3352,0.68,140239.0,1869.28,3.652152256,15.96268124
3353,1.26,365773.0,1816.91,1.042952715,13.3795454
3354,1.23,244154.0,1532.83,1.026512848,16.20092438
3355,0.93,368464.0,964.23,1.193956613,13.67120679
3356,0.57,356731.0,1922.63,1.069751158,14.6254808
3357,2.22,129360.0,1588.27,1.206785744,15.66917273
3358,1.75,340041.0,1172.53,2.693002165,14.00360513
3359,2.01,116068.0,1482.1,1.401705285,15.81283501
3360,1.36,161381.0,880.01,0.882320226,14.63173763
3361,2.07,263049.0,2092.38,1.310074776,15.96573139
3362,0.0,381291.0,2950.82,2.780906323,16.4517394
3363,1.49,352651.0,1509.18,-0.326393035,15.24548626
3364,0.7,255640.0,1984.38,2.33887386,13.50410837
3365,0.76,255753.0,1922.38,0.547175065,15.89967205
3366,0.42,353250.0,1889.69,2.205775705,12.23876618
3367,0.8,364326.0,2651.98,2.89062471,13.52331259
3368,1.88,354301.0,1780.11,0.159556119,11.55687627
3369,2.32,351216.0,1760.38,2.140092115,14.99587243
3370,2.14,368417.0,716.28,4.451118917,14.78263951
3371,1.32,148007.0,1050.71,2.003068167,15.53104406
3372,1.02,369034.0,1735.28,1.815634668,13.70723745
3373,1.87,264167.0,895.68,3.124743599,13.32678042
3374,1.68,154016.0,1804.67,3.819636764,15.49414971
3375,0.5,379472.0,2300.1,1.839049113,13.00771906
3376,1.78,391130.0,1836.37,3.03523922,16.23096602
3377,1.54,249381.0,1451.78,2.247114224,15.60257446
3378,0.82,390556.0,1924.02,2.542784762,14.19006168
3379,1.01,373409.0,1177.73,2.333007303,12.81213063
3380,1.0,344070.0,1399.22,1.186957936,15.33068343
3381,1.97,272957.0,2307.44,2.85346297,15.31083564
3382,1.1,360242.0,2493.45,3.154686721,15.02732637
3383,2.1,358699.0,929.24,1.130172792,13.40892395
3384,1.45,368101.0,1099.43,1.392927468,14.32423225
3385,2.19,385998.0,1036.99,3.023661987,15.56685966
3386,1.28,363084.0,2338.54,0.945113154,16.17804663
3387,1.07,140959.0,2225.41,1.60412394,15.71459458
3388,0.47,158492.0,2377.74,2.385631308,15.27793567
3389,1.62,385168.0,1870.1,2.837467417,16.01753437
3390,2.21,349400.0,1841.87,1.181299198,15.25019514
3391,1.84,142293.0,2258.12,2.122447796,15.15245934
3392,1.74,145574.0,1881.0,1.825184015,15.88070098
3393,1.24,147244.0,673.99,2.744451598,14.48644546
3394,0.55,389663.0,1095.78,2.186258018,15.47011421
3395,1.85,355793.0,1888.98,0.93679181,15.91255709
3396,1.55,235535.0,1057.44,1.773168294,13.9992041
3397,1.93,363108.0,1861.39,1.761812205,14.40908943
3398,1.51,386350.0,1490.92,1.74814796,16.51219242
3399,2.51,252174.0,1353.7,3.099306299,15.93459497
3400,1.48,370611.0,2039.01,1.635980872,13.54596008
3401,2.08,152453.0,2102.27,1.565311755,15.89964462
3402,1.83,127174.0,1176.64,1.367590229,15.76442005
3403,1.66,130554.0,2399.24,2.508533817,14.14343813
3404,0.48,359992.0,1858.47,1.333689894,16.97700879
3405,0.2,362561.0,1952.18,3.743255209,17.65361285
3406,2.19,154803.0,2156.64,1.711602675,13.7550911
3407,2.51,363815.0,2351.63,1.809354747,15.06524444
3408,1.74,147023.0,2152.56,3.282990347,15.61715988
3409,1.54,385408.0,1912.18,3.881656064,14.96184312
3410,1.64,352952.0,1886.25,2.842987364,15.03295622
3411,1.61,368983.0,1888.92,1.75403391,15.81776776
3412,1.43,136838.0,1998.32,2.596043706,16.17370721
3413,1.06,388928.0,2297.25,2.992917953,15.47132639
3414,1.25,166022.0,1585.42,2.405692196,15.62528857
3415,1.31,388740.0,1256.8,2.00174396,16.21822748
3416,0.61,377467.0,925.44,1.762462405,16.71192411
3417,0.36,167509.0,1917.76,1.837809502,15.72011469
3418,1.07,253885.0,1767.26,1.591688972,15.35118533
3419,1.08,387557.0,1919.34,3.088238906,16.03158304
3420,1.0,373647.0,1234.96,0.819609875,15.30364155
3421,1.81,134291.0,1369.83,1.727085068,15.41213652
3422,1.35,372301.0,1929.87,3.03622206,16.47231987
3423,2.05,248689.0,2663.55,3.71630535,15.57117999
3424,0.99,157367.0,2608.09,2.152176358,14.07957931
3425,1.57,150673.0,2448.97,1.787247519,16.16384554
3426,1.55,156088.0,1817.53,3.35337613,13.06019803
3427,1.24,144057.0,2704.19,3.019373089,17.73027397
3428,0.23,138995.0,942.63,4.399479224,13.05592603
3429,1.61,153778.0,1869.77,2.144035137,13.5613677
3430,0.94,376327.0,1157.5,1.793831872,15.89981929
3431,1.08,381644.0,1961.37,1.944879653,14.6199259
3432,1.32,365408.0,1761.27,1.368533512,15.82742786
3433,0.92,347799.0,1298.37,1.154130542,13.3591811
3434,1.01,383668.0,2166.02,2.350939043,15.6466066
3435,0.81,128907.0,684.99,1.716069997,15.85369259
3436,2.17,356179.0,1111.65,1.223307295,15.83088177
3437,1.79,388183.0,2051.13,2.081164023,15.53137085
3438,0.53,389514.0,2472.65,3.054003419,15.86577527
3439,2.35,251124.0,1259.45,1.215079284,14.34410792
3440,0.84,270836.0,1922.59,1.289386157,15.89423204
3441,4.59,376438.0,2170.21,1.784332937,14.20899036
3442,2.54,283066.0,3047.82,1.596607319,17.4867733
3443,1.98,377375.0,691.81,0.946031335,15.54339668
3444,1.58,223093.0,1188.76,2.730061171,13.91332213
3445,0.27,392676.0,2388.79,1.957836753,13.72789833
3446,1.83,375152.0,2534.06,2.324384907,16.33090892
3447,2.84,140464.0,1677.56,2.054950636,15.49043594
3448,1.5,395330.0,1603.92,2.020851156,15.89087793
3449,2.09,393883.0,1839.98,1.626553773,16.49476784
3450,1.51,278393.0,1566.02,3.321796172,16.81405774
3451,1.13,160669.0,2472.19,3.104399705,14.47015362
3452,1.58,368176.0,1834.39,3.361898567,15.05176914
3453,2.03,114947.0,1507.02,3.915058392,12.97032813
3454,1.79,245063.0,1398.23,2.857052455,15.80904355
3455,1.53,253037.0,2057.12,1.227674163,16.68482847
3456,1.99,253069.0,716.05,1.103623199,15.29303797
3457,2.05,239418.0,1967.95,1.402147247,15.02431915
3458,1.63,260658.0,1847.19,0.817493377,16.47251402
3459,1.84,390182.0,2547.99,0.578046396,13.5482609
3460,1.32,149616.0,2332.6,0.160892583,15.08047891
3461,0.0,377624.0,1481.62,2.433213195,15.4113598
3462,1.52,392794.0,2393.72,2.688928033,13.76625833
3463,2.39,129947.0,2310.81,2.888831389,13.12019623
3464,1.56,152261.0,1656.34,0.706812154,13.60337403
3465,1.7,123119.0,1495.89,2.054603773,16.9412699
3466,1.18,387825.0,1828.4,-0.326393035,13.88866533
3467,1.67,148675.0,1097.91,3.138498722,16.53795617
3468,1.07,375741.0,2103.12,3.82449068,14.23618244
3469,0.7,391783.0,2621.83,1.408703071,15.27706457
3470,1.35,352597.0,1827.24,0.840895476,13.13558333
3471,2.5,140424.0,1811.82,1.662263356,14.88871265
3472,1.3,349616.0,1427.08,1.718095414,15.72824358
3473,2.18,115581.0,1833.39,1.542141993,14.57430389
3474,0.53,368202.0,1255.89,1.67215932,15.81310146
3475,1.24,246055.0,2483.78,3.339324382,16.95055634
3476,2.67,146483.0,979.04,0.559848785,15.74562217
3477,1.19,262250.0,1353.56,1.515840753,15.96708126
3478,0.65,381392.0,647.44,2.874629539,15.42504657
3479,0.91,245936.0,1140.96,2.909151943,13.60433007
3480,2.27,377089.0,1774.41,1.485738838,17.41720633
3481,1.09,158806.0,1765.06,4.002272791,16.06161193
3482,0.62,173394.0,2032.93,2.14065114,15.38067796
3483,0.63,152627.0,924.63,1.964364302,15.38243965
3484,0.08,383381.0,2335.64,1.90439881,15.21640093
3485,1.68,356419.0,1977.41,1.980555564,15.73194345
3486,1.43,359152.0,2456.44,0.015154376,16.28793975
3487,1.6,129204.0,1628.83,1.324803356,12.6594105
3488,0.68,354124.0,737.3,1.06342048,14.22443021
3489,1.66,260256.0,1040.43,1.423052444,12.16581173
3490,1.55,364450.0,1752.97,2.06992255,14.21734192
3491,1.39,369916.0,1194.91,2.528259447,15.05707084
3492,0.94,260733.0,699.13,1.467677927,13.25590266
3493,1.46,387078.0,1130.28,3.659762962,15.68231836
3494,1.51,127874.0,2100.01,1.804328169,12.67061563
3495,0.69,350810.0,2686.71,1.922376037,16.16925663
3496,0.55,364745.0,1502.21,1.369719861,11.68523227
3497,2.35,143075.0,1988.34,2.666292504,15.41477352
3498,0.65,177186.0,1643.28,1.347781732,14.87289947
3499,0.54,378307.0,1839.36,1.635434451,11.88875063
3500,1.64,118826.0,683.14,1.90898325,11.77583777
3501,2.26,247732.0,1644.61,1.638815517,16.40767914
3502,0.99,155381.0,1654.56,2.995796496,11.89805254
3503,1.78,257699.0,1819.58,1.806670803,15.38175081
3504,1.27,252048.0,2155.05,1.627957572,14.41832631
3505,1.08,373832.0,1656.67,1.79677065,15.9841143
3506,2.2,272941.0,817.93,2.15696125,15.1274056
3507,1.36,361481.0,2251.11,3.061717965,15.75991975
3508,1.15,379066.0,1321.61,4.538378691,16.28922433
3509,0.72,243335.0,2318.75,1.660326159,14.41482849
3510,1.57,330434.0,2198.27,1.648331709,13.54528055
3511,0.93,347267.0,2461.28,1.821209254,14.06890563
3512,1.68,261698.0,901.98,3.327110009,13.51479282
3513,0.78,350652.0,2336.86,2.051583749,15.64827099
3514,1.73,136025.0,2364.02,1.342415401,14.96087175
3515,2.13,372296.0,1942.23,2.332192481,15.6879028
3516,1.55,267096.0,2194.63,1.431500273,15.50300863
3517,1.05,154983.0,811.27,2.899797874,15.38150699
3518,1.81,255765.0,798.95,1.228874221,16.25388439
3519,2.45,125037.0,1069.71,2.429669508,12.78936118
3520,1.55,158850.0,771.32,1.517611732,13.77506017
3521,0.0,366603.0,893.92,3.910865491,15.45837322
3522,1.58,388621.0,1822.36,1.571868857,16.20015007
3523,2.2,130933.0,730.61,3.842705552,15.87579515
3524,2.35,369045.0,2546.33,2.368547755,16.33334082
3525,2.07,353760.0,2253.21,2.756770295,16.04665547
3526,1.31,387388.0,1906.54,1.762654799,16.57351367
3527,1.83,233938.0,1574.95,1.715630093,17.1607032
3528,1.91,134389.0,632.5,0.99496028,12.92773723
3529,2.19,369287.0,1157.53,3.819441838,17.51098063
3530,0.2,154762.0,780.58,3.678589029,14.46497518
3531,1.21,348122.0,1417.86,1.819780582,14.68615597
3532,1.57,122915.0,1857.81,2.276850512,15.71579014
3533,1.23,384708.0,2252.68,3.425732129,15.79573349
3534,0.78,145012.0,1688.9,1.734242695,14.96715354
3535,1.18,263438.0,2343.54,2.386900532,15.05023995
3536,0.92,156282.0,1375.67,2.504656877,13.83848455
3537,1.48,371008.0,1380.1,0.812665878,15.57878311
3538,1.27,378986.0,1801.2,1.17383273,16.04536502
3539,0.8,363156.0,2080.5,2.8239269,15.21110199
3540,1.66,350734.0,1986.52,2.870602967,16.24679266
3541,0.7,263857.0,789.7,0.667044836,16.69590015
3542,1.74,128106.0,1941.42,3.169172666,13.76412741
3543,2.81,363968.0,1820.81,3.802022346,14.39790989
3544,3.85,166926.0,1435.6,1.355590537,15.81762608
3545,1.12,149901.0,1872.03,1.938853456,16.5098593
3546,1.69,263646.0,1109.08,2.463029209,15.76478414
3547,2.45,371422.0,1633.21,2.688869104,14.77700999
3548,3.02,357664.0,1934.23,2.054194851,13.10556174
3549,1.51,158445.0,1642.9,0.58306898,16.68537168
3550,0.0,282339.0,1664.19,1.244176132,13.52962948
3551,1.17,151137.0,1237.05,3.760182165,16.2653653
3552,1.57,351097.0,2154.35,1.878684669,14.41758664
3553,2.55,142918.0,1993.82,2.208191125,16.64196279
3554,0.8,365736.0,942.23,1.585939474,12.86301167
3555,0.51,260314.0,2128.39,1.27970712,14.04526827
3556,2.41,136555.0,1140.33,2.929588136,13.35763745
3557,1.41,364126.0,1447.83,2.168479781,16.14801551
3558,0.5,380513.0,2258.89,1.217857113,14.37308887
3559,1.39,262346.0,1501.44,1.644713891,15.44326421
3560,4.09,140874.0,2436.66,2.176831789,15.72817764
3561,1.4,377463.0,1899.27,4.244379056,15.92556388
3562,0.81,155995.0,1858.92,2.362827196,14.25061655
3563,0.56,367237.0,2264.26,2.796651495,17.4971452
3564,1.4,352346.0,1416.25,0.87598151,12.82828523
3565,2.92,118945.0,1173.59,4.576854807,16.50251414
3566,0.51,383499.0,959.95,0.3683464,15.26456643
3567,1.61,133234.0,1337.13,1.023822764,11.62681701
3568,1.25,397591.0,2380.04,1.787532261,16.20727407
3569,1.28,368017.0,1908.3,0.575968297,15.3235925
3570,1.51,171742.0,1819.96,2.972031784,14.61145252
3571,1.3,369124.0,1023.72,1.860125384,16.98332216
3572,0.49,155090.0,2488.2,2.141076356,16.57971395
3573,2.02,361588.0,2716.37,3.82292009,14.97090315
3574,1.41,360931.0,1801.14,1.626047146,11.90031266
3575,1.21,367180.0,692.18,3.351088675,15.62506594
3576,2.23,245620.0,1296.01,3.548925749,15.42617683
3577,1.49,362831.0,1052.23,1.295920757,15.75910544
3578,1.36,137272.0,2325.16,1.914626179,15.81930507
3579,2.33,346075.0,1126.14,3.165598056,14.9966299
3580,1.8,235271.0,2060.91,1.096976465,14.85455946
3581,1.78,387525.0,1803.57,1.432435825,15.63065209
3582,2.33,161871.0,2234.3,0.933491709,15.8678141
3583,2.05,371893.0,1362.54,1.401367277,14.00192402
3584,1.07,376157.0,1797.41,3.574012496,15.38601206
3585,0.45,381263.0,1067.21,2.992370704,13.70781555
3586,1.76,137691.0,2145.67,3.356883539,13.5955662
3587,1.73,354436.0,2035.72,0.939886508,14.89849672
3588,1.13,355283.0,1431.39,2.140595494,15.05160842
3589,2.03,166958.0,1697.35,0.968362784,16.47407546
3590,2.05,361108.0,2166.33,1.505844768,14.94933039
3591,2.6,348948.0,1907.44,1.478736538,16.08057929
3592,1.51,356137.0,1822.05,1.826089462,15.39864757
3593,1.57,367095.0,1028.96,3.122863746,15.2564391
3594,1.42,401119.0,1383.65,1.415785156,14.31635432
3595,1.98,246004.0,1548.63,0.717466481,15.72442961
3596,1.81,347177.0,2557.89,3.637272616,14.84853721
3597,1.59,356881.0,2275.82,1.05226073,15.52567864
3598,2.99,394400.0,2470.59,3.540475061,13.08524435
3599,1.84,346292.0,1360.95,2.188657787,14.88637764
3600,1.36,144159.0,1725.98,1.283308884,13.66789856
3601,1.77,152333.0,2429.66,3.723562759,14.57100285
3602,1.86,353032.0,1799.41,2.97417189,14.72278766
3603,0.97,381367.0,825.25,1.299173849,16.71220008
3604,0.3,386439.0,1505.11,2.351702044,16.05175284
3605,1.66,140219.0,1921.32,0.577871841,15.91216221
3606,1.63,135762.0,808.79,0.80210132,15.02472482
3607,1.71,150035.0,1909.58,4.290057045,13.07383149
3608,1.02,151488.0,2443.79,2.179207685,15.44969546
3609,1.6,149872.0,1956.02,1.200757963,14.39618047
3610,2.26,130653.0,1997.73,1.634846948,16.14355893
3611,1.71,147866.0,1672.61,2.192804614,15.79971032
3612,2.1,262696.0,1906.96,1.657576217,15.60731644
3613,2.0,380755.0,1455.99,2.019554697,15.20165083
3614,1.11,349094.0,1247.23,1.721634026,14.22897348
3615,0.53,150095.0,1133.28,1.88111882,13.45367437
3616,1.67,263989.0,1821.53,3.700832208,16.46752762
3617,1.61,281583.0,1851.21,1.74797134,16.22283308
3618,1.39,269226.0,2195.96,1.687546217,15.07720842
3619,1.32,381054.0,1742.14,2.870829664,15.85798833
3620,1.84,361235.0,681.27,1.787661101,12.9409341
3621,1.37,262513.0,1891.48,0.735085222,15.15495181
3622,1.06,390577.0,1504.26,1.376483464,15.16659721
3623,1.43,261430.0,1315.04,2.475721053,14.84424436
3624,2.95,144773.0,2248.52,1.061500141,15.74893433
3625,2.39,283679.0,1945.6,2.307670669,16.41882235
3626,2.23,251999.0,1741.38,3.999400033,13.50901111
3627,1.99,375152.0,2027.45,2.31367058,17.73027397
3628,1.59,155817.0,1948.78,2.83357013,14.00650658
3629,1.36,268633.0,707.77,3.685721621,13.69238227
3630,2.34,370224.0,1644.38,1.754377399,16.55691898
3631,1.56,163197.0,586.86,3.306620135,15.66567377
3632,1.08,157670.0,821.61,3.715564482,15.40570966
3633,1.89,269835.0,1788.73,3.71776512,16.3018457
3634,0.97,360631.0,1661.46,1.577931415,14.79642839
3635,1.74,257215.0,2382.88,3.650112196,15.74122533
3636,2.69,232735.0,1717.06,2.639389137,13.93640263
3637,1.36,362739.0,711.6,3.650709314,14.3610278
3638,1.64,163995.0,1370.03,1.320932323,16.21725284
3639,1.77,370235.0,2539.17,2.961476143,12.38691688
3640,1.96,260258.0,944.69,1.940504334,12.81226077
3641,0.83,253354.0,2083.96,1.990029773,15.35513368
3642,1.44,123858.0,1907.91,0.480979418,15.46620931
3643,2.18,401119.0,1431.31,3.187959358,15.72610683
3644,1.61,150620.0,1483.62,1.196904809,15.21218733
3645,0.83,149933.0,1911.9,2.180487668,16.36391873
3646,1.55,367439.0,2195.92,1.578879314,11.89397351
3647,2.91,266263.0,976.27,2.251188921,15.06578702
3648,1.12,386072.0,1607.66,1.255335337,12.74461575
3649,1.45,391445.0,707.07,1.039220637,14.82431374
3650,0.77,365940.0,789.53,1.578551084,16.36488597
3651,0.81,255945.0,2336.96,1.862947704,15.39281938
3652,1.49,160466.0,2307.85,1.848661545,17.69422959
3653,1.36,260877.0,1405.77,1.553678538,15.77229731
3654,1.55,340750.0,2220.45,1.997653207,15.95545846
3655,1.71,249707.0,2272.0,3.396731708,14.00382105
3656,1.37,168499.0,1796.39,1.246175971,16.467097
3657,1.53,135054.0,2526.01,-0.251369185,13.90306428
3658,1.48,365216.0,2534.1,4.689381441,16.9599728
3659,0.62,364002.0,2355.32,2.878450909,16.56454657
3660,1.13,253746.0,2360.17,1.957950762,15.31671472
3661,1.53,367049.0,2297.9,2.307447102,15.74997986
3662,2.7,364862.0,1752.25,3.938226294,13.20978603
3663,0.82,361944.0,2268.38,1.845327539,16.08992004
3664,2.46,170979.0,2165.74,4.016477177,13.78854862
3665,1.11,378141.0,1658.43,1.832309375,16.0197244
3666,1.16,173954.0,1926.86,1.917382267,16.09286105
3667,1.25,362768.0,796.46,1.460277257,14.05616165
3668,0.71,361208.0,1898.02,2.190912258,16.02125806
3669,0.59,400590.0,928.58,2.035435002,15.8203246
3670,0.75,254628.0,1756.7,2.799888314,16.99496465
3671,1.07,372726.0,923.42,1.652500795,16.39415228
3672,1.62,144528.0,1728.17,1.535687944,12.69975483
3673,1.8,368057.0,2004.25,3.74417738,16.18699354
3674,1.04,370027.0,2175.27,1.665789719,15.69391098
3675,1.33,381322.0,1886.28,1.566620209,13.82435714
3676,2.62,358436.0,1890.71,1.804086803,14.32424927
3677,1.26,354266.0,1100.45,2.658545806,13.80196543
3678,0.6,258430.0,1388.4,1.4575756,13.93843193
3679,1.3,266004.0,2699.49,1.723089338,15.98330967
3680,1.41,129489.0,2235.09,2.730447368,16.44624062
3681,2.3,356536.0,2303.2,1.58965248,12.09062975
3682,1.64,365461.0,837.99,1.748819189,15.81919783
3683,0.47,275391.0,2314.4,3.591546666,14.23012165
3684,0.9,378452.0,828.48,4.515031277,15.76702447
3685,0.31,139756.0,2668.27,3.124427813,14.93645849
3686,1.82,151737.0,706.48,1.546161997,14.29882058
3687,0.86,362434.0,2415.5,1.924190121,15.39717596
3688,1.64,272435.0,2333.99,1.616919831,16.26959577
3689,0.1,366077.0,841.02,2.277315272,17.27115081
3690,1.59,353348.0,1185.11,2.739635359,14.9538023
3691,1.19,369194.0,1767.51,0.223375981,15.57825878
3692,1.62,389121.0,2150.35,1.687385442,12.28592344
3693,1.6,367514.0,649.88,1.268815392,16.185083
3694,1.32,401119.0,1547.22,2.983054094,15.5499132
3695,1.08,362390.0,586.86,0.750851513,15.11245784
3696,0.76,171676.0,2242.16,2.91784905,15.79833744
3697,1.43,372658.0,846.74,1.535519994,13.601409
3698,2.13,369416.0,2609.49,1.68778231,17.35615151
3699,2.08,145563.0,2633.98,1.67211579,16.37361007
3700,1.58,261126.0,1003.98,1.114574366,15.55878645
3701,0.56,270059.0,1963.45,1.487962428,17.66197292
3702,1.67,145159.0,1860.61,3.698550695,14.8963681
3703,2.5,369003.0,1319.45,0.535300135,14.78785433
3704,1.31,365904.0,1022.14,2.805506529,14.41419588
3705,4.25,372793.0,2007.31,1.115279972,15.98913185
3706,2.25,355721.0,777.3,1.166233718,12.65983853
3707,1.5,257539.0,2532.07,1.408601209,14.93487459
3708,1.31,168279.0,1949.84,3.026371677,13.91038041
3709,1.72,365577.0,821.3,1.592832467,11.72205828
3710,1.83,345513.0,1529.45,3.605210648,15.31708813
3711,1.3,389193.0,1244.02,2.124081874,14.12486639
3712,0.67,269814.0,2268.78,1.368703244,14.56325722
3713,1.36,249375.0,1962.55,1.074135116,13.87412369
3714,3.02,378496.0,586.86,1.732261039,15.36834498
3715,1.67,139425.0,660.8,4.10602903,16.00702539
3716,2.34,286742.0,2522.34,2.038282118,14.95868866
3717,0.94,246775.0,2212.31,3.764406188,14.01341373
3718,1.33,151772.0,1497.39,2.354079119,13.43558199
3719,0.0,366999.0,1628.69,0.968302483,16.31985243
3720,2.58,357689.0,1444.98,3.60791147,14.52792575
3721,0.09,372614.0,2922.07,4.336563811,15.77022034
3722,1.55,371415.0,2285.49,4.391197196,16.05398377
3723,1.16,138348.0,1828.68,3.635893118,16.57837482
3724,1.68,247400.0,1630.11,1.952755248,16.40542115
3725,2.23,257118.0,839.44,4.015030132,15.05966892
3726,1.12,362872.0,1295.54,1.893927214,15.02905281
3727,2.56,139615.0,2452.73,1.679465729,13.70621299
3728,1.63,354645.0,1353.3,2.597000094,15.49814856
3729,0.99,384528.0,891.65,1.60786247,16.37730911
3730,0.8,391962.0,1839.6,3.69652817,17.71341782
3731,1.4,131618.0,1736.53,1.151301383,13.40364136
3732,1.27,152658.0,2021.01,1.244485528,11.83629392
3733,1.79,240333.0,1294.59,1.419918723,11.2583727
3734,2.36,376258.0,2373.04,2.311930371,15.75482496
3735,1.23,255367.0,1565.9,1.130645878,15.06694576
3736,1.44,146465.0,2253.01,1.227550612,15.39490374
3737,2.18,158247.0,1786.89,1.50456205,16.1081634
3738,0.78,350424.0,1108.49,4.17191818,13.27181716
3739,1.92,367339.0,973.23,2.715170116,14.89879808
3740,1.39,366181.0,1435.16,2.035364666,16.70452273
3741,0.44,158836.0,1687.86,4.624195084,13.62934184
3742,1.71,153247.0,2304.91,3.934090213,14.99018448
3743,1.82,132686.0,2285.82,1.778533138,16.34750161
3744,2.07,364919.0,1407.25,1.033551457,14.58609475
3745,1.05,241628.0,1906.45,3.587538087,14.2542536
3746,1.73,170153.0,833.88,1.456168756,15.3951771
3747,0.72,352969.0,1820.82,2.340662899,15.12843457
3748,2.04,114947.0,2116.93,3.86160389,11.2583727
3749,1.41,373111.0,808.94,0.589421815,15.67729009
3750,1.54,353845.0,1953.06,1.884217698,14.17670775
3751,0.45,372361.0,1189.57,1.458073314,15.29319839
3752,1.6,249397.0,1508.82,1.391040402,14.5192183
3753,1.54,383700.0,1483.41,1.171734549,14.71676988
3754,0.81,394649.0,2320.75,1.652097647,13.06441068
3755,2.14,271090.0,880.28,2.434816269,15.950997
3756,2.12,144932.0,1867.35,0.132982591,16.28651805
3757,1.48,358586.0,1094.61,0.691044288,15.74697103
3758,5.03,247749.0,715.55,1.362508559,13.6523908
3759,1.25,146710.0,1380.79,1.256637366,14.26742617
3760,1.39,379187.0,1962.02,0.746887853,15.80512954
3761,1.65,371441.0,1045.22,1.719082699,16.27194525
3762,0.25,133269.0,2213.77,2.061957182,14.49021809
3763,0.66,131995.0,1788.47,2.832149808,14.37921586
3764,1.6,243781.0,1790.67,0.539590689,14.60390981
3765,1.27,141708.0,1766.6,1.644830727,15.74688824
3766,1.46,266971.0,1829.01,2.77583704,14.4585396
3767,1.54,153481.0,1408.44,1.859387566,14.69789403
3768,1.99,374899.0,851.59,3.530461846,16.85050137
3769,0.82,387804.0,2169.28,4.132186026,16.02366369
3770,1.29,389762.0,1932.79,1.672681024,15.42053854
3771,1.77,385031.0,1841.25,-0.326393035,13.69560723
3772,1.7,360532.0,1824.48,1.991021654,14.60198241
3773,1.82,131350.0,916.3,4.93924406,14.25454387
3774,0.98,261336.0,1007.68,1.322923113,17.1056434
3775,1.98,349162.0,992.28,3.050554844,15.31729974
3776,1.22,250264.0,586.86,2.157549438,15.86454416
3777,2.09,153652.0,939.35,3.897268304,15.51378249
3778,0.89,272138.0,2009.82,2.292483712,14.4798451
3779,1.45,139326.0,2079.77,1.421014928,15.98116229
3780,1.69,363894.0,2423.72,1.723260323,11.92834204
3781,0.9,140439.0,1331.32,3.236434499,16.67111722
3782,1.08,348187.0,1824.43,1.766963446,11.56523513
3783,1.34,138974.0,1945.09,1.705968783,17.25351044
3784,2.13,122350.0,827.16,1.520868527,14.8753566
3785,1.34,378316.0,2287.11,1.754744048,17.73027397
3786,1.49,362155.0,1991.06,-0.267430852,13.14531441
3787,2.4,165984.0,1648.05,3.888297654,15.33518015
3788,0.85,123826.0,1720.08,1.426284739,15.27430419
3789,2.61,331305.0,1851.99,-0.074852026,14.23166345
3790,1.82,381913.0,2398.15,2.22664263,14.45872081
3791,1.29,350364.0,1949.97,1.437432174,16.23155021
3792,0.97,168230.0,1152.59,2.114342749,15.56027497
3793,0.82,366647.0,1720.67,0.914551338,15.65496327
3794,1.83,254715.0,845.94,0.807870256,14.24627726
3795,1.07,239469.0,1127.51,1.20720636,15.08372656
3796,0.95,385722.0,1979.77,0.375224209,15.50158017
3797,0.23,370740.0,1514.61,1.893415302,15.82253749
3798,0.96,363879.0,1114.0,1.972529988,14.28687266
3799,0.66,263542.0,1914.52,2.498985613,15.37528475
3800,1.49,146235.0,2428.89,2.046256053,13.75734193
3801,1.4,373340.0,2322.42,1.707527349,16.15264299
3802,0.67,369995.0,1818.5,2.221067288,13.36073443
3803,1.1,237388.0,1792.95,2.701810653,14.51157768
3804,0.76,382410.0,1576.09,1.900380916,15.55210283
3805,1.63,248702.0,1889.08,1.396179061,16.35554844
3806,0.98,128754.0,1078.61,3.606885308,15.65606477
3807,2.68,142046.0,1970.05,4.527058651,16.39349704
3808,1.75,381519.0,1378.96,0.880123051,15.00430858
3809,1.26,376175.0,730.7,2.632629226,15.56863968
3810,0.16,395563.0,2426.51,3.232116977,15.578318
3811,1.65,244178.0,1484.55,1.459063231,15.41289461
3812,5.43,376857.0,2033.5,1.284060045,15.59246559
3813,1.38,250151.0,2103.87,1.526726003,15.90486136
3814,4.98,157108.0,1602.54,2.94730435,13.9991231
3815,1.92,167795.0,2087.6,1.433024774,15.37071822
3816,2.41,164744.0,2541.39,2.315979932,15.93588251
3817,0.73,381087.0,1516.97,2.778418861,14.90848461
3818,0.97,390331.0,851.78,1.445274579,16.14499866
3819,1.26,252669.0,2496.37,2.006629383,16.55174544
3820,1.94,259746.0,586.86,1.712882621,16.56354646
3821,2.1,370960.0,1844.92,2.636585329,16.09564425
3822,1.72,354569.0,2469.3,1.545559822,14.27545004
3823,1.18,274864.0,1822.25,1.421513946,15.43172694
3824,1.61,392340.0,2121.22,1.696226346,13.89347949
3825,2.13,382800.0,838.37,1.10730165,15.9404037
3826,2.58,343096.0,750.94,1.929679784,13.51116921
3827,0.92,352687.0,1854.42,4.204710081,15.04289338
3828,1.13,352765.0,1837.43,1.755540902,16.26668432
3829,0.92,141306.0,749.02,3.781856753,16.2005917
3830,0.56,360708.0,1863.59,1.816546503,15.33687736
3831,0.55,233499.0,1928.52,1.220533785,15.36587164
3832,1.88,373298.0,2136.58,2.787528345,16.77597522
3833,0.64,273760.0,1315.47,1.076180157,15.43004414
3834,1.84,384921.0,943.84,1.813470811,15.33464102
3835,1.85,367142.0,1824.32,1.689660514,16.39143727
3836,1.95,148710.0,1479.71,-0.21726478,15.87856745
3837,1.65,367162.0,2087.72,3.470153976,15.51242543
3838,1.64,138919.0,1769.03,1.012571228,14.9452797
3839,0.43,367203.0,752.38,3.567041129,16.49369515
3840,2.15,369718.0,2085.73,0.916378995,13.49463914
3841,0.63,141450.0,1965.75,2.601703151,17.66044817
3842,1.75,145072.0,1754.48,3.890072199,15.51994041
3843,4.95,345406.0,2572.01,4.166991572,15.95590076
3844,1.01,374048.0,993.7,2.834109425,15.73019491
3845,0.32,151039.0,1245.37,1.942625702,16.52480798
3846,1.04,373149.0,920.78,1.505192939,15.8823144
3847,1.3,377641.0,1927.04,1.369550652,13.09212052
3848,0.65,358610.0,1880.9,2.113754833,16.99190842
3849,2.33,158081.0,902.95,0.972288425,11.92967496
3850,0.87,139367.0,1137.34,2.278226498,17.07794009
3851,0.74,375523.0,2204.52,1.482488021,13.22894069
3852,1.02,369480.0,859.46,4.659133315,13.75904463
3853,0.79,272362.0,1159.3,1.575354602,16.20567124
3854,2.16,393475.0,690.46,0.38649305,13.19901079
3855,1.17,388645.0,2156.35,2.696672075,16.55941888
3856,2.49,350206.0,2515.63,3.700188922,13.58325467
3857,0.87,143307.0,765.62,4.310407453,14.54673279
3858,1.08,358249.0,2392.81,1.559324895,15.02097389
3859,2.22,338914.0,1217.06,1.326956712,15.29360355
3860,1.42,382063.0,2076.16,0.863995068,14.03347869
3861,1.43,164888.0,1893.77,3.409690202,14.00568327
3862,0.79,376137.0,2173.59,1.975526838,16.64894171
3863,1.27,348495.0,1801.95,2.985224819,11.2583727
3864,0.0,378617.0,1869.87,3.087361953,17.40338878
3865,1.02,375292.0,1840.72,1.727520463,13.91691407
3866,2.49,141507.0,1041.17,0.253735548,14.91052422
3867,2.17,363519.0,1826.42,4.21445607,15.62860577
3868,1.29,327308.0,1931.14,1.107841916,12.54669653
3869,0.67,371423.0,2489.33,3.428775366,16.40028843
3870,1.29,170992.0,1993.25,1.765991124,17.03346662
3871,1.3,382482.0,1792.24,1.685348454,14.12282982
3872,0.61,361209.0,1090.85,3.706203754,16.17252991
3873,1.62,378255.0,2411.36,1.844893889,13.92474644
3874,1.06,278443.0,1825.85,3.73325728,15.78284854
3875,2.44,234931.0,1819.83,4.245693044,16.94343155
3876,1.79,399428.0,2307.96,1.398536429,15.61201037
3877,1.43,374606.0,1822.56,4.376387497,15.9220105
3878,1.15,156918.0,942.08,2.286627038,16.5974302
3879,0.81,250685.0,1495.64,1.336051568,15.48642036
3880,1.94,165067.0,1963.88,3.657326278,16.2992213
3881,0.54,383136.0,751.5,2.062130924,15.86753813
3882,1.44,365698.0,2355.28,4.057583871,14.92733432
3883,1.18,383916.0,1845.85,1.435941736,13.80464778
3884,2.8,362443.0,2059.48,4.93924406,16.01632973
3885,0.56,285213.0,2004.96,2.823811736,13.61873491
3886,2.12,133815.0,2374.02,3.046538951,15.26471109
3887,0.74,162150.0,2111.14,2.138960617,17.29898347
3888,1.14,374540.0,2500.39,2.226288841,12.18883483
3889,1.22,342666.0,2539.32,1.457867994,15.07688982
3890,1.33,272345.0,812.14,2.047600385,12.17002656
3891,1.28,152570.0,1260.85,1.010196921,15.87709983
3892,1.81,369626.0,1563.31,-0.326393035,14.37195675
3893,1.74,178422.0,1931.21,1.703849785,16.73797415
3894,0.97,160111.0,1800.62,0.917250729,14.72353092
3895,1.16,140689.0,2058.9,1.359980793,14.7406468
3896,0.97,273161.0,1623.8,0.230576442,16.1667154
3897,1.15,276561.0,1810.96,3.303004943,14.19965
3898,1.56,151241.0,1622.71,0.602687211,16.87755417
3899,1.92,139744.0,1557.87,0.934854352,14.84548891
3900,2.45,158596.0,2228.03,1.568514848,17.04451264
3901,1.13,347155.0,2253.08,0.115742196,16.47722486
3902,0.79,258755.0,1709.79,1.674386682,15.95886571
3903,1.64,259404.0,2193.83,0.165227578,13.43561219
3904,1.11,362420.0,1919.99,1.129162879,15.21939755
3905,2.82,363384.0,1431.93,1.430469041,15.14321859
3906,2.84,136688.0,1354.35,1.16513463,15.11655309
3907,1.46,370168.0,949.57,1.832236322,15.08953014
3908,1.83,373246.0,1845.92,1.022152056,13.76705217
3909,0.8,371301.0,1877.35,3.640755946,15.06651161
3910,1.69,386751.0,1361.57,3.526023009,15.46115293
3911,0.64,386088.0,927.65,3.684201405,15.84967073
3912,1.45,145678.0,1572.57,3.254135878,15.85983681
3913,1.63,250277.0,744.52,0.610590074,15.89150247
3914,1.9,349477.0,1468.36,0.258499858,16.48688047
3915,1.36,241936.0,2310.75,1.197561042,16.05993863
3916,1.0,156505.0,2454.46,0.902859198,15.35351256
3917,1.17,258548.0,1778.4,3.447035564,15.53682182
3918,1.46,362837.0,1688.99,2.13309161,14.40803001
3919,1.38,393166.0,586.86,1.41829297,17.38773529
3920,2.07,382706.0,2396.08,4.93924406,16.45701661
3921,0.94,257916.0,1607.32,1.952487831,16.27061733
3922,1.29,147480.0,1543.9,3.100621781,17.46770832
3923,0.91,171125.0,957.45,3.365403243,13.51349841
3924,1.85,149214.0,1560.58,3.011854195,15.80063414
3925,2.61,246574.0,2156.66,1.700243436,12.52675117
3926,1.5,246828.0,1759.49,1.758973609,17.54742683
3927,1.47,356921.0,1387.18,1.434455867,17.29745295
3928,2.17,270284.0,1807.52,2.782139481,16.89076851
3929,1.97,366470.0,963.78,2.810773667,12.47163845
3930,2.78,355727.0,2263.12,1.978464903,16.48824758
3931,2.12,249929.0,883.09,1.335496412,15.85849586
3932,2.4,400223.0,1720.07,3.806371341,16.32455356
3933,1.32,114947.0,2217.79,0.94852904,16.22262076
3934,7.02,152214.0,1329.38,1.407713043,15.50764922
3935,2.83,363202.0,1621.65,-0.246436932,16.58115064
3936,6.53,146196.0,2101.85,4.118683272,13.96291086
3937,0.56,149184.0,2126.73,0.75230675,14.63350675
3938,1.44,159929.0,1892.32,1.508743535,15.7741683
3939,1.71,359126.0,1745.3,3.684059413,14.12637102
3940,1.35,370215.0,2235.64,2.94173319,16.56083835
3941,1.11,169165.0,1908.14,2.030458715,16.70715545
3942,2.35,244734.0,1708.63,0.440157622,16.48672075
3943,1.53,396273.0,2495.78,1.430054144,15.89319503
3944,2.04,247147.0,2469.02,2.457072112,15.49806686
3945,1.09,401119.0,1978.29,1.39449754,13.71388551
3946,1.02,388781.0,2226.74,1.290396878,16.13072765
3947,0.92,376735.0,2567.4,2.301921558,15.94128683
3948,0.84,389919.0,1263.5,3.326202437,14.36525937
3949,2.53,356972.0,2125.79,3.924831229,15.98492226
3950,1.16,165713.0,2465.5,0.626709702,15.15744894
3951,1.16,242895.0,1765.25,3.07610948,15.42464688
3952,1.82,133773.0,733.75,1.664945905,15.22759257
3953,1.94,258036.0,2601.0,1.151364293,16.58125833
3954,0.37,143929.0,1761.5,1.953738938,14.69182189
3955,0.92,353745.0,919.19,3.063731244,15.95033226
3956,0.5,285734.0,1831.54,1.19659003,13.42763659
3957,2.48,358156.0,2337.51,2.469384621,14.87717719
3958,1.88,142196.0,1886.36,1.027111076,16.66053319
3959,1.63,128599.0,1845.76,1.778293474,15.0988645
3960,2.14,398098.0,1918.93,2.928915441,16.35557102
3961,0.85,372463.0,1308.39,1.846597752,13.2713431
3962,1.0,154367.0,1992.43,2.143918579,14.9683951
3963,0.83,153196.0,1893.18,0.744229886,15.17565948
3964,1.13,361008.0,774.96,1.786641997,15.74404458
3965,1.52,381759.0,977.51,1.675536991,13.72688314
3966,1.16,374211.0,2231.88,3.913896185,16.61244466
3967,1.2,124904.0,1801.41,0.66769602,16.71510229
3968,1.2,128825.0,954.71,3.57054844,16.55982188
3969,0.5,145527.0,1736.79,4.198554852,13.9705487
3970,2.17,165055.0,776.87,0.995567869,15.69047482
3971,1.17,373523.0,1774.86,1.911851793,16.1955818
3972,0.0,153910.0,1933.23,2.072069521,13.57080582
3973,1.56,346537.0,2203.45,-0.326393035,15.24667617
3974,2.25,366958.0,1775.76,2.048288778,16.16640644
3975,1.03,384895.0,1534.26,4.121514324,13.14916144
3976,1.45,148585.0,1820.17,-0.244630604,15.28166575
3977,1.34,175412.0,1490.02,1.432407562,13.60599021
3978,0.54,374936.0,2183.36,3.714486289,16.22416651
3979,1.9,158830.0,1091.43,1.614978981,14.73088813
3980,1.32,114947.0,1113.27,1.499249835,15.47718577
3981,0.73,362379.0,2158.68,1.723712836,13.47400377
3982,0.95,276457.0,2117.56,-0.09936439,15.30261104
3983,2.81,388571.0,1039.62,3.488947103,17.04025765
3984,2.14,361708.0,751.02,-0.326393035,16.30908384
3985,1.81,156772.0,1609.02,0.010599767,13.45751724
3986,1.38,248979.0,1721.91,1.64177124,16.36504468
3987,0.26,374545.0,1874.23,2.313088957,13.65884546
3988,2.28,365474.0,1244.98,1.289473399,13.459769
3989,0.83,280999.0,2338.54,2.634027632,15.6379668
3990,1.08,365494.0,1852.47,2.26280972,15.79410997
3991,2.27,375806.0,2227.31,1.700084664,15.7154937
3992,0.97,161612.0,1922.99,3.286461201,13.80889668
3993,1.68,115203.0,2137.12,1.875874895,15.05195115
3994,1.06,275411.0,1007.92,2.723690913,14.51847183
3995,2.23,358675.0,1906.13,2.172804087,16.05303365
3996,2.17,259297.0,786.58,4.421996155,16.22340204
3997,1.26,374185.0,1959.49,2.149713363,13.71459822
3998,2.61,159656.0,2363.77,1.759969264,13.94007217
3999,1.87,172506.0,1045.37,1.961046295,13.72971384
4000,1.18,150754.0,2144.54,1.946290178,15.70179429
4001,1.27,384318.0,1742.2,3.957116114,15.85210287
4002,1.9,389732.0,1284.68,4.35380321,14.93905495
4003,1.47,152838.0,1839.88,3.123682936,16.10165673
4004,2.44,372502.0,2973.04,3.477655653,15.48760025
4005,0.84,370300.0,1313.72,1.540863033,16.78367702
4006,1.35,131020.0,1724.73,1.286836804,13.03186735
4007,1.9,148692.0,967.59,3.447452997,15.73111778
4008,1.62,365016.0,1411.37,1.705543522,15.81940173
4009,0.0,388964.0,2272.08,2.124338168,13.89820086
4010,1.27,130514.0,1252.14,0.318494334,15.76248908
4011,1.54,362361.0,1929.35,2.634758511,15.81069946
4012,0.31,134147.0,1872.74,3.153803189,15.86786293
4013,1.81,258159.0,1969.67,3.763548309,13.01249761
4014,0.75,172253.0,2331.62,0.90181975,13.44431777
4015,2.45,380799.0,1582.93,1.787795967,13.52710343
4016,1.49,391485.0,1983.6,1.510753174,11.2583727
4017,1.78,130447.0,2257.94,2.900260551,13.66713987
4018,1.67,126731.0,1796.05,0.887776417,12.03159277
4019,1.45,161424.0,1721.59,2.348991227,15.06931426
4020,1.28,372403.0,1423.79,1.585436922,12.69315117
4021,0.98,390306.0,1944.71,1.243255385,17.21254867
4022,0.73,377765.0,2237.86,2.843869642,14.6100696
4023,1.13,155178.0,1836.3,3.746981402,16.03247438
4024,1.25,241537.0,2323.29,2.252491174,13.34164058
4025,0.91,123370.0,1840.67,1.265071136,16.12473573
4026,1.91,366290.0,1194.7,2.120066952,13.70710447
4027,3.47,248566.0,2447.66,2.462319353,15.41304818
4028,0.98,158604.0,1292.72,4.079633416,15.09440358
4029,1.39,385994.0,1990.18,1.897798208,17.20618298
4030,0.95,157886.0,1574.46,1.1214446,13.64351705
4031,1.46,245800.0,706.8,1.386159044,15.52830842
4032,2.51,390002.0,1122.63,1.907627122,14.50964726
4033,1.54,372142.0,2245.24,2.894644364,16.09441594
4034,1.22,376657.0,2130.8,4.767031788,11.96946797
4035,2.12,154925.0,1977.99,4.068690871,13.25711292
4036,1.26,365348.0,2928.86,1.444374682,14.26141459
4037,2.16,153535.0,2463.98,2.939492669,14.99705641
4038,1.6,389652.0,1811.01,0.63773146,15.05621424
4039,1.28,372186.0,758.86,1.907291789,15.54567602
4040,2.48,342914.0,1937.92,0.388527552,15.29120921
4041,0.0,276909.0,1859.96,1.617047207,15.24110816
4042,1.26,342938.0,1890.7,1.314284212,14.79795353
4043,1.38,263258.0,1717.58,3.873664493,12.90349831
4044,1.45,363049.0,1379.25,3.479405167,16.01926047
4045,4.11,365730.0,1999.73,1.328178631,15.25179194
4046,1.74,366514.0,589.37,4.576008717,13.03135982
4047,0.45,378704.0,1559.93,1.190544381,16.51855723
4048,1.31,356338.0,1044.08,3.614928589,15.96046886
4049,1.57,375202.0,1872.14,0.723063704,15.67117015
4050,2.11,371405.0,1854.89,2.192926966,15.63486462
4051,1.58,381469.0,1735.09,4.526301936,15.7673413
4052,1.76,354223.0,1286.52,4.068867507,12.09975142
4053,1.02,258881.0,2449.03,1.278754462,15.298134
4054,0.83,151368.0,851.24,2.185803045,12.65800479
4055,2.46,255575.0,2013.09,4.618252649,15.88221829
4056,0.63,151728.0,1736.61,0.90400734,15.40673582
4057,1.62,357756.0,1267.03,1.919671239,14.85595465
4058,2.87,354783.0,1370.32,1.701836621,15.90456632
4059,1.39,369371.0,1411.61,4.235800488,17.20017211
4060,1.54,255232.0,1879.77,1.386684175,15.31999855
4061,1.67,369535.0,1979.45,1.987014419,15.49371853
4062,1.75,362771.0,699.55,1.156219235,15.69068648
4063,0.97,385496.0,2096.22,1.880283833,15.54041147
4064,0.52,268121.0,1448.2,2.862747005,16.54168304
4065,1.91,234577.0,1835.72,1.82816666,14.51721496
4066,2.37,372747.0,938.73,1.591838699,14.81997275
4067,1.57,241903.0,2095.63,2.359256005,14.6830846
4068,0.85,370767.0,1180.46,1.891108923,17.18964512
4069,1.33,154418.0,1066.86,1.433247014,14.55792885
4070,1.1,392366.0,1787.02,1.539179158,15.22846246
4071,1.82,145253.0,861.08,1.665773968,14.80798971
4072,0.79,148519.0,1888.21,3.612196752,15.94882833
4073,0.78,386722.0,1821.02,1.090379879,16.14122341
4074,1.88,348106.0,1786.69,1.773174726,15.26296141
4075,5.8,361085.0,2049.71,4.132502581,13.88145322
4076,1.51,352178.0,586.86,1.847572041,12.41597626
4077,2.68,384902.0,1353.97,2.373489823,17.29847473
4078,1.97,234775.0,1963.41,1.108685417,16.16365588
4079,1.29,369647.0,1043.72,2.645360882,16.32019875
4080,1.21,372249.0,1811.38,2.906411497,16.28038631
4081,1.29,335576.0,1691.2,0.463801319,15.84862247
4082,2.15,363401.0,1893.32,1.727820725,16.41000177
4083,1.57,146743.0,2288.55,1.857624184,15.37466812
4084,0.99,158127.0,1939.98,2.075789697,16.00485818
4085,2.35,355675.0,890.73,2.699933067,16.04095138
4086,0.53,142540.0,2208.66,1.066962186,16.00137402
4087,0.79,235464.0,1585.57,0.889792246,16.42579851
4088,0.25,148584.0,1086.93,1.51842237,15.19010429
4089,2.22,123577.0,1383.42,2.059654531,15.37222445
4090,2.62,373174.0,786.55,0.846297195,14.53152419
4091,1.66,363539.0,2598.78,1.53165321,15.97036791
4092,0.95,365247.0,1508.32,2.311180972,15.74142022
4093,3.07,362870.0,914.09,1.756157736,16.48194998
4094,1.89,163208.0,793.6,1.397109674,14.35525584
4095,1.58,260537.0,932.04,2.496219365,15.99711247
4096,2.19,351930.0,2232.88,0.711644634,16.82823464
4097,1.96,144701.0,1578.05,1.548647884,17.05993554
4098,1.07,368028.0,914.89,4.293211046,16.28278649
4099,1.38,264039.0,1138.93,1.900417227,16.92124892
4100,1.28,383230.0,2245.37,3.922378504,15.37710596
4101,1.5,250426.0,1071.99,2.327646697,16.85537848
4102,1.98,376095.0,1154.94,1.898953657,15.2955844
4103,0.77,379890.0,1932.32,2.115211885,16.52598486
4104,0.21,353239.0,2039.56,1.017876428,16.3492228
4105,2.39,342036.0,1763.11,3.448141314,13.24427256
4106,2.19,350438.0,675.09,3.440026731,15.99250433
4107,0.85,150918.0,1501.21,1.923782613,14.93955587
4108,1.51,242750.0,2407.7,1.568346242,15.32846096
4109,1.21,263359.0,1759.71,2.83452386,12.57615798
4110,0.99,134904.0,1951.76,2.261460555,14.13344906
4111,0.7,374569.0,2133.97,4.420217709,15.59840585
4112,1.17,354731.0,2238.88,1.275636289,14.00109813
4113,1.18,151796.0,1692.94,1.18691301,15.14021294
4114,0.75,374815.0,841.96,1.412916589,14.04376308
4115,2.48,361369.0,1892.85,1.477161219,15.85676489
4116,0.69,267169.0,1885.08,1.477789061,17.00846285
4117,1.81,385241.0,803.47,1.739082064,14.01556193
4118,0.71,145305.0,1437.96,1.657732007,14.44210194
4119,1.58,135956.0,2629.11,1.683107618,12.18189467
4120,0.84,371952.0,1712.61,1.206978408,15.28414634
4121,0.78,134498.0,2420.85,4.531951541,14.27258209
4122,2.4,161862.0,1984.57,1.553740918,14.82123627
4123,0.79,144094.0,2329.31,1.277915869,11.68522587
4124,0.7,376932.0,1043.62,4.792703056,16.70724283
4125,0.71,379030.0,901.23,1.930862373,15.66790262
4126,1.58,357059.0,610.37,1.487152479,16.15713962
4127,0.79,370959.0,1893.86,0.21795874,15.57305206
4128,1.87,164906.0,1395.82,0.756308712,15.72176227
4129,0.81,259117.0,2345.68,1.509680459,14.89685342
4130,1.53,387221.0,2258.98,2.267868354,13.79731224
4131,0.73,270910.0,2512.08,3.01649362,16.39901069
4132,2.79,139354.0,2019.3,1.298274322,13.41381832
4133,2.02,262881.0,765.71,2.457636617,15.3444154
4134,2.13,363998.0,2048.87,1.517282375,13.66064421
4135,2.39,380240.0,2196.2,1.394990848,15.54845178
4136,0.54,257357.0,1564.16,2.558379004,15.69399176
4137,0.24,132855.0,2271.92,2.100967688,16.05223681
4138,0.61,362832.0,1396.53,2.054831999,15.66337595
4139,0.95,126396.0,1810.33,1.721218707,14.40737029
4140,2.57,247105.0,2242.15,1.789720195,11.94547172
4141,1.43,357615.0,2456.19,1.964024702,14.05818039
4142,1.67,257678.0,840.81,4.246855909,15.66004104
4143,1.38,262522.0,2550.45,1.20637183,12.9043782
4144,1.4,350413.0,2089.05,1.649408502,14.41373252
4145,0.94,364867.0,1880.48,1.119463647,15.92246128
4146,1.97,168338.0,1242.82,1.280946336,17.73027397
4147,1.73,247307.0,2497.49,1.162293577,16.05012298
4148,1.42,150796.0,2044.2,0.943505199,15.25661734
4149,2.29,265841.0,2107.39,2.994040588,16.68713052
4150,1.97,385128.0,2106.84,0.792992552,16.27327765
4151,0.63,398687.0,622.52,0.789969981,14.81342536
4152,0.84,371730.0,1829.8,0.844248379,16.32318911
4153,1.5,130142.0,1795.81,1.580606477,14.16430895
4154,1.25,138562.0,1880.43,1.262880096,13.62819774
4155,0.46,368561.0,1881.78,1.703687771,16.49629142
4156,2.49,365619.0,712.84,1.289666469,15.9103281
4157,0.0,133124.0,1657.38,1.186151386,16.45965953
4158,1.11,347968.0,1927.93,0.94346671,16.20598604
4159,0.79,352230.0,1825.36,1.830426284,12.92418113
4160,1.44,358733.0,738.68,1.825874306,13.40240144
4161,2.81,255348.0,774.43,2.572405615,17.17513865
4162,1.43,395216.0,1901.79,3.03027872,16.57669017
4163,0.4,268912.0,1796.2,1.714563879,17.02030606
4164,0.1,379932.0,1406.81,1.710194083,14.95345458
4165,1.88,392064.0,1992.34,1.841399378,15.19441982
4166,2.36,378525.0,1843.35,1.841661898,15.9848518
4167,0.42,283868.0,704.18,1.866356626,15.79834468
4168,2.36,163005.0,1875.63,0.765770925,15.63951667
4169,0.69,373560.0,1969.75,4.536718612,15.82884101
4170,1.09,259738.0,907.3,3.900033855,14.41767944
4171,1.11,351505.0,863.39,1.940741901,14.18502919
4172,2.25,367525.0,1942.5,1.432485684,14.30786973
4173,2.9,374391.0,1851.62,1.433419984,14.84225409
4174,2.1,237360.0,1770.78,4.169099478,11.2583727
4175,1.63,366924.0,1956.08,3.086383206,15.26955402
4176,2.63,344130.0,1769.11,3.998121542,15.95058505
4177,1.88,256649.0,2097.07,1.520643676,15.11571368
4178,1.71,250831.0,992.6,3.509678888,15.14751967
4179,0.0,391145.0,2461.74,3.535966343,15.02037049
4180,0.5,140429.0,1789.68,1.159566014,15.81984519
4181,2.01,186065.0,1714.42,1.262050911,16.40250763
4182,2.19,138343.0,2240.12,1.533879282,16.99628533
4183,1.2,266399.0,1052.0,0.940791907,15.76394142
4184,0.85,388927.0,1030.57,1.677384573,15.48644131
4185,0.87,363845.0,2528.25,2.288912183,16.05457612
4186,1.87,388267.0,2410.05,2.019265561,14.44821595
4187,1.39,370621.0,1135.74,3.72364519,16.83351973
4188,3.16,374988.0,2292.81,3.532419028,13.40721712
4189,1.11,378596.0,2252.47,1.436513211,16.17850986
4190,1.35,140056.0,2575.93,2.744971387,15.87495214
4191,0.57,373416.0,1917.02,2.675442578,15.49095186
4192,1.63,376333.0,586.86,2.746452951,14.05725695
4193,0.0,256137.0,2466.02,2.220104537,17.53827138
4194,1.44,355452.0,1221.87,1.179704153,15.94203148
4195,1.19,262044.0,715.8,2.195182478,15.90677963
4196,1.03,363818.0,2562.61,2.40770827,15.86946016
4197,1.85,163568.0,2196.6,0.273978599,15.76410606
4198,1.39,344560.0,1041.09,1.905561911,15.11048019
4199,1.71,377641.0,1335.12,1.463437674,13.43722333
4200,6.57,342497.0,1309.37,0.859345481,13.59004642
4201,2.08,352159.0,1163.36,1.353078362,16.02830158
4202,1.97,137669.0,1538.51,3.033115598,12.48532823
4203,2.63,272698.0,2902.08,3.005887216,17.55169162
4204,2.61,246061.0,1827.27,2.840260827,14.69927381
4205,1.95,344828.0,2332.45,1.343573736,15.1326195
4206,5.04,358749.0,1679.74,2.749443702,13.18028715
4207,1.95,232174.0,1232.54,1.032010275,16.13995327
4208,0.83,125715.0,2653.24,1.723337825,15.10568259
4209,2.45,391128.0,2561.38,2.898287035,14.2196438
4210,1.07,124813.0,1367.24,1.794847134,14.31110606
4211,0.41,255861.0,1026.25,2.527960345,16.42836832
4212,0.81,153312.0,3047.82,2.571627504,16.19134107
4213,1.83,269181.0,2091.83,2.83043328,15.66365062
4214,1.2,392035.0,820.49,1.556076431,17.34515239
4215,0.53,265529.0,2032.63,1.570456218,14.00889552
4216,2.32,167337.0,2092.86,3.729700183,15.61282587
4217,1.68,150260.0,2019.3,2.278984064,15.1500204
4218,0.58,178291.0,2286.12,1.975141505,16.88974218
4219,2.14,147190.0,1919.74,0.945966609,13.56213365
4220,0.18,394794.0,1837.67,0.838123412,15.5513998
4221,1.78,256759.0,1055.67,2.141692015,15.4362192
4222,0.69,363410.0,798.56,4.302369219,15.18007488
4223,1.73,370819.0,1824.82,0.763299846,17.0345165
4224,1.02,373365.0,1783.59,2.074894601,16.05327032
4225,1.36,376179.0,1832.41,4.58489882,14.86461977
4226,2.08,369159.0,2148.03,2.277732889,13.64748561
4227,1.16,361238.0,1357.8,1.300024019,16.49489846
4228,1.96,168952.0,1378.97,4.80608773,15.15276665
4229,0.98,253300.0,744.96,1.740717197,12.91462261
4230,2.43,132086.0,2225.79,0.374472586,14.24038262
4231,1.32,359254.0,657.65,2.636000298,13.32461308
4232,1.86,136739.0,1433.18,2.944718975,16.53492215
4233,0.0,164973.0,1734.19,1.907594915,13.01827424
4234,1.46,283823.0,586.86,1.765964303,17.16377143
4235,1.17,370454.0,1915.64,1.004335204,14.91078926
4236,0.44,269448.0,1932.1,1.941646026,15.7312587
4237,2.88,269254.0,736.75,4.177382228,16.99275524
4238,1.6,145684.0,2167.87,2.92902723,14.94389222
4239,1.21,258418.0,1791.51,2.0274244,16.17186005
4240,0.86,142726.0,2158.98,3.160623394,16.55382413
4241,1.07,255553.0,1817.09,4.037910436,15.93237814
4242,0.72,136383.0,2066.83,1.623678417,15.4406066
4243,1.33,276939.0,1929.0,2.874922313,12.71813119
4244,1.2,376903.0,1848.55,2.08123249,14.17399562
4245,2.19,367639.0,1792.25,1.377442522,17.07949791
4246,1.12,380438.0,2382.0,1.857588848,13.75409278
4247,1.8,258468.0,1894.81,1.004189164,14.1049164
4248,0.5,365206.0,802.13,1.524003433,13.50614456
4249,0.45,140042.0,1834.41,1.401228559,14.04080259
4250,1.2,382061.0,858.87,1.572367697,13.43824728
4251,0.66,268231.0,1674.23,0.315148023,14.79728056
4252,0.11,172541.0,1913.85,2.635859822,14.89004297
4253,2.26,371471.0,621.38,1.441586963,15.13739427
4254,1.19,385097.0,871.93,2.323410782,15.39007303
4255,1.93,171361.0,1897.4,3.508083941,15.73667749
4256,1.72,150909.0,1831.02,1.546882602,13.07297688
4257,1.13,358222.0,1091.38,1.440021085,14.82465479
4258,0.92,265700.0,1585.37,1.021468657,15.56266711
4259,0.59,370487.0,2797.64,2.091207176,14.90360241
4260,1.51,357288.0,1115.06,0.743946376,15.73253361
4261,0.89,270167.0,2290.31,1.694235148,15.14354668
4262,2.19,114947.0,1313.12,1.739548709,15.62088
4263,1.74,367442.0,1917.67,1.707193778,16.06348412
4264,1.66,401119.0,1891.16,4.308462677,15.25665872
4265,1.47,350190.0,1330.99,2.733918465,14.76744368
4266,1.49,349966.0,1946.79,1.785929605,14.3448608
4267,0.84,148797.0,1345.06,2.091658301,12.70841648
4268,0.68,262596.0,1931.39,1.836133505,12.21756826
4269,0.0,139152.0,2562.88,3.616065969,15.85943253
4270,2.33,385297.0,2210.6,4.672828314,11.5166286
4271,2.62,372827.0,853.47,4.563713196,14.27301475
4272,1.06,340352.0,2500.01,3.518399063,16.14424286
4273,1.64,380275.0,1560.94,-0.326393035,12.55798645
4274,1.7,395523.0,796.15,1.734045831,15.21732135
4275,1.21,155043.0,1998.96,0.325035485,16.09025126
4276,1.8,359490.0,2381.16,1.924194371,15.83189378
4277,2.15,139945.0,783.86,3.495340966,14.77358074
4278,2.12,155009.0,2058.56,1.675679995,15.3527187
4279,2.21,129316.0,1681.74,1.381548396,15.87066659
4280,1.13,153944.0,2000.12,3.278680941,15.77398861
4281,2.56,367707.0,1635.38,1.539111897,14.44814396
4282,1.28,123662.0,1252.07,0.410389331,13.47767785
4283,1.01,357084.0,2199.82,3.29663249,17.1669292
4284,1.4,393478.0,1861.37,1.251795071,15.62009283
4285,0.0,397871.0,1429.24,2.190201119,15.88546743
4286,1.56,146245.0,2288.96,1.596740402,13.32692674
4287,1.7,238849.0,1878.63,2.313875634,14.30440521
4288,1.84,243313.0,2295.47,1.608770342,14.51117379
4289,1.51,147645.0,2236.99,3.090665666,15.45763269
4290,1.4,146369.0,2322.86,2.081411005,15.34001076
4291,1.98,263341.0,2062.16,2.093537793,17.46232718
4292,2.12,143643.0,1881.99,0.738193285,15.53408976
4293,1.91,258994.0,586.86,3.022927684,14.67571203
4294,0.66,123706.0,1200.03,1.694140285,16.22193525
4295,1.37,126771.0,1922.84,0.979158208,11.8131468
4296,1.4,342727.0,1978.83,1.970951767,13.18066556
4297,0.93,258604.0,2484.33,1.845674851,15.97080175
4298,1.48,357790.0,1889.98,2.066653975,13.46809227
4299,0.67,160639.0,943.07,1.963589551,16.83076066
4300,2.05,355050.0,1832.13,0.415869415,13.47831677
4301,2.04,376417.0,1616.38,3.165480689,13.51461176
4302,1.77,251455.0,610.37,0.649795012,13.71799907
4303,0.83,164558.0,1511.09,2.81307361,15.89781472
4304,6.05,138368.0,3010.69,3.619858494,16.28244599
4305,1.81,119880.0,1863.75,1.18370149,15.68977913
4306,1.57,162773.0,1796.17,1.782794646,16.58056868
4307,1.49,352708.0,1948.08,3.700477458,14.74035131
4308,1.85,157482.0,614.44,0.482974023,15.4669971
4309,1.95,238504.0,2020.07,1.258009567,15.24509988
4310,0.93,142544.0,1158.45,3.477595065,13.8456652
4311,1.85,364272.0,940.51,0.807630827,16.1453913
4312,0.92,149526.0,1824.42,1.719743248,14.12749919
4313,2.38,366525.0,1309.17,2.315795863,16.38890152
4314,2.27,252450.0,1887.9,3.029372182,16.45922634
4315,1.98,263191.0,1915.93,3.177608327,16.0024587
4316,0.43,371871.0,1894.31,1.368743965,13.94361848
4317,0.82,234650.0,2198.69,1.776212552,15.66491268
4318,1.68,160620.0,1964.67,4.404380803,15.5934512
4319,2.26,389072.0,1085.11,1.759568693,15.62282636
4320,2.11,382388.0,1884.52,3.789899708,14.98285715
4321,1.1,364147.0,1099.31,1.560727708,15.06580154
4322,0.58,151479.0,1845.18,2.521180248,15.97991435
4323,0.97,140269.0,2033.76,3.899823225,15.20048739
4324,2.21,375362.0,2120.83,0.772092738,14.64455058
4325,0.69,273829.0,1913.86,1.694102911,13.64111893
4326,1.14,239685.0,1305.32,1.214686359,16.2338719
4327,0.85,135277.0,1862.16,1.453862814,15.85515453
4328,6.43,158040.0,1892.67,1.076342499,13.60404665
4329,2.04,385723.0,970.9,3.421434193,14.32659824
4330,1.41,163176.0,2012.35,1.239023164,17.1724186
4331,1.96,271305.0,1970.14,3.426765097,16.33485526
4332,1.19,351988.0,1706.0,4.654008563,15.45461612
4333,1.48,365967.0,1189.44,1.546494083,14.93876007
4334,0.79,368454.0,2375.13,2.206206544,14.95711579
4335,1.91,359682.0,3047.82,1.450104206,13.30034869
4336,1.51,377248.0,2847.51,1.585190638,15.63511268
4337,1.22,145146.0,1874.87,1.514019547,14.97448114
4338,1.99,356499.0,1630.92,4.000877274,15.53763621
4339,0.92,133488.0,1463.15,1.641261258,15.41452486
4340,1.09,155624.0,2562.55,1.124812912,16.28046284
4341,1.6,139419.0,1185.09,1.790630878,14.03858926
4342,2.13,367450.0,2215.33,2.861500245,13.99145125
4343,0.92,167855.0,1560.47,4.044213001,14.63682887
4344,3.31,381531.0,1153.03,0.87854022,13.81722396
4345,2.35,177488.0,851.86,2.536384354,16.54196887
4346,0.68,380277.0,1950.6,1.11806195,13.69404707
4347,1.1,127950.0,2628.79,1.60752734,16.44174581
4348,2.37,401119.0,2525.69,3.06069725,17.32559665
4349,1.35,379212.0,781.1,3.013520519,14.90766505
4350,0.32,367426.0,1858.06,-0.218894121,16.84390986
4351,0.08,389124.0,1514.6,1.963013661,14.48076804
4352,1.23,371745.0,1980.64,2.204811452,14.52698045
4353,1.31,366530.0,1153.81,1.045936354,15.62308618
4354,1.29,242586.0,1574.5,0.995787034,16.47026138
4355,1.83,360830.0,760.76,1.418946395,14.54699018
4356,2.29,130391.0,2461.77,2.006062537,14.33801711
4357,1.11,230898.0,2216.64,1.365650744,13.85368501
4358,1.7,158729.0,1641.26,1.720132467,15.50498654
4359,1.6,265960.0,2354.79,4.015020611,14.20628958
4360,0.95,260920.0,1995.47,1.643685912,13.53708512
4361,1.73,130319.0,1728.17,0.743357083,13.46623449
4362,2.02,265498.0,1285.24,2.848344218,15.94852174
4363,1.66,383395.0,1379.64,1.352040416,14.76039798
4364,0.78,153556.0,1051.41,1.957232792,15.03818747
4365,1.37,132913.0,1784.79,0.976480792,16.04825704
4366,0.5,388355.0,1793.55,4.366940666,17.73027397
4367,0.19,376216.0,1946.6,0.753955851,14.06635695
4368,1.18,151838.0,1080.5,1.900717357,15.42113688
4369,2.66,364066.0,1815.29,2.085102788,15.69259423
4370,1.79,167348.0,1486.75,0.807183058,16.13795638
4371,0.48,387719.0,2404.68,3.796748121,13.07897125
4372,1.7,387566.0,1965.11,1.042444582,15.68206939
4373,0.74,144470.0,1009.53,2.205507045,15.65843625
4374,0.94,163154.0,1400.09,0.819249487,16.35734818
4375,1.81,137562.0,1783.5,-0.326393035,14.60087672
4376,1.54,386498.0,1836.39,1.151084294,16.73497061
4377,2.07,264460.0,1826.8,1.543918983,15.73253483
4378,1.59,393624.0,1423.94,3.946127909,14.10973875
4379,1.16,392906.0,2375.29,1.827515309,15.38659002
4380,1.89,135955.0,1657.51,2.277955154,15.26804034
4381,0.77,354891.0,1868.44,0.082393785,14.6775041
4382,2.17,152807.0,841.34,1.416401397,12.3011797
4383,1.38,257635.0,1242.44,1.000426299,15.38306743
4384,2.41,155363.0,1410.38,1.735006105,14.8962739
4385,1.06,375462.0,601.24,4.330951393,16.70728097
4386,1.48,394470.0,2271.78,1.808232256,16.3992206
4387,1.83,154373.0,1372.64,4.369552193,17.29665221
4388,3.03,130816.0,1745.95,2.631890547,11.64120409
4389,1.37,369925.0,1962.01,2.911925353,13.94461627
4390,1.61,379315.0,1565.31,2.1993603,17.25779965
4391,2.35,350295.0,1823.67,1.461636148,17.08766029
4392,0.86,269704.0,1945.36,2.29310571,15.369526
4393,0.86,139196.0,2196.11,1.84620547,15.78930359
4394,2.36,147333.0,1047.91,1.256897244,13.19241568
4395,2.4,389094.0,1729.54,3.474449664,15.94152945
4396,2.2,368621.0,1576.86,2.90589456,15.80068125
4397,1.59,370952.0,1935.31,1.317814964,14.08108037
4398,0.85,134236.0,1784.94,1.609810647,15.93466152
4399,2.11,368957.0,1077.55,4.056560352,12.84631156
4400,1.03,384610.0,2022.87,2.073771189,16.45809984
4401,1.21,373651.0,1988.34,3.292144456,15.71595044
4402,1.84,396104.0,1069.82,4.440270822,17.43671944
4403,1.51,367758.0,758.92,2.330292708,15.96485857
4404,1.1,363030.0,972.93,0.862900805,13.55340376
4405,1.12,369852.0,1713.89,3.058213002,16.20422242
4406,1.28,362273.0,1190.78,1.449712658,17.01657119
4407,1.61,381568.0,2522.78,4.616639651,17.20948747
4408,0.7,130252.0,1033.19,3.728332714,15.49737938
4409,1.39,177267.0,2534.77,2.841438978,15.78691682
4410,1.94,381348.0,2130.02,0.843235826,15.85300833
4411,2.03,377197.0,1895.28,1.26432311,12.26429383
4412,0.46,253593.0,1937.29,1.848953652,16.09406175
4413,0.64,144877.0,1846.01,2.805253456,13.81051971
4414,1.99,262632.0,2519.48,1.442153104,15.38140154
4415,0.99,346044.0,1175.55,2.069153523,15.52606895
4416,2.07,264500.0,2471.01,1.656589617,15.82770443
4417,2.09,230996.0,1750.87,1.324507603,14.98742782
4418,1.73,257162.0,1135.11,1.914316065,16.00097109
4419,1.4,367085.0,1183.23,1.006916335,16.12665866
4420,1.79,152161.0,2534.78,2.156991375,13.84658392
4421,1.29,143251.0,1282.43,2.795602326,15.4235554
4422,1.66,163876.0,1046.53,1.73868082,14.61580965
4423,1.91,379529.0,1812.05,2.616295095,17.05771374
4424,1.48,379961.0,1981.43,1.820639718,16.1038144
4425,1.82,359848.0,2411.77,0.900331298,14.55526374
4426,1.65,146112.0,2319.94,0.551151396,14.81354047
4427,1.5,362218.0,2073.9,3.692121423,16.53290714
4428,1.58,127216.0,1851.82,2.884447771,15.64202521
4429,0.86,263802.0,1680.22,4.101914809,16.39249392
4430,1.42,154889.0,1477.64,1.373736558,13.62230892
4431,0.47,368347.0,1865.49,1.914982759,15.5126808
4432,1.51,153193.0,707.33,1.664881103,15.28556456
4433,1.05,140384.0,1763.53,1.112364924,13.14122975
4434,0.63,389319.0,1528.89,4.181330973,16.97138759
4435,0.58,359596.0,1361.13,2.33277129,16.36635235
4436,0.89,400507.0,2279.46,1.878994309,14.40646093
4437,1.63,377720.0,1701.73,4.56474299,15.55186632
4438,1.01,134272.0,1228.06,1.546763041,16.12514187
4439,0.9,343258.0,1542.41,1.686516948,12.75144398
4440,1.75,260414.0,1958.73,3.958115881,14.33625128
4441,1.57,166877.0,813.0,3.093353372,15.04731449
4442,0.84,349488.0,827.96,2.296371297,15.40452514
4443,1.93,128298.0,2203.28,1.979130736,15.02929561
4444,1.4,362327.0,838.55,4.088570857,14.9788438
4445,1.71,354638.0,2102.32,1.120005106,12.61181843
4446,1.83,126857.0,1841.07,1.31062363,16.25062738
4447,1.99,350596.0,1479.49,3.66281284,15.79036758
4448,0.94,345774.0,1776.73,3.328538696,12.61598143
4449,1.56,360060.0,1895.56,1.006955413,13.45709071
4450,0.0,166280.0,1279.33,0.893901453,13.0166275
4451,1.59,400457.0,1976.89,1.358861016,14.22601745
4452,6.89,144273.0,1756.4,2.291788385,13.85354664
4453,1.62,386332.0,1889.96,3.312240506,15.86767616
4454,0.63,358099.0,2304.52,2.216121229,12.40040082
4455,1.45,138990.0,943.75,1.121027299,13.33445549
4456,1.54,365486.0,693.81,0.354946648,15.62615728
4457,1.87,249517.0,1291.45,0.848675476,15.9788638
4458,1.58,362279.0,2036.04,3.154199429,15.91071182
4459,1.29,347352.0,2040.68,3.373228025,16.03735459
4460,0.88,141159.0,1373.75,3.105481732,12.18681447
4461,2.94,143432.0,1124.03,1.87070846,13.99626351
4462,0.66,394834.0,1609.73,3.061652801,15.91351437
4463,0.78,341032.0,1819.92,1.607497479,15.82849271
4464,1.95,260106.0,1845.66,-0.326393035,12.3262693
4465,1.51,267848.0,1032.35,2.231576832,12.13177333
4466,1.22,369146.0,1827.4,2.513901496,13.72861665
4467,1.5,389814.0,2346.61,2.127690693,14.22709953
4468,1.15,268534.0,1777.74,2.839481508,15.83217334
4469,2.39,384908.0,1279.09,3.100205076,16.11651402
4470,2.01,270595.0,1741.88,1.829162192,13.91825868
4471,2.24,156821.0,961.83,3.311890208,14.26782049
4472,0.55,375772.0,2237.39,1.637696045,13.04049914
4473,2.79,372770.0,1924.23,4.317789111,15.72857567
4474,1.49,130805.0,1977.68,1.289834868,13.47327407
4475,1.73,374770.0,754.09,1.858869891,16.31201796
4476,1.91,375593.0,1806.01,1.66384127,16.28987886
4477,0.99,382166.0,1525.6,3.432281166,16.28607055
4478,2.5,367858.0,813.97,3.09815568,16.81908898
4479,2.11,354145.0,586.86,3.315595356,16.35913101
4480,1.68,396289.0,850.44,0.419627277,13.31407577
4481,1.23,387511.0,1897.77,0.224967828,15.66885435
4482,0.98,157201.0,1627.87,0.642589657,15.92857043
4483,3.34,241024.0,804.84,1.461573885,12.54660889
4484,1.53,278359.0,1556.76,3.429654724,12.69917114
4485,1.78,254892.0,2024.17,1.48989322,12.53682331
4486,0.39,358746.0,2281.65,2.637330942,15.59609441
4487,1.68,265231.0,678.57,2.212772176,16.23628718
4488,2.19,137906.0,2863.8,0.7386366,14.83771353
4489,2.34,237603.0,2319.62,2.270072884,15.73322597
4490,1.21,163121.0,2410.93,4.099088773,15.85111404
4491,2.88,343459.0,1580.0,0.682753858,13.14816307
4492,2.08,364519.0,2469.92,1.614620518,15.790759
4493,1.97,377021.0,2555.36,3.287087973,15.9224713
4494,1.56,141166.0,1424.05,1.783332573,15.35618373
4495,0.63,394626.0,1020.87,4.665951151,16.83990046
4496,0.51,387514.0,1874.74,2.256344113,16.57594002
4497,1.39,268066.0,2176.38,1.690511673,16.17727858
4498,1.71,280000.0,1965.11,1.111814966,15.22056578
4499,0.69,344188.0,1258.1,2.544483928,17.25859013
4500,1.64,347311.0,1859.83,2.860614843,15.86530286
4501,2.35,133988.0,2348.34,1.770094344,13.11093134
4502,0.54,267453.0,1845.17,2.006852153,14.26810964
4503,0.3,376472.0,1193.99,1.59542676,15.15042433
4504,0.73,144229.0,1135.5,2.37862441,15.77231369
4505,1.72,344175.0,1779.82,1.540170954,16.45306199
4506,1.8,369753.0,2415.87,0.506636102,16.0955889
4507,1.27,269045.0,902.69,2.627142675,15.74195752
4508,1.97,248157.0,1527.13,1.583887401,13.56029443
4509,1.1,363941.0,816.77,3.606304052,13.47190102
4510,1.79,401119.0,1362.32,2.13313861,16.18438095
4511,1.04,369079.0,825.77,2.306908481,16.50049398
4512,2.56,339571.0,940.67,1.04345724,15.72012786
4513,1.92,354606.0,1706.8,1.143841193,11.35853216
4514,1.67,147233.0,2466.37,3.996503651,16.070257
4515,0.77,367625.0,1748.61,1.340837659,15.53750512
4516,0.98,383167.0,2002.34,1.574381523,16.58956162
4517,1.51,385443.0,1010.97,1.766375364,16.02065496
4518,0.44,378530.0,1212.36,3.481994375,14.97013673
4519,1.37,347571.0,1494.56,0.789951828,15.16306919
4520,1.15,371283.0,1541.68,1.679632734,15.25341484
4521,0.55,385293.0,2031.98,3.782179239,15.64644361
4522,0.72,251811.0,1901.67,-0.326393035,12.84565608
4523,1.05,355539.0,1412.07,1.503608751,14.90816796
4524,1.22,381842.0,1491.67,3.046652766,15.95904756
4525,0.6,276608.0,1884.92,1.785123117,14.46686762
4526,2.04,346847.0,1655.08,1.393399391,12.95753704
4527,1.98,127452.0,1873.08,2.069498921,14.65202976
4528,1.06,145359.0,1929.45,1.521729462,14.81732959
4529,2.44,384966.0,1717.79,2.787586083,14.69768187
4530,2.74,360137.0,2138.92,1.788357808,13.64291886
4531,2.27,135972.0,1713.33,3.537657274,12.94188223
4532,1.6,160679.0,770.79,2.285127829,16.01590714
4533,0.74,367293.0,1910.91,2.189232672,13.53215939
4534,2.02,354006.0,1334.69,0.744111524,16.37188951
4535,1.04,147564.0,2588.93,1.667882092,15.42204174
4536,1.6,374081.0,2064.89,1.273528066,16.20230673
4537,2.14,255668.0,2850.62,0.338686468,12.34517942
4538,1.59,168650.0,1838.93,1.55566335,14.67446062
4539,0.97,146670.0,2676.37,2.759181428,12.19226668
4540,1.98,259173.0,2108.55,3.615242431,17.52892667
4541,1.04,365454.0,2333.57,4.765046365,14.32101559
4542,2.0,247448.0,753.69,2.697486575,14.56445318
4543,1.83,344794.0,837.7,1.80136956,15.58183909
4544,0.0,377029.0,2181.88,1.08579387,13.79558029
4545,1.84,346743.0,2074.41,2.382474102,15.43067624
4546,1.83,252407.0,1448.59,0.604710245,15.75969959
4547,1.01,382529.0,1514.18,1.220586429,15.54222364
4548,1.21,382431.0,1763.6,1.131086815,11.27922958
4549,0.68,378650.0,1877.53,1.226551678,15.34544024
4550,2.07,256967.0,1865.22,2.862951209,14.41185112
4551,2.35,366871.0,1811.82,2.747668174,15.49545186
4552,1.68,272698.0,1012.45,2.737812405,16.24058038
4553,1.69,383857.0,1612.24,2.08660613,16.82815229
4554,0.86,177975.0,1524.55,2.203076091,13.6988183
4555,1.47,124437.0,1920.68,1.566300207,14.39460938
4556,1.69,360744.0,2186.63,2.32329266,15.02785288
4557,1.77,361694.0,910.64,2.267774434,15.45666118
4558,2.05,162641.0,1884.55,4.93924406,15.14568326
4559,1.79,363346.0,2198.33,2.979378334,15.58438301
4560,1.66,145958.0,1785.74,1.442272917,15.86528591
4561,2.0,366442.0,1931.25,-0.157249046,15.66821125
4562,0.02,368129.0,1916.79,3.709195796,17.01426613
4563,2.65,238205.0,2555.14,2.834306978,14.17951527
4564,0.92,384908.0,1778.31,2.791848496,15.70382563
4565,0.85,162868.0,1825.0,1.594565793,12.82103349
4566,0.87,369117.0,2034.06,1.655165679,14.25653538
4567,1.8,350038.0,1884.47,2.815392056,16.86878106
4568,0.54,146855.0,2221.09,2.65208574,15.66407474
4569,1.47,370552.0,2366.42,2.874869648,15.66577762
4570,0.48,384802.0,1865.44,2.266047579,16.25403878
4571,1.4,131580.0,1754.28,2.942236879,15.74478142
4572,1.57,141746.0,2486.22,0.850182575,11.79065252
4573,1.75,246348.0,1364.9,0.452577685,16.8327591
4574,1.72,162375.0,2221.31,2.929300577,14.86269827
4575,1.04,366827.0,1986.85,3.67684234,15.97509938
4576,0.13,391940.0,2648.44,2.247713692,15.97828969
4577,2.21,140667.0,2727.14,1.93073265,14.88264039
4578,1.65,364957.0,2113.95,2.58591686,16.50963824
4579,1.45,153861.0,874.36,1.744549049,16.58409786
4580,1.75,325451.0,749.86,-0.326393035,16.52162654
4581,0.97,149542.0,1842.76,1.637628096,16.18616659
4582,0.64,362227.0,1690.8,1.428180349,15.50020726
4583,1.16,351862.0,1306.3,1.734457736,14.92305114
4584,0.45,394773.0,2783.12,4.204802471,13.09880063
4585,2.15,374267.0,1546.53,2.307015022,16.37681008
4586,2.22,252950.0,1954.01,2.924858467,13.0257393
4587,1.56,142350.0,1846.62,1.307899135,15.51709585
4588,0.86,370110.0,2047.82,2.23323536,16.06696834
4589,1.84,266520.0,1503.27,1.826986242,15.28067466
4590,1.89,374994.0,1568.55,3.794879644,14.04781235
4591,2.04,372059.0,694.13,1.275067465,15.02152633
4592,2.22,258643.0,1828.46,2.393815743,16.73576683
4593,2.12,142525.0,1799.47,3.330776829,15.83594391
4594,2.51,364204.0,1792.66,1.146939681,14.54092
4595,1.55,260766.0,2159.47,1.112430801,15.49144997
4596,1.41,166520.0,1711.63,1.852059766,15.61063875
4597,2.4,376880.0,773.71,2.266344318,14.81672018
4598,1.49,149478.0,1854.6,0.693095246,15.21819193
4599,2.0,401119.0,1808.58,3.184044904,14.38230806
4600,0.18,139074.0,1348.32,0.513540653,14.69807741
4601,1.67,379769.0,1817.93,2.577793025,16.28345146
4602,1.62,164037.0,1075.23,2.547353507,15.74495582
4603,0.84,375283.0,1047.26,2.337732585,15.30973908
4604,2.05,153101.0,2528.46,0.595728747,14.93072097
4605,1.13,360653.0,765.57,2.160050684,12.79811161
4606,1.63,269871.0,1621.11,1.132297995,15.527491
4607,0.57,390352.0,1811.08,2.046507539,16.62598233
4608,0.64,279524.0,1913.78,2.072882666,17.08574445
4609,0.59,139965.0,1695.7,0.907206762,15.46117735
4610,2.21,385086.0,2376.3,2.218261744,14.13647118
4611,1.88,131466.0,1677.14,3.647159456,16.682734
4612,1.92,128115.0,2207.15,0.265191031,15.23371336
4613,1.18,380959.0,1903.86,1.825940089,14.86529197
4614,0.85,123438.0,1758.64,1.79079389,14.93474675
4615,0.87,378086.0,1870.96,3.521258183,15.72046801
4616,0.55,384798.0,1643.16,3.731665246,13.16084674
4617,0.34,254621.0,1627.25,1.757852064,13.10778434
4618,3.78,362458.0,627.1,0.916398113,15.68044566
4619,1.64,250238.0,707.3,0.064760155,15.14068305
4620,0.4,164505.0,1310.9,1.712728596,12.68496264
4621,1.25,227545.0,2174.85,1.352317801,15.96238408
4622,1.46,154698.0,954.85,3.517124533,15.82897907
4623,1.24,175807.0,1891.01,2.276000716,16.51648101
4624,1.8,364613.0,2333.8,1.821005499,14.96132949
4625,1.41,348547.0,1859.93,1.39091239,15.12642982
4626,1.72,145664.0,2568.83,2.327067784,15.48010743
4627,0.95,362773.0,2585.26,1.750836918,15.94444338
4628,1.35,141065.0,1755.58,2.925320333,15.8610839
4629,1.94,376979.0,1894.16,1.268327716,14.03930448
4630,1.19,385610.0,2191.09,1.759754043,13.78091629
4631,1.96,137997.0,762.53,4.271721427,15.49019789
4632,1.09,249146.0,1957.93,1.83966685,17.21973791
4633,2.08,154974.0,1434.69,1.177789937,17.73027397
4634,1.19,368502.0,1564.81,1.432611159,15.26350902
4635,1.58,140273.0,1641.74,1.168368829,14.55791902
4636,0.49,358833.0,944.07,3.92337565,15.63137154
4637,0.44,381616.0,1838.58,3.393373423,16.15796397
4638,1.01,347509.0,1741.85,3.76494611,16.15299377
4639,0.66,379333.0,1471.73,1.71422744,15.75186945
4640,1.33,160489.0,957.82,2.758861355,16.33128399
4641,1.19,379631.0,2434.34,4.305400858,13.2948728
4642,0.71,259059.0,1881.3,2.447858377,14.42355874
4643,2.13,371728.0,1604.16,3.041836289,15.85999842
4644,2.44,245585.0,1489.82,4.620151108,13.16862417
4645,2.02,349329.0,2616.78,1.616356639,16.54019787
4646,1.07,382271.0,864.34,2.237870946,15.80472517
4647,1.22,381252.0,2000.73,2.228747821,13.74031448
4648,0.59,157924.0,831.89,2.501943421,15.93401907
4649,1.58,363133.0,1785.68,1.577940288,11.37764629
4650,1.58,145591.0,2048.97,1.495643397,15.76719263
4651,1.74,246474.0,629.92,4.178053707,15.98093092
4652,1.27,377383.0,809.04,1.815868955,15.24108011
4653,2.07,151666.0,2298.44,2.142118211,15.36270032
4654,2.2,120387.0,1082.43,1.699326318,15.80986139
4655,1.8,135173.0,1205.8,3.58956471,16.45703319
4656,2.64,367180.0,1719.38,1.747758164,17.11651405
4657,0.41,137940.0,2230.65,1.000062859,14.00795731
4658,1.69,352673.0,1765.52,1.011212172,13.86109039
4659,0.95,370458.0,849.03,2.0922029,15.79488029
4660,1.3,179325.0,1959.7,4.035452447,15.29608506
4661,1.07,376283.0,1856.85,3.49496356,15.41416067
4662,1.08,168411.0,1524.4,2.988755629,15.64801109
4663,0.88,362443.0,1684.93,1.67502765,14.64091515
4664,1.27,126928.0,2713.42,2.526701257,16.67225598
4665,2.26,142215.0,1889.35,2.46171948,15.50640652
4666,1.26,254227.0,820.29,2.290844656,14.26365313
4667,0.41,383165.0,1515.11,2.216865113,17.02319714
4668,0.58,401119.0,781.89,2.763839724,16.09934596
4669,1.6,145554.0,1743.44,2.892159961,14.1799161
4670,0.8,382959.0,1091.16,3.611911606,15.49717601
4671,1.28,263606.0,794.7,1.995863156,15.30650732
4672,0.88,127445.0,2161.44,1.687496806,15.31617647
4673,1.81,346422.0,2682.54,2.131640505,13.16045983
4674,1.3,376803.0,1527.91,3.508134993,15.51599737
4675,2.27,158312.0,1405.59,1.790243321,13.73584262
4676,1.94,253145.0,1471.53,0.675685955,15.05368317
4677,1.93,379921.0,1845.67,0.548897544,15.74324843
4678,3.37,149454.0,855.63,2.660578693,15.23432333
4679,2.2,370564.0,687.19,2.521697742,15.81717962
4680,1.27,376492.0,1152.27,1.75389064,15.90863899
4681,1.25,164191.0,1538.13,3.145762078,15.35579488
4682,1.43,279978.0,1452.82,2.287449096,16.45340003
4683,1.03,374727.0,1918.41,0.954916167,12.73817552
4684,0.18,373403.0,1598.01,2.760119864,17.06204646
4685,1.03,377599.0,1852.96,3.322416597,15.86421903
4686,0.99,264657.0,946.69,1.406263446,15.51160582
4687,2.81,241399.0,3010.75,1.262243378,14.10255732
4688,1.99,363491.0,745.44,2.37742954,13.16746702
4689,1.24,157436.0,1923.04,1.534816484,15.52136658
4690,1.47,401119.0,1974.45,3.869539618,15.55596826
4691,1.2,135247.0,2286.52,4.310943791,11.76925089
4692,0.7,370343.0,1754.83,1.495080056,15.31920452
4693,0.77,141416.0,751.03,1.64694306,13.95263643
4694,1.68,155013.0,714.35,1.081015652,14.09721757
4695,1.74,354132.0,1049.6,2.271491044,15.00271531
4696,2.88,259870.0,1807.98,2.085121347,15.57556683
4697,1.23,395517.0,1250.34,2.782165836,14.43301238
4698,2.04,366946.0,1799.98,4.49014296,13.89264293
4699,2.23,386698.0,1782.0,1.375485597,15.20814569
4700,0.23,253501.0,1824.68,1.492116027,16.2939486
4701,1.57,388073.0,2146.84,1.237042702,13.57970432
4702,1.44,351274.0,2034.57,2.107138114,16.81609924
4703,0.64,387520.0,1882.97,0.891617028,15.79222157
4704,0.57,374789.0,641.89,2.923321894,14.30192651
4705,0.46,371739.0,2001.26,2.773770764,16.04087829
4706,0.0,393552.0,2214.38,1.166668844,16.39690074
4707,1.55,360230.0,1969.51,0.485690163,16.00287993
4708,2.18,129295.0,1920.9,2.023789188,12.18519973
4709,0.93,401119.0,920.79,1.487744777,16.1265011
4710,0.11,366674.0,1446.11,4.426185599,13.41840393
4711,1.49,369120.0,2738.03,1.382828521,12.96934391
4712,0.72,144445.0,1809.53,1.501650887,16.34414309
4713,1.77,356988.0,1485.01,3.486328178,11.27236156
4714,1.99,124035.0,1821.72,3.491704621,14.08518202
4715,2.12,166936.0,1259.46,2.008590586,14.3393824
4716,1.6,391090.0,1934.06,2.078646674,15.48818916
4717,0.0,392848.0,2190.7,1.9846105,14.53369144
4718,0.64,369152.0,1893.77,1.83347761,16.18365155
4719,1.72,256352.0,1765.33,1.62137763,16.96525991
4720,2.17,370832.0,1621.61,1.156732598,14.80101116
4721,1.16,139339.0,2461.97,2.17892999,13.29133083
4722,5.24,359560.0,2388.56,1.63900184,16.43377599
4723,3.03,380055.0,759.36,0.427559051,15.69536975
4724,1.57,356154.0,1987.94,1.936888888,15.96579977
4725,0.97,147906.0,2210.61,1.255845632,16.23389959
4726,2.22,163579.0,1475.67,1.018118176,13.13958158
4727,2.11,367899.0,1257.52,2.769546524,16.01317548
4728,2.36,130477.0,1714.94,1.942261847,15.58553218
4729,1.61,401119.0,2083.02,1.825200052,16.13111825
4730,0.61,375342.0,1370.59,2.385018643,15.65282313
4731,0.93,269514.0,1696.01,1.589896923,13.49421522
4732,1.8,355087.0,1847.62,2.388053298,16.345334
4733,1.5,137629.0,1744.43,1.616904046,15.43857226
4734,1.5,370827.0,2065.32,3.532489273,13.62251217
4735,1.8,379959.0,1070.79,1.769401611,14.69416194
4736,1.7,371683.0,2162.84,3.971243439,16.22835418
4737,2.46,114947.0,1739.8,1.206687893,13.62694111
4738,0.53,364313.0,1961.24,2.823280792,14.97150254
4739,1.4,242454.0,2299.73,1.403270088,13.41585171
4740,0.67,352830.0,2240.16,2.19531584,15.16518639
4741,0.78,247154.0,1838.91,1.019310595,15.49167675
4742,1.87,242206.0,1741.83,2.669059173,14.90585281
4743,1.16,382984.0,1373.18,1.033716934,16.23443546
4744,0.82,364048.0,1462.26,4.586397469,13.00071088
4745,0.52,156711.0,1263.82,2.081026997,15.94310204
4746,2.02,344082.0,1579.5,1.343705827,12.08727392
4747,2.68,252516.0,586.86,2.456602774,16.98519895
4748,1.01,366518.0,1935.54,1.695891668,13.73896256
4749,2.81,138919.0,1370.34,2.060275506,15.42315973
4750,1.32,386749.0,2245.09,2.335376632,16.82143053
4751,1.28,370778.0,1912.18,3.733317994,16.52085293
4752,1.69,134762.0,1823.36,0.943320673,13.78853824
4753,2.0,369889.0,1745.85,2.21675081,16.22316675
4754,1.08,280200.0,2632.8,1.048613902,15.92809823
4755,0.53,393624.0,964.98,3.953360031,15.76529612
4756,0.0,158120.0,1884.5,1.929473677,15.8548654
4757,0.69,366656.0,2458.9,4.328760099,15.89133136
4758,1.46,251004.0,1835.69,1.909194351,15.26914536
4759,3.54,357411.0,1880.05,1.489620669,15.3078257
4760,1.31,386899.0,2063.78,1.000547739,16.42659282
4761,2.01,353361.0,2479.4,2.190475259,17.48718283
4762,1.08,355916.0,1830.04,0.986299401,16.15655927
4763,2.3,132418.0,810.14,2.116120411,15.22329016
4764,1.22,382711.0,2552.81,1.6386854,15.75469532
4765,0.0,237756.0,1948.66,1.591427058,15.74727807
4766,1.95,380777.0,1734.28,1.068330569,16.05872187
4767,0.65,161712.0,2048.68,2.609278199,15.90407574
4768,1.56,376059.0,1695.41,1.959652779,15.1162912
4769,1.21,385875.0,887.67,1.404188018,15.64685124
4770,0.76,362127.0,1921.68,1.966231618,15.8851094
4771,1.32,359803.0,1709.85,2.091891007,15.11125719
4772,2.13,133412.0,2060.42,1.824113703,15.25211816
4773,1.85,365506.0,1829.15,1.954624531,14.87023178
4774,1.4,364331.0,1434.14,2.765040661,15.58721438
4775,1.72,400797.0,1909.63,3.690173237,16.55006109
4776,2.51,126495.0,686.24,1.28322881,13.69008684
4777,1.72,259101.0,1511.89,2.783199451,16.60621976
4778,2.31,121352.0,1877.22,-0.080815707,15.44353824
4779,1.43,274438.0,858.88,1.897791387,15.54638466
4780,2.0,359518.0,1282.85,2.047487921,15.90440638
4781,2.37,380678.0,1368.78,1.422834258,13.5337149
4782,1.22,373766.0,1415.56,1.524711829,12.39682076
4783,0.85,184241.0,2361.23,1.055191654,15.79991538
4784,2.67,364814.0,2319.57,1.818134407,13.62648625
4785,1.56,138514.0,1931.98,1.835137416,14.08775093
4786,2.35,370615.0,2068.85,1.530265985,14.18655553
4787,1.32,386423.0,1890.28,1.548929894,13.10909951
4788,0.78,358575.0,1209.41,3.770299203,14.98326236
4789,1.08,244862.0,1757.71,1.458841865,15.99877029
4790,1.38,244142.0,775.97,2.772358087,15.50477008
4791,2.41,360226.0,2811.83,2.180076387,12.07148754
4792,2.48,365399.0,1644.66,2.723282971,16.4466263
4793,1.48,257222.0,1523.92,2.333446504,16.37657721
4794,1.04,390876.0,948.92,1.788912035,14.52826172
4795,0.77,155598.0,1394.39,1.128013087,14.03273768
4796,1.02,368683.0,2078.13,4.399638398,15.1053079
4797,1.54,398562.0,901.79,0.969216971,13.2142589
4798,1.2,134091.0,850.34,3.247588147,15.83319836
4799,2.34,384211.0,2157.81,1.268180106,15.11633879
4800,1.03,363475.0,2543.31,1.69019331,14.3665569
4801,0.0,366440.0,2120.19,1.693229847,16.71116281
4802,1.79,270612.0,1040.72,1.760000772,15.6539022
4803,1.28,373943.0,887.65,3.026853913,17.05563371
4804,1.46,139374.0,2703.53,1.391529978,15.99912157
4805,2.11,244209.0,2213.72,0.221086956,13.35231233
4806,1.93,355255.0,1919.68,0.975022788,15.72125038
4807,1.44,167511.0,2399.97,3.358252215,15.05482215
4808,1.46,154224.0,2362.68,0.868784881,12.91618954
4809,3.5,129329.0,1645.5,2.645987022,13.40938171
4810,1.14,376768.0,956.74,3.066158585,13.38866231
4811,1.39,357324.0,2388.58,1.381582537,15.35484262
4812,0.7,369209.0,2336.72,1.100943866,14.10383077
4813,1.18,368549.0,1620.77,1.050163692,16.61525392
4814,1.75,381865.0,1370.86,1.911364304,16.03284319
4815,1.51,401119.0,2188.91,2.372279021,15.89250088
4816,1.21,367496.0,1650.91,4.794164932,16.3872753
4817,0.48,256015.0,1299.29,3.923516734,15.44951705
4818,1.7,356025.0,1835.78,0.123776419,15.07630067
4819,1.75,386063.0,1966.94,1.915460058,15.21199455
4820,1.61,354021.0,868.91,2.018637297,13.49809954
4821,2.21,162679.0,2541.79,1.198497127,16.04042259
4822,0.61,386183.0,2222.56,1.104981444,14.33170271
4823,2.32,371983.0,790.03,2.177383314,13.45890979
4824,3.26,256104.0,1763.36,3.438565819,12.90835079
4825,1.21,367835.0,1690.16,2.52105045,14.2543354
4826,0.77,366619.0,667.56,4.234563569,17.0133979
4827,2.19,163888.0,1558.0,0.74264204,15.08775327
4828,1.64,376150.0,2532.03,2.360816635,13.61760966
4829,2.33,237310.0,1814.26,1.832064955,15.45512845
4830,1.67,114947.0,1689.09,1.237485079,16.99017658
4831,1.8,372906.0,840.62,3.692746616,15.67470721
4832,1.91,153483.0,1578.05,1.62454073,15.25283409
4833,2.5,376714.0,2313.77,3.43686801,16.06624482
4834,1.07,374092.0,1970.18,1.221780415,13.94997245
4835,1.73,361872.0,2122.44,1.08958676,15.27644553
4836,1.74,132353.0,2358.75,1.200440054,16.97915975
4837,1.97,124158.0,1941.63,2.96222404,16.05919705
4838,0.59,281337.0,2549.77,0.558777326,15.53885257
4839,1.59,255112.0,2432.26,3.607926624,17.6016085
4840,1.57,375366.0,1974.44,2.325084305,16.81927525
4841,0.89,140909.0,2440.86,2.189389012,15.15487775
4842,0.54,377783.0,1494.04,0.816811565,15.50267385
4843,1.27,350106.0,1968.7,1.452916683,12.31284942
4844,1.1,256540.0,1297.74,1.941991706,15.64884468
4845,1.25,360787.0,2161.98,3.841742646,15.51625372
4846,1.6,375212.0,804.33,4.491316994,16.91785271
4847,0.51,365678.0,586.86,3.8966509,15.31002853
4848,1.55,137594.0,1708.72,2.045605306,14.44306021
4849,1.8,357385.0,1824.78,1.131825591,12.71727992
4850,1.95,161316.0,1630.07,3.198392302,16.3095841
4851,2.34,341615.0,1118.09,1.455777392,15.0829577
4852,1.55,357894.0,1921.3,1.004365242,13.54232171
4853,1.31,363241.0,1550.71,2.895965777,17.13066878
4854,1.53,247023.0,1816.94,0.788867713,17.07015714
4855,1.57,354462.0,2526.04,3.570914669,17.46033233
4856,1.43,139002.0,2575.77,1.10580429,12.28313698
4857,1.87,355299.0,1714.76,2.917545582,14.77947002
4858,2.03,264659.0,1970.64,2.697062023,16.89615306
4859,1.7,361923.0,1183.72,1.664789828,14.85576562
4860,1.9,259503.0,1983.26,2.240552382,15.28518717
4861,1.84,134025.0,1727.85,1.029868499,15.65411869
4862,1.12,376701.0,1788.95,1.774819709,13.74354777
4863,1.92,341008.0,778.14,1.741909154,15.73102505
4864,2.09,360545.0,2492.22,1.871136263,15.75921382
4865,1.61,380585.0,1395.06,1.813866553,17.67826207
4866,1.88,243858.0,1929.24,2.273427327,16.85278747
4867,1.06,368801.0,1713.25,1.56912893,14.17406107
4868,1.12,264772.0,2274.52,2.680517738,16.04248217
4869,0.47,246077.0,2545.11,1.687720202,15.82744742
4870,1.9,375364.0,895.46,2.859567276,16.3173603
4871,0.59,173260.0,2284.17,1.83748938,16.06776523
4872,0.79,378013.0,2222.92,1.651817645,15.79325348
4873,0.9,373447.0,1341.01,1.996717804,15.19804632
4874,1.25,385866.0,925.36,1.124032009,14.95805108
4875,2.67,371783.0,1842.47,1.729782723,15.20339849
4876,1.46,373176.0,1586.81,2.465466695,16.9595043
4877,0.75,368309.0,695.07,1.382745751,15.19438248
4878,0.78,334775.0,1481.25,2.252796833,13.59473057
4879,0.9,154217.0,807.68,3.0250462,14.14025453
4880,2.49,233297.0,2454.42,1.763582855,16.76683393
4881,1.01,384115.0,899.59,1.111438192,12.37924495
4882,0.57,380055.0,1862.5,2.355961902,16.87254066
4883,3.69,172323.0,2935.75,0.81372684,12.83708431
4884,1.77,389481.0,1869.17,2.658885364,16.64494101
4885,0.78,150382.0,2521.49,1.083726689,16.25110062
4886,1.82,127135.0,1790.08,1.250063541,15.93583261
4887,1.89,237526.0,2382.87,1.156128407,16.5858229
4888,2.06,246508.0,1896.66,1.988831916,16.97740706
4889,1.73,124785.0,1349.34,1.421677558,15.5638607
4890,0.69,371347.0,1714.64,1.225025034,13.80664029
4891,2.16,140215.0,1490.48,1.673787841,17.73027397
4892,1.18,145383.0,1291.83,3.147013478,16.26664302
4893,2.13,369575.0,742.37,1.543758111,14.81460236
4894,1.84,169622.0,1981.96,2.020515554,16.4715024
4895,0.78,381072.0,1855.59,4.434120313,16.49096101
4896,1.31,356094.0,1690.46,0.860723678,14.25287152
4897,0.94,139014.0,883.29,2.332043601,15.62394304
4898,1.81,144380.0,1759.46,1.498013343,15.7452694
4899,1.86,368788.0,1964.1,3.513319499,14.74811904
4900,0.52,386806.0,1265.68,2.307791545,14.04191381
4901,1.89,133219.0,1841.04,0.811548851,12.86796418
4902,3.88,262630.0,2341.2,3.06451807,11.38942661
4903,1.33,234077.0,1072.09,1.415299117,15.49820496
4904,1.73,343822.0,1761.54,1.428998731,15.37730909
4905,1.78,375056.0,1410.6,2.935644198,15.64924173
4906,2.07,130151.0,1371.43,2.746293118,15.77420692
4907,1.29,144813.0,839.58,1.604210753,15.00045037
4908,0.66,262222.0,1833.64,1.17828663,15.29311379
4909,1.93,351027.0,1722.99,1.209003063,16.24857946
4910,2.28,372187.0,1841.22,1.570407618,13.73360061
4911,1.44,139288.0,1802.46,3.931146694,16.25153302
4912,0.76,168503.0,1189.03,4.021532492,13.56259509
4913,2.33,364715.0,1644.52,3.486137243,15.68352561
4914,1.46,252195.0,2374.25,1.604210843,13.94130035
4915,2.14,340412.0,1050.83,0.323829229,14.33774622
4916,1.38,389565.0,1494.78,1.923398069,15.61004346
4917,1.28,252009.0,1895.17,4.396900029,15.77074796
4918,1.34,363752.0,2713.65,4.014486315,14.38634493
4919,1.86,132357.0,1794.08,3.01445204,16.30838612
4920,2.39,277001.0,1886.63,3.59223455,15.8877335
4921,1.61,359464.0,1482.37,2.415103416,15.14118893
4922,2.3,367701.0,2173.82,0.730990809,15.17855211
4923,1.5,147840.0,1949.11,1.919290302,15.23892945
4924,1.63,166442.0,2461.89,4.093582837,14.50780371
4925,2.24,258518.0,1547.65,1.180112849,15.60482534
4926,1.01,144677.0,1970.44,1.610569535,14.3957488
4927,1.39,167632.0,2191.23,1.343004256,16.51241447
4928,1.63,247982.0,2001.36,0.311720857,14.41555723
4929,2.07,359445.0,1983.11,3.857925716,13.87173932
4930,2.11,396087.0,776.21,1.60651874,16.00534511
4931,1.51,366934.0,995.54,3.115705645,15.99737495
4932,1.9,240298.0,1720.26,2.968972178,13.73973706
4933,1.69,129254.0,1721.57,0.715893736,16.11046386
4934,2.15,370646.0,2294.66,2.200396916,14.15583834
4935,2.86,383603.0,2379.43,1.867002315,15.78549503
4936,1.02,348730.0,2459.88,2.002353435,15.71682132
4937,0.0,377414.0,2952.92,3.030531796,16.51502851
4938,1.44,374517.0,1770.8,3.651216662,15.9182211
4939,0.99,133616.0,2161.8,1.734181726,17.36151162
4940,1.45,379819.0,1356.52,1.951271155,14.28262829
4941,0.99,399594.0,932.32,2.167985604,15.80561555
4942,1.31,371308.0,1961.27,1.553018321,16.27079078
4943,0.78,127197.0,1736.26,0.395356619,17.73027397
4944,1.37,365825.0,1821.16,2.994623199,14.16965771
4945,2.45,368309.0,1767.56,2.142585361,14.96442423
4946,1.14,141268.0,1454.67,3.071701045,14.06181136
4947,1.26,349233.0,1973.2,0.690253693,15.12361518
4948,1.46,158723.0,1923.61,1.359101627,15.45793762
4949,1.38,356599.0,922.46,1.413159981,14.77022794
4950,0.69,137258.0,1976.03,2.845078922,12.75686578
4951,1.03,350891.0,1329.07,1.775384232,13.57247908
4952,1.14,374844.0,1365.26,1.182066222,15.05663296
4953,0.95,360344.0,1464.49,3.313445507,16.3638749
4954,1.45,171271.0,697.14,2.390939792,15.6008598
4955,1.15,374767.0,1734.69,2.97963939,14.47831365
4956,1.15,250112.0,1182.97,3.495470903,15.07752096
4957,2.03,256020.0,2183.05,2.713132529,15.75146241
4958,1.03,375451.0,1890.1,3.144231474,15.57361387
4959,1.27,124138.0,1750.79,4.096882645,14.67190731
4960,1.11,392223.0,2089.63,1.729664633,14.53860558
4961,2.63,373215.0,1788.5,3.272405111,16.00030287
4962,4.07,243631.0,1548.4,0.964347381,15.472468
4963,2.4,121828.0,2060.33,1.372484106,16.89994318
4964,1.43,362470.0,1739.43,3.465206916,15.59573909
4965,2.05,265057.0,2124.66,2.902461272,16.2857957
4966,1.26,350565.0,1351.63,1.891351793,12.58426779
4967,1.29,365518.0,2279.8,2.044625788,15.911788
4968,1.56,149111.0,2053.72,1.987154642,15.76282787
4969,1.28,135850.0,1659.97,1.36609903,15.25385804
4970,1.58,377858.0,2438.47,1.558117518,14.95676767
4971,1.18,151811.0,1773.43,0.0125319,16.20373205
4972,0.99,257700.0,2305.16,1.233318105,13.02288319
4973,1.84,379354.0,1528.18,2.674192471,15.95898187
4974,1.25,267377.0,1991.58,3.037822062,15.26364901
4975,0.26,155771.0,2481.47,3.050973884,15.35025323
4976,0.72,130085.0,802.65,2.641172524,14.30348734
4977,2.24,263719.0,1967.92,2.468257219,15.08148342
4978,1.4,152599.0,908.54,1.928905055,15.72715574
4979,1.24,282101.0,1465.98,2.059433843,15.53258936
4980,1.9,160568.0,832.08,1.078540488,16.03749274
4981,1.21,145282.0,1761.26,1.609357127,12.78715319
4982,1.69,366876.0,2093.76,1.045402995,12.40166565
4983,4.2,332924.0,1654.52,4.780452366,16.58548424
4984,1.12,265291.0,1799.78,1.345942123,15.63944183
4985,2.17,147103.0,1383.64,2.295047621,11.95788262
4986,1.12,360692.0,1040.57,1.185090607,13.58781503
4987,1.2,370354.0,2392.12,1.016967301,15.5095117
4988,0.82,381627.0,2190.39,4.687026278,16.38290532
4989,1.79,145569.0,1839.73,1.190549803,16.82053273
4990,1.51,142838.0,2009.61,3.204725609,16.37680608
4991,1.61,371781.0,791.63,2.032671643,16.22625996
4992,1.59,250529.0,1328.9,2.485434547,12.84989242
4993,0.94,164804.0,1847.06,1.644980711,14.43065934
4994,2.18,228786.0,1315.08,3.586246284,13.07669202
4995,1.1,396958.0,1481.71,3.110527532,17.48451145
4996,1.34,381454.0,1899.88,1.438550042,15.73488688
4997,0.96,346206.0,2382.2,2.350949559,15.66703219
4998,1.47,372815.0,1659.51,1.447845091,15.33260731
4999,1.66,346811.0,1601.02,3.570677595,15.54582582
5000,2.45,233610.0,1895.06,2.97716405,15.46214251
5001,1.87,348732.0,1610.37,1.204671518,16.07273485
5002,1.2,160594.0,1351.82,0.09791315,15.67864749
5003,1.75,369769.0,2231.57,3.350353969,14.86195902
5004,0.78,250470.0,1750.39,3.00211485,14.00069011
5005,2.32,378918.0,2050.39,3.062994797,16.13948609
5006,2.04,142241.0,1570.27,1.251129853,15.55682828
5007,1.87,344971.0,1260.29,2.521056209,12.90643592
5008,1.76,149523.0,769.35,4.487504969,15.51080665
5009,1.87,135477.0,2182.08,0.857784924,12.2737172
5010,2.12,372551.0,1984.51,2.908647351,14.94844299
5011,0.67,393915.0,2326.32,-0.017448557,15.83768327
5012,0.71,162228.0,2088.24,2.362558839,15.63672668
5013,2.56,368684.0,989.24,0.8111078,15.27140401
5014,2.58,356594.0,1238.94,1.277298812,17.40616946
5015,0.72,352883.0,1847.48,1.338487496,17.19030568
5016,1.67,280968.0,742.22,1.529412582,16.64876471
5017,1.82,260390.0,1296.54,2.909597429,14.31777291
5018,1.31,129534.0,1843.2,4.057231501,15.22692049
5019,1.53,171511.0,2425.32,4.068766069,15.52260229
5020,3.15,347903.0,935.09,2.540077769,12.97278229
5021,1.66,248353.0,2353.7,0.555695308,16.03788774
5022,1.13,138940.0,1117.42,1.259605743,16.82786481
5023,0.69,363158.0,642.49,4.107439701,13.10693168
5024,5.17,378715.0,2184.45,3.00914279,13.89973873
5025,1.39,383689.0,2018.92,2.007996084,13.70848087
5026,0.75,398946.0,802.22,3.505811399,15.91018976
5027,1.76,247062.0,1986.67,3.326107653,17.73027397
5028,2.58,391522.0,1825.52,3.52851675,15.22499404
5029,1.16,234339.0,1938.59,1.271701154,15.01138686
5030,2.35,138235.0,2439.39,3.921528185,13.790622
5031,1.72,377530.0,1401.47,4.692020666,14.18111436
5032,1.99,263367.0,1098.34,4.110100786,16.90213274
5033,1.87,144676.0,2058.12,1.565053287,14.08995221
5034,1.3,249595.0,762.74,1.158307302,13.00707867
5035,2.29,355864.0,1868.65,1.276312907,13.90989178
5036,1.71,143725.0,2297.5,3.980053388,16.28411368
5037,0.39,165846.0,2368.84,2.648827332,16.4334009
5038,0.35,278202.0,2491.49,4.439477318,16.54288048
5039,1.06,167789.0,2409.6,1.44518241,16.13680576
5040,1.79,265444.0,1745.9,0.962845165,15.08594722
5041,0.81,337071.0,1519.39,2.918375173,16.36976007
5042,2.32,114947.0,1599.29,0.989653322,16.68954791
5043,0.97,360818.0,1882.91,2.24607107,15.47272141
5044,2.03,148360.0,1916.68,1.211398422,16.38589294
5045,2.05,369157.0,696.96,2.78212975,16.63988205
5046,1.42,142241.0,1787.83,1.164318546,13.72114027
5047,1.78,130656.0,1140.19,1.906809847,14.30264176
5048,0.47,252327.0,2282.92,3.5138464,16.16442248
5049,2.31,377931.0,1750.53,0.996262588,15.98795227
5050,2.03,356058.0,639.39,1.558348535,16.53992343
5051,0.73,144663.0,1969.78,1.499699909,15.93413109
5052,2.64,373053.0,1653.58,2.98679736,13.92460823
5053,1.34,378147.0,845.17,1.936018153,17.00666135
5054,1.25,270847.0,2015.49,1.164924553,15.52187265
5055,1.49,370733.0,1476.36,2.058237013,17.42883431
5056,2.45,382855.0,1891.24,4.303561494,15.72969718
5057,1.63,340181.0,1937.3,3.773180379,16.44064726
5058,0.06,369995.0,1898.46,1.458505458,17.109344
5059,1.85,127653.0,1946.93,3.908842089,15.78266198
5060,1.94,365745.0,1373.67,1.48402615,14.022919
5061,1.98,361427.0,2199.78,0.902009335,15.74094362
5062,2.56,145762.0,740.42,1.801366614,13.45503169
5063,1.21,368685.0,1726.4,1.325950707,15.62168377
5064,1.24,269043.0,1876.31,2.046769128,17.57564588
5065,1.71,115563.0,1851.42,2.199185434,14.95058888
5066,1.87,377673.0,787.14,2.187430757,15.11063972
5067,0.47,373802.0,2092.05,4.234922522,16.25811091
5068,0.62,145535.0,2695.42,3.159757634,15.45759827
5069,1.27,385037.0,1884.12,1.731776048,15.61649519
5070,2.6,365347.0,885.14,1.15254745,15.95414726
5071,1.66,377952.0,2007.72,3.322993367,16.13139122
5072,1.65,147919.0,1175.57,4.072566839,15.63264807
5073,0.28,371545.0,2376.89,1.693960815,16.9539432
5074,2.29,231011.0,1300.02,2.399444759,16.18328147
5075,1.11,133285.0,1317.92,3.177553277,16.38323698
5076,1.38,158831.0,807.85,2.16719941,13.90148321
5077,2.17,356051.0,1969.22,1.546965857,15.43467853
5078,1.29,357374.0,1187.27,1.991052573,17.33806485
5079,2.03,359155.0,1822.03,1.918156652,16.14767454
5080,1.78,364574.0,1306.5,0.377363059,13.57450948
5081,2.46,144696.0,674.15,2.873421395,15.88536532
5082,1.43,243018.0,2221.53,1.387563358,16.45859121
5083,1.24,355660.0,1803.71,4.582609918,15.31180022
5084,1.62,372511.0,900.73,1.458411064,16.4790197
5085,1.56,261413.0,2358.46,1.860569916,16.5432292
5086,2.11,399079.0,2108.78,1.844490336,15.19355133
5087,2.13,363870.0,1621.46,1.971348942,14.30899233
5088,1.18,137249.0,742.97,1.185633371,15.76948628
5089,2.23,134966.0,1057.11,2.080122462,14.60784237
5090,0.6,366518.0,2491.97,-0.326393035,15.12757941
5091,1.08,357109.0,2330.41,1.088713628,11.82345394
5092,0.41,394791.0,707.49,3.325038163,15.80798332
5093,0.08,371522.0,917.23,2.674446318,16.80196108
5094,2.13,353105.0,1576.87,4.263613894,12.56282077
5095,1.8,149614.0,2074.19,4.643685929,16.12608712
5096,2.88,367658.0,798.53,3.443268174,16.92818485
5097,0.03,356084.0,1936.0,1.901719885,17.31157265
5098,0.39,362021.0,1628.86,1.9482684,15.98452709
5099,1.99,363878.0,1870.8,0.942392604,13.33269475
5100,2.2,261930.0,1670.72,-0.326393035,11.81569488
5101,1.28,147339.0,763.7,2.229650352,16.22825115
5102,1.4,358356.0,2401.25,1.660097083,13.97874262
5103,3.48,355778.0,2727.52,1.759969489,12.93241556
5104,0.75,367285.0,1804.18,-0.326393035,12.25461571
5105,0.73,369519.0,2666.07,3.516808262,15.66186254
5106,0.0,167863.0,1789.78,0.824149877,15.46909397
5107,1.35,256456.0,2159.47,3.746511475,15.52407887
5108,1.2,381750.0,2389.7,1.996141441,15.61415917
5109,1.78,359700.0,1729.39,4.058350494,13.30205551
5110,1.47,146969.0,1915.9,2.831033819,17.23328093
5111,1.41,352945.0,1511.42,1.983311916,15.24389971
5112,1.21,372000.0,1686.77,4.292634412,15.33710515
5113,1.31,147759.0,1812.11,1.571174618,16.16978594
5114,2.17,274014.0,2436.95,1.781362353,13.85746538
5115,1.78,380274.0,2018.27,3.897399531,16.23120112
5116,2.72,141378.0,2135.24,2.359163235,11.91296141
5117,1.02,375361.0,1395.39,1.03710917,17.57184695
5118,2.3,367140.0,1803.23,1.799004491,14.70702338
5119,0.49,170254.0,1238.36,0.91445333,14.62507661
5120,1.57,257257.0,715.67,1.28178049,16.40281914
5121,2.07,147813.0,2476.4,2.016927024,13.62632998
5122,0.98,356603.0,2201.12,2.300330296,15.05699589
5123,1.49,165096.0,1776.21,-0.072531817,14.64364621
5124,1.99,120779.0,811.58,2.153740418,12.75420941
5125,1.72,363800.0,1361.89,3.473482188,14.3372332
5126,1.23,256994.0,1425.38,3.487215599,16.85417597
5127,1.18,364621.0,1859.65,1.47690541,14.94148983
5128,0.0,272669.0,1726.1,1.782788209,12.3313249
5129,2.83,158428.0,2452.44,2.051810013,16.36199692
5130,0.81,166282.0,2265.05,0.622346581,13.02013737
5131,1.64,395316.0,2245.3,3.025570771,15.53744355
5132,0.83,368611.0,2068.72,1.91067926,14.49141834
5133,1.47,166597.0,2029.4,1.924037567,15.9231937
5134,1.36,380642.0,1907.2,1.660629631,16.71970503
5135,2.13,145975.0,1988.92,1.302945602,15.24179799
5136,2.74,142680.0,968.23,0.6367485,16.13479153
5137,0.63,341813.0,2125.44,3.805158703,12.39819296
5138,2.16,153201.0,1554.16,2.280749761,15.71753963
5139,1.85,246513.0,1844.47,1.543667654,15.99928963
5140,1.6,373703.0,1509.57,1.807263222,15.68204679
5141,0.66,378156.0,1974.54,2.66193947,16.13816141
5142,1.4,267732.0,1990.49,1.305029538,12.46338797
5143,1.41,362036.0,1476.67,3.001119248,13.65707349
5144,1.17,352794.0,1659.54,2.035929281,12.88859851
5145,3.22,384131.0,1370.87,2.079614439,16.0695614
5146,1.0,124736.0,1690.16,-0.03032673,13.89713226
5147,0.0,344066.0,1338.51,-0.232161271,15.06413321
5148,0.87,377612.0,1265.28,1.374944503,11.95283988
5149,0.81,247154.0,2125.31,2.288051322,16.15007632
5150,1.13,263095.0,2075.55,3.099742155,14.03538063
5151,2.86,347636.0,1710.46,3.540372297,14.8821601
5152,1.71,378305.0,1891.92,1.115122434,14.50792235
5153,2.85,150190.0,2312.13,3.892349169,15.4839405
5154,1.8,138257.0,1794.93,1.376739113,17.04474117
5155,1.4,244293.0,1762.98,4.483317207,16.10451928
5156,1.99,344871.0,2316.45,-0.163405008,14.85342438
5157,0.22,248455.0,1391.26,2.755564464,17.10907001
5158,0.59,346679.0,1950.54,2.055384986,16.9365525
5159,1.42,369854.0,1747.24,2.239813172,13.02364782
5160,0.8,128679.0,2150.63,2.070543596,12.78676713
5161,0.67,267752.0,2419.28,4.190828297,15.39312833
5162,0.62,364889.0,2489.33,1.765235462,15.34272437
5163,1.16,155952.0,1877.21,1.477442282,13.90230729
5164,2.41,146881.0,2185.25,2.066210282,17.29389981
5165,1.97,353720.0,886.2,2.54620788,11.93459353
5166,0.63,394657.0,994.19,1.182716407,15.46316304
5167,1.61,346498.0,1876.11,2.635079644,12.76357241
5168,1.3,248330.0,1826.48,4.027042878,15.83192057
5169,0.98,382822.0,1337.07,1.303632986,15.33253109
5170,1.11,241712.0,1097.49,4.324655421,15.64867704
5171,0.56,380801.0,2113.45,3.94726501,15.00057115
5172,0.44,157351.0,1849.31,1.656632219,15.14433982
5173,2.01,366794.0,1468.11,1.735054877,13.45482157
5174,1.95,251011.0,1781.55,3.106125718,15.65672232
5175,1.45,384817.0,2298.62,2.11340076,14.47819956
5176,1.96,344277.0,1936.64,3.134523477,15.25431903
5177,0.75,369170.0,729.47,4.93924406,15.72550494
5178,3.6,356986.0,1223.21,2.162096463,15.41571826
5179,1.01,375960.0,2402.0,3.000890908,17.28443228
5180,1.37,238974.0,2506.02,1.637833541,14.97740603
5181,1.21,363592.0,2041.71,1.183824071,11.68455588
5182,1.62,378884.0,1435.56,2.004092645,14.9012602
5183,0.89,370736.0,1571.76,1.539634524,16.3437524
5184,1.78,141778.0,670.25,1.690639743,15.12872083
5185,1.4,355058.0,2098.67,3.693034356,15.33408114
5186,2.82,252932.0,1179.91,4.216498002,13.23575288
5187,2.18,381447.0,2928.84,1.520666208,16.46256409
5188,1.68,380081.0,804.98,2.391250571,15.74880058
5189,1.82,253696.0,1723.24,2.384303464,16.42631791
5190,1.98,238533.0,2099.67,1.725113743,14.69720968
5191,1.07,394301.0,1940.94,0.627779538,16.27755005
5192,1.76,370499.0,1632.16,2.957330749,16.00748542
5193,2.36,348186.0,2105.81,1.856942874,14.13792423
5194,2.58,140131.0,1066.61,1.948251751,15.64819672
5195,0.76,135969.0,2028.23,1.512772346,16.32134679
5196,1.48,382435.0,2204.18,0.879040614,15.77384388
5197,1.41,364298.0,1989.85,-0.063823619,13.27317836
5198,1.01,376707.0,2207.41,2.046334182,15.08614412
5199,2.22,383093.0,1674.64,1.5784593,16.0488794
5200,1.97,246307.0,1871.91,-0.030701443,15.61356961
5201,1.02,366791.0,2485.32,1.749469875,15.49934923
5202,1.57,376285.0,638.29,1.467848893,15.82068478
5203,1.35,351355.0,1460.57,3.395160525,15.3146672
5204,1.43,242086.0,893.77,2.542684168,14.82959555
5205,1.59,352654.0,631.02,0.909598538,13.29573335
5206,2.15,353505.0,837.09,0.511471678,13.02593222
5207,0.0,387470.0,1956.89,2.264623234,16.46817856
5208,3.25,144636.0,2077.96,2.732227284,15.79566873
5209,0.86,381768.0,917.12,1.766817834,15.55187554
5210,2.05,354949.0,797.46,0.421848153,12.300304
5211,1.6,125385.0,1172.23,2.334210708,15.71044329
5212,1.12,157003.0,1445.37,3.049678045,15.70130197
5213,1.26,145651.0,1747.01,-0.284359438,16.05139496
5214,1.44,356321.0,2469.37,1.987419363,14.79761981
5215,1.53,355569.0,1330.01,1.406189817,13.59325717
5216,0.39,385110.0,1879.3,1.988183192,14.03058878
5217,1.13,268414.0,2166.58,0.677936747,16.58027973
5218,1.54,376942.0,1949.57,4.3745587,12.69237602
5219,2.36,140866.0,1823.54,0.874576916,15.3829528
5220,1.35,257683.0,1949.17,0.713586251,13.9607604
5221,1.55,362039.0,1779.59,4.254263664,11.82028171
5222,0.84,261747.0,2630.88,0.773659959,14.40331118
5223,1.69,384545.0,1701.13,0.440393425,14.56631548
5224,1.68,259936.0,586.86,4.155536583,11.82808817
5225,1.07,398302.0,2150.22,3.536142838,15.5199059
5226,1.35,153778.0,2461.04,0.99459279,15.98955401
5227,1.32,345800.0,794.05,1.656439727,14.25794934
5228,1.97,151638.0,1509.49,4.695145753,15.32180867
5229,0.94,259724.0,1924.82,0.274013146,14.13526553
5230,1.25,258643.0,1521.43,3.349854507,16.24173743
5231,1.12,383803.0,1867.62,3.506147456,17.73027397
5232,1.36,373487.0,1918.65,3.743666348,12.4313684
5233,5.31,366581.0,1500.53,-0.042757515,17.14690521
5234,1.63,159485.0,1885.77,1.214326705,15.82260411
5235,0.45,264232.0,1946.75,0.413740492,16.174167
5236,1.53,363366.0,972.91,3.313635956,16.33320928
5237,1.26,389678.0,893.7,1.499367815,12.52461137
5238,2.38,387407.0,1488.4,3.060435627,15.24089763
5239,2.18,363018.0,2306.36,0.436203921,12.53885096
5240,2.33,348861.0,1468.77,1.753038437,16.17273704
5241,0.85,354526.0,2404.39,2.776667289,14.95194982
5242,3.47,365027.0,1847.06,4.458089381,15.64914349
5243,1.63,176660.0,2388.82,2.041257992,17.28258484
5244,1.12,144699.0,1741.28,2.140327075,15.67387187
5245,1.66,367159.0,1979.96,3.582980755,15.9776269
5246,2.31,125213.0,807.59,1.601471337,14.68330059
5247,1.64,394873.0,2254.16,1.603096996,15.96822516
5248,3.78,138707.0,3047.82,1.451849557,15.88519521
5249,1.51,271254.0,2006.21,4.130587227,14.85116073
5250,2.09,370367.0,1857.63,1.408302077,16.83869121
5251,2.1,369696.0,1799.66,0.496384982,11.95770901
5252,1.05,129185.0,1806.82,2.139514407,15.22812178
5253,0.7,372687.0,1924.14,1.715325832,13.67545429
5254,0.61,254711.0,1053.24,2.495401976,15.70071175
5255,1.59,143612.0,1840.62,1.987448768,15.72088883
5256,2.91,127552.0,1920.82,1.810812463,15.43674544
5257,1.83,136672.0,1191.5,1.13112187,15.26235175
5258,1.13,288519.0,1745.45,2.182534718,14.32815601
5259,2.11,167225.0,2427.58,0.196800723,15.15484979
5260,2.32,150094.0,2188.76,1.80849193,16.93456517
5261,0.9,341908.0,2336.72,1.496042709,15.68245298
5262,3.1,362408.0,2194.08,1.875458423,16.00942297
5263,1.3,127740.0,2426.14,1.261183389,14.82658158
5264,0.82,389025.0,1119.64,3.653426768,15.0931647
5265,1.39,358299.0,2391.45,3.590007251,15.43847082
5266,1.16,167784.0,1619.02,3.886576008,13.85368824
5267,1.02,260492.0,1386.51,1.778641778,15.43641001
5268,2.04,264289.0,2448.6,1.288234236,16.00332962
5269,1.56,261054.0,2357.92,0.685362696,13.80414043
5270,1.83,250519.0,1926.83,1.073183633,15.76349914
5271,0.64,364532.0,985.45,2.063119414,16.4026244
5272,1.04,377513.0,1850.62,0.79506941,13.59814487
5273,0.63,154772.0,2436.48,1.698400389,16.43579525
5274,1.83,370655.0,1334.0,3.228896773,16.6902071
5275,0.96,379587.0,1518.85,3.497046109,14.24335851
5276,2.21,388900.0,1498.54,2.25127803,17.2934195
5277,1.95,398440.0,2019.16,1.837505246,14.36818177
5278,1.82,137303.0,2383.2,2.31154718,14.42635249
5279,1.53,268206.0,1060.66,2.405338146,13.86780582
5280,1.49,359711.0,1924.65,-0.326393035,15.85422908
5281,0.68,382319.0,1428.24,4.237502509,15.96365598
5282,3.55,381671.0,1439.62,2.770141649,16.13082462
5283,0.0,347389.0,2334.9,1.625545733,16.21398138
5284,0.89,377659.0,1862.89,2.077098233,15.7014192
5285,2.86,149756.0,1283.06,4.11993439,13.98561992
5286,1.28,361637.0,1706.74,1.394665527,16.16044081
5287,0.57,165375.0,2639.83,0.297120157,14.4204741
5288,1.47,381509.0,1521.86,1.971508274,16.20368001
5289,1.78,394804.0,1474.47,1.195350348,16.08416071
5290,0.66,366050.0,797.82,1.426749672,15.88059706
5291,1.28,148227.0,2169.74,1.239805411,15.6940706
5292,1.24,266975.0,2251.67,2.112246905,15.41324151
5293,1.76,362274.0,1634.71,1.417730531,14.94520963
5294,1.28,254856.0,1982.41,2.530454747,13.99523757
5295,0.03,377625.0,1930.48,0.817098387,13.1391702
5296,1.21,377332.0,1706.94,2.175498098,13.78753216
5297,1.14,148127.0,2370.42,2.137814071,13.02185879
5298,0.19,367195.0,1888.16,3.25571611,14.25477212
5299,1.83,258340.0,2187.23,2.516118201,15.79011773
5300,2.16,253589.0,1491.96,0.917495924,15.09903441
5301,0.77,268363.0,1082.51,2.97662932,16.13562574
5302,0.27,360715.0,1927.02,1.893739122,13.36703877
5303,0.7,130547.0,633.74,2.25047775,13.41892498
5304,1.04,277646.0,2359.15,0.632891617,16.0629339
5305,1.66,366493.0,1439.12,1.657459754,15.0120773
5306,1.6,378206.0,1834.16,3.269147463,15.85165196
5307,1.64,245772.0,1237.36,1.478930383,16.26876479
5308,2.49,124881.0,811.43,2.257477222,13.23164469
5309,1.73,396380.0,1948.49,1.072892052,16.27478597
5310,1.35,365515.0,1156.97,1.784866057,14.75136944
5311,1.52,386338.0,1927.15,1.72840062,13.73313232
5312,0.39,385627.0,1641.77,2.045883782,14.03014007
5313,1.88,387681.0,1445.73,1.332124391,15.71070998
5314,1.27,249229.0,1663.64,4.023835327,16.77947995
5315,0.6,380135.0,1753.79,1.531622381,16.05416056
5316,1.42,368532.0,2300.19,1.074504316,13.67569492
5317,0.92,353458.0,1451.72,2.909556044,15.27724803
5318,0.78,277283.0,2501.17,0.872157386,14.61050875
5319,1.32,152881.0,1842.59,1.634687919,13.52513506
5320,1.77,351518.0,2687.78,1.091809494,14.7138802
5321,1.26,348436.0,1762.74,1.759419554,14.90273281
5322,1.61,352419.0,1122.7,1.66061874,15.75739682
5323,1.27,244671.0,1917.2,0.943681041,16.27731352
5324,1.23,365559.0,2354.71,1.895800735,14.55382899
5325,1.3,260752.0,1392.0,2.14149205,15.66358979
5326,2.32,383300.0,1998.68,1.28227764,13.10617744
5327,1.28,128506.0,1917.55,2.023953334,14.78253512
5328,2.21,375893.0,809.02,1.576149779,15.3390509
5329,1.5,253026.0,2162.06,1.06057254,14.85104456
5330,2.64,147379.0,1897.87,2.178017287,16.41788383
5331,1.26,166759.0,2519.43,2.306471488,16.30099926
5332,1.68,378364.0,1430.04,1.968637595,17.50754543
5333,1.41,132477.0,927.43,1.840322426,13.76341865
5334,1.9,135554.0,1967.51,0.914131993,13.1297591
5335,1.35,355366.0,2320.13,1.937120855,16.71805922
5336,0.45,167434.0,1839.46,0.812364759,16.26288206
5337,1.61,378097.0,864.41,3.167116498,15.5153446
5338,1.47,151258.0,2530.0,1.342759091,14.51777585
5339,0.6,380312.0,2109.36,1.479581053,13.69000472
5340,2.06,153428.0,1232.35,1.354081504,15.98824081
5341,1.09,155392.0,799.42,3.034831636,14.48855338
5342,0.26,361926.0,1682.82,4.231332158,15.15068395
5343,1.3,377160.0,2044.67,1.579937427,15.86727793
5344,1.9,355385.0,1298.16,0.6327647,15.74984061
5345,0.63,374795.0,1219.59,2.314684951,15.51392068
5346,1.34,168778.0,2146.47,2.963593913,15.51393177
5347,1.78,232848.0,969.62,0.917326261,16.05156714
5348,0.65,278846.0,883.28,3.405252808,15.70171829
5349,0.31,261507.0,1505.74,2.908258492,14.56137011
5350,2.35,386333.0,1677.28,2.467718956,14.8439443
5351,2.64,374689.0,1688.14,1.622443822,12.44172017
5352,0.28,175139.0,1951.24,3.046016083,16.5753205
5353,2.45,270777.0,1130.09,0.563097139,11.45087651
5354,1.28,267685.0,1914.97,1.682290751,14.62797575
5355,1.8,139930.0,1697.98,1.664665089,12.4724104
5356,1.87,345852.0,1772.55,-0.233743938,15.26415447
5357,0.3,249317.0,2086.66,1.010677652,11.8311415
5358,0.69,401119.0,2357.32,0.768344982,12.70108019
5359,1.53,165677.0,1826.22,2.808701853,16.14165268
5360,0.92,250943.0,1770.39,1.451429991,15.24845043
5361,1.48,252494.0,1095.29,2.828203,15.49095729
5362,0.9,161124.0,1722.42,2.113582197,15.45544536
5363,1.93,260524.0,1747.11,1.29592491,15.96316218
5364,2.48,354191.0,702.5,0.602626913,15.27541047
5365,1.6,357605.0,1249.36,0.8084427,13.16571547
5366,0.46,137705.0,1786.85,4.330240961,14.2587936
5367,1.82,374360.0,1044.93,3.409507072,14.78404316
5368,1.45,277411.0,979.72,0.742092538,15.22673359
5369,2.13,340818.0,1770.71,3.940919972,15.85533805
5370,2.19,364899.0,1876.47,4.291706068,16.93453404
5371,1.97,370862.0,2433.36,3.33683181,15.60523136
5372,1.36,244914.0,1870.76,3.593985415,15.17593976
5373,1.37,370483.0,1228.6,2.359097821,15.95854704
5374,1.29,258148.0,989.26,0.286125569,16.27302898
5375,0.8,388006.0,1835.7,1.939986605,13.34585764
5376,1.53,349570.0,2116.66,-0.114087776,14.96895367
5377,0.1,268802.0,2245.45,2.490496564,16.15393745
5378,2.03,238725.0,1828.81,2.539985461,15.9677704
5379,2.01,350546.0,1390.34,2.32512873,15.51542347
5380,1.28,270809.0,970.69,2.74085383,17.72404496
5381,1.99,261800.0,769.4,1.102778693,14.50456449
5382,2.14,365935.0,2227.19,1.443050431,15.36285668
5383,1.27,355053.0,2756.68,1.047211041,14.25535457
5384,1.6,287368.0,1641.03,2.182772069,14.21601405
5385,0.35,379995.0,2734.89,2.982048464,13.26234195
5386,0.76,364582.0,2128.03,1.570598752,12.81250333
5387,1.39,352013.0,969.44,1.719683089,14.97931509
5388,2.04,387851.0,1869.2,1.817581663,15.70791589
5389,1.15,262220.0,878.49,3.241669415,17.31668359
5390,1.24,374968.0,1756.93,2.962500539,15.47217062
5391,2.05,350617.0,1647.65,1.150579899,14.6084864
5392,1.65,401119.0,1911.64,1.989882397,16.25784137
5393,1.58,242276.0,3047.82,1.758885816,16.0268349
5394,0.66,166192.0,877.65,3.971386304,16.51921145
5395,0.93,268540.0,2025.08,0.099576096,17.37446433
5396,1.89,147860.0,1692.91,2.118458398,13.17731772
5397,2.45,355298.0,2195.1,1.291511411,13.36682625
5398,0.73,157677.0,1640.62,2.477989949,13.95194663
5399,1.46,250335.0,700.15,0.280106764,16.63644178
5400,1.03,372029.0,1896.45,1.27913628,11.89154028
5401,1.79,148628.0,2301.84,1.688048397,17.2380203
5402,2.25,354183.0,1883.43,0.4997757,13.71842567
5403,0.56,255861.0,690.78,1.667415599,16.4017042
5404,1.82,363825.0,1822.54,2.561078629,16.1623266
5405,0.24,156934.0,2286.74,4.638782181,14.79523677
5406,3.78,244994.0,1834.32,3.457253594,15.20812409
5407,1.86,259968.0,1922.49,1.303825035,15.21131051
5408,0.76,377658.0,2342.7,1.145950185,16.0144491
5409,1.48,268064.0,1835.53,1.536887587,15.96739568
5410,1.08,170703.0,1405.51,3.069901157,13.60892804
5411,1.4,356224.0,1856.34,3.753139515,15.1905473
5412,2.23,151615.0,2337.35,0.551141648,16.53253276
5413,1.44,268042.0,1972.08,1.544942648,15.4292087
5414,2.48,129721.0,920.78,-0.326393035,12.90663236
5415,1.36,139254.0,612.0,1.833729662,16.75009851
5416,2.16,378094.0,2408.7,2.61645821,15.25361248
5417,2.41,369324.0,2400.03,4.584482544,16.34499355
5418,2.24,374464.0,1655.37,1.8524023,17.1128545
5419,0.85,360519.0,1988.45,1.998401025,13.92275449
5420,0.9,375410.0,1311.54,1.140272569,15.49123417
5421,1.36,354938.0,1873.61,1.444558218,15.38427723
5422,2.02,123529.0,1182.71,1.222104181,15.09132821
5423,2.12,141271.0,950.57,1.786160809,15.95402115
5424,1.29,350411.0,955.68,3.455602478,12.95546359
5425,1.45,148955.0,1890.12,1.254643258,15.54618599
5426,1.49,368328.0,2188.16,2.429931249,16.69593153
5427,5.07,370599.0,1842.59,1.772267934,16.60928574
5428,1.09,361415.0,2486.18,1.350195932,15.57207233
5429,2.05,377069.0,2390.04,1.303410702,13.89989718
5430,1.32,365600.0,1551.56,2.35554181,14.8075136
5431,1.41,395759.0,3047.82,3.70377368,14.77675312
5432,1.52,145165.0,1807.46,3.142825226,14.33059439
5433,1.3,380563.0,2265.03,2.672747178,12.87162975
5434,1.39,365138.0,1962.03,0.945814935,15.64237178
5435,1.55,392963.0,1541.55,2.014755311,15.96264781
5436,2.15,374885.0,1350.13,2.027239033,15.3756063
5437,0.68,353023.0,1059.75,1.591444992,15.10225163
5438,2.35,129724.0,1030.57,4.305293498,16.56032528
5439,1.75,377776.0,2471.37,0.935566866,15.06399593
5440,1.69,166651.0,1945.97,0.626225193,14.23415103
5441,1.91,367068.0,1815.11,3.241347211,15.62475978
5442,0.63,261973.0,2273.8,2.680978085,15.78694739
5443,1.58,273508.0,771.71,1.948973905,16.18431199
5444,1.35,243146.0,1993.49,1.511728594,14.99298638
5445,1.27,351732.0,1793.39,0.479488576,12.74676949
5446,2.71,114947.0,1501.82,0.00510714,15.66056417
5447,0.99,380066.0,2380.3,1.278624382,16.89706448
5448,2.76,258026.0,1821.75,1.308504829,14.91873099
5449,0.15,238628.0,1215.51,1.312072702,13.33919824
5450,0.69,124145.0,881.22,-0.326393035,13.74373494
5451,1.42,266702.0,2363.93,-0.010894266,14.83190431
5452,1.47,141578.0,1967.08,1.042818956,16.37631849
5453,1.76,153614.0,2324.57,1.299348169,16.16079441
5454,1.02,375816.0,1666.39,1.179547716,13.93515361
5455,1.57,388641.0,2367.43,0.563160167,17.20889716
5456,1.5,368448.0,1389.8,2.317499644,13.56459027
5457,1.74,146653.0,1403.51,3.543678856,16.07491019
5458,1.3,142360.0,1856.16,2.441150686,16.22099559
5459,1.26,145467.0,1848.99,2.008272403,13.74537292
5460,0.77,262132.0,1384.02,3.08361884,15.94436063
5461,1.06,269428.0,924.64,2.604242,15.23631422
5462,0.75,149496.0,1355.28,2.521040581,16.34917832
5463,1.84,258604.0,958.57,1.307528495,14.51256582
5464,1.42,367746.0,2437.57,1.616219099,13.64747491
5465,1.74,380075.0,1478.07,1.777328231,16.66400343
5466,0.99,365833.0,1247.15,1.696610116,16.23319816
5467,1.93,150437.0,2391.72,0.625529793,14.56704049
5468,0.97,390270.0,1947.38,2.787867172,15.49629865
5469,0.8,146910.0,1920.27,1.962145337,16.49117713
5470,0.99,167497.0,2589.36,0.827792463,15.08844581
5471,0.5,391846.0,913.93,1.688032732,14.77244746
5472,1.09,365172.0,949.1,1.89067519,14.99433708
5473,1.37,393716.0,2167.63,2.043662878,15.22737409
5474,2.18,231319.0,1955.43,1.378203793,16.50135799
5475,0.31,367398.0,2453.35,3.856125531,14.03810551
5476,1.44,378865.0,1913.82,3.350509553,17.44671417
5477,1.78,367130.0,750.41,1.757456134,15.79075584
5478,1.5,160777.0,1837.9,1.488680673,15.38809471
5479,1.35,363300.0,2110.09,1.445834051,13.00801997
5480,1.62,272688.0,1905.14,2.888464518,15.66463078
5481,1.87,376396.0,1478.04,1.912504074,15.25925448
5482,0.99,245944.0,1453.86,0.201626457,15.04239706
5483,0.68,253779.0,2761.03,2.452906893,15.72496052
5484,0.66,167213.0,2018.94,1.775210102,16.22086139
5485,1.02,347571.0,1645.14,2.14634595,13.5066355
5486,1.16,350321.0,1914.17,2.852499729,14.30853934
5487,1.84,250123.0,1802.62,1.608383271,13.8717664
5488,0.78,133613.0,2304.9,3.438250853,14.61755164
5489,1.44,361670.0,1836.55,1.991250545,16.78216667
5490,1.86,369800.0,1826.13,3.05064979,15.55035416
5491,2.32,368495.0,764.18,4.93924406,15.74017256
5492,2.28,114947.0,1437.49,2.994317337,14.90341441
5493,1.81,238314.0,1818.95,3.684023897,13.7548401
5494,0.79,371391.0,803.72,3.446670474,16.1944998
5495,1.19,371398.0,1773.69,1.174551557,16.10546868
5496,2.11,242011.0,863.91,1.516850264,15.61304239
5497,0.57,352527.0,1769.23,1.611586915,13.93723903
5498,2.05,380192.0,879.04,3.427970126,15.03992291
5499,2.45,136181.0,803.08,-0.010056882,15.78452972
5500,2.74,243647.0,1825.72,1.045736368,15.55019673
5501,1.45,372551.0,1728.37,1.155611808,13.74280415
5502,0.77,154711.0,1197.62,2.12705766,15.53485807
5503,0.81,396707.0,1846.42,1.238991615,14.44970532
5504,0.57,374741.0,2692.21,1.563291864,14.72564889
5505,2.0,151478.0,2468.71,1.508115723,14.48869057
5506,0.7,356982.0,1847.56,0.911272342,15.5949534
5507,1.67,368175.0,2159.78,2.029989993,16.07057611
5508,1.49,268357.0,653.22,-0.012574167,17.57766377
5509,0.95,371737.0,1979.47,2.661169822,15.44648284
5510,1.71,374945.0,1897.77,1.776143306,16.31622613
5511,0.29,378403.0,2445.33,1.845307383,14.57385841
5512,1.49,384564.0,1609.94,2.976940189,15.64591221
5513,1.76,356555.0,1608.82,1.504703864,15.65557053
5514,2.14,162085.0,1534.07,1.0945207,13.83567741
5515,0.33,132407.0,2043.18,4.242282178,14.73289425
5516,0.33,251030.0,1739.14,3.016998922,15.69347565
5517,0.9,361657.0,1834.91,2.566096845,14.75323576
5518,1.73,348660.0,586.86,1.34840172,16.75732539
5519,1.61,136702.0,1769.25,0.607115387,15.3089979
5520,1.68,145808.0,931.29,4.302001208,15.28355057
5521,0.3,369989.0,1247.15,4.016850422,13.96647304
5522,0.0,392937.0,1958.5,1.057007484,16.61499419
5523,1.75,378134.0,1161.34,1.476898372,13.58993729
5524,1.28,350298.0,2406.3,0.372213832,15.80817341
5525,2.44,382414.0,1305.27,1.945102056,15.47986125
5526,1.8,269404.0,2113.61,1.400249129,13.84516384
5527,1.76,158480.0,2283.14,2.434967787,15.56176891
5528,2.6,260069.0,1086.92,1.704835028,15.61313212
5529,2.47,369062.0,1557.95,1.395738224,13.07994671
5530,1.27,161287.0,1512.25,1.59412157,13.15781901
5531,2.06,385275.0,1832.28,1.504980385,17.71615467
5532,1.99,372286.0,2162.72,2.963368213,15.71155746
5533,1.47,371595.0,1704.54,1.211707591,13.38342242
5534,0.87,390055.0,2373.39,2.883090582,15.81176378
5535,2.84,252184.0,638.42,1.689561183,13.05220615
5536,1.07,134458.0,832.2,1.161011579,15.79067272
5537,1.94,125746.0,2300.73,1.40142082,12.8313263
5538,1.4,364798.0,1534.38,2.749289692,13.99227275
5539,1.82,343502.0,1807.05,4.384500885,14.56224462
5540,2.73,255927.0,1910.37,3.53732193,14.07220822
5541,0.2,150321.0,1439.68,1.79123345,16.74143905
5542,1.19,249248.0,844.98,1.753431965,15.61661767
5543,1.33,238959.0,1903.48,1.948530636,15.81290895
5544,1.24,378754.0,972.16,4.80737867,15.40393978
5545,2.02,131712.0,2341.78,1.662641565,14.17666129
5546,1.47,372302.0,1731.09,-0.038301701,16.24719151
5547,1.83,282950.0,1454.44,2.427099617,13.05748715
5548,1.4,253376.0,2175.38,1.647187658,15.68893311
5549,0.59,360943.0,1937.17,2.009777514,16.01344663
5550,1.33,140875.0,1163.45,1.190560062,15.53104337
5551,2.87,276979.0,1169.73,1.838210177,16.49559751
5552,2.43,363370.0,1066.56,4.034982839,13.55044745
5553,1.35,135109.0,2074.31,1.523193637,14.12468629
5554,1.71,371476.0,2455.27,1.276761823,14.71140896
5555,1.68,286184.0,781.94,1.863129068,16.43856523
5556,0.89,269852.0,1662.73,1.692506626,16.67532778
5557,0.92,149546.0,1893.36,2.872623706,14.96749425
5558,0.92,257921.0,1852.48,2.265157942,15.52889863
5559,1.75,130052.0,1153.87,2.116891675,14.27798751
5560,1.89,123165.0,586.86,1.487541967,13.56452105
5561,1.74,132054.0,2275.19,2.294016388,16.38609969
5562,1.45,378647.0,2232.97,4.745490723,13.46856899
5563,1.02,126173.0,1677.07,1.121036839,13.80810934
5564,2.33,365689.0,1821.09,1.934858545,13.3313796
5565,1.83,353769.0,1098.63,4.210775296,15.62651855
5566,2.04,158902.0,1925.5,2.271456441,13.57406359
5567,0.73,380805.0,2798.78,1.174442011,14.13736993
5568,1.42,361663.0,1797.25,1.137300018,16.30065767
5569,1.76,359737.0,1871.42,2.015371889,13.20176047
5570,1.93,374805.0,2442.43,3.841906583,12.72380195
5571,0.6,348539.0,1699.04,1.8965519,14.9928664
5572,0.25,383416.0,2348.98,3.98320696,13.97767248
5573,2.29,377928.0,2733.55,1.343392414,16.29978798
5574,1.61,359167.0,1036.99,3.037747454,15.62218344
5575,0.69,363231.0,1908.65,0.692688989,13.3842384
5576,1.14,387648.0,1718.21,4.537061522,15.39518972
5577,2.64,359440.0,1848.65,1.84199828,13.84203952
5578,1.51,351180.0,857.84,4.29587299,14.87430288
5579,1.11,380202.0,1672.69,0.889136509,15.163586
5580,2.42,371821.0,2395.39,1.544028402,13.91362966
5581,0.74,130090.0,1499.66,0.788380428,17.37818065
5582,1.97,401119.0,2196.49,2.015004629,14.96183254
5583,2.32,365390.0,1305.65,1.113379968,12.43475326
5584,1.19,375353.0,644.14,1.814093758,15.29929418
5585,0.48,166908.0,907.56,2.846137445,16.11138891
5586,1.57,377748.0,1949.55,4.814030172,16.77996875
5587,1.81,155222.0,2209.19,1.596195709,15.5295547
5588,0.79,340042.0,1706.99,1.774935017,15.88539448
5589,1.96,264862.0,1684.56,1.046318888,15.01040263
5590,1.92,340676.0,1598.31,2.709366818,16.05039947
5591,1.41,387266.0,1952.83,1.305007316,13.85144489
5592,1.74,140177.0,1726.42,0.904604403,15.49114674
5593,1.25,152623.0,1940.13,3.509664219,16.18374173
5594,0.87,358307.0,1439.97,2.01093247,15.45127251
5595,1.89,250106.0,660.12,0.382295031,14.42963889
5596,1.28,332831.0,1643.92,3.723815345,15.00982447
5597,0.64,164333.0,2274.16,4.156818564,16.05427323
5598,0.09,367356.0,2370.58,1.582807092,14.62269122
5599,0.8,259945.0,2273.84,4.187779333,15.96283628
5600,2.86,163103.0,2087.11,0.843683551,16.17208722
5601,1.8,254186.0,1849.22,1.286423477,17.73027397
5602,0.73,350770.0,1753.05,3.131615684,15.480481
5603,1.65,374936.0,2077.78,1.988855007,16.62438731
5604,1.06,357883.0,947.51,4.93924406,15.85938058
5605,1.47,379005.0,871.78,1.3195827,16.32852907
5606,1.25,146241.0,2283.99,1.779231182,15.81381427
5607,1.66,385187.0,1507.57,0.819074393,14.85787081
5608,1.54,378691.0,2271.17,1.308187835,15.58187257
5609,0.51,274199.0,1351.77,0.721515542,13.85931115
5610,1.32,379877.0,2642.91,0.513000614,14.45391643
5611,2.41,364270.0,969.61,1.221452216,13.4870482
5612,0.85,372159.0,1921.44,0.811936216,14.18579346
5613,1.66,374250.0,1749.27,3.814153348,15.13100015
5614,0.65,357790.0,918.86,1.258391544,15.8797638
5615,1.38,131825.0,1212.86,1.435739474,16.84821281
5616,2.45,366098.0,676.71,4.309062194,14.70082751
5617,1.52,386894.0,2141.08,2.047465235,16.13146061
5618,0.69,153300.0,726.83,3.278391638,13.35738817
5619,1.72,380754.0,1923.19,1.52211948,15.22687488
5620,1.53,254632.0,1432.06,3.773013517,15.59503112
5621,1.43,373992.0,1319.84,4.93924406,12.71658226
5622,2.59,163030.0,2867.98,2.657971515,15.16952253
5623,0.39,154399.0,1897.96,1.640413493,15.46164988
5624,0.9,261866.0,1813.98,4.828281079,15.75580836
5625,0.86,388706.0,2032.75,2.098330857,15.43779616
5626,1.37,385837.0,1858.99,1.676832729,14.5274118
5627,1.45,280330.0,1894.33,2.05607154,14.44486014
5628,2.95,151345.0,1937.01,3.225082689,15.76838701
5629,1.05,375456.0,767.08,2.604727991,16.41276134
5630,1.07,373504.0,2011.6,1.300375847,15.24431308
5631,2.32,134171.0,2364.06,4.93924406,15.34281092
5632,1.8,351901.0,835.42,2.894719014,15.2675599
5633,0.67,386459.0,1949.01,1.042026078,13.55264056
5634,0.83,187223.0,716.79,1.911051043,16.5953593
5635,2.1,361994.0,1040.53,2.797990088,15.9065264
5636,1.42,347921.0,2062.26,0.174753865,15.17883783
5637,1.45,376235.0,953.96,3.080245723,15.90102025
5638,1.34,155940.0,964.24,1.448654227,13.55800334
5639,0.99,143881.0,825.95,4.473206342,14.04516193
5640,2.67,348313.0,1901.57,1.559405576,16.3297933
5641,1.9,366906.0,1739.94,1.4549404,16.08472029
5642,2.15,360927.0,1838.98,0.804827997,14.37693461
5643,1.86,353151.0,1907.91,0.275421667,13.82336039
5644,1.0,352590.0,1292.45,0.42629717,14.18806637
5645,1.41,365440.0,1867.48,0.00200769,14.64954604
5646,2.41,129458.0,1878.39,0.913854391,12.8561168
5647,1.28,354485.0,2694.56,1.473625365,15.4829221
5648,1.33,139833.0,1724.11,2.173122517,14.62591834
5649,1.41,347702.0,1729.44,1.098332355,12.16409584
5650,1.21,358795.0,1422.35,4.870496712,15.78519821
5651,1.69,349138.0,2040.72,1.663878695,14.36262943
5652,1.19,162562.0,1752.63,1.536595757,15.08866918
5653,2.2,387379.0,1851.83,2.184129185,15.05898412
5654,1.43,373951.0,662.25,2.517021797,15.67355555
5655,2.69,253879.0,2269.39,1.04194432,14.98091524
5656,1.39,288265.0,2538.54,3.927119778,14.74951477
5657,0.13,382439.0,2078.51,0.533924715,15.90459909
5658,0.79,158191.0,1946.72,2.776643014,15.8296894
5659,1.98,265364.0,2335.34,1.877109307,15.84452301
5660,1.29,233822.0,1708.16,1.843570886,15.73684165
5661,1.5,346354.0,1778.5,3.038232972,16.10313102
5662,1.74,141420.0,1054.39,1.977964291,15.55545179
5663,1.58,128779.0,1394.27,0.839007872,14.8485032
5664,1.24,351412.0,1454.27,1.58662182,14.560226
5665,0.33,139074.0,2483.56,1.832755312,17.58911187
5666,1.38,169038.0,2320.43,1.68842914,14.47056384
5667,0.77,358767.0,774.99,2.589672839,14.5482546
5668,2.18,367264.0,2665.56,2.77544862,15.0909631
5669,1.52,251270.0,2253.29,0.078689198,16.23738882
5670,0.95,155551.0,924.21,4.93924406,14.28547047
5671,2.72,332208.0,820.1,0.284132169,14.47698316
5672,1.96,377795.0,1411.49,1.75341518,15.9172045
5673,1.32,259607.0,1982.24,0.193893002,14.44505867
5674,2.12,134772.0,2272.28,0.818550467,13.03843086
5675,2.2,371292.0,1100.17,-0.284449,13.22530394
5676,1.45,391061.0,1858.93,1.486271065,15.98879689
5677,2.02,376633.0,1771.1,1.502708035,15.45615112
5678,0.49,172754.0,879.97,1.401278327,15.2991629
5679,2.46,258281.0,2028.81,2.310907401,15.45280643
5680,2.08,393708.0,1852.87,-0.310398342,15.45790652
5681,2.42,374786.0,1949.81,2.742785901,15.07262342
5682,2.06,256470.0,1552.27,1.235931658,15.94106949
5683,1.12,159537.0,1915.31,-0.17023078,15.66883481
5684,1.56,368672.0,1706.84,1.335914736,16.22531281
5685,0.37,262731.0,2408.73,2.585264364,15.2368087
5686,2.23,283577.0,2410.64,4.667248453,16.79828452
5687,2.22,378756.0,2042.46,2.328592192,14.98316347
5688,1.37,362442.0,1846.77,1.341127047,15.5819745
5689,1.62,262016.0,1608.92,2.134490369,13.9377435
5690,1.02,358260.0,1676.6,1.655043363,14.97376521
5691,1.88,255911.0,1200.24,1.77604722,15.40028235
5692,1.91,356838.0,1891.84,0.779076879,15.44215318
5693,1.32,181700.0,1960.33,4.537716838,16.37223792
5694,1.56,117964.0,619.56,3.37022524,14.31364129
5695,0.54,373784.0,1188.08,2.518233277,15.88857449
5696,1.31,368297.0,2391.72,2.094428493,16.05480149
5697,2.04,244637.0,1941.7,3.069694836,14.81201646
5698,0.66,276266.0,925.9,0.196154,12.68489955
5699,0.97,373862.0,1893.03,3.522492853,16.0192754
5700,2.31,372360.0,2583.29,1.252590899,17.45561297
5701,0.8,345953.0,2160.97,3.674266622,15.22045991
5702,2.61,152522.0,1912.45,3.970878628,15.0981225
5703,1.24,365360.0,2357.91,4.726815535,14.90546186
5704,1.59,140422.0,2313.46,0.847181281,15.35316353
5705,1.37,249518.0,2195.19,3.340778853,16.68215023
5706,0.64,359153.0,1934.66,2.178344233,14.64702045
5707,1.09,365583.0,1115.62,2.338977891,17.05862433
5708,2.0,363346.0,1270.22,2.000544053,13.58788322
5709,2.17,338190.0,586.86,1.467997569,12.86832895
5710,1.18,367635.0,1882.49,1.181660122,12.80192351
5711,1.57,366943.0,1771.86,2.870339834,15.27483779
5712,2.01,274189.0,2106.52,2.019226062,16.07753134
5713,0.41,133518.0,2267.93,3.470605894,15.28469371
5714,1.33,153169.0,2412.52,0.98001962,14.31736529
5715,2.15,148658.0,1609.87,1.137740873,16.12492835
5716,1.68,248434.0,1120.3,2.036408226,15.6504443
5717,1.4,379047.0,2284.76,2.155969736,15.4822571
5718,0.78,154941.0,2296.4,1.186537077,15.04117008
5719,1.65,353304.0,1814.16,1.072841099,12.91877566
5720,1.25,389827.0,1634.62,0.929029199,14.75875796
5721,2.91,277670.0,665.39,1.757392903,13.27952977
5722,2.15,382824.0,1137.81,2.284471168,14.12095201
5723,0.81,266600.0,1460.9,1.337767527,17.46660983
5724,1.13,381145.0,1497.61,3.463309471,15.23388491
5725,1.05,243184.0,1701.99,2.948373136,13.74350958
5726,1.23,145061.0,2036.11,1.313399958,16.11218118
5727,1.24,168439.0,1526.91,2.199991818,16.64193203
5728,1.62,149647.0,2450.36,1.365831557,15.48622239
5729,1.9,364511.0,1583.32,1.735861525,16.09895074
5730,0.33,290931.0,2043.86,3.455295697,12.58564995
5731,1.87,139982.0,1439.44,2.328640839,13.57482174
5732,1.42,387852.0,1983.66,1.259764499,14.75080411
5733,2.5,349956.0,1746.6,2.798009321,12.33604502
5734,1.58,384618.0,2345.69,1.193812778,12.42902972
5735,2.19,177332.0,1647.9,1.897115067,16.65110539
5736,1.07,368390.0,1762.6,3.891020095,14.71538572
5737,1.46,262792.0,1900.23,2.319114421,14.07137497
5738,2.2,257957.0,1169.21,1.262831145,15.43274656
5739,0.89,347535.0,2245.58,3.111377144,12.3183071
5740,1.29,363978.0,1985.78,1.527852553,17.04421941
5741,0.76,252904.0,1733.53,0.377565828,15.57707935
5742,2.18,361799.0,1476.84,2.057553475,14.88972095
5743,0.47,156799.0,1795.53,2.465256885,16.99978198
5744,1.86,122629.0,1771.19,3.047392764,15.30129583
5745,0.58,350789.0,1877.35,2.790899717,12.70046236
5746,2.34,121758.0,1341.65,2.288450239,13.89675963
5747,1.95,194963.0,1922.74,3.53495392,15.553038
5748,1.66,148283.0,1614.53,1.295301814,13.28479359
5749,1.07,352407.0,2342.95,1.732622571,14.00489466
5750,1.62,233054.0,1829.44,0.98139361,14.00950506
5751,1.95,275714.0,2263.97,2.622308578,16.65548998
5752,2.09,128602.0,1354.61,0.775592823,14.61942791
5753,0.98,383381.0,993.21,1.769623864,13.87935294
5754,0.04,166093.0,1195.91,0.613661004,17.04821037
5755,0.66,153753.0,1040.24,4.096807865,16.8412107
5756,1.68,347034.0,2365.25,0.610897178,13.92788166
5757,2.64,348813.0,1301.9,1.08917832,11.98168078
5758,2.07,388502.0,886.11,1.346111781,14.00408039
5759,2.38,380806.0,826.95,0.955967698,15.86972605
5760,1.74,143932.0,2298.01,1.362567651,16.38133898
5761,1.26,159372.0,2138.99,2.346557231,16.97254198
5762,1.53,367246.0,1803.52,4.203092724,16.03942238
5763,0.75,392478.0,857.65,2.639861185,14.58694823
5764,1.76,362815.0,1495.21,0.937409445,16.04794492
5765,0.68,364594.0,1854.87,1.572001157,15.54483816
5766,1.71,277002.0,2720.77,-0.326393035,16.11685233
5767,0.45,375262.0,2355.48,3.758980651,16.23861452
5768,2.65,365252.0,908.35,-0.245262336,15.79974382
5769,1.62,243968.0,2631.09,0.919054768,16.25244236
5770,1.66,284352.0,676.58,2.496568982,15.65253339
5771,0.23,277211.0,1561.48,2.865283703,13.02174655
5772,1.47,117875.0,1193.29,2.297030398,14.87806918
5773,1.28,353968.0,2134.82,1.615650561,15.42111383
5774,1.33,271175.0,2023.79,0.771097717,15.07160935
5775,1.81,247089.0,714.26,3.262996877,11.78685353
5776,1.38,148664.0,1786.11,1.108834759,13.93600063
5777,0.58,133940.0,1352.08,-0.157182802,16.96518283
5778,1.56,247055.0,1923.68,1.307493211,13.21147357
5779,2.6,373053.0,2548.52,1.61323536,13.98045432
5780,2.13,266432.0,1982.33,1.095572527,15.96245032
5781,1.69,159934.0,2378.53,4.891782354,13.87070187
5782,0.57,366595.0,1858.83,-0.078495181,14.50208196
5783,2.02,351019.0,1846.13,3.468640208,12.40322086
5784,1.15,280618.0,1560.58,1.541328665,13.98916474
5785,1.49,234185.0,1707.93,0.78722032,15.30246975
5786,0.4,375539.0,2305.66,1.813876091,13.40462202
5787,1.36,376497.0,1921.4,3.210227911,16.17368383
5788,1.27,149403.0,1875.65,1.971621123,16.96287437
5789,1.1,361789.0,1901.15,2.039140291,16.27671696
5790,1.6,384493.0,792.45,0.596727303,15.32494954
5791,1.07,147129.0,2277.95,4.637301913,15.96737928
5792,0.92,379565.0,1868.83,2.185958506,15.55238375
5793,2.29,142192.0,1984.71,3.008375254,14.69093359
5794,1.7,361514.0,678.5,2.876114543,15.6323407
5795,2.42,160385.0,2168.49,2.303092346,17.40588408
5796,1.58,363785.0,1674.03,1.994568575,15.7618739
5797,2.45,127387.0,1738.35,3.769924588,16.93239585
5798,0.33,368246.0,1194.56,4.091960219,16.72391233
5799,0.28,378277.0,1567.6,2.775044499,15.59275483
5800,1.72,364975.0,1984.59,1.782507913,17.00086335
5801,2.11,367745.0,1805.66,1.863042486,16.50215336
5802,1.45,145107.0,1533.24,2.102884948,15.53835329
5803,1.61,386337.0,770.57,2.210797751,15.48649811
5804,1.71,379377.0,3047.82,1.6164976,15.52459599
5805,1.66,258848.0,1326.81,3.019340504,15.21529842
5806,1.43,140758.0,1644.67,2.748936602,16.15521637
5807,1.63,141092.0,1935.14,2.405602628,14.93511547
5808,2.75,356542.0,586.86,1.379458789,14.70909153
5809,1.15,266676.0,2599.36,0.739101048,13.44837027
5810,3.69,347530.0,1422.32,2.760838276,15.66981995
5811,1.43,370358.0,2181.13,1.975797136,15.97012488
5812,1.41,339986.0,2223.26,2.103487137,15.43276544
5813,1.86,367206.0,1091.98,0.888761452,13.68800301
5814,1.73,368612.0,1783.18,2.392578475,16.11090654
5815,2.62,350436.0,2412.93,2.529819931,14.6778154
5816,0.4,256846.0,1681.52,2.350787369,13.81765565
5817,0.88,176215.0,850.6,-0.2150573,15.21351572
5818,1.68,251587.0,812.42,1.512427277,14.27415635
5819,1.8,384967.0,901.18,2.181982967,14.15500646
5820,0.96,370129.0,1944.54,2.784555028,15.08286488
5821,1.16,263567.0,2466.31,3.054846379,14.61365386
5822,2.17,355818.0,1171.19,2.802647508,14.00303636
5823,2.08,268523.0,2259.63,1.78495098,12.03325502
5824,2.58,139605.0,2050.33,3.476451627,15.92176378
5825,2.67,387718.0,921.85,2.871942735,16.00414106
5826,2.71,361261.0,1930.54,2.258468204,15.54803391
5827,0.93,166623.0,858.56,4.198929192,11.6612895
5828,1.93,131814.0,1820.27,1.286534212,16.58751087
5829,1.32,362670.0,2125.9,1.909750522,17.07251216
5830,1.72,376498.0,2387.94,3.56255175,13.02087993
5831,1.12,347354.0,1220.56,0.972434142,16.1787835
5832,0.94,159171.0,2599.85,0.775829036,13.34072854
5833,2.07,144604.0,1266.11,1.150653373,15.19651171
5834,1.62,270858.0,1148.47,2.289901413,15.3757318
5835,1.13,183896.0,1199.23,2.528781813,14.40716108
5836,1.94,353268.0,1816.37,1.75774836,13.96926775
5837,1.85,391410.0,1661.64,2.956568511,15.90443871
5838,1.51,260778.0,763.79,2.346286228,13.6243332
5839,1.28,360617.0,1154.58,2.264614001,16.29487983
5840,2.32,259379.0,1879.56,1.664996563,15.27768234
5841,0.83,369222.0,1266.37,3.533169178,13.30961428
5842,1.22,372866.0,1848.86,1.637369536,15.70148796
5843,1.11,356848.0,2421.12,1.641559254,12.88176932
5844,0.9,342101.0,946.09,1.039099824,17.42359468
5845,2.8,176801.0,1712.04,3.88592159,14.77791412
5846,2.51,138814.0,1255.33,2.410412246,15.68222049
5847,0.99,167551.0,1738.76,2.418795237,15.8947836
5848,1.55,159727.0,2314.7,2.22487823,13.66966056
5849,0.38,262513.0,2513.97,3.665979045,15.06070457
5850,0.78,366817.0,814.79,2.415923645,15.56180019
5851,1.58,366354.0,2432.19,1.376762837,16.66497885
5852,0.98,371834.0,1619.26,1.789439991,13.96922632
5853,2.43,355428.0,2455.96,3.626304042,15.583152
5854,1.11,361926.0,1747.3,3.372298314,15.96266812
5855,1.21,164595.0,1814.31,1.59273802,15.95714911
5856,1.01,256069.0,933.69,2.214403092,14.27595088
5857,1.65,385552.0,2024.83,1.577900324,15.32092061
5858,1.55,369597.0,2151.98,1.916168648,15.27899745
5859,0.95,279128.0,1568.26,1.267655726,16.07129533
5860,0.73,370423.0,2268.88,1.940558107,15.58970408
5861,1.9,366731.0,2184.42,2.960530943,15.61705575
5862,2.21,271343.0,1838.71,1.675563326,16.0230319
5863,1.46,366284.0,848.65,1.522997264,13.44861812
5864,1.56,389513.0,1204.94,1.362941546,16.31436391
5865,1.77,358846.0,2413.38,3.234149839,16.35187231
5866,2.72,127866.0,2564.21,1.104354902,17.44424404
5867,1.29,392179.0,1881.25,1.203963647,16.80369392
5868,1.2,140629.0,1633.26,2.262499643,13.83065822
5869,1.49,257081.0,2359.61,3.037826722,13.32376294
5870,1.42,134205.0,1575.31,2.336165519,11.58196847
5871,1.23,274682.0,2147.74,1.987788551,15.41161958
5872,2.24,147081.0,1306.06,1.343259558,15.72882719
5873,0.41,143705.0,2233.45,0.452160918,15.0999
5874,1.12,357229.0,736.09,1.185834141,15.14132162
5875,1.29,351202.0,1310.84,2.375367021,15.63275199
5876,2.79,395181.0,2335.35,0.87454805,15.77315703
5877,1.44,161627.0,1856.5,2.09032214,15.96460403
5878,0.88,354093.0,1666.91,3.878889364,16.54742452
5879,1.56,266806.0,1805.56,3.316955042,13.98705839
5880,1.02,366795.0,1710.33,2.403694295,15.18219165
5881,1.96,160663.0,1368.38,1.399119183,14.94075398
5882,0.4,383738.0,1103.98,3.952863362,12.3611166
5883,0.77,363742.0,1959.26,4.172083106,15.99289028
5884,1.66,140522.0,2005.32,1.175521268,15.25740744
5885,1.18,398056.0,1897.92,0.059822777,17.38877032
5886,2.42,366561.0,2346.51,1.193154319,13.62970456
5887,1.01,339942.0,1972.42,1.826354672,12.98137221
5888,1.22,375500.0,900.58,0.80222195,15.24053627
5889,1.2,362482.0,1951.42,1.100457376,15.88647121
5890,2.24,356140.0,2126.23,2.01546121,15.38134424
5891,1.4,267752.0,1846.33,1.044227503,15.84676548
5892,0.79,146573.0,1861.45,0.965614544,16.52577451
5893,0.49,368015.0,1112.59,1.892335319,16.26560195
5894,1.89,259561.0,1736.29,4.680967645,15.39894024
5895,2.1,352682.0,2603.34,2.799754949,15.82782425
5896,0.46,263571.0,1907.09,4.324743189,15.29575683
5897,0.87,377535.0,2255.82,3.965501953,14.92963648
5898,1.56,267118.0,1649.79,1.961340675,13.16863619
5899,2.58,171842.0,2738.13,2.195543883,15.82613015
5900,2.63,343854.0,1229.77,2.185871584,14.05826187
5901,0.71,359392.0,1962.84,0.451811799,15.55506977
5902,1.11,245398.0,1759.86,2.072276113,17.05436349
5903,2.41,122051.0,641.2,1.075656469,15.24696485
5904,1.29,260691.0,1699.66,1.102431717,15.66244465
5905,1.3,362335.0,2240.38,1.184362911,13.30575938
5906,1.0,247088.0,2665.74,2.029057093,15.49398772
5907,1.12,170163.0,805.53,-0.092372665,13.28183574
5908,1.53,158299.0,2508.78,3.070497155,15.25259376
5909,0.96,127040.0,1841.11,3.593300728,13.51084483
5910,0.31,364814.0,1615.49,3.399185102,15.24056554
5911,1.79,132448.0,1013.93,1.583998637,13.66869788
5912,1.59,382126.0,1781.39,1.531772824,15.51035
5913,0.4,360213.0,2201.63,2.231819528,16.27114596
5914,1.22,365599.0,2384.31,1.378336565,14.49684822
5915,2.47,273127.0,1808.58,2.649023328,15.78768416
5916,0.58,168800.0,1841.14,1.742121298,12.44623184
5917,1.24,353209.0,1413.48,0.374606428,15.07948951
5918,0.19,376330.0,1653.31,1.078712562,14.91097895
5919,2.16,376575.0,1870.06,1.760394793,16.55566498
5920,1.87,390078.0,1462.53,1.586790774,16.67809621
5921,1.82,371793.0,2362.95,1.969142033,16.30992269
5922,2.17,340058.0,1259.77,2.153185524,16.0317587
5923,1.72,360113.0,1827.21,1.266166969,16.43187968
5924,0.64,137675.0,1759.7,1.250942741,16.99884168
5925,1.68,259439.0,834.91,3.303982031,11.48893456
5926,0.92,370339.0,949.44,1.015517695,14.05943865
5927,0.48,263219.0,1771.64,2.44761337,14.36026155
5928,1.43,241989.0,805.16,1.709347279,15.85530981
5929,0.53,157919.0,1484.47,2.209616159,15.95919434
5930,1.16,114947.0,1297.71,1.225865532,15.34933489
5931,0.11,284098.0,1771.87,0.639240437,15.60042584
5932,1.18,359841.0,2152.58,1.842757721,17.41284572
5933,1.89,353068.0,2512.36,1.303674551,15.11157077
5934,1.3,356727.0,1278.24,1.565256654,14.92282665
5935,1.22,258191.0,2128.69,0.046275758,14.84371958
5936,1.21,258429.0,1812.11,3.187268542,15.83505275
5937,2.12,361270.0,1924.67,1.31960415,13.77712645
5938,2.27,145346.0,2042.32,1.749323544,16.76228373
5939,0.44,360259.0,1913.74,2.258938695,15.19408404
5940,0.99,287063.0,2479.38,2.902381764,16.64422626
5941,1.83,255371.0,779.89,2.820565501,14.40331651
5942,1.31,374055.0,1875.66,1.71538807,16.23962833
5943,1.06,255339.0,1931.16,1.158821854,13.29374237
5944,1.37,147115.0,894.08,1.721379125,14.82203523
5945,2.25,372053.0,1226.7,1.789127863,15.5743716
5946,1.17,347311.0,1893.45,1.159200882,14.2742591
5947,1.38,367816.0,1466.89,1.278211242,16.10083603
5948,1.39,149204.0,2227.95,1.92683036,15.70013988
5949,1.16,163094.0,1652.73,2.273143369,16.6471662
5950,2.34,153577.0,1847.87,1.677014512,16.52172317
5951,1.52,393831.0,1842.91,0.832148082,15.58094878
5952,1.35,268923.0,1171.94,3.342984582,14.00232432
5953,2.39,136207.0,1115.98,4.400366738,15.55169968
5954,1.48,258692.0,1630.73,1.772215918,15.41704312
5955,1.28,267499.0,1238.68,3.679478862,13.81266428
5956,1.6,363066.0,1150.51,1.391637632,16.2716358
5957,1.66,249136.0,2065.29,1.881681816,14.34087675
5958,0.1,389448.0,1869.27,4.258621245,14.21440593
5959,0.91,145230.0,2349.8,2.890858156,15.76249876
5960,0.02,256357.0,2314.62,1.835301037,14.12553949
5961,1.82,369787.0,1854.78,0.874307174,15.74793187
5962,1.01,167005.0,679.15,4.359681508,16.19583407
5963,1.75,346130.0,2345.58,1.579888436,14.9641969
5964,1.66,364299.0,2225.18,0.213053084,16.35004154
5965,0.79,379740.0,1645.72,3.937521529,16.68217322
5966,1.42,357657.0,1371.22,0.175693791,15.34447094
5967,0.42,340841.0,586.86,1.22747335,15.07707061
5968,1.11,117284.0,1816.36,2.373533225,16.11569557
5969,5.21,359576.0,1302.49,0.978019628,15.6604287
5970,1.54,352677.0,1868.64,2.611543801,15.90246834
5971,2.13,372406.0,1638.05,1.705267061,15.88717655
5972,1.06,156757.0,1765.92,2.955607616,17.73027397
5973,0.83,385066.0,1867.97,1.096075321,15.56842156
5974,0.9,171124.0,2845.01,1.723385768,13.92706088
5975,2.76,237164.0,1512.76,4.370471776,15.4901739
5976,1.71,359200.0,1940.55,1.63808487,15.55274354
5977,2.01,128534.0,1168.65,1.6295988,15.05997993
5978,1.45,393897.0,2875.66,4.087304179,15.46465805
5979,1.42,145731.0,2066.63,2.077800247,13.38760084
5980,1.77,154211.0,1078.63,4.572148235,16.27569565
5981,0.32,149346.0,2448.76,2.163760426,13.88341724
5982,2.04,242825.0,1001.82,0.321507233,16.87060374
5983,2.31,257640.0,792.6,0.615551361,15.81188221
5984,0.92,243599.0,1176.81,1.280911778,14.15104674
5985,2.86,351897.0,1668.33,0.285570348,17.02582798
5986,2.4,138926.0,912.78,3.518510292,15.80828415
5987,0.72,137093.0,1835.71,2.568587481,15.46106933
5988,1.01,242583.0,2582.49,4.024962158,15.94723092
5989,2.97,352774.0,2058.39,1.457913565,14.87445358
5990,1.41,376138.0,1886.95,2.188901781,14.50254914
5991,0.47,397750.0,890.65,3.038536644,15.17001185
5992,1.89,162014.0,2623.25,1.050660345,15.86408822
5993,2.08,378975.0,2501.73,4.350596322,15.50902459
5994,0.92,137039.0,1870.38,2.121539617,16.40187449
5995,2.05,352575.0,1798.33,1.865254432,15.57594689
5996,0.3,133240.0,1426.12,0.170312251,15.69193133
5997,1.92,256317.0,738.17,3.9082151,15.59571275
5998,2.09,363892.0,1758.63,2.401540125,15.54033382
5999,0.18,266462.0,1879.81,2.621937607,12.89366654
6000,2.07,133583.0,1535.52,1.975857687,13.8748077
6001,1.65,376939.0,771.05,0.203994782,14.96718822
6002,0.94,249567.0,1697.95,2.533087961,15.89346519
6003,1.2,125397.0,586.86,3.794306335,15.09189244
6004,1.43,272084.0,1937.65,3.336617643,13.60256902
6005,0.52,356501.0,1886.7,1.899629987,14.66262083
6006,2.04,361212.0,1776.9,1.419848408,15.20411219
6007,0.76,375909.0,915.81,0.736729895,14.1329223
6008,1.64,390211.0,3047.82,3.903039496,15.82613641
6009,2.78,259462.0,2060.63,2.862164142,15.05824609
6010,2.14,350203.0,1464.36,1.662901423,13.27187367
6011,0.63,359747.0,2571.98,3.669470715,13.27490048
6012,1.26,383125.0,1959.48,3.177530762,15.28098817
6013,0.62,141952.0,1839.64,1.783247984,15.13553647
6014,1.72,144074.0,2236.31,1.419631024,15.5440728
6015,1.62,368265.0,2072.15,2.82396484,15.46265639
6016,2.2,256144.0,1692.42,3.113996565,16.80055375
6017,0.16,376837.0,2454.4,1.699574972,17.21648807
6018,2.09,237550.0,640.65,0.46423524,16.31883393
6019,2.4,352782.0,1124.13,4.112892522,14.18379537
6020,0.89,260018.0,1948.22,3.447951138,15.5631607
6021,1.32,356025.0,2056.04,2.394339216,15.65244367
6022,0.72,401119.0,2242.66,3.107170346,15.57507417
6023,2.16,341098.0,2263.47,1.51170199,15.62019924
6024,1.06,264536.0,1900.01,2.920386682,15.81825472
6025,2.35,146321.0,1886.89,4.289316333,17.10277477
6026,2.46,171694.0,757.88,1.752040538,14.25959792
6027,1.6,257613.0,1984.4,0.853088103,14.08863757
6028,0.87,364348.0,1291.05,1.051452488,15.842991
6029,0.97,365241.0,1801.21,1.764184411,12.54215197
6030,0.81,351737.0,1915.94,1.991028946,16.88475302
6031,0.83,157246.0,2361.09,1.15346488,17.21631388
6032,3.03,263748.0,1375.27,1.942707572,16.81028771
6033,1.9,235599.0,1870.63,2.202961017,12.7546178
6034,0.98,364223.0,605.44,1.568617007,16.15491421
6035,2.44,373530.0,2266.8,1.184298984,11.2583727
6036,1.0,128849.0,1966.73,0.499886331,12.76336931
6037,1.05,355030.0,1968.55,2.111378379,15.42719525
6038,0.89,365592.0,2091.37,2.375554799,17.27378492
6039,0.16,369807.0,2178.15,1.334378592,15.71397421
6040,1.76,385930.0,1785.21,1.469413023,17.22435478
6041,1.99,390257.0,2173.64,2.97974377,15.22063903
6042,0.96,363121.0,2162.89,0.492634496,15.49149211
6043,0.61,376387.0,1174.52,1.666117294,15.25558258
6044,1.15,148566.0,2148.82,1.612600495,13.24039757
6045,1.71,372352.0,1963.77,2.292318054,16.67247188
6046,1.95,360326.0,1977.48,2.714628832,14.24136814
6047,1.11,368618.0,992.39,0.940252651,15.81193765
6048,2.0,153277.0,1337.35,2.80823021,15.32834451
6049,1.35,355921.0,1407.36,1.278631701,16.20962202
6050,2.32,370293.0,2270.0,1.487550439,15.19190871
6051,1.34,356329.0,1914.56,2.198296246,15.09768834
6052,0.85,361544.0,1896.54,1.101103034,15.19391202
6053,1.18,135403.0,1839.25,1.537951097,15.34572711
6054,2.23,123136.0,2042.64,2.886633967,12.61193816
6055,2.05,260245.0,876.92,2.643522892,15.60293002
6056,1.46,398190.0,1042.08,0.539009941,16.08420853
6057,1.19,357664.0,2323.62,3.652378128,15.72600277
6058,2.28,371844.0,800.74,1.257093577,17.31343082
6059,1.97,264874.0,1741.52,1.378146368,14.92772948
6060,1.19,390889.0,1317.22,1.506345392,14.96962115
6061,1.48,383897.0,1947.98,1.30344125,16.04108277
6062,1.19,140129.0,845.23,0.019798481,12.75042578
6063,1.0,382980.0,1846.58,3.76018278,15.62986048
6064,1.14,151716.0,1626.05,1.875052308,15.35621666
6065,2.07,270483.0,1999.79,0.911789843,15.51622893
6066,1.79,257261.0,2316.92,2.89237607,13.73428478
6067,1.21,270746.0,1759.26,0.132928894,15.87620156
6068,0.87,148902.0,915.04,1.170215298,14.87580084
6069,0.9,396962.0,1834.44,1.639269497,14.95056648
6070,1.19,353477.0,758.54,1.741498795,11.62478698
6071,0.54,391683.0,2008.02,4.109130275,13.74360111
6072,1.91,249495.0,1788.87,3.554424568,13.95380647
6073,1.81,151029.0,1863.26,1.101868862,14.20125086
6074,4.93,366799.0,1686.41,3.976956787,15.6655379
6075,2.17,141158.0,2131.49,2.0912927,15.84360386
6076,1.41,285141.0,1237.7,2.048147987,16.82241972
6077,1.05,377460.0,2199.12,3.589614577,15.12267113
6078,1.87,251161.0,1895.19,1.640902261,13.94108398
6079,0.95,363344.0,1459.49,1.154918874,16.17087282
6080,1.03,157099.0,2022.2,1.219703193,13.98471779
6081,0.8,381926.0,1030.57,3.062575391,15.92196832
6082,1.62,337853.0,1839.14,0.96168711,16.02471109
6083,1.14,377810.0,2214.44,1.315297228,15.19714313
6084,1.27,140542.0,1817.12,1.540411673,16.11545453
6085,1.89,370984.0,2462.73,4.648087272,12.12542114
6086,1.42,140431.0,1813.39,2.385188171,13.93023183
6087,2.48,156178.0,2115.54,1.405161066,14.67486024
6088,2.56,355084.0,1816.21,3.533184013,15.21983544
6089,1.03,158416.0,1786.06,4.827974298,16.07340552
6090,0.72,145918.0,1343.06,3.653514642,16.39155145
6091,2.29,367485.0,2505.21,1.812358897,12.89198259
6092,5.35,146771.0,2308.8,2.654526555,13.34395141
6093,1.37,373954.0,1799.41,2.777792169,16.95376987
6094,0.7,252860.0,1953.77,1.800553255,14.00816463
6095,1.01,378666.0,1510.69,0.970778333,13.67407173
6096,1.49,381208.0,2716.85,0.18424384,17.27183772
6097,1.0,363559.0,1890.85,3.64037258,15.63447031
6098,1.08,134009.0,1036.2,4.177328316,15.50485951
6099,0.0,149955.0,2451.89,1.76180197,13.58193632
6100,2.2,250996.0,1694.82,1.179742185,16.08218122
6101,1.92,386514.0,728.84,0.892679251,15.2279542
6102,1.93,366653.0,1856.26,2.135113808,15.88856305
6103,1.98,369072.0,1771.02,2.314928512,15.81539262
6104,2.0,340391.0,2553.52,1.755566596,15.27769513
6105,2.36,396657.0,1694.23,0.899186347,13.24076799
6106,1.98,368665.0,1838.49,1.27115015,15.50124281
6107,1.8,362661.0,1882.49,0.806544036,16.09247609
6108,3.55,146360.0,856.24,1.982794736,13.65564013
6109,2.02,352542.0,1750.25,1.113693144,15.20117749
6110,2.5,150777.0,2580.85,2.556459303,13.83440573
6111,1.17,237807.0,1186.7,2.855152316,15.657466
6112,1.25,254660.0,1767.03,2.122930415,13.72757981
6113,1.08,162120.0,2101.57,3.320830838,13.88219831
6114,1.76,384560.0,808.46,1.705102586,12.91712947
6115,1.23,350527.0,2109.42,3.115755978,13.57011424
6116,1.45,359049.0,1292.37,1.256710167,15.88877735
6117,1.2,380158.0,1120.36,1.889905492,15.9805604
6118,2.43,372482.0,1666.84,3.072428529,15.58811837
6119,2.28,153033.0,2433.21,4.666073304,17.14037366
6120,0.33,380409.0,1972.79,3.285638604,14.98919536
6121,1.92,143234.0,1467.49,1.588627113,15.96486812
6122,2.24,155714.0,1461.53,2.124723319,13.81927343
6123,1.09,350050.0,1805.79,1.534024212,13.16768892
6124,1.66,384289.0,2089.01,1.822841141,15.76498439
6125,0.93,361653.0,2255.24,0.987415015,14.76050789
6126,1.41,268149.0,1829.98,1.185420371,13.45511116
6127,0.67,373532.0,1894.71,1.952840891,16.41112963
6128,0.88,377377.0,2533.56,2.891447182,16.84194656
6129,1.24,375915.0,1843.0,2.856153742,16.07213231
6130,1.09,154370.0,2240.68,1.493801811,15.09350887
6131,1.8,144909.0,1799.69,1.03592883,13.23829504
6132,1.31,128260.0,2207.52,1.240963438,15.46137629
6133,1.52,250148.0,1830.86,0.127681398,15.06557115
6134,1.02,371406.0,1472.1,1.252967852,12.12281845
6135,1.39,270370.0,1361.11,0.582754404,16.31866379
6136,1.45,263099.0,2481.45,1.509209731,14.6987924
6137,1.44,382887.0,1937.63,3.621310099,17.32564529
6138,2.14,149030.0,924.71,1.06171288,14.20548851
6139,2.23,157837.0,2148.59,3.980712694,15.55345977
6140,1.6,374594.0,2098.9,0.86759008,13.29789753
6141,0.87,355838.0,684.09,1.798518304,14.97411753
6142,0.93,354207.0,2173.15,2.862828542,16.65788866
6143,1.73,156635.0,2005.97,2.26729989,15.87884226
6144,0.63,231363.0,1784.88,2.296318163,15.73739323
6145,2.44,371794.0,2619.29,1.523011686,14.12110102
6146,0.65,149127.0,1222.05,0.691542494,14.61023746
6147,1.3,170555.0,1473.99,2.106873915,15.91459012
6148,1.51,120388.0,1826.36,1.469729825,15.16847225
6149,1.84,254396.0,1317.65,0.778095132,12.32074582
6150,1.22,367436.0,1825.8,2.403256832,16.15950586
6151,0.86,126805.0,1366.58,3.084835387,13.53500327
6152,1.87,387662.0,1889.39,4.146272435,17.65930928
6153,0.78,243698.0,1938.16,2.936572467,13.10415663
6154,1.85,365219.0,1149.06,3.071885001,13.2182892
6155,1.8,358866.0,2056.12,2.025153365,16.33222799
6156,0.82,357003.0,2712.0,2.1755739,17.27382247
6157,1.61,158923.0,1873.2,1.714703455,15.17257833
6158,1.15,369606.0,1934.9,1.183814994,15.57437897
6159,2.33,131537.0,1158.79,1.603424068,15.79994707
6160,0.46,255324.0,939.49,0.88092939,15.29698798
6161,0.81,152227.0,1469.7,1.773761127,15.13146244
6162,1.19,149189.0,1162.27,2.228121729,17.02376462
6163,1.82,114947.0,1404.96,1.859321423,15.58257087
6164,1.6,115483.0,1765.79,2.006107708,15.45557007
6165,1.51,138491.0,2223.72,1.762680996,15.66998209
6166,2.46,156350.0,2386.68,3.042012553,16.2766047
6167,1.22,366640.0,1905.83,1.786082907,14.9868846
6168,1.85,388451.0,1708.76,1.884540647,15.13955897
6169,0.64,380738.0,2004.39,-0.049187666,15.96523768
6170,2.05,247628.0,2234.29,4.135558039,14.66599558
6171,1.67,373534.0,1358.81,3.930178759,15.15837988
6172,1.61,401119.0,2558.8,2.517583332,15.50947746
6173,1.32,117098.0,1791.29,0.456228204,15.16162871
6174,0.96,253669.0,847.05,4.140482908,14.48283694
6175,2.32,276116.0,2110.97,1.838209112,16.3542646
6176,1.49,364297.0,1946.29,2.748510285,14.62012216
6177,1.7,134840.0,1310.4,4.298151633,14.98928257
6178,1.06,148226.0,1961.4,2.881798069,16.79263516
6179,1.57,373699.0,1584.77,2.22943173,12.53234024
6180,0.81,265752.0,834.12,0.043784667,14.62190913
6181,0.73,144215.0,1014.21,0.796306607,14.43854788
6182,1.14,361170.0,664.68,4.117628267,14.04584915
6183,1.9,256045.0,790.8,2.359546583,14.18237487
6184,1.68,373407.0,1807.64,1.985471685,15.80290455
6185,1.2,160096.0,1349.36,1.785602439,13.59653485
6186,1.75,355694.0,2552.04,1.589927543,13.35070401
6187,0.91,368824.0,1793.85,2.155589065,13.87146151
6188,1.59,354584.0,2418.69,2.890631002,15.45310501
6189,1.11,385920.0,998.49,1.855453758,14.23513885
6190,1.52,352682.0,899.41,2.021540577,14.74077187
6191,2.48,362015.0,1802.78,1.979937413,15.33153048
6192,1.1,355092.0,2616.48,1.774348661,16.05134774
6193,4.74,381932.0,1074.44,-0.326393035,11.2583727
6194,1.19,250595.0,1415.98,1.159827546,14.80322615
6195,1.41,259815.0,1145.3,2.906261667,16.0270725
6196,0.74,134564.0,1780.89,2.989000573,15.06862282
6197,0.9,378740.0,2251.69,1.757695505,15.22038202
6198,1.5,161410.0,1667.99,1.779951695,14.5530223
6199,1.68,266007.0,1663.71,0.266289372,14.09721774
6200,2.4,362902.0,1924.1,2.096779484,17.06707785
6201,0.9,154178.0,1552.19,2.351026035,17.73027397
6202,2.16,143692.0,756.36,0.620003743,13.431612
6203,5.0,168486.0,2209.59,4.367574062,16.57721798
6204,2.1,384071.0,1935.27,1.346684459,13.2008475
6205,2.24,173249.0,1675.82,1.702975773,15.58287902
6206,3.22,394734.0,1978.41,2.180667573,16.70067504
6207,1.01,367307.0,1890.33,2.165873766,13.20444696
6208,0.4,384492.0,2043.18,4.017170861,16.57772195
6209,1.15,149229.0,2448.45,1.825616537,13.42194999
6210,0.59,357539.0,1832.08,1.635334959,15.60420457
6211,1.98,361416.0,1734.16,1.547620815,16.44366167
6212,2.86,241194.0,1905.46,3.337990935,15.16675914
6213,1.55,384107.0,1943.61,1.157716694,14.26446497
6214,1.79,359084.0,2317.32,2.399177287,15.3508652
6215,1.79,125090.0,1804.84,1.525292003,16.19260764
6216,1.4,163892.0,750.69,0.812686168,16.13290393
6217,1.05,255716.0,1337.96,2.922402265,15.14632458
6218,1.57,365861.0,1386.2,2.277464592,13.45021143
6219,0.29,386217.0,1959.48,0.999112251,12.71398906
6220,1.51,359663.0,1840.16,0.49764319,13.78937029
6221,0.05,151147.0,1940.54,0.74953421,15.33640346
6222,1.63,146292.0,1898.5,1.631292972,13.82860786
6223,0.94,377547.0,892.44,1.056786961,15.97397445
6224,1.24,135592.0,1022.39,2.90372568,15.84289209
6225,1.47,381313.0,816.27,1.699220903,13.24062045
6226,1.31,263579.0,2397.82,1.235884647,16.25455174
6227,6.48,376823.0,1754.26,1.186271457,16.16345281
6228,2.17,341449.0,985.23,1.400672164,14.25471128
6229,1.37,366632.0,1365.02,1.467070094,13.33050083
6230,0.87,150080.0,2066.48,1.347631059,15.61714438
6231,0.92,150907.0,1514.45,1.979664179,15.50044218
6232,1.11,359372.0,1526.04,1.623211334,14.25220054
6233,2.36,119941.0,2292.48,1.359401225,13.23175322
6234,1.85,174024.0,1890.99,3.638928545,16.22119603
6235,0.0,265963.0,1795.8,2.090555441,13.21223015
6236,1.55,152781.0,1862.41,2.895135465,16.21613299
6237,0.8,356002.0,1391.26,2.565785757,17.51754773
6238,1.29,239378.0,1920.24,3.509665009,17.40902917
6239,2.23,350661.0,2622.16,2.938509368,13.43874541
6240,1.11,261133.0,1834.56,3.989148508,16.69142799
6241,1.95,360785.0,2001.68,1.755210713,14.44774428
6242,0.86,263264.0,2370.38,3.860844103,14.37178668
6243,1.52,148066.0,1722.01,0.341315178,15.90057344
6244,1.43,154053.0,894.38,1.994520704,15.89721413
6245,1.3,359779.0,2168.99,1.787468191,13.73286319
6246,1.17,356280.0,1281.74,4.287971647,15.57102601
6247,0.98,388112.0,2232.32,1.391263788,13.07319346
6248,1.92,272243.0,852.82,3.900443791,16.79204291
6249,1.52,172868.0,1191.14,1.608311592,16.97309726
6250,1.59,149421.0,1794.69,2.677492906,13.44728397
6251,0.52,385173.0,1847.77,2.030257723,16.71380287
6252,0.83,353623.0,1611.71,4.453040856,12.48079911
6253,1.42,342829.0,1114.3,1.468060096,15.22989423
6254,1.93,129037.0,1894.56,1.542255847,11.69766134
6255,0.85,146980.0,1882.26,1.084358612,17.14058556
6256,0.54,383221.0,1949.78,2.330885998,16.87365239
6257,1.11,256324.0,1815.03,1.773657244,15.33028482
6258,1.11,144964.0,1741.01,2.24355038,14.79640376
6259,1.01,246390.0,1801.89,2.181819963,14.11129346
6260,2.06,260058.0,1924.86,0.883199471,15.37960487
6261,1.49,269401.0,1932.82,3.294994055,15.79320187
6262,2.38,366158.0,1930.55,3.717400174,17.08938671
6263,1.22,370816.0,977.4,1.365061663,15.41962579
6264,1.36,247193.0,1213.48,1.350869794,16.2724923
6265,1.64,239023.0,1122.16,1.898166193,16.25119036
6266,0.88,150435.0,1849.66,2.164378215,15.74064774
6267,1.5,271092.0,1922.66,4.015563785,14.757158
6268,1.62,382482.0,1349.85,1.026580249,15.40847003
6269,2.18,339828.0,1198.67,1.56675786,14.75444119
6270,1.09,239150.0,1701.85,0.890356563,14.34227136
6271,2.06,160957.0,1282.7,2.995909094,15.15719741
6272,0.83,398128.0,2166.43,3.88550866,15.97770266
6273,2.91,251440.0,1846.16,3.643447702,15.70542578
6274,1.16,139217.0,712.53,1.83070585,16.26746665
6275,1.77,144384.0,1337.89,1.304471919,15.74553762
6276,1.1,378960.0,1940.35,0.828952119,16.86294681
6277,1.16,165444.0,1917.47,2.011744337,15.57217618
6278,1.36,389075.0,2425.68,1.707465237,14.93946697
6279,1.49,260325.0,586.86,2.844187073,12.24995737
6280,1.26,344275.0,1203.24,3.340603255,11.59188405
6281,1.86,366977.0,2203.21,1.707409738,15.95531653
6282,0.02,165655.0,2479.11,1.661532617,15.64860519
6283,2.33,273625.0,1876.48,2.333603166,15.63829038
6284,2.3,332416.0,1327.3,1.801811272,14.95560041
6285,2.12,270098.0,2486.64,1.643738735,15.80732347
6286,0.71,138370.0,2486.75,1.050017026,15.65787986
6287,1.67,360954.0,2379.25,2.079493106,13.47361952
6288,1.46,334817.0,2353.56,4.297689745,12.95700791
6289,1.07,383151.0,1327.2,1.909630914,15.64511057
6290,1.39,258062.0,1301.84,2.326151034,14.15828182
6291,1.24,370689.0,1771.59,4.0083315,14.68569127
6292,1.61,378631.0,917.91,4.253514874,16.81111758
6293,1.5,246481.0,2034.95,0.873150246,13.22982993
6294,2.0,355063.0,894.99,3.066518072,14.06436602
6295,1.63,389712.0,1065.75,1.987448549,12.83976086
6296,1.44,143326.0,1705.3,2.229932296,16.45198171
6297,0.6,376396.0,2571.21,1.717457778,16.15310391
6298,1.0,354767.0,1832.38,2.172280063,15.87782259
6299,2.14,149065.0,2038.27,1.058204787,15.81321288
6300,2.35,120385.0,2384.08,1.80861655,13.72896106
6301,1.03,387291.0,1416.65,0.959558543,15.18853766
6302,1.69,159370.0,1872.05,1.180706584,16.9879254
6303,2.73,366309.0,1604.37,2.814303007,15.77984928
6304,1.26,376515.0,1797.13,3.822065135,15.34874121
6305,1.68,367638.0,1580.15,1.814722426,15.24217818
6306,1.17,346764.0,760.5,1.008185518,15.38847007
6307,0.25,380444.0,2377.6,2.667238979,13.04781642
6308,1.71,383396.0,2305.42,3.328761671,13.72789603
6309,1.28,395738.0,1913.37,2.234931646,11.36380814
6310,2.58,350507.0,1730.17,0.812938005,15.45046161
6311,1.49,374819.0,2280.12,1.554457738,14.57113929
6312,2.04,361193.0,1820.93,1.425705586,15.00676372
6313,0.61,377401.0,2147.74,1.979619203,15.41131211
6314,1.36,144477.0,711.35,0.516615843,15.43698661
6315,1.89,256092.0,1882.53,1.583135917,16.66974209
6316,2.68,381981.0,1852.6,1.261247113,14.52400408
6317,0.8,369191.0,1854.59,2.031486222,14.31619298
6318,1.77,363507.0,1590.8,1.764361318,16.43008767
6319,1.6,241908.0,2284.27,0.653531363,13.67469619
6320,1.2,367379.0,1210.97,2.151224653,16.70316123
6321,1.8,252952.0,844.8,1.383408382,14.36639961
6322,0.97,265959.0,1089.19,3.553053629,16.52254484
6323,0.63,363537.0,788.17,3.985587064,16.80805342
6324,1.5,348532.0,1366.81,1.028476267,14.69696221
6325,2.2,341708.0,818.47,-0.326393035,15.94363808
6326,1.29,144181.0,644.84,1.890097991,15.70571874
6327,1.43,363958.0,1443.25,1.566877144,13.41505453
6328,1.32,244808.0,1761.11,1.749381941,14.9797043
6329,2.36,380509.0,1960.89,2.268304034,13.89071256
6330,1.54,271412.0,2457.12,3.748939155,15.53000538
6331,1.3,355931.0,1577.27,0.60242398,13.03626689
6332,0.67,355694.0,1829.18,3.836134815,16.57499683
6333,0.88,389885.0,1367.92,1.229058383,12.73156741
6334,1.63,328432.0,2180.48,1.379604054,14.69880511
6335,1.49,382898.0,838.63,2.483045343,15.70953816
6336,1.67,394777.0,1043.44,1.899337239,16.01166154
6337,1.32,253989.0,1540.9,4.686377825,15.71132937
6338,1.88,366525.0,1390.61,1.573922057,15.10506129
6339,0.54,376890.0,1963.26,2.140648702,14.22115226
6340,1.77,137795.0,2692.42,4.002929112,16.07646602
6341,2.95,254087.0,965.18,2.168348764,13.58197697
6342,1.38,359105.0,2389.61,1.354364867,14.96405323
6343,2.07,351455.0,849.76,1.288143181,13.23575479
6344,1.67,167275.0,1735.36,0.01524861,12.49465344
6345,1.19,396433.0,1287.92,1.67890642,13.63362878
6346,0.43,115535.0,2508.7,1.884442646,14.21079427
6347,2.0,256579.0,1897.84,1.058033333,12.32267724
6348,2.16,366622.0,1184.84,0.394093419,15.13530685
6349,1.5,371359.0,985.05,2.407112842,12.27765343
6350,1.17,147781.0,1806.2,1.046743154,15.7799701
6351,1.21,373292.0,1924.82,1.668595657,14.90962049
6352,1.06,360234.0,1782.36,1.448923585,13.41835315
6353,0.56,365846.0,1843.68,0.817001861,12.65812717
6354,1.74,376770.0,879.71,4.689651305,15.52850933
6355,1.82,352961.0,2390.35,4.325051675,16.07905161
6356,1.2,138378.0,2224.53,1.804466762,14.93692959
6357,0.63,387494.0,1780.59,1.896555992,15.15805794
6358,1.26,373463.0,1657.59,3.852353404,14.94150299
6359,1.62,185109.0,1856.57,1.377261552,15.35465049
6360,0.69,386738.0,1935.64,3.91999054,16.44988054
6361,1.79,361924.0,910.32,1.63452285,14.01600839
6362,1.25,361615.0,2341.02,2.723199135,13.2267682
6363,1.85,357042.0,2330.3,2.207536748,15.54784139
6364,0.72,360203.0,981.0,1.803328034,15.94760652
6365,2.41,149941.0,713.97,1.29373844,16.51623164
6366,2.13,374076.0,1798.5,0.576578311,15.37655897
6367,1.52,133721.0,1854.54,1.067727066,13.8160123
6368,1.67,161804.0,718.27,2.470555689,16.30601988
6369,2.39,274505.0,1967.43,3.363731233,14.18630054
6370,0.0,368450.0,1832.16,1.397745133,13.59437135
6371,2.05,257435.0,2281.76,1.164390908,13.3787963
6372,1.45,341759.0,1837.22,1.645462431,14.12131691
6373,0.72,395861.0,1721.34,2.315827834,15.98314334
6374,0.7,264866.0,2178.78,4.059053192,17.29639309
6375,2.04,273396.0,2644.6,2.88957587,16.86338188
6376,2.51,264773.0,1347.75,1.352173389,16.40980439
6377,1.48,387231.0,1491.1,1.905023083,16.44790335
6378,1.91,168450.0,1546.01,1.61176614,14.7158505
6379,2.0,400718.0,677.18,1.761183084,14.07298116
6380,1.39,386154.0,2305.47,2.651087006,14.31001718
6381,1.72,162519.0,1752.29,2.432876058,13.86679282
6382,0.84,391105.0,2176.8,2.223408155,15.35134631
6383,1.04,249007.0,2392.29,3.429218553,14.39274416
6384,2.72,138694.0,1578.37,2.918902559,12.23483399
6385,1.4,114947.0,1551.23,4.103407664,14.12957529
6386,1.05,125543.0,1201.51,2.213997721,12.04892235
6387,0.65,138867.0,1860.98,2.462920039,17.38319593
6388,1.12,152053.0,599.79,1.301094029,15.39854794
6389,1.27,385473.0,2578.29,3.37332861,14.31777651
6390,1.15,347157.0,2282.11,1.158104452,12.78243502
6391,0.19,372714.0,1795.27,0.88285962,15.74018846
6392,1.49,260284.0,1946.18,1.612988193,15.19614278
6393,0.96,394374.0,1513.54,2.931671828,16.20862107
6394,2.12,337220.0,1694.8,2.262741293,15.33163829
6395,0.95,336728.0,1759.64,2.238637154,14.8380616
6396,1.86,155129.0,1665.89,1.757843973,16.03914566
6397,0.8,372736.0,1237.36,2.995200708,14.9167498
6398,1.76,145193.0,1360.44,4.363144827,15.68731995
6399,1.47,382361.0,1128.41,2.75602469,15.95235784
6400,1.22,363005.0,2573.62,4.197715476,14.03056255
6401,0.83,140653.0,1856.33,1.974145102,13.49666647
6402,2.22,152297.0,847.47,2.499340239,17.13798409
6403,1.12,390608.0,2006.4,2.962307268,16.74185383
6404,0.97,170615.0,2013.65,0.199702313,15.0497688
6405,0.17,358101.0,1580.61,2.338280333,13.9931121
6406,0.33,131272.0,920.51,1.358128047,16.39511594
6407,1.24,265086.0,2000.1,1.131335014,13.72085218
6408,1.13,350067.0,1447.03,1.205781,13.4670422
6409,0.77,381401.0,2075.8,0.97260137,15.33510325
6410,0.93,144290.0,2697.79,2.391311621,16.65299726
6411,0.92,370378.0,1547.01,1.15085339,13.22981178
6412,0.71,394234.0,1832.72,4.826926057,14.13337297
6413,1.21,173611.0,1932.04,1.765594881,15.83653883
6414,2.41,369784.0,2476.83,1.86371184,13.81400928
6415,1.55,282045.0,2486.76,1.459128471,15.93553542
6416,1.72,395617.0,1484.66,3.175458864,15.92396367
6417,1.27,123582.0,1773.66,2.087473476,14.25297203
6418,1.37,155364.0,2292.81,2.010638251,13.70146462
6419,2.09,363637.0,835.54,1.470393296,15.72818359
6420,2.46,341407.0,1216.24,2.875393701,14.44261378
6421,1.14,151649.0,707.6,1.929076784,15.59647991
6422,1.73,344818.0,1761.37,1.757942111,14.31141164
6423,0.87,376378.0,1944.9,1.416310474,15.06976701
6424,0.95,246551.0,905.45,1.350202442,15.94751362
6425,1.75,395111.0,727.48,0.695578522,15.76778474
6426,2.06,132024.0,1306.76,2.971081698,16.18429646
6427,1.18,367731.0,2072.55,1.996241201,16.09781384
6428,1.52,352928.0,2179.56,3.111658459,16.43646004
6429,0.72,380578.0,1357.49,4.335081981,13.48950901
6430,1.66,383641.0,1796.19,3.657565081,15.64634024
6431,2.02,258151.0,2214.0,0.792812801,16.40366618
6432,0.5,169948.0,1496.59,2.379849288,14.08881248
6433,2.04,362508.0,1444.73,1.509961732,15.6575632
6434,0.38,383099.0,1909.87,1.562433464,13.75609088
6435,1.06,363081.0,1000.01,1.097833864,15.69543179
6436,1.84,165452.0,1927.83,1.181857882,15.01277965
6437,1.17,259278.0,868.2,3.536583655,16.24812963
6438,0.31,152370.0,2411.66,0.675945769,16.06519276
6439,3.21,170114.0,1920.59,4.570201963,16.00353584
6440,1.55,273253.0,884.15,1.46860517,15.21438606
6441,2.71,125690.0,1703.46,1.698982975,16.53754787
6442,1.89,141212.0,2624.06,3.658068526,16.33695312
6443,1.27,399773.0,1885.54,1.497148529,15.11715006
6444,2.39,156311.0,962.81,1.706725964,15.12126011
6445,2.31,374297.0,1812.84,1.628791624,15.00907445
6446,1.02,151883.0,1550.6,4.575652538,16.56649377
6447,0.91,385166.0,1943.08,1.784765353,14.62287372
6448,0.84,383971.0,2445.15,1.519160776,16.01574459
6449,0.87,137234.0,2398.87,2.921269343,13.37763368
6450,1.9,280891.0,2293.16,3.260644288,13.70776535
6451,2.67,175682.0,1796.75,1.337621834,16.13677002
6452,1.22,362157.0,763.53,2.949284868,15.99161732
6453,2.27,145075.0,698.45,2.829804233,17.17027904
6454,2.3,144113.0,878.63,2.214997386,15.03671824
6455,0.88,114947.0,736.93,2.366766617,13.38951609
6456,0.38,140043.0,1762.21,1.269232622,15.71467587
6457,1.11,363060.0,2185.63,0.951530593,13.8830255
6458,0.36,141868.0,957.79,1.959147847,14.85618395
6459,2.57,361266.0,852.16,1.61176346,16.06218345
6460,1.52,126681.0,1200.27,0.804194927,16.00266675
6461,1.54,387163.0,1813.49,1.061222469,15.67344887
6462,2.0,401070.0,1450.92,1.452828796,14.78491322
6463,1.39,142566.0,975.14,1.318351995,13.31239216
6464,2.76,268526.0,1976.8,1.067434939,16.97732095
6465,0.0,366507.0,2136.0,1.085193653,16.00635666
6466,1.24,362691.0,1889.87,2.400379758,16.81863404
6467,1.36,158080.0,1666.07,1.54369229,15.42266739
6468,2.4,119359.0,1877.7,3.176098786,15.93991922
6469,2.79,342422.0,772.23,2.055834843,15.11003149
6470,0.83,377112.0,1948.45,-0.252641312,15.85963916
6471,1.79,369712.0,926.3,1.053608874,14.41260346
6472,1.37,156261.0,1862.33,4.376498077,15.18346591
6473,0.94,135889.0,2664.86,4.51972342,17.19956229
6474,2.2,234758.0,1394.27,2.872794734,16.45414398
6475,1.87,360388.0,856.67,1.974259333,16.00020807
6476,0.34,382442.0,2370.73,2.581110745,14.21666383
6477,0.58,346318.0,1636.2,-0.114063924,15.58028314
6478,0.99,168800.0,1610.76,0.871473098,15.29671482
6479,1.22,382581.0,2489.56,4.870952393,14.90893585
6480,1.83,138473.0,1877.68,1.753117594,15.8808444
6481,1.67,264979.0,1821.64,2.747824009,16.08345357
6482,2.14,264252.0,1650.97,1.686845633,15.58475291
6483,0.65,400581.0,2379.71,2.775611759,15.18224747
6484,1.34,170840.0,1458.79,0.661637643,17.45698295
6485,0.0,177570.0,1939.61,1.421055588,12.57973461
6486,0.8,132003.0,1634.11,2.306760379,14.62863219
6487,1.37,356296.0,1896.79,2.720975293,15.55330377
6488,0.26,370999.0,2280.96,3.487943396,16.38709884
6489,1.22,139342.0,1895.61,1.43370834,15.26825148
6490,2.32,255036.0,1668.71,2.315707195,15.52059129
6491,1.0,169121.0,1970.12,3.434214387,16.10345407
6492,1.13,387999.0,1373.89,1.271412269,13.60646342
6493,2.29,401119.0,2024.31,4.93924406,14.01623333
6494,1.94,275141.0,1922.99,1.201474079,13.31461109
6495,0.99,365468.0,2004.8,1.199542882,13.02519062
6496,0.91,400619.0,2053.05,0.57246861,13.14917036
6497,1.38,252738.0,2419.85,1.579206136,14.90667665
6498,2.42,347480.0,871.88,1.58318033,15.00345276
6499,2.01,368294.0,2348.38,3.571383731,14.01748131
6500,2.23,122876.0,730.44,3.654392588,15.39177386
6501,0.8,399149.0,1648.62,1.865485048,15.40677155
6502,1.32,151510.0,2057.84,1.325753024,15.71966998
6503,1.24,343857.0,2263.92,2.016806362,12.85250748
6504,1.33,273309.0,1975.47,2.206400397,14.47504447
6505,0.74,361494.0,1725.19,4.150436485,16.15619849
6506,0.87,389457.0,2061.24,3.650937619,14.94726439
6507,0.04,373568.0,1707.58,3.717019431,14.81161128
6508,1.1,341650.0,1899.08,3.006765665,15.56553363
6509,1.1,365713.0,1685.25,1.159444449,16.67975085
6510,1.0,173840.0,1820.68,1.879451594,14.20782041
6511,2.91,269232.0,2277.5,1.746101766,13.59280405
6512,2.05,350852.0,1120.57,1.154415862,16.33715449
6513,1.89,368796.0,2349.96,3.831359925,15.20097941
6514,1.53,272802.0,2537.15,4.92898119,15.83598513
6515,0.73,368809.0,1824.79,2.195747171,13.7876162
6516,1.05,135513.0,1818.17,1.973260562,17.45246153
6517,0.98,276201.0,1385.67,2.043648796,12.60743063
6518,0.48,261417.0,1577.31,1.463918405,15.10379904
6519,0.64,381370.0,1837.59,4.82134186,15.46498115
6520,1.22,366997.0,2054.72,1.211759672,15.38419447
6521,0.89,159914.0,3047.82,3.12414027,15.58502188
6522,1.35,349459.0,985.6,1.540099436,15.50129871
6523,0.78,240009.0,1686.92,2.002694254,16.06726712
6524,1.6,261633.0,995.37,0.47886279,15.77308359
6525,1.25,124893.0,1237.71,2.093269389,14.62860331
6526,1.74,155863.0,1865.88,1.735858034,13.49369511
6527,1.9,271340.0,1393.16,0.581917578,15.29511376
6528,0.62,159555.0,1824.27,0.101906233,15.06945353
6529,1.6,379235.0,1761.08,1.064157753,15.31710604
6530,1.73,253244.0,642.55,1.650368202,15.07733301
6531,2.68,161849.0,2204.31,1.991181117,15.17891537
6532,2.47,251572.0,2418.02,1.614250003,15.42122018
6533,1.91,142723.0,1924.39,0.672950561,15.93841634
6534,0.33,366544.0,1274.98,2.748660942,15.43515826
6535,1.3,263092.0,1946.45,2.935090656,16.48879143
6536,2.54,349921.0,1969.62,1.159573337,14.01975626
6537,1.64,168097.0,1797.35,-0.067433391,15.62418292
6538,1.84,366332.0,1330.31,0.756222384,15.13980871
6539,1.58,282806.0,1074.7,4.086839737,13.93334878
6540,2.46,153071.0,1781.64,0.851580754,13.33648541
6541,2.22,352839.0,744.2,1.627354103,14.76703683
6542,1.05,257403.0,2452.16,2.738782787,13.01052149
6543,1.3,250577.0,2279.82,3.797343212,17.14259528
6544,0.38,277679.0,1804.63,1.04973997,15.38783532
6545,0.24,176318.0,2126.73,4.162341102,15.8351204
6546,0.74,366084.0,1976.98,1.238815653,14.78246742
6547,1.13,153748.0,2614.52,2.577274328,15.28908465
6548,1.26,165217.0,1883.95,1.887796383,15.80988771
6549,1.05,365102.0,1836.69,1.949017121,13.49825169
6550,1.23,287393.0,1461.31,3.963395741,15.55880026
6551,2.59,372704.0,1815.44,1.286847951,15.33294559
6552,2.17,268984.0,3047.82,3.075695681,17.39932571
6553,1.46,165319.0,1537.35,2.388156923,14.23257964
6554,1.63,120831.0,1010.63,3.232458481,15.38757339
6555,1.24,269673.0,1871.92,2.232380792,14.64252832
6556,1.61,128063.0,681.68,1.56461502,15.85204719
6557,1.83,256404.0,2287.32,1.497897256,13.02371313
6558,2.25,138699.0,1761.74,1.910003598,15.15897028
6559,1.45,347283.0,941.3,1.71781254,11.59776636
6560,2.6,137662.0,881.95,3.429391159,14.80483232
6561,1.23,365499.0,825.32,1.666783896,17.25038397
6562,1.89,365602.0,1928.48,2.29769551,15.34759238
6563,0.04,166112.0,2470.47,3.053479137,15.08488534
6564,0.74,164805.0,2290.73,1.614171239,13.89563815
6565,2.64,140808.0,821.93,2.431672307,16.14987405
6566,1.19,170454.0,2466.54,2.480442599,15.3587315
6567,0.52,161913.0,1582.71,1.057901759,13.66514486
6568,0.89,377064.0,773.18,2.543369368,13.03134642
6569,2.05,370332.0,1159.94,1.078570477,15.3679849
6570,1.21,250053.0,2158.81,1.667519212,16.14013767
6571,0.27,389019.0,672.26,2.982488797,13.57975096
6572,1.52,118164.0,2057.33,1.020035883,12.64873791
6573,1.41,359490.0,1111.84,1.249024939,11.82139562
6574,1.41,356622.0,1857.32,3.149164557,16.84102352
6575,0.95,358504.0,1884.81,2.083437457,16.04401047
6576,2.21,135619.0,1297.72,1.764639064,15.59065438
6577,0.33,153785.0,1601.92,1.937685877,15.4133698
6578,1.87,351151.0,1677.42,2.891559677,15.90300402
6579,6.54,142285.0,1031.38,1.285112308,13.26049317
6580,1.5,385994.0,1938.32,1.895981492,15.94323516
6581,1.57,138356.0,2075.56,2.748062938,14.88896312
6582,1.81,140518.0,899.28,0.579538013,13.41379014
6583,1.97,256678.0,1148.42,1.852485076,13.22311746
6584,1.38,254078.0,1763.21,1.294407063,15.99228529
6585,1.85,375601.0,1682.76,1.576863015,15.75926423
6586,1.06,157764.0,2159.67,4.679799871,15.3491208
6587,1.09,151926.0,1990.18,1.816865957,15.66860078
6588,1.23,136614.0,1885.23,3.280738617,15.28490022
6589,1.38,161718.0,2571.42,1.767831618,17.34730794
6590,1.54,368183.0,1539.09,1.826065262,15.18578939
6591,1.4,371618.0,2426.65,4.141271191,15.42762438
6592,1.59,361317.0,1246.97,1.53884226,15.36759079
6593,0.35,370354.0,2446.71,2.302525937,16.50696934
6594,1.96,388850.0,2330.05,3.757094132,13.56733207
6595,1.6,384917.0,944.46,0.949169933,15.41948391
6596,0.85,390122.0,1649.79,1.455207879,16.68966461
6597,1.76,366693.0,1153.23,1.66003954,15.52628002
6598,2.23,133471.0,1722.18,1.745910466,15.9258743
6599,1.71,400760.0,1876.48,3.815205505,17.09685913
6600,2.08,368880.0,1932.35,0.728354645,15.37589906
6601,0.78,346483.0,1849.55,1.165108965,15.271128
6602,0.92,344400.0,1228.49,2.298709828,15.33902718
6603,0.11,378202.0,2190.27,3.462548692,13.19215614
6604,0.81,264555.0,1335.07,2.776524313,15.19654492
6605,1.77,242042.0,699.13,1.788865775,16.38045736
6606,1.68,361073.0,1830.78,1.051840619,15.47572559
6607,2.02,393244.0,1564.6,1.98355752,17.50722455
6608,1.6,342835.0,964.64,2.809859198,13.78942779
6609,0.34,146221.0,2367.41,0.027096736,14.62531199
6610,0.9,374778.0,2178.11,1.680776958,16.3743925
6611,1.65,364960.0,2363.51,1.998803559,12.34757148
6612,1.44,395255.0,1950.36,1.390684833,11.63651304
6613,1.86,365713.0,2275.76,0.732648044,13.94846512
6614,1.85,373624.0,2229.57,1.354306275,13.50564913
6615,1.92,366034.0,2356.31,2.404723149,13.68931497
6616,1.33,374390.0,2964.58,0.852383657,15.90497258
6617,1.76,152605.0,1385.82,3.493728268,15.45027618
6618,1.42,262643.0,1724.58,1.374750138,15.61062553
6619,2.66,133232.0,1537.53,4.360240895,15.23333195
6620,1.28,151100.0,1842.5,0.322291679,15.65681562
6621,1.54,249108.0,1183.04,1.625180993,15.75578638
6622,0.82,261494.0,1392.23,2.743682515,11.32249692
6623,1.74,350463.0,2570.17,1.020858957,15.83781887
6624,1.73,257696.0,2503.3,1.991091923,12.31462337
6625,2.18,401119.0,587.88,2.222970535,15.7214895
6626,2.37,155924.0,1902.71,0.998605587,17.3079405
6627,0.54,133505.0,1883.82,2.600448508,12.70940296
6628,1.29,396488.0,1050.2,3.763767906,16.24937511
6629,0.66,378216.0,1998.73,0.252844543,12.92991137
6630,1.55,168205.0,1976.72,2.304595341,14.83508029
6631,1.77,369564.0,2302.05,0.817569256,13.49334462
6632,0.91,354549.0,1570.65,3.386283642,16.21683988
6633,1.5,353777.0,2407.85,1.599923825,15.62423192
6634,0.47,141578.0,714.0,1.924408508,16.03788643
6635,1.97,255200.0,2043.52,1.95218856,15.84170007
6636,1.49,257045.0,1022.99,3.68831888,15.52564241
6637,0.15,159034.0,1527.87,1.918929427,16.77241781
6638,1.62,378530.0,757.03,4.131976576,16.3920502
6639,2.81,247013.0,1859.66,1.743412606,16.35338842
6640,1.57,147133.0,2225.91,2.157513751,14.26741501
6641,1.4,343827.0,1005.11,2.287092691,15.10234368
6642,0.08,385420.0,1127.92,1.112162821,13.51686446
6643,2.61,345916.0,2317.95,1.404672177,16.25007269
6644,2.44,247508.0,822.42,2.146791282,16.4846898
6645,0.0,353131.0,1988.52,1.310373955,15.54138877
6646,1.06,136241.0,1198.79,0.54148057,15.12451039
6647,0.76,142762.0,2067.32,1.649515059,16.76135447
6648,1.14,149919.0,781.25,-0.078864645,16.07970779
6649,1.68,369895.0,1023.92,2.318932874,15.32293296
6650,1.42,377767.0,1812.28,0.66844606,15.40880996
6651,1.89,151827.0,789.45,1.423873762,13.4044338
6652,1.58,254608.0,2509.15,2.165637434,14.35393132
6653,1.0,256326.0,779.06,2.469874753,16.59120334
6654,1.61,132011.0,1762.5,2.154357424,13.46100953
6655,1.69,135627.0,1344.69,0.732330574,15.78132931
6656,1.04,384673.0,826.96,2.626008925,15.52206501
6657,1.1,162605.0,1751.23,3.026072435,16.57806672
6658,1.49,365477.0,717.28,2.022659466,15.47229545
6659,1.41,255777.0,1754.65,0.90541551,15.1506888
6660,2.28,352487.0,1862.16,3.472418501,15.4451171
6661,1.12,379597.0,615.0,4.1473289,13.91590644
6662,1.62,256901.0,1853.16,1.959538356,13.87529249
6663,0.69,393097.0,1865.09,2.360731814,15.13129525
6664,0.99,355789.0,1291.82,2.27284292,16.52459093
6665,1.9,381397.0,1880.24,1.838029886,14.99127293
6666,1.88,371669.0,1192.95,3.00286725,13.96714338
6667,2.06,248206.0,1971.31,0.978081912,15.45661012
6668,0.86,369988.0,1941.68,2.111013357,15.77287188
6669,1.18,366034.0,1834.69,2.096605319,15.37001851
6670,2.95,157264.0,2058.68,4.262790456,13.45676283
6671,1.22,365955.0,718.81,1.916449679,15.44573809
6672,2.07,137886.0,1896.27,1.069945711,15.84987323
6673,2.15,143849.0,1492.78,1.313251549,15.83244164
6674,1.26,244453.0,1950.8,1.143313245,12.7431179
6675,0.89,249924.0,1541.18,1.813218912,13.88470137
6676,2.05,387672.0,799.32,1.979688318,14.20386783
6677,0.34,260984.0,1703.73,1.778424561,16.08178294
6678,1.01,366716.0,631.68,0.978225824,14.12964041
6679,0.9,264191.0,1208.39,4.576129968,15.5682589
6680,1.95,134077.0,1485.74,2.646906371,15.16671373
6681,1.62,374848.0,2385.99,4.680848728,15.67949099
6682,0.37,137947.0,2528.65,1.779119304,16.12803167
6683,0.74,271883.0,2219.66,2.373963052,14.57346488
6684,2.0,344772.0,1629.22,1.033419835,16.58089924
6685,2.45,148236.0,2326.3,1.424654948,15.91759009
6686,1.71,400603.0,2351.18,0.39075113,14.56610069
6687,1.21,368016.0,1556.15,1.305413699,12.58906958
6688,0.88,155741.0,1793.67,1.094159387,15.92354263
6689,1.91,124142.0,1864.32,4.407495466,13.97934732
6690,0.65,162383.0,2139.23,1.289482369,12.3095555
6691,1.67,341542.0,962.27,1.732518314,15.61560302
6692,0.19,342467.0,1073.3,1.42536615,14.37593487
6693,0.84,391631.0,1061.89,2.061357544,15.90395793
6694,1.32,378271.0,1755.92,2.996757756,15.74163587
6695,3.02,161058.0,1719.27,1.64520662,16.36959643
6696,1.71,348576.0,1723.16,1.253755237,14.31198827
6697,1.1,356117.0,1417.43,2.973194002,15.58917047
6698,0.67,353339.0,1844.33,4.167256571,12.32299589
6699,2.08,376765.0,840.45,1.377840831,16.63795332
6700,4.29,141191.0,1440.88,2.142441402,14.00853385
6701,2.7,152565.0,2271.66,3.735099275,16.36541714
6702,1.98,155798.0,1998.0,3.992495442,16.52270864
6703,1.28,264147.0,2260.9,1.143192497,13.52547045
6704,2.36,377371.0,1949.79,1.593911597,16.48098293
6705,0.38,287797.0,844.66,2.393994396,16.461342
6706,1.97,374107.0,1865.18,3.560209167,13.76796769
6707,1.4,364139.0,1434.87,2.458595361,13.10924375
6708,1.45,246274.0,1379.95,0.865148525,15.26530603
6709,0.22,135318.0,1963.45,1.103284484,14.34524427
6710,1.76,375812.0,763.06,3.396227113,13.22695977
6711,0.95,385561.0,2109.63,3.017798072,13.79474233
6712,1.86,355968.0,2238.15,4.136499866,13.61863618
6713,1.68,251556.0,2214.46,3.346170983,15.43203848
6714,1.1,146505.0,2324.74,1.411152562,13.01355301
6715,1.85,136736.0,1735.66,2.31466313,16.14961959
6716,1.58,342124.0,2400.26,1.332196379,16.1812014
6717,0.26,395385.0,1912.22,1.746484284,14.71353502
6718,2.14,378138.0,928.07,1.329939924,12.70766034
6719,1.84,147613.0,1208.45,4.206323321,12.27586917
6720,1.27,375780.0,740.74,4.586067101,14.50490394
6721,1.49,149414.0,1810.55,1.345614354,15.86957274
6722,0.1,366418.0,1828.94,1.918055785,15.35888061
6723,0.79,144891.0,1857.52,2.625281571,15.13603512
6724,2.33,400851.0,2445.29,-0.326393035,15.35057878
6725,3.97,379473.0,814.0,2.996124196,16.12779153
6726,1.21,120752.0,2490.6,1.44312196,15.51030126
6727,1.06,364241.0,2337.46,1.298498108,12.39219003
6728,1.26,114947.0,1720.04,1.75937079,16.17667479
6729,1.47,269428.0,1633.65,2.045557237,14.57370841
6730,2.44,254114.0,1791.75,3.734963742,17.04155033
6731,1.6,138299.0,1367.1,1.773755763,14.85463031
6732,1.57,152377.0,1510.69,3.620540414,13.957541
6733,1.51,139412.0,2171.96,4.316275614,15.0108052
6734,2.44,359305.0,1534.32,1.711044722,16.08527125
6735,0.28,397977.0,1222.18,0.278453277,13.21548402
6736,0.74,367987.0,1944.91,2.447413434,14.79014333
6737,1.15,371327.0,1466.84,1.213676347,16.92331113
6738,1.13,272127.0,1738.96,1.899825453,17.02198265
6739,1.81,148279.0,2474.16,2.835564297,16.1129397
6740,0.98,384698.0,1024.19,1.631886146,13.73612388
6741,1.05,156211.0,2115.62,3.994812763,12.21546573
6742,1.57,168656.0,1335.53,3.523718062,13.99064743
6743,1.46,114947.0,641.8,1.521656277,13.72831624
6744,1.02,359277.0,1909.52,1.924306819,14.0456139
6745,0.56,366235.0,1294.72,1.489546898,15.88774954
6746,0.96,145862.0,1535.19,2.983570071,13.43294973
6747,1.51,253855.0,1237.13,1.854517232,14.98583618
6748,2.38,260045.0,1714.94,1.269348016,15.61508953
6749,2.07,387057.0,1828.18,1.184597382,15.61347627
6750,5.8,116739.0,1521.65,0.84486028,15.40907298
6751,1.57,364469.0,1664.26,1.589436909,17.10928273
6752,1.65,387532.0,874.4,0.961665827,15.19707389
6753,2.34,335012.0,860.48,4.40798907,15.6295338
6754,1.31,267818.0,1441.02,2.781556862,16.139298
6755,1.99,281985.0,1788.87,1.433648617,16.84889841
6756,1.35,379047.0,2132.22,0.009814573,14.03079706
6757,1.78,140734.0,2103.62,1.048698096,15.82261835
6758,2.25,142184.0,1973.82,1.878622368,16.38962907
6759,1.32,377124.0,722.7,1.035007947,14.02707624
6760,1.99,373445.0,1083.39,2.137150155,15.33590266
6761,1.22,269261.0,2137.12,0.707846613,17.2146152
6762,0.6,394840.0,829.39,2.886000697,16.03159977
6763,1.13,387376.0,703.29,2.910333096,15.75931216
6764,1.05,350670.0,1506.54,2.049137009,16.41115215
6765,0.4,153676.0,1723.88,1.913415805,13.09713096
6766,2.02,259725.0,1784.46,4.245068674,15.37855507
6767,1.02,357391.0,2688.01,2.118280371,15.64973616
6768,1.11,163609.0,1375.55,3.224570064,13.28477298
6769,1.11,132720.0,688.87,1.504854107,15.15734002
6770,3.44,287827.0,1776.5,1.202113133,15.68201154
6771,0.84,373400.0,1958.99,4.684736958,15.3212829
6772,1.49,369225.0,1924.23,1.168989638,15.24811967
6773,1.3,392572.0,703.31,1.747730305,15.23013299
6774,1.06,364472.0,2059.38,4.372069739,14.96998345
6775,1.49,121654.0,1910.19,1.072813368,14.24722519
6776,1.16,288185.0,2411.46,1.199777059,14.9258975
6777,1.16,136871.0,870.35,1.692990596,15.07403745
6778,1.77,129078.0,1759.39,2.326170277,16.23100746
6779,1.72,383972.0,1421.11,1.693713355,16.16938399
6780,0.6,384012.0,1731.88,4.011640047,14.28952109
6781,0.93,385093.0,830.48,2.478188773,15.77191012
6782,1.15,250619.0,1809.95,1.465556883,15.36117094
6783,0.59,134156.0,1099.88,2.228770919,15.31755916
6784,1.93,375651.0,984.77,3.18427653,15.71054244
6785,1.75,364575.0,1210.77,1.436099723,16.99692011
6786,1.82,250138.0,593.7,1.547505542,16.10784365
6787,1.9,382866.0,1949.75,4.73447442,16.36768824
6788,1.75,246475.0,2119.35,3.293510186,14.21185429
6789,2.37,372013.0,1795.71,3.515442273,15.89576962
6790,2.0,235152.0,2023.36,1.386085012,14.96155901
6791,1.99,154313.0,1306.62,1.50566655,16.5044839
6792,1.45,361223.0,1835.15,2.85096952,14.49793674
6793,1.63,401119.0,971.28,1.480728247,16.23497188
6794,0.38,145395.0,1720.17,1.860867098,13.62271663
6795,1.37,368234.0,704.29,3.001541443,15.78912322
6796,1.3,359171.0,1302.84,1.310226387,15.75378573
6797,0.56,343198.0,2220.2,1.519978653,15.5934339
6798,1.63,254989.0,1356.49,-0.289240131,12.5016015
6799,2.23,390758.0,1799.08,1.535691942,15.66770187
6800,1.37,153287.0,1133.25,2.148709546,13.97993569
6801,2.77,145382.0,2148.45,1.34611407,16.47045524
6802,2.17,251551.0,1403.21,1.189742721,15.37533496
6803,1.48,366907.0,2186.06,3.435920441,15.09446682
6804,2.07,366968.0,848.95,0.475610138,15.63531761
6805,1.89,339795.0,1349.25,1.107178928,15.46002984
6806,1.44,346858.0,841.36,0.490970837,16.42072316
6807,0.58,131799.0,1390.87,3.857089985,15.32373796
6808,0.36,267802.0,1915.51,2.206323648,15.28912732
6809,2.58,136916.0,2308.7,1.42402193,17.12558245
6810,2.22,264670.0,1812.38,3.322566412,14.52740101
6811,1.89,373258.0,953.75,2.862624785,16.30767022
6812,1.77,359366.0,1869.0,1.847422702,15.02041035
6813,0.41,361503.0,2137.32,1.471423026,14.41081591
6814,0.73,157123.0,2295.39,2.420942928,14.02354805
6815,1.46,147813.0,1833.92,0.854846818,15.78592871
6816,0.96,393081.0,2438.36,2.3807034,15.51140817
6817,0.84,136476.0,2205.2,1.912125519,13.32748708
6818,1.92,257087.0,1776.77,1.829992827,14.60464047
6819,1.0,263016.0,1805.32,1.722200703,16.7049177
6820,1.33,255684.0,797.2,1.693220348,17.34726984
6821,1.85,366468.0,586.86,1.157192062,15.65801523
6822,0.97,120500.0,2267.79,1.735607867,13.72364399
6823,1.99,371292.0,1856.11,1.163358511,13.77014601
6824,1.05,367952.0,1780.31,1.771431462,15.61207973
6825,0.1,149938.0,2002.06,2.402480339,14.62914969
6826,1.49,368372.0,1512.92,1.555143477,15.11585203
6827,1.13,265238.0,1830.75,4.618898207,16.24437452
6828,1.14,390236.0,2284.39,1.929520436,17.20750431
6829,1.02,384111.0,1618.25,2.841408252,13.73285002
6830,0.99,155719.0,1916.97,2.753650844,16.18261709
6831,0.83,169487.0,1859.48,4.490312621,13.55968922
6832,2.36,234245.0,2586.6,4.207610849,16.10582437
6833,0.41,355513.0,2608.15,2.936051463,13.48160183
6834,0.21,354950.0,2407.66,1.781672364,13.41400918
6835,2.59,137893.0,706.6,1.375432495,16.4402328
6836,1.23,181944.0,586.86,2.789326366,12.93432174
6837,0.1,384849.0,1701.77,2.315132401,14.90969664
6838,1.3,137561.0,1781.11,3.058312129,12.01561196
6839,1.31,370972.0,996.93,1.553234627,15.79759212
6840,2.23,260087.0,1351.03,0.077239119,13.97466328
6841,1.26,361569.0,2117.46,3.881070246,13.26396025
6842,2.3,137608.0,2447.39,3.341913925,16.5237713
6843,0.36,134801.0,1874.43,1.628134049,16.31960821
6844,1.89,257353.0,1916.93,3.22303425,13.89553013
6845,1.47,250965.0,1829.93,1.241756133,14.3981187
6846,1.75,391292.0,1384.64,1.54087092,13.51531364
6847,1.68,351890.0,1576.75,1.231011335,15.47885202
6848,1.76,262290.0,2251.58,3.83917328,16.24795117
6849,1.95,372308.0,1536.68,1.912579643,14.63393515
6850,2.09,138354.0,2300.25,3.777989326,14.53710278
6851,1.04,369985.0,1452.66,-0.326393035,13.60147766
6852,1.91,257183.0,2226.56,4.599130344,13.92442786
6853,1.67,256923.0,1617.44,1.042718964,16.03577798
6854,0.46,386512.0,2392.61,1.565875172,13.28890022
6855,1.57,384271.0,2251.75,1.321782831,16.48144418
6856,1.7,150995.0,2071.23,3.96916991,15.21975619
6857,1.17,233622.0,1741.82,2.104667623,15.53747821
6858,1.39,396365.0,1852.97,2.15055604,13.24560488
6859,0.77,357580.0,1062.24,0.863673226,15.23106227
6860,1.52,357336.0,1435.01,1.809353831,13.86846432
6861,1.08,143686.0,928.33,4.645107541,16.0473848
6862,1.16,130383.0,679.99,3.032613889,14.02169801
6863,1.76,258472.0,1897.92,1.736255805,12.81676018
6864,1.05,166658.0,1969.34,1.116806735,16.46479224
6865,0.84,146373.0,1839.39,1.236946098,14.8386889
6866,1.31,257137.0,734.44,1.138857864,15.62766822
6867,1.4,138390.0,1056.54,2.645051249,15.79861765
6868,2.49,367361.0,1817.89,3.085338116,15.5175204
6869,1.17,386790.0,1127.5,1.451404694,14.8924243
6870,1.5,394986.0,2097.01,2.092333822,16.22192745
6871,1.6,375138.0,1860.74,1.770780949,15.91169465
6872,0.55,125430.0,682.36,2.370017153,15.95218089
6873,1.17,128614.0,1818.73,1.496694671,15.32125533
6874,2.05,256226.0,2205.37,1.431410686,14.39808516
6875,2.48,343816.0,2195.8,1.278287296,13.49413132
6876,1.49,114947.0,1267.19,1.16444637,15.47473095
6877,1.98,159519.0,1946.03,4.790386131,16.47850504
6878,1.78,270600.0,1460.53,4.011067607,16.91936405
6879,1.79,150041.0,1000.02,2.315160431,13.52341741
6880,2.0,349793.0,1798.58,2.128984619,13.5941761
6881,1.87,365783.0,1952.21,2.126335566,16.14132983
6882,0.58,385014.0,1401.17,3.08048498,16.28311166
6883,0.6,145500.0,2021.89,1.451916289,15.56275916
6884,1.29,392244.0,945.19,1.87504401,13.25940675
6885,0.59,383834.0,2162.38,4.697607769,17.73027397
6886,2.06,257604.0,2325.22,2.001792188,14.90351281
6887,0.95,365688.0,2360.71,1.42490127,15.27591416
6888,1.74,367034.0,1869.38,1.810347521,14.93495741
6889,1.01,154277.0,869.58,1.774579544,13.23884131
6890,1.02,383432.0,2509.79,2.949556268,17.38477351
6891,1.25,372684.0,839.59,2.157000249,15.49928164
6892,1.41,164414.0,727.76,0.24300863,16.15966045
6893,1.77,370897.0,890.92,4.244419649,14.22562617
6894,2.82,249450.0,2794.49,0.948053655,15.97665597
6895,1.05,388294.0,1912.32,-0.326393035,16.95069434
6896,0.88,380738.0,728.82,1.582276318,15.20628665
6897,3.53,264870.0,2599.22,3.614203533,17.48120788
6898,1.2,377410.0,1980.25,2.074764236,14.66712375
6899,1.63,365399.0,1870.22,1.131900082,15.83366703
6900,1.11,354131.0,890.96,3.811631697,12.11119886
6901,1.61,138753.0,876.32,3.260555904,16.85734895
6902,1.53,231570.0,1492.72,1.142727708,16.20194496
6903,2.18,266442.0,1770.08,1.761983628,16.2334424
6904,1.72,367487.0,2340.95,1.524988729,16.092134
6905,0.61,369657.0,2056.64,1.135572181,15.26948758
6906,2.03,270078.0,2116.34,4.647502703,16.14862135
6907,0.25,158652.0,1269.63,0.197501431,15.3112912
6908,0.55,115207.0,1945.51,0.19659551,12.69562853
6909,0.23,382344.0,1456.35,2.347021186,15.72708015
6910,1.77,375696.0,1827.02,1.635407478,15.28244949
6911,0.73,375958.0,1799.37,1.526557814,15.18512766
6912,2.34,369030.0,2333.8,1.064129208,14.83948896
6913,1.9,371555.0,778.54,3.394762356,14.66256889
6914,1.6,376700.0,1334.15,1.409957698,14.72862516
6915,0.81,163283.0,2478.09,0.536271961,13.15107568
6916,1.61,137141.0,2013.75,1.911069204,15.0018607
6917,1.95,247023.0,1010.68,-0.010611061,15.3030586
6918,1.29,174562.0,1206.95,3.008461971,14.58345041
6919,1.12,382052.0,1976.73,1.791746211,16.28528883
6920,0.73,246358.0,1756.15,2.677068583,14.74023535
6921,2.33,365176.0,1587.85,-0.025756038,15.73003422
6922,1.1,354907.0,1470.51,1.160452332,15.74095183
6923,2.06,147037.0,1036.71,1.042584963,14.0323361
6924,1.28,150572.0,2392.18,1.957429779,15.41475574
6925,2.13,247701.0,2062.08,2.485746314,12.92632205
6926,1.57,138547.0,2496.81,1.342332864,16.40286037
6927,1.37,158265.0,851.3,1.984809736,14.05757076
6928,2.1,127568.0,793.91,1.194480617,13.4122201
6929,0.89,368598.0,1815.95,1.558437454,16.4028882
6930,1.1,371918.0,1241.53,2.434734504,15.06568772
6931,2.5,260647.0,1612.6,2.824382033,14.77833462
6932,1.03,242558.0,1781.94,2.847125241,15.52960006
6933,1.96,360151.0,2403.59,2.442569008,15.70609807
6934,1.01,381387.0,2394.4,1.365730393,13.94842853
6935,0.36,258713.0,1680.01,2.145220487,16.70374403
6936,1.71,385227.0,799.55,1.842684224,14.14881607
6937,1.29,360173.0,1898.07,1.338684986,15.36657807
6938,1.82,265171.0,1482.72,0.960167304,15.56807955
6939,2.28,385179.0,1628.65,2.180803222,12.95258736
6940,0.97,265064.0,1970.53,3.531021789,13.98226467
6941,1.95,247904.0,1363.11,1.701249002,17.08506454
6942,0.54,276702.0,1734.47,2.043897794,13.9217826
6943,1.7,380740.0,2020.66,3.663428608,13.408772
6944,1.32,142772.0,1744.76,4.241415262,15.09524645
6945,1.76,151836.0,1079.08,1.881910192,13.6698602
6946,1.59,386826.0,841.13,4.487794362,15.42996202
6947,1.43,379068.0,1265.28,1.772707808,15.97217836
6948,1.57,254872.0,818.11,1.851598559,15.66477563
6949,1.85,226999.0,1885.98,-0.2078189,16.62207009
6950,0.91,368827.0,2526.86,2.30331053,16.60930386
6951,2.82,376915.0,695.7,2.282121985,13.84558594
6952,1.53,372198.0,1512.74,2.065032866,13.03549715
6953,0.9,383546.0,1809.07,3.530671595,16.29657286
6954,1.88,365476.0,1160.98,0.946977497,14.96062076
6955,1.95,398527.0,1711.09,3.180065498,13.26192013
6956,0.85,152905.0,1812.2,2.383390804,15.54518938
6957,1.31,366397.0,916.7,1.658965194,11.97523361
6958,2.02,401119.0,1901.36,2.647680272,14.40602196
6959,1.18,387127.0,2207.09,1.899324377,16.3482565
6960,1.59,171731.0,2013.76,2.142911531,16.23319292
6961,1.56,133439.0,1345.69,1.868211705,16.26277767
6962,2.42,394395.0,2397.44,4.067833135,15.70537228
6963,2.07,141910.0,1914.16,1.716674465,15.26394334
6964,0.41,370995.0,1717.55,1.198123733,13.27541708
6965,1.15,390756.0,1377.65,2.263632195,16.08920889
6966,1.31,389131.0,1843.9,2.163645296,17.55216476
6967,1.48,165370.0,2712.63,3.503200901,13.40640912
6968,1.98,370669.0,2350.6,2.691287398,14.74522749
6969,2.36,377368.0,1382.22,1.850462488,15.5619668
6970,0.6,358911.0,2582.63,1.780725792,16.08244415
6971,0.91,362941.0,1874.68,3.991891813,13.05679267
6972,1.66,365144.0,2371.36,4.458191623,13.67510971
6973,0.49,114947.0,2280.85,1.477064633,13.52302577
6974,1.2,260384.0,963.81,4.14548236,16.39278034
6975,2.21,391164.0,1292.35,1.92560652,14.65722165
6976,1.28,378763.0,1157.2,2.471201465,15.34836966
6977,2.26,256022.0,1906.98,2.924904789,14.12784896
6978,1.51,388214.0,1035.37,2.448097688,12.94580858
6979,1.73,149656.0,1990.68,1.903330821,15.4081771
6980,1.62,140056.0,869.66,1.215141193,13.23105894
6981,0.7,144816.0,2168.74,0.14105323,12.40028513
6982,1.12,121284.0,1583.19,1.809085758,13.51590021
6983,2.12,284503.0,2129.37,2.167517859,15.82486021
6984,0.65,341311.0,748.18,1.814660265,14.97606009
6985,1.66,382140.0,1359.06,1.957931933,15.81341816
6986,2.31,371826.0,1274.27,2.228452454,15.13739159
6987,1.15,161634.0,1843.96,1.948563842,15.49560355
6988,1.94,365121.0,2001.19,1.199434587,15.39490625
6989,0.95,135099.0,2257.08,1.091143248,15.28552232
6990,2.2,376860.0,737.17,1.277997628,15.98200842
6991,1.05,350247.0,1603.73,4.307172398,15.83031588
6992,1.61,351969.0,2513.78,3.302528046,13.82440893
6993,1.69,378316.0,1709.77,2.532746805,14.78718781
6994,1.75,265201.0,1927.12,1.940724562,16.37693264
6995,0.86,350036.0,1839.46,1.603539427,12.93678669
6996,1.79,383177.0,2570.08,3.61885077,16.76488637
6997,0.95,147761.0,2268.64,0.31175343,16.56709249
6998,2.31,283438.0,2313.33,2.663552672,16.8106686
6999,1.03,250195.0,836.28,1.253609209,15.48135162
7000,0.92,138854.0,1938.56,3.658738315,15.09251677
7001,1.26,272320.0,1245.03,1.318074744,15.88433375
7002,0.46,143652.0,2415.21,1.223345605,16.13466874
7003,1.82,275842.0,2252.83,1.305333756,16.2615847
7004,1.16,172875.0,1576.36,2.339127853,15.64361106
7005,1.06,117955.0,1027.75,1.547402281,12.66655442
7006,0.18,253646.0,1255.48,2.190067606,15.49243268
7007,1.06,262974.0,2370.3,-0.142637006,17.44675869
7008,3.71,136870.0,1815.82,1.666048909,15.46574864
7009,1.47,364930.0,2551.42,2.127603809,13.05963477
7010,2.18,345889.0,1855.49,1.769944676,16.40775151
7011,0.93,387651.0,1965.15,3.417389845,16.04774626
7012,0.56,401119.0,1924.2,0.993117721,15.34085546
7013,0.67,370539.0,1532.83,4.27644867,13.88687954
7014,0.95,249472.0,1825.07,1.479591663,14.29162369
7015,1.18,369121.0,2036.29,2.696152605,14.42217942
7016,2.66,114947.0,1813.69,2.282699939,15.76663292
7017,2.01,262472.0,1992.13,2.541840603,15.71923076
7018,1.62,159527.0,1507.84,1.690496102,15.52672645
7019,2.37,357220.0,2493.46,1.863313317,14.07184905
7020,1.55,261959.0,1541.92,4.116905657,15.75276242
7021,1.81,158495.0,2382.19,4.706378317,14.12268413
7022,0.68,386919.0,2261.99,2.316314391,15.67695527
7023,2.05,261586.0,1141.7,1.24982406,13.68743542
7024,1.74,252793.0,2126.47,1.1892613,15.96207159
7025,1.74,168219.0,2425.87,0.134864537,15.53981433
7026,0.82,389042.0,1554.55,1.824286119,13.48549724
7027,1.31,346756.0,2274.43,2.944812467,14.41799488
7028,1.43,243924.0,2320.11,2.602511586,12.35323704
7029,2.12,180531.0,2602.76,2.462467459,14.48953913
7030,0.45,387740.0,2402.76,2.981884669,14.71046291
7031,0.62,369676.0,2293.21,2.5619214,14.61023674
7032,1.0,351380.0,2001.56,1.39484095,15.93898091
7033,2.99,132983.0,2275.81,1.481200045,17.19501169
7034,1.6,389353.0,1739.6,3.378758671,16.31033855
7035,0.5,149473.0,1910.76,1.373093368,16.24486915
7036,1.79,401119.0,1997.96,1.788162591,13.96636657
7037,1.31,155904.0,1516.41,3.723144453,14.21689317
7038,0.08,278984.0,924.06,2.907634479,17.73027397
7039,2.3,265674.0,1948.52,1.110900689,14.72189156
7040,1.13,135954.0,2048.04,2.867667972,16.20856274
7041,1.58,231736.0,2187.66,2.17924448,14.88403414
7042,1.51,147643.0,1773.25,1.723269227,15.91753598
7043,0.73,347414.0,2213.6,2.920157317,16.82928899
7044,1.92,392983.0,1962.74,2.169734768,16.98381948
7045,1.22,357592.0,2612.9,1.991760284,17.02066653
7046,1.7,181930.0,1778.18,1.212470302,16.0639238
7047,1.87,384730.0,1583.19,1.362801077,15.05826268
7048,0.66,378253.0,1832.74,3.647316725,17.35625816
7049,1.66,247015.0,1899.3,0.340381987,16.29056233
7050,1.58,364825.0,1356.32,1.209504094,13.71158503
7051,1.83,151772.0,1854.7,1.789323592,16.67414193
7052,1.36,373739.0,2138.66,1.547892019,13.83213711
7053,2.21,131869.0,1967.87,4.02884429,14.20239637
7054,1.43,144923.0,818.67,1.311513879,15.74437776
7055,2.66,263584.0,2303.08,2.342937165,13.78488282
7056,1.25,148691.0,863.44,2.879577338,14.08815757
7057,1.2,366002.0,1044.83,2.936355557,16.23836712
7058,1.69,261986.0,1536.65,0.986222726,16.0096325
7059,0.42,262207.0,991.37,1.883829437,15.22766753
7060,2.15,162902.0,2217.15,1.852030798,14.22501631
7061,1.44,142140.0,822.97,1.700417847,15.10441867
7062,1.16,375739.0,1875.85,3.515985346,15.75294835
7063,0.74,390256.0,2474.44,1.495171383,13.50233468
7064,0.78,387443.0,930.97,2.947421672,15.3441935
7065,1.79,348895.0,1095.8,1.490910711,15.15087896
7066,1.86,349457.0,677.8,3.559235738,15.65744854
7067,1.51,280724.0,1489.09,2.59375107,16.45064883
7068,1.29,153137.0,1836.87,1.108279832,16.32917187
7069,0.22,376406.0,2064.25,3.382906428,13.40434878
7070,2.35,159422.0,2203.39,4.256938904,15.84069531
7071,1.33,158687.0,2279.07,1.842350352,13.50720829
7072,1.62,377498.0,1295.4,0.616613238,15.04060248
7073,0.83,360292.0,819.31,1.901128838,16.17184116
7074,1.62,164907.0,1765.29,2.620497068,14.92311946
7075,0.83,379888.0,1298.84,1.189719885,16.60667442
7076,1.84,228715.0,730.43,1.82756498,15.44327447
7077,2.61,256351.0,1870.94,2.770643288,14.21337338
7078,0.65,371382.0,869.75,2.689890721,16.35093262
7079,0.65,374662.0,2267.25,2.294666402,16.90071394
7080,0.59,272250.0,1292.86,1.772889579,13.8061196
7081,1.72,248738.0,1248.62,1.698470484,13.99898602
7082,1.61,378006.0,1772.83,2.512097309,16.63106777
7083,1.29,382443.0,898.57,3.076134324,16.27783811
7084,0.76,369096.0,856.17,4.372305213,13.88500065
7085,1.23,376830.0,2481.15,3.847793983,15.55928863
7086,1.16,137948.0,1795.1,1.980261123,15.06804798
7087,1.91,162466.0,1022.96,2.026362143,16.57809626
7088,2.33,401119.0,1999.11,1.819472837,15.88833136
7089,1.55,136420.0,1872.56,1.709783046,14.40819926
7090,2.09,253360.0,1837.57,0.607110686,14.4540084
7091,1.26,152514.0,1722.82,2.482376118,13.48403507
7092,2.08,354168.0,1701.62,0.465721577,14.12398098
7093,1.45,378848.0,2202.83,2.046672923,13.57859416
7094,1.45,275344.0,2200.1,2.573004173,14.24563644
7095,2.37,138827.0,2136.98,1.447946812,15.13081032
7096,1.46,259676.0,1410.35,1.763202747,15.97682886
7097,1.58,261301.0,2190.12,1.104391901,15.61954676
7098,1.9,365350.0,1868.78,0.740357985,16.22156134
7099,1.05,253842.0,1323.88,2.738770501,14.45284265
7100,2.26,246170.0,1092.87,4.403881498,14.79092767
7101,1.29,355575.0,1920.5,1.790612607,16.28795988
7102,1.82,347213.0,1761.67,1.937480648,14.01230896
7103,1.47,384158.0,1781.02,2.512481368,14.84609278
7104,2.08,340797.0,776.69,2.124558473,14.45863864
7105,1.67,363987.0,1875.77,1.280851605,14.97934525
7106,1.99,130803.0,1802.73,1.887675312,16.02876041
7107,1.11,145917.0,2441.09,2.327039043,16.5953787
7108,1.9,260057.0,1530.75,3.071447675,15.96839397
7109,1.82,143341.0,788.54,2.975464885,15.84101228
7110,0.81,149483.0,1934.15,4.160258796,15.99301811
7111,0.0,142212.0,719.8,2.091386416,15.07405517
7112,0.08,117530.0,1817.66,1.032589518,14.43014393
7113,1.82,346258.0,1308.75,1.86229496,15.64116026
7114,2.61,401119.0,824.08,4.93924406,15.4410343
7115,2.24,134631.0,2482.11,2.239280236,15.5665669
7116,1.32,114947.0,1865.92,0.778589805,15.82645621
7117,0.96,385913.0,701.96,2.144437014,14.69006279
7118,1.33,390403.0,2376.14,1.876137685,15.22074941
7119,2.16,163193.0,749.71,0.499913512,15.69397748
7120,1.11,248068.0,2453.8,1.910424424,13.57358596
7121,1.05,385739.0,764.81,1.167974681,15.98730175
7122,1.65,383572.0,2017.85,1.695188581,15.79160497
7123,2.15,152745.0,2109.27,3.991798713,14.35935002
7124,1.47,379649.0,2645.82,1.247207657,13.95483478
7125,1.44,168948.0,1890.25,2.101035196,16.95344107
7126,2.49,384180.0,2456.92,1.618278115,16.72147667
7127,2.11,137992.0,1801.36,1.216351329,15.94294924
7128,1.23,364486.0,1932.47,1.762910933,15.09393352
7129,1.91,370222.0,2116.57,2.077119113,14.07101934
7130,2.06,194621.0,1273.75,0.829767132,13.64883452
7131,1.08,359779.0,815.01,1.905465406,13.47079947
7132,1.48,362728.0,1220.93,1.393512841,12.13157825
7133,1.2,373165.0,1197.94,3.756534311,16.39532526
7134,0.81,163928.0,800.76,0.825369562,13.64980728
7135,1.7,135204.0,1120.01,1.735218116,15.79836659
7136,1.39,153771.0,1318.15,2.242215394,13.79358016
7137,1.7,364599.0,1259.44,1.145777211,15.72693836
7138,2.46,374508.0,2758.81,3.484432251,12.75956599
7139,2.52,143475.0,2461.96,2.861377318,13.33629763
7140,0.49,243366.0,881.53,1.856938569,15.68878286
7141,1.33,357296.0,1440.71,1.327575427,13.80633136
7142,1.67,255396.0,2071.16,3.093569987,15.15582839
7143,2.23,357313.0,1838.74,1.12794243,13.32467442
7144,1.47,153247.0,1817.5,2.929587346,13.4015669
7145,0.86,371131.0,1973.63,3.093071924,15.64721582
7146,4.8,382554.0,848.4,0.283863707,14.85686683
7147,0.44,384681.0,1158.06,1.880090821,13.63187576
7148,1.2,361603.0,2398.77,2.567418136,16.11725694
7149,1.67,232522.0,2028.31,1.640651437,15.06692991
7150,0.37,371491.0,2354.37,2.204422346,16.97752305
7151,1.51,349011.0,1051.94,1.254575653,15.53741248
7152,1.84,395617.0,2115.56,2.26359942,16.00264291
7153,0.96,381499.0,830.64,2.068212761,14.97950878
7154,0.08,160549.0,1672.86,1.699380217,15.6882526
7155,1.45,381641.0,2373.57,1.11231005,15.93570187
7156,1.82,370766.0,1865.87,1.695885687,15.45718372
7157,1.0,358424.0,1903.82,1.878015414,15.11026554
7158,1.51,375646.0,1575.08,2.008310415,16.50452311
7159,2.44,151991.0,2299.06,4.064049359,16.38805092
7160,1.24,369634.0,1865.92,2.79677026,15.68581699
7161,0.94,373071.0,1512.43,2.115191212,14.01023507
7162,2.07,138818.0,1675.16,2.516165462,14.02495126
7163,1.11,376539.0,2130.37,1.386077646,12.28376297
7164,2.77,399951.0,1667.16,2.030365274,15.79432357
7165,1.73,267925.0,1675.19,1.644586879,13.35208648
7166,2.29,132575.0,1959.94,1.782657725,16.50801671
7167,0.62,345064.0,1097.46,2.220473863,16.10346228
7168,1.14,371224.0,1259.01,2.277783683,15.75428705
7169,1.8,357178.0,1533.99,3.788353293,14.76180913
7170,2.7,365936.0,1361.02,1.250635437,14.96850474
7171,1.23,151726.0,1563.22,1.718131439,17.11242837
7172,1.34,270910.0,1193.36,1.940662275,15.97029587
7173,1.04,142211.0,2108.17,2.462614813,12.61292013
7174,1.67,370320.0,2827.14,1.325090469,12.30514416
7175,1.24,388420.0,964.73,3.355512793,12.90597204
7176,0.47,387223.0,1596.38,3.39764918,16.03588211
7177,2.0,263118.0,2225.92,0.620117884,14.41547482
7178,2.55,365334.0,1152.22,4.411657104,12.5992368
7179,1.89,253019.0,860.0,1.722120376,13.4343345
7180,1.79,154017.0,2377.54,1.476975367,14.89201487
7181,1.87,399042.0,658.41,2.175363583,16.53912195
7182,2.12,151371.0,1449.65,1.994439445,16.31716948
7183,2.26,346877.0,1888.21,1.312416613,14.94361106
7184,0.32,343582.0,836.86,1.571235338,13.92525173
7185,1.1,241175.0,2358.82,2.345905917,14.97710559
7186,2.14,368860.0,1697.83,1.54569526,12.95055088
7187,0.72,247866.0,2270.86,1.519822573,12.43742475
7188,0.57,268707.0,1946.65,2.008210838,16.34822974
7189,2.46,132670.0,1843.49,1.317675121,14.91085581
7190,1.71,152427.0,2359.3,2.571336887,15.44446346
7191,2.2,369723.0,669.17,2.831693274,15.89435292
7192,1.4,167854.0,1862.74,1.396173026,14.09884374
7193,0.47,383203.0,873.46,3.70754801,16.07507647
7194,0.0,162645.0,1774.47,0.660604455,14.59412815
7195,1.19,118697.0,1243.09,0.862975177,15.63939571
7196,1.22,145437.0,2511.92,2.074470967,16.04382071
7197,1.65,155283.0,691.3,1.616410089,16.1178095
7198,0.0,389781.0,916.43,2.711007042,16.53258196
7199,1.88,364631.0,1322.7,1.806187117,15.6806177
7200,2.03,353856.0,864.51,2.391615686,13.44980262
7201,1.38,377726.0,2008.27,0.958746965,13.56133725
7202,2.34,157948.0,1945.66,4.454063417,12.92538702
7203,0.66,149003.0,2558.84,2.456517873,16.29053787
7204,0.53,119565.0,1234.09,1.844482677,15.46837583
7205,1.14,274821.0,1587.33,2.16957285,16.2906067
7206,0.22,245614.0,1156.09,1.472181208,13.93387332
7207,1.85,369588.0,1716.82,0.351413893,14.65006782
7208,1.11,388113.0,1281.75,1.730644989,14.44520748
7209,1.39,376382.0,2519.09,1.447204155,14.20519998
7210,1.62,179225.0,1332.43,1.495605904,12.83146924
7211,2.0,394657.0,2241.31,1.946681096,16.17137857
7212,2.74,156643.0,2361.68,2.0039834,17.42750137
7213,1.41,138689.0,1365.14,2.92508301,15.20707201
7214,1.64,376383.0,1944.67,2.004613379,12.79337578
7215,1.5,162183.0,2210.58,2.180222254,16.80234591
7216,2.41,150386.0,1799.65,1.218077832,15.94987037
7217,0.1,139666.0,1801.54,3.159951345,15.17811819
7218,1.83,384523.0,2293.0,2.227353049,15.8367184
7219,1.55,364547.0,1863.87,0.081614211,14.0141712
7220,0.66,374482.0,2263.85,3.586012352,16.68003769
7221,1.1,383515.0,1790.92,2.243837999,14.01770155
7222,1.78,382800.0,1932.14,0.697137671,15.86523964
7223,1.81,386995.0,778.45,3.607365697,16.04922718
7224,0.99,368235.0,979.54,1.752147378,15.86773667
7225,1.46,361360.0,1552.09,0.296068393,15.44353363
7226,2.39,380691.0,1934.36,1.646431159,16.39442321
7227,2.13,274329.0,2531.36,2.553047497,14.98876183
7228,1.09,164092.0,1078.15,2.016681637,13.89974102
7229,0.8,149229.0,2559.64,2.183659736,15.11288756
7230,2.36,385008.0,1895.92,3.102817018,14.25017889
7231,1.91,382670.0,1426.43,4.444411027,16.00754053
7232,0.93,382651.0,2608.38,1.505308369,15.8264298
7233,1.94,128642.0,821.9,2.035590944,16.2251899
7234,1.18,240658.0,2304.98,0.41767539,16.77827814
7235,0.95,381538.0,1948.89,2.463770612,14.57006405
7236,1.84,161097.0,2001.86,2.980472606,15.34718764
7237,2.43,364742.0,680.44,3.378828977,15.13966972
7238,2.25,379137.0,1782.04,1.400791287,14.39919026
7239,0.33,128860.0,2598.45,4.140315517,15.80408811
7240,0.51,136720.0,1363.1,1.540577619,13.93400674
7241,1.01,387577.0,2324.88,3.501705992,16.14726497
7242,0.58,144065.0,2379.77,3.745389647,16.03176353
7243,1.64,357882.0,1813.21,1.570839158,15.23696529
7244,2.61,362978.0,1955.25,1.923110129,16.3940374
7245,2.15,379095.0,1818.7,2.23847192,15.41935499
7246,0.0,367642.0,2555.42,0.346990958,16.86433359
7247,1.86,155925.0,1410.55,2.159118769,13.83588178
7248,0.86,384584.0,2557.54,2.428842459,14.06264197
7249,3.02,152763.0,1157.81,2.710164881,17.52284865
7250,1.4,258866.0,2018.61,2.855805872,16.32942091
7251,1.5,141520.0,2052.44,2.20605788,15.75589221
7252,1.64,381070.0,1743.35,1.505304467,15.77050554
7253,0.88,369081.0,2674.45,2.921110596,15.5722286
7254,0.89,139936.0,1774.09,0.725384038,13.12241943
7255,0.28,257841.0,1750.17,3.400667817,16.22676384
7256,0.52,257821.0,2240.47,3.270542348,15.00645582
7257,1.7,346028.0,2355.9,2.30900841,14.02984921
7258,0.87,270116.0,1833.57,2.679626035,16.37776875
7259,1.43,256467.0,769.98,1.108309297,12.22064104
7260,2.75,353754.0,586.86,3.394613411,15.22373252
7261,1.12,348512.0,1912.65,3.948112487,14.13370967
7262,1.29,160841.0,1867.02,1.340580321,16.27593309
7263,0.89,399392.0,1689.9,1.898463812,16.93135069
7264,1.84,370196.0,2411.85,1.213155723,16.40919484
7265,1.64,289363.0,2521.14,2.639654919,15.76178476
7266,0.0,386128.0,2485.74,2.375969968,15.21507771
7267,1.79,359288.0,1460.48,1.7083515,15.35338388
7268,1.83,346119.0,1246.85,2.786731877,13.75508577
7269,2.1,278040.0,837.15,-0.278717878,13.42868948
7270,1.8,374753.0,835.52,1.346256674,15.79362659
7271,2.5,257419.0,1879.17,1.558455357,13.20002311
7272,2.37,368398.0,1047.84,2.345231115,14.17017747
7273,1.74,350795.0,2901.29,1.727352305,11.87043533
7274,2.12,372022.0,2507.79,0.78037415,13.13678839
7275,0.85,334387.0,956.17,1.532627197,15.49072091
7276,1.47,355528.0,782.02,1.781834105,15.95988316
7277,1.95,365879.0,1859.53,1.67109344,14.1656926
7278,1.43,380287.0,862.07,3.901400268,15.96109438
7279,2.01,343912.0,1780.77,1.041905697,15.74418714
7280,1.27,143990.0,654.01,2.958803944,12.73472471
7281,1.09,371191.0,1238.18,2.029287288,13.85100599
7282,2.61,134264.0,947.07,2.724356139,15.76593505
7283,1.34,374056.0,2769.07,0.490113863,14.03976581
7284,2.32,273309.0,2272.05,3.118650338,15.3321103
7285,1.6,349681.0,1870.73,-0.326393035,14.85351604
7286,0.34,356514.0,1770.68,2.146976235,15.35467036
7287,1.87,353256.0,1745.4,1.723976251,15.36244377
7288,1.04,364032.0,987.78,1.477066667,14.67840139
7289,1.5,145268.0,1906.72,2.137745816,11.96309637
7290,1.72,277928.0,1379.25,3.402669431,16.11400042
7291,1.49,374318.0,1635.7,2.2919307,16.06754904
7292,0.91,359069.0,1910.11,2.320241762,12.96825733
7293,0.0,360841.0,981.15,4.499655316,17.21987221
7294,0.48,377231.0,2272.58,3.74323256,15.4976288
7295,0.93,383097.0,1862.11,2.493236549,13.67260787
7296,2.48,391135.0,1811.94,4.122787631,15.51258609
7297,2.4,277441.0,2321.32,1.491077753,15.34698781
7298,2.26,346999.0,1826.66,1.090415427,13.23301041
7299,1.2,367361.0,2474.58,1.644544938,13.07955772
7300,1.67,138566.0,1568.99,0.332393594,14.84052538
7301,1.33,383007.0,1309.5,4.384564097,13.6104943
7302,1.43,152506.0,859.58,1.003800187,15.65352519
7303,1.76,367563.0,859.05,1.690817022,16.41392732
7304,0.01,356315.0,1098.92,1.800786683,15.78273462
7305,1.25,169956.0,1547.03,0.38066763,15.51427843
7306,1.19,154596.0,1065.52,1.905334959,17.24666019
7307,1.7,227826.0,1847.7,2.210432985,13.33314495
7308,1.77,137836.0,1013.23,1.392783839,15.41692272
7309,0.51,161126.0,1758.49,4.393673653,15.80117601
7310,0.49,364924.0,1830.02,0.952361764,14.4101528
7311,1.8,159037.0,1533.59,1.904295176,13.98008462
7312,0.68,262424.0,1436.53,1.228555475,15.11901
7313,1.42,260432.0,2005.85,0.830952354,13.18156468
7314,1.87,255598.0,1740.07,3.79680064,15.45095555
7315,0.96,354783.0,1042.94,1.971225038,17.2220555
7316,2.01,272208.0,2093.25,3.342419552,14.0918455
7317,1.45,355659.0,1332.4,0.880045555,13.79905812
7318,0.93,363256.0,1368.31,2.58055588,15.19174972
7319,1.35,137867.0,1852.52,1.071407275,13.75945678
7320,1.32,362865.0,2016.47,1.417386964,13.66385685
7321,2.0,375742.0,2662.98,4.14931494,16.66219208
7322,2.26,364844.0,1860.83,1.948343564,14.73593781
7323,2.09,378645.0,927.51,1.322834663,15.8703616
7324,0.54,134282.0,2587.48,1.233980824,15.58955952
7325,0.2,260242.0,586.86,3.3189948,16.84676927
7326,1.48,366474.0,1186.16,2.893362557,15.52942228
7327,1.61,141448.0,844.62,2.794935187,15.49597763
7328,0.91,141713.0,1722.86,2.876299936,15.59301051
7329,2.88,354743.0,880.1,2.032117316,14.74009832
7330,1.41,362171.0,1752.43,4.25022211,15.22947284
7331,0.58,239654.0,1563.23,0.156975671,14.43040442
7332,1.91,372996.0,1220.99,-0.060382213,15.59804592
7333,2.13,267104.0,1170.26,1.982299239,15.79356646
7334,1.1,372285.0,1314.66,2.825884914,15.5180437
7335,1.07,388447.0,2016.36,2.423989145,17.73027397
7336,0.83,156540.0,2199.56,4.45462835,15.68723149
7337,2.29,353565.0,1775.48,1.871375726,16.08284841
7338,0.93,379561.0,1199.36,2.045377772,16.07836085
7339,1.56,277527.0,2574.65,3.638436632,16.73693134
7340,0.84,164787.0,1035.15,3.710298615,16.20031995
7341,1.66,348955.0,2093.12,2.811190712,12.11748991
7342,0.3,365603.0,1840.96,0.272165922,15.53219156
7343,1.64,385278.0,1059.86,1.789806379,14.67384667
7344,0.76,250967.0,2065.98,1.804832097,16.05861025
7345,1.52,366944.0,1782.9,2.004442778,15.82754775
7346,1.93,352013.0,675.56,3.3497661,15.96127783
7347,2.14,381134.0,1402.93,1.836259907,15.7788216
7348,2.08,368052.0,1742.5,2.80443216,16.00076228
7349,0.83,372138.0,1366.51,1.430954297,11.82198598
7350,1.68,360514.0,1430.86,1.702109332,14.81286629
7351,1.69,167469.0,2027.02,1.251343076,13.22085334
7352,1.47,243827.0,1986.18,1.28355294,13.55607513
7353,2.34,359424.0,2157.18,0.412126856,16.16165703
7354,1.36,273094.0,1964.59,2.710103383,13.61310466
7355,1.27,360150.0,1735.08,3.976504189,13.63033096
7356,1.91,377272.0,1902.71,1.563391328,13.45069669
7357,2.33,362752.0,2281.01,1.767593652,16.14597792
7358,2.15,363035.0,1818.52,2.067056949,13.75392785
7359,2.36,274597.0,794.26,1.900577369,15.37030743
7360,1.42,362040.0,2411.66,3.338300859,15.37228228
7361,1.66,126931.0,1843.83,1.162351292,16.98175161
7362,2.12,344512.0,1814.19,1.918703493,14.21737383
7363,2.05,383598.0,2230.01,2.937672393,15.75602323
7364,1.11,378321.0,1804.63,2.498623059,14.10545643
7365,0.52,136396.0,1783.91,3.481770702,13.92724814
7366,0.1,357190.0,1845.21,4.140804108,15.13048497
7367,2.04,275258.0,1334.15,1.92112898,17.16626617
7368,0.91,166099.0,1207.84,1.267015228,13.78064287
7369,1.67,135455.0,1854.36,1.407964905,16.41736118
7370,0.73,383595.0,2273.69,1.036971695,13.93135436
7371,0.86,384777.0,1743.92,1.784493132,14.09727603
7372,1.83,163881.0,1975.61,3.44300628,14.87876098
7373,1.89,362219.0,1722.25,1.393324775,14.9135751
7374,0.49,145245.0,1153.71,1.993864713,15.53794162
7375,0.9,131677.0,1808.53,2.163793539,13.86253125
7376,2.41,263529.0,2376.42,4.46035471,16.13318934
7377,0.61,187461.0,2411.86,1.513336037,14.93021278
7378,1.54,261280.0,1873.17,3.59032293,16.14055081
7379,2.31,179033.0,1577.66,1.483292832,17.38099583
7380,1.61,142064.0,2614.9,1.874957171,13.76578165
7381,1.0,150595.0,874.81,2.145941998,13.80928865
7382,2.98,158397.0,1783.44,1.736695221,16.66503962
7383,2.49,130329.0,1800.36,3.70611829,16.0211193
7384,1.87,361211.0,832.86,2.116759451,15.04348916
7385,0.05,246685.0,1117.65,2.117778291,14.19883051
7386,1.42,382646.0,1860.17,4.411061355,13.96624234
7387,2.19,348686.0,1417.32,-0.118032429,13.50974015
7388,0.65,248033.0,1956.7,1.998978746,13.5197676
7389,1.86,123248.0,1903.52,1.757341156,15.3305303
7390,1.39,269194.0,2453.75,0.780424604,15.98616875
7391,1.3,366032.0,1617.95,4.424704539,13.1947596
7392,2.1,357972.0,1397.96,0.199982213,13.62460254
7393,2.49,162799.0,2047.54,1.178124672,16.87946209
7394,2.05,356721.0,633.32,1.612974109,14.70971849
7395,0.9,375539.0,1484.58,1.879292812,16.3867138
7396,1.29,271524.0,892.51,2.010307434,17.73027397
7397,2.21,351148.0,2059.54,1.642976732,17.64405487
7398,0.96,151640.0,2594.39,1.746901387,13.74436453
7399,0.53,367629.0,1854.5,2.101812602,15.2329471
7400,2.07,389116.0,1954.87,1.111942998,13.94900881
7401,2.46,357891.0,2261.93,1.126596029,14.65492351
7402,2.13,246377.0,2478.33,1.90708827,16.14062435
7403,1.24,385799.0,2596.4,0.512798783,16.26483446
7404,2.28,245124.0,1789.89,1.683209729,13.02384191
7405,2.18,243774.0,1958.83,0.811892116,15.75970646
7406,1.15,370208.0,2072.69,0.004397742,15.24882804
7407,1.25,251922.0,1901.75,1.889876659,13.6665305
7408,1.13,363525.0,847.6,2.211846444,15.80795489
7409,0.58,259166.0,2454.08,1.721898328,15.85039169
7410,1.14,372289.0,1268.79,3.554576134,16.47685964
7411,2.26,357608.0,918.83,2.230647125,15.80933524
7412,1.34,265287.0,2207.21,1.537844766,15.07954652
7413,2.42,253072.0,2247.54,1.083703752,15.06509889
7414,1.08,368241.0,2429.65,3.901110039,13.59934485
7415,2.17,152741.0,747.73,2.175703193,14.04189856
7416,2.51,163568.0,2028.22,2.821346182,16.24635652
7417,2.08,378381.0,1958.52,2.537707999,13.62952792
7418,1.75,163024.0,1771.72,3.570046974,15.46331365
7419,0.6,401119.0,1683.95,2.477680106,14.72726134
7420,3.09,378824.0,703.6,1.095979974,11.73912001
7421,1.15,157561.0,2453.06,1.797641171,15.51430209
7422,1.79,149980.0,1566.18,1.424946277,13.64399244
7423,0.44,355399.0,1554.03,-0.120149553,13.58572205
7424,1.76,149623.0,2263.65,1.7385566,14.16642886
7425,2.24,155622.0,1799.26,1.652822339,16.22689143
7426,1.31,354486.0,1234.03,1.451138535,16.21292171
7427,1.16,140100.0,977.68,1.644037397,14.51839311
7428,1.72,339899.0,629.62,1.621420393,14.4147224
7429,0.81,264677.0,2491.16,1.24132932,15.74540766
7430,2.68,370784.0,2274.19,1.258803117,12.52480495
7431,1.27,144988.0,1781.59,1.670585884,16.11431165
7432,1.65,359822.0,997.97,1.204976851,12.77545762
7433,1.0,246505.0,1859.33,3.648582939,15.51557854
7434,1.2,368358.0,2091.34,1.121376994,15.51781532
7435,1.96,258948.0,2495.49,3.982076653,16.93016345
7436,1.65,373627.0,2635.44,2.255426682,14.50760932
7437,0.94,124419.0,895.22,1.00850151,15.90474199
7438,2.39,142281.0,1723.34,1.488798614,15.85253309
7439,1.62,134854.0,2542.42,3.191818499,16.41029201
7440,1.5,255847.0,1075.88,1.303524613,14.85207836
7441,2.38,390320.0,1539.27,1.727462477,16.87909568
7442,1.47,380121.0,679.85,2.733181003,13.69844552
7443,0.8,364203.0,1270.09,2.575779166,15.90447087
7444,0.9,271278.0,1861.51,1.249619178,16.21987515
7445,1.69,373316.0,1499.24,2.375022556,15.19440729
7446,1.52,169329.0,1846.78,2.338776399,15.1627868
7447,1.46,382431.0,1756.16,2.646806598,13.81779765
7448,2.09,283702.0,2307.87,2.396880144,13.73686224
7449,1.88,390867.0,752.01,1.017191377,16.54427198
7450,1.53,357465.0,1170.52,1.749596541,13.74319193
7451,0.81,132380.0,2351.54,0.369164762,15.21353223
7452,3.92,365017.0,1374.66,1.494557261,15.89842854
7453,2.36,359560.0,1613.38,1.891467624,15.97902452
7454,0.49,401119.0,2023.64,1.662812623,15.28378037
7455,1.35,393928.0,1852.32,2.218557282,16.54429704
7456,2.21,353308.0,1983.74,2.272696012,15.54620177
7457,2.94,375164.0,1428.85,1.522279601,13.1856731
7458,0.72,267991.0,1930.87,1.310764575,17.22172961
7459,1.16,365387.0,1881.69,0.532491737,16.33394296
7460,1.21,382183.0,994.27,2.10015027,17.13586091
7461,2.24,133837.0,1649.48,0.317564825,15.34552626
7462,2.29,339233.0,1714.21,2.193057383,13.15656936
7463,2.33,270044.0,1936.53,3.299812104,17.31387798
7464,2.24,342638.0,1842.88,-0.235873751,15.94001065
7465,1.39,382848.0,2351.26,2.489592422,15.39681467
7466,0.97,131163.0,1100.88,2.615335769,15.06803972
7467,2.08,348294.0,2649.2,1.942030075,15.32281416
7468,1.06,255472.0,2438.63,2.417777218,13.14705638
7469,5.04,136767.0,1518.73,1.688182716,14.73150385
7470,0.68,242795.0,2048.49,2.117314251,15.79156052
7471,2.35,142243.0,1375.37,2.182485375,13.83292609
7472,1.88,274189.0,854.86,1.940473616,15.26134571
7473,1.88,271110.0,2000.44,1.4033099,16.36789811
7474,0.0,277771.0,1962.05,2.831580302,15.81217147
7475,1.23,159329.0,946.73,2.169389264,15.76489779
7476,1.54,358574.0,1724.83,3.186814087,16.59445077
7477,1.77,353347.0,1984.91,1.800794559,15.83715293
7478,2.62,170517.0,1197.61,1.643236483,14.39878381
7479,1.27,371799.0,586.86,2.321064584,15.19864696
7480,0.69,153866.0,1659.27,4.295070431,13.32067359
7481,1.08,283074.0,2087.59,1.97818318,15.80148113
7482,1.81,151354.0,871.03,2.210667078,15.22218202
7483,3.0,351844.0,1516.86,0.711345081,15.24210852
7484,0.0,378712.0,1386.76,2.6404451,16.47348996
7485,0.62,268147.0,1063.11,2.200400484,17.0040527
7486,0.81,365649.0,2210.84,1.249853933,16.0057017
7487,1.99,130597.0,1819.33,1.483641632,16.01725812
7488,0.85,384227.0,1617.62,1.24374446,13.29097111
7489,1.25,142431.0,1478.76,2.138638783,16.30289775
7490,1.27,154572.0,2013.89,1.307633283,15.75769202
7491,2.3,356656.0,1679.86,4.034313951,16.64094194
7492,0.92,163024.0,1384.81,1.043168978,16.014488
7493,2.59,252743.0,1868.46,3.765313004,15.55586708
7494,1.59,167718.0,1745.82,0.325774892,15.39122361
7495,1.68,141995.0,796.03,2.59698487,15.98684723
7496,1.1,377574.0,923.97,1.756373838,14.93265712
7497,1.5,231853.0,1313.84,1.307666238,14.28270986
7498,1.71,131471.0,1848.67,1.18635315,11.858285
7499,1.64,230953.0,1809.73,3.555689349,15.95165546
7500,1.69,364864.0,2637.26,2.121990478,15.55458141
7501,1.76,147966.0,1028.65,1.468340569,16.94181006
7502,0.84,150291.0,2536.47,1.785890332,13.7199054
7503,1.33,114947.0,634.46,1.219402271,14.89011511
7504,0.0,396347.0,2407.05,1.859675582,14.00567898
7505,0.9,376636.0,2531.03,2.652044116,15.72617572
7506,2.98,383031.0,867.77,3.298675663,15.76051197
7507,2.11,355477.0,2303.39,3.086299294,15.25008492
7508,2.24,367912.0,1756.94,1.902136078,16.88891596
7509,1.67,162123.0,1727.59,1.228077041,13.46688839
7510,2.09,370452.0,1687.91,1.839242141,13.36805942
7511,0.78,142056.0,2512.04,1.080456893,15.78232151
7512,1.08,373364.0,2378.54,1.423486249,15.39013074
7513,1.91,380034.0,1360.28,1.323869839,14.66767999
7514,0.37,263452.0,1992.78,1.239871531,13.47510989
7515,1.22,255091.0,987.25,1.234974369,15.2166633
7516,0.57,246500.0,2239.19,1.75557067,17.16713903
7517,2.07,234494.0,998.3,1.468018292,16.9668764
7518,1.39,387429.0,1108.16,2.161940667,13.9961357
7519,1.13,381934.0,1971.19,1.807804691,12.56939599
7520,1.65,376359.0,2027.39,1.802361745,15.12536172
7521,2.69,363896.0,2063.83,1.77405103,13.94245709
7522,1.15,351558.0,2392.44,1.898517579,16.93110306
7523,0.73,382722.0,1826.78,2.513393998,15.99983698
7524,0.47,152655.0,772.09,2.150076567,15.93248836
7525,1.25,114947.0,1454.86,2.962202794,15.0084986
7526,1.86,255724.0,1705.64,3.811547872,13.72703834
7527,1.02,131636.0,1262.64,2.188744348,16.58148037
7528,0.59,378897.0,1670.05,1.423014227,15.70965822
7529,1.14,158524.0,1997.6,1.465657002,16.38424746
7530,0.15,141591.0,1349.69,3.586150323,15.72339738
7531,1.25,368023.0,1897.39,2.901708378,15.07308817
7532,0.54,377321.0,1336.35,2.720758016,15.61827925
7533,1.27,388089.0,1597.86,2.111312953,15.72635463
7534,0.61,151375.0,1149.65,3.815525937,15.21065859
7535,1.33,367191.0,1748.59,2.145170335,13.88790341
7536,0.47,156771.0,1731.66,2.106581262,13.63493672
7537,2.2,132249.0,2197.83,1.501377967,14.38395846
7538,2.51,154079.0,2458.13,1.571616386,16.08593614
7539,0.72,382989.0,2231.49,1.836449343,16.45251271
7540,1.47,145661.0,1839.86,2.03227266,14.64110025
7541,2.01,397658.0,1861.14,2.684550423,15.87427262
7542,0.86,268034.0,1038.26,1.724749159,12.77971445
7543,0.89,367174.0,1890.11,1.655889369,16.04520084
7544,0.74,157583.0,1905.44,1.211540894,13.53691927
7545,2.89,366869.0,2223.29,1.542510855,13.67269489
7546,1.18,394448.0,1506.17,3.568451146,15.12541309
7547,1.63,347453.0,1801.33,1.91944088,17.04683407
7548,0.88,366490.0,1195.52,3.750089244,16.63905994
7549,1.28,135973.0,2415.19,2.992549831,16.17554889
7550,0.93,275260.0,1838.57,4.358752416,16.50425296
7551,0.58,345978.0,1760.76,3.021687396,15.83453322
7552,1.41,171353.0,1785.87,4.503311675,16.19190338
7553,1.29,359940.0,1349.6,1.793910907,15.30141262
7554,0.6,374831.0,1504.19,2.903999293,16.0963948
7555,1.2,155979.0,2286.07,1.635791796,15.74911673
7556,2.52,143853.0,586.86,1.39299309,17.13733227
7557,1.5,147981.0,1519.87,2.963617822,14.97925639
7558,0.34,389479.0,2692.51,4.822438927,16.03489691
7559,1.82,166626.0,1966.05,1.820988919,14.88606588
7560,1.32,390472.0,1786.08,0.424430022,15.69842603
7561,0.87,163890.0,2266.67,2.050158262,15.11239848
7562,1.69,133886.0,1820.62,1.362934723,14.00204422
7563,0.72,363459.0,1188.3,1.764432445,12.80593001
7564,0.46,282369.0,1958.29,3.792798332,17.48358234
7565,1.37,391944.0,1900.62,1.828647942,15.59752805
7566,4.13,243419.0,2052.66,1.01898391,14.36622129
7567,0.68,360115.0,1802.83,1.497835792,13.71246611
7568,1.03,343721.0,1077.2,1.501826316,14.80812271
7569,1.5,365239.0,796.45,4.17784811,13.97797409
7570,1.52,164712.0,2642.36,2.388377776,15.46553932
7571,1.24,342909.0,1300.02,3.665445221,14.49047205
7572,1.23,243574.0,1494.22,2.349268034,16.75697798
7573,0.92,366753.0,2164.97,2.044667022,16.42159448
7574,2.2,279925.0,1770.65,2.187872646,15.5467399
7575,0.94,348280.0,1915.36,0.856835924,17.04080868
7576,1.13,253615.0,1826.69,1.851728135,14.64363164
7577,2.52,261425.0,1901.35,3.293511461,13.19271572
7578,0.88,353312.0,1578.85,1.025678343,16.16320228
7579,1.77,370162.0,1819.14,1.746078073,17.44341269
7580,0.63,158058.0,2317.02,0.586021052,16.70368707
7581,1.99,158681.0,2556.87,1.536657286,16.47895909
7582,1.04,382101.0,2335.67,1.512904458,14.83681407
7583,1.85,371294.0,1824.06,1.971745638,16.16895549
7584,0.72,378855.0,1901.68,1.602903225,13.39347034
7585,1.47,363391.0,1760.65,0.795910615,12.99056603
7586,1.28,155364.0,1898.76,2.270345152,14.48200407
7587,1.79,268372.0,1933.2,1.29085914,16.20555994
7588,0.79,350746.0,795.31,1.8886163,16.98590499
7589,1.54,246584.0,1977.29,1.292208743,15.16260977
7590,0.17,379042.0,1783.83,2.07609528,15.77167383
7591,1.3,251278.0,1343.16,1.677669643,13.4581053
7592,1.88,266681.0,2151.0,0.706294233,17.70196275
7593,0.68,384508.0,1390.4,1.56426347,13.79226683
7594,0.29,262487.0,975.2,0.75900622,15.22007785
7595,2.07,384432.0,2332.7,2.082710684,13.54709237
7596,1.75,368810.0,1670.09,1.184532174,15.1643418
7597,1.93,249627.0,1843.38,0.635920638,15.62036848
7598,1.59,381262.0,1767.61,3.737361529,15.78994036
7599,0.84,169501.0,1900.5,1.617760068,11.549723
7600,0.72,375636.0,1296.18,1.755408834,15.92650132
7601,1.7,371266.0,2012.09,1.38466265,13.17300202
7602,1.37,134172.0,1756.76,1.965321544,15.48354233
7603,1.11,391361.0,1880.06,3.920606743,15.83982465
7604,1.93,267528.0,1418.12,1.348372715,16.40476852
7605,1.94,355538.0,1003.79,0.129027864,13.19290639
7606,1.19,253134.0,1305.47,3.639568422,17.59778468
7607,1.23,154131.0,1825.6,3.450975835,15.82427104
7608,1.01,257965.0,1491.19,0.133274767,15.44318006
7609,0.67,196769.0,2494.91,1.73108422,15.35260559
7610,1.45,358792.0,2163.34,1.658663087,15.02362352
7611,1.25,145364.0,2067.43,1.310461144,15.85066971
7612,1.64,170769.0,1125.43,2.218761094,13.73022047
7613,1.58,268862.0,1816.99,1.240040274,13.55322267
7614,1.45,141943.0,1416.33,2.864895113,13.01207067
7615,1.99,155590.0,1972.16,2.320012498,15.99673568
7616,1.29,159598.0,2348.35,2.268466985,16.45034295
7617,1.28,381792.0,2470.56,2.793052525,15.67824507
7618,1.28,151009.0,1788.67,3.030716399,16.11529803
7619,0.85,370511.0,2486.91,4.310095972,15.10480953
7620,0.59,367915.0,1529.71,2.986575012,16.03895983
7621,2.35,160162.0,1963.04,3.278865164,15.7960366
7622,1.26,354819.0,1891.83,1.434655382,15.31003152
7623,1.75,256291.0,1378.9,1.840594868,15.14582004
7624,0.69,387045.0,2522.86,2.140629077,16.19662044
7625,0.81,137740.0,1824.51,0.073036875,14.71538982
7626,1.24,356252.0,2247.5,2.275359843,13.5805024
7627,1.4,158583.0,1294.08,2.138335484,14.08570166
7628,1.01,130189.0,1313.79,1.5385083,13.51619061
7629,2.17,285374.0,2119.51,3.516522087,15.86813516
7630,2.08,364128.0,751.01,1.125009155,13.71933861
7631,1.58,350566.0,1461.75,1.093886084,14.06371086
7632,1.78,261242.0,2128.59,1.671796526,17.59264
7633,2.0,362827.0,1947.32,3.388993054,16.11052259
7634,1.88,234399.0,2060.49,1.006037232,13.86184674
7635,0.0,377409.0,1953.76,2.610582115,13.92321376
7636,1.04,155104.0,795.33,1.809154764,15.43556579
7637,1.54,393382.0,1842.68,1.891803581,14.94110161
7638,1.93,343779.0,1648.62,2.029502981,15.29770577
7639,1.1,377165.0,1901.79,0.270936986,14.22196694
7640,1.32,364143.0,1771.87,1.349369622,16.04605682
7641,1.55,382619.0,762.81,2.238530943,16.28596643
7642,0.62,236655.0,785.58,0.875794805,15.89207231
7643,2.08,262699.0,1520.96,2.827673302,15.85410697
7644,1.41,245727.0,1604.01,1.693103916,14.3286356
7645,0.37,161207.0,1463.99,1.930087437,15.3599812
7646,1.77,233922.0,1729.8,2.076351523,14.16210565
7647,1.79,139435.0,586.86,1.606866997,15.31599836
7648,1.71,368589.0,1927.19,2.521925001,15.30523381
7649,1.35,347754.0,2233.65,0.437374194,12.94895898
7650,1.13,261676.0,586.86,1.854675406,15.74490672
7651,2.76,342735.0,1299.0,1.690426134,14.40913652
7652,1.57,389915.0,2141.73,1.056655463,16.12261798
7653,1.11,363287.0,2536.76,2.212691518,15.52020943
7654,0.7,254258.0,2181.79,1.862637378,16.0417526
7655,1.25,159648.0,1727.81,1.414071766,15.63943774
7656,0.49,401119.0,2764.48,2.164126402,14.71749185
7657,1.02,384428.0,874.39,1.863579804,16.39788269
7658,2.44,164759.0,738.71,3.313577433,14.75964702
7659,1.92,268118.0,1785.91,0.88438997,16.82487545
7660,2.23,359333.0,1928.63,3.327455222,12.99224344
7661,2.14,367029.0,1464.45,1.700376097,14.52438461
7662,0.86,370072.0,1548.37,2.729283164,15.03172755
7663,1.86,380732.0,1591.3,0.244154022,16.36037515
7664,1.87,371129.0,1941.5,1.885049061,15.60996365
7665,1.2,385420.0,1710.11,2.756933684,13.50881963
7666,0.8,261427.0,1332.67,1.924828377,15.45199786
7667,2.1,255808.0,1022.06,1.872339354,14.22758833
7668,2.03,132482.0,2437.41,2.823492646,13.34618888
7669,1.74,259588.0,858.8,2.359325081,15.15124421
7670,1.08,371706.0,1572.5,1.48407292,16.00262043
7671,2.64,261386.0,1312.36,1.169999687,15.54066755
7672,0.37,159605.0,2267.67,2.379660564,16.22154469
7673,1.94,360384.0,1154.6,3.046549138,13.67997275
7674,4.69,370694.0,2465.12,1.852381137,16.72932753
7675,0.49,369536.0,1280.31,1.407902558,15.25387294
7676,1.26,156144.0,2495.23,1.08406627,15.56593424
7677,2.09,147828.0,1013.72,1.021139167,15.5862524
7678,1.81,252526.0,942.3,0.872956875,15.18592258
7679,1.33,400483.0,2322.5,0.390410511,16.1373345
7680,1.24,356889.0,1890.98,3.303568637,15.9162188
7681,1.3,347670.0,1286.09,2.897920577,17.73027397
7682,2.66,175384.0,959.09,3.118365097,16.16978295
7683,2.6,118501.0,1826.67,3.472937885,16.54695686
7684,0.96,154243.0,2318.47,2.189415895,15.58647312
7685,1.84,245782.0,1581.26,2.894545779,13.12483384
7686,1.45,373305.0,1888.16,1.607017159,13.63754402
7687,0.51,388536.0,2354.18,2.240495279,16.1486893
7688,0.8,381826.0,2201.18,0.730245742,15.80893266
7689,1.03,373775.0,1763.03,4.192496395,17.22144343
7690,2.57,250012.0,2338.94,4.257775066,13.58165533
7691,1.78,400757.0,1845.44,1.92329485,14.65893548
7692,1.3,138378.0,1174.12,0.699888906,13.64387818
7693,1.21,383568.0,2288.64,3.336132029,15.73263403
7694,1.1,372902.0,1362.09,1.65557297,16.09326652
7695,0.66,150067.0,903.0,3.629381571,15.98857086
7696,0.18,166699.0,1066.07,2.946656152,15.0262056
7697,0.74,378571.0,1956.34,1.65193683,15.15267833
7698,1.72,243946.0,1720.3,0.259890176,12.28985194
7699,2.11,124496.0,1251.92,1.941006412,15.05186909
7700,0.72,149414.0,1169.14,1.39662637,15.45704439
7701,1.67,149424.0,869.26,2.411890538,17.73027397
7702,0.47,386679.0,1736.48,1.617909424,15.16350771
7703,0.99,131957.0,666.91,1.807121997,15.62381647
7704,0.9,362536.0,1238.13,3.663058328,17.03902787
7705,1.43,364719.0,2028.89,1.176192104,16.80204832
7706,0.82,370074.0,2361.8,0.936468681,14.7591832
7707,1.04,358641.0,867.55,1.579150987,11.72852663
7708,2.42,363703.0,664.31,1.290086647,17.65622539
7709,1.08,373920.0,642.7,1.923527778,12.5017847
7710,1.92,367181.0,1822.77,4.414077394,16.44164624
7711,1.68,370958.0,733.34,3.562406483,16.67483723
7712,2.2,335714.0,836.11,2.532372177,15.39202516
7713,1.14,147205.0,2006.91,1.584163206,15.69526703
7714,0.61,368696.0,2325.72,1.79881277,15.98767513
7715,1.01,362969.0,1836.42,1.114408696,15.36418632
7716,2.05,265672.0,1902.27,2.865914586,16.32030162
7717,2.11,392628.0,1049.11,1.395668223,15.04737494
7718,0.53,118107.0,1688.73,1.778670925,15.52203912
7719,1.72,254093.0,2530.01,4.563807733,14.50469536
7720,1.04,386976.0,2510.82,1.092611412,15.12755908
7721,2.03,244181.0,1466.26,0.857697287,15.90416811
7722,2.67,346775.0,1988.1,1.085476416,13.34774948
7723,2.08,353843.0,2249.36,1.055323985,15.89142879
7724,2.7,250307.0,1436.3,2.054947617,13.28465157
7725,2.2,231473.0,1838.86,1.158381032,15.05866268
7726,1.0,383105.0,1498.89,3.025225351,15.58654192
7727,2.23,127445.0,883.16,0.42675118,13.02907405
7728,2.35,133057.0,1936.7,3.60489777,15.198162
7729,3.89,349801.0,2609.52,1.847633641,16.07985397
7730,1.14,369868.0,2402.12,3.111416845,14.90173059
7731,1.63,131392.0,946.8,2.87450286,15.80807993
7732,0.59,339381.0,646.04,1.746728946,15.28486943
7733,0.37,121774.0,1831.07,1.739607346,15.41275344
7734,1.06,136114.0,2115.25,0.165577925,16.10957396
7735,0.93,377423.0,1861.26,4.587836571,15.90240805
7736,1.35,145560.0,1702.93,3.517041062,17.0029933
7737,1.93,341307.0,2421.2,2.49594814,13.30842913
7738,1.9,353601.0,1378.92,1.307433159,14.44592655
7739,1.38,130825.0,1830.68,3.767702595,13.57077171
7740,0.85,158285.0,1795.67,1.068671726,15.35963137
7741,1.33,163485.0,1514.23,1.285310117,17.25834414
7742,2.26,156659.0,1832.71,1.240258652,14.64713397
7743,1.3,378821.0,2295.37,1.693860252,13.75475878
7744,1.51,250878.0,1599.21,2.059001404,12.84711967
7745,0.54,155063.0,2287.25,3.604529229,15.38810189
7746,1.26,254336.0,2045.18,3.762286238,16.67759855
7747,1.63,368447.0,1495.1,1.473858415,16.62707167
7748,0.97,371743.0,2323.99,2.143256672,16.24079496
7749,0.41,138916.0,1396.92,1.6911684,13.74970168
7750,2.2,247483.0,1855.5,1.569273249,13.82519407
7751,1.24,355153.0,1152.53,1.319808321,14.78075441
7752,1.59,348865.0,1830.59,0.372215061,15.74593368
7753,3.05,257890.0,1886.28,0.652505524,15.37544656
7754,1.25,364264.0,1908.17,1.810269986,16.29638662
7755,2.25,132688.0,867.56,4.154938761,15.76532634
7756,1.2,142327.0,1231.92,1.723277413,12.31668866
7757,1.77,148660.0,1900.75,1.182217688,13.53634725
7758,0.2,364617.0,2122.1,1.507018566,15.5696182
7759,2.12,149625.0,2061.07,4.703368735,11.40310538
7760,1.88,382657.0,2189.41,4.362585051,15.86459908
7761,0.91,349189.0,1963.63,3.354078097,15.47442964
7762,1.98,355671.0,1377.79,1.60135913,13.56809374
7763,0.45,363856.0,1923.74,1.884543305,12.87134657
7764,0.68,392307.0,795.87,1.292156864,15.51541288
7765,0.57,366167.0,1977.89,1.670154891,15.70903278
7766,2.84,146210.0,1495.11,2.053519329,16.03418425
7767,2.69,357298.0,821.08,1.551292725,14.95661096
7768,1.18,390089.0,1336.17,1.790688217,15.9023058
7769,1.1,360697.0,2264.29,2.018088584,15.27426177
7770,1.56,249373.0,634.73,0.657860496,13.22433095
7771,2.51,265757.0,1664.62,0.546154864,13.61956965
7772,0.71,261522.0,2252.06,1.635052582,14.59588061
7773,1.48,266261.0,2650.65,1.864010545,16.1702761
7774,1.6,387992.0,1864.5,1.74406134,15.20840352
7775,1.77,126715.0,2425.19,2.8890862,17.73027397
7776,1.3,114947.0,1928.89,1.428874399,13.80010966
7777,1.02,167597.0,1308.84,3.200989774,16.11694836
7778,1.81,270636.0,2236.47,2.597501945,13.89827883
7779,2.13,394558.0,1867.34,1.618613919,15.34956659
7780,0.84,151137.0,1281.7,1.940753229,13.51371635
7781,0.9,277038.0,2380.33,3.694408792,16.38801885
7782,1.32,369808.0,1848.72,2.045506147,14.37494913
7783,1.52,380409.0,1896.22,3.728459667,14.41299923
7784,2.23,357066.0,1438.24,0.970875431,15.52515076
7785,2.32,357841.0,1587.59,0.594647812,15.98348525
7786,2.04,130483.0,586.86,1.851849685,15.83063075
7787,2.27,242073.0,586.86,1.229466582,14.47284408
7788,1.87,350414.0,2187.61,1.404184544,15.20005018
7789,2.27,384329.0,2820.46,1.081916806,15.13947325
7790,1.21,129574.0,716.4,1.025860753,14.62325089
7791,2.1,123469.0,586.86,2.678069159,14.38024949
7792,1.41,150853.0,629.83,1.954443124,16.06057295
7793,0.6,375952.0,1358.67,1.102678226,13.44952541
7794,1.53,357963.0,1821.0,0.610724037,16.11426495
7795,0.58,265568.0,835.81,2.419478802,15.96202981
7796,1.24,381056.0,1533.15,4.586708465,15.30327575
7797,1.28,369633.0,1838.94,2.676868887,13.00748588
7798,2.12,133962.0,2046.54,2.778616264,15.19282296
7799,2.1,350014.0,1051.1,4.02244535,16.60647137
7800,2.13,266355.0,1283.89,4.14261197,15.12325925
7801,1.68,262521.0,1719.76,1.023632783,14.23537755
7802,2.1,162142.0,2200.88,1.566021232,16.49661167
7803,2.28,150684.0,1373.87,1.624798381,15.1424545
7804,1.84,361083.0,1389.16,0.917299805,16.71303718
7805,1.99,268795.0,2332.92,1.332918817,14.04581847
7806,0.24,272333.0,1846.53,3.146072613,15.5181343
7807,0.93,374637.0,1830.22,2.074535288,17.65964623
7808,2.25,377411.0,1096.84,0.819618326,17.73027397
7809,0.56,378080.0,1820.43,4.368891231,15.31015435
7810,1.48,366145.0,1713.2,0.518061705,17.73027397
7811,2.22,147382.0,1403.55,2.086252407,15.34241393
7812,2.08,379524.0,1795.94,1.883681374,15.66006083
7813,1.94,267778.0,1216.94,1.982613114,17.33349324
7814,1.0,395119.0,2457.29,2.151675755,16.78145895
7815,1.59,249481.0,1339.51,3.717006854,16.11477412
7816,1.71,360945.0,2341.67,2.908368652,15.3716994
7817,1.02,268433.0,1180.96,1.810476957,13.8918725
7818,2.35,271560.0,1628.88,2.656257017,14.99128979
7819,1.63,266748.0,2204.77,2.06944396,15.57629613
7820,1.17,381706.0,1228.71,1.522348954,15.07713183
7821,0.97,274199.0,1367.56,3.035757775,15.58430636
7822,1.61,238591.0,951.09,2.176439908,14.71665761
7823,1.07,153581.0,1799.65,1.560964276,15.75546295
7824,1.76,379150.0,1777.59,0.770896769,14.24871226
7825,1.96,400189.0,1565.41,1.995074136,14.55156109
7826,2.7,361707.0,2235.65,0.33576476,15.22770732
7827,2.55,150801.0,1680.27,1.7814499,13.21834598
7828,1.71,244939.0,2398.11,1.240000952,15.50738779
7829,1.42,371510.0,2212.67,1.9333514,14.36870794
7830,0.53,154896.0,1825.15,2.809555995,15.1652766
7831,1.43,362047.0,2289.16,1.90585165,13.7204285
7832,0.65,263926.0,1402.54,1.114249896,12.39620442
7833,1.13,370154.0,1878.67,2.645557845,15.25088488
7834,1.54,121166.0,1787.6,3.982238452,16.403537
7835,0.91,387354.0,2077.64,2.207698405,14.18456073
7836,0.71,267144.0,2289.86,2.05684215,15.21194349
7837,2.32,349378.0,2175.96,0.167901491,13.61644117
7838,1.3,386465.0,2246.97,1.572567851,15.28907191
7839,1.51,342593.0,1921.38,1.66188027,13.40586335
7840,2.48,146237.0,799.86,2.283903179,15.94536878
7841,1.9,376496.0,1113.81,1.848297269,13.64277824
7842,0.95,151889.0,2336.35,1.847650786,17.14458373
7843,1.76,169041.0,899.34,2.602270582,16.92357123
7844,0.61,379233.0,2245.54,2.170195849,16.76372132
7845,1.78,368817.0,1644.8,3.442619475,13.74018681
7846,2.04,362946.0,2530.15,1.697264135,15.06846911
7847,1.21,150823.0,1560.1,4.322223937,15.8283432
7848,1.6,382456.0,1743.62,2.318543897,15.89654936
7849,2.0,371729.0,955.75,0.985197627,14.73936347
7850,0.88,396262.0,1368.37,4.170453927,16.22221374
7851,2.61,264940.0,2282.81,4.155241157,16.00078661
7852,0.23,361392.0,2298.3,2.734795645,15.93485872
7853,1.52,338648.0,1830.53,3.758752149,14.56263559
7854,1.88,400411.0,1987.55,2.424326225,16.61698404
7855,0.49,383623.0,1365.43,3.87061007,15.46620805
7856,0.95,356125.0,1480.51,2.464131177,15.92471748
7857,1.48,142479.0,1795.16,0.365601006,16.82439742
7858,1.43,160257.0,2426.55,1.048273902,15.69265935
7859,1.87,369654.0,674.59,3.379690447,13.7458613
7860,1.35,369823.0,1140.91,2.145112283,12.98517598
7861,2.18,386367.0,1956.95,3.42987243,15.84859625
7862,0.2,368646.0,1304.87,2.436092623,13.29640054
7863,1.65,343929.0,1199.05,0.984689839,15.63878489
7864,1.48,399060.0,1396.62,1.497353127,15.42960591
7865,1.66,122964.0,2132.17,1.769000692,16.95405131
7866,1.31,391101.0,1290.95,4.100291112,16.04301184
7867,2.47,366751.0,1037.33,2.199034542,15.07016664
7868,2.42,353087.0,1710.2,1.894433612,13.2197876
7869,2.94,116746.0,727.94,3.498057014,16.19008533
7870,1.08,142704.0,2653.47,2.09329467,15.3207824
7871,1.66,161002.0,1971.07,2.347112771,16.31637234
7872,1.15,346602.0,775.71,1.081583526,13.13249307
7873,1.07,363328.0,1754.77,0.862584405,15.99008838
7874,0.63,145032.0,2190.82,3.048028512,13.47456355
7875,1.48,252654.0,1756.77,4.143789717,16.54733933
7876,1.13,364348.0,2083.48,1.282204301,15.61273274
7877,2.07,263864.0,1558.19,0.920856035,16.87522574
7878,1.03,346807.0,936.71,1.806875978,15.29348556
7879,1.14,153940.0,1507.01,3.547632147,15.97352913
7880,0.56,147851.0,685.68,4.265952569,15.60820432
7881,2.49,367558.0,1291.0,1.566782336,15.61393935
7882,1.99,114947.0,865.67,1.222444638,13.96210578
7883,1.64,379420.0,1096.85,1.641171477,15.46699071
7884,1.44,378974.0,2383.32,0.557054062,12.34408865
7885,0.57,389828.0,2134.19,2.247847561,15.33775189
7886,2.17,131351.0,1447.2,1.38837963,15.75511334
7887,1.45,365235.0,1526.54,3.960214388,16.37707835
7888,0.9,163516.0,894.24,1.666691729,15.75856056
7889,1.46,339293.0,668.98,1.305921991,12.20712626
7890,3.03,370739.0,2050.36,1.876058568,16.18476482
7891,1.36,242247.0,737.45,1.234310006,17.01030893
7892,0.8,368681.0,2002.59,1.411828081,14.21875897
7893,2.07,352439.0,1005.48,1.648384579,15.18166124
7894,1.91,264503.0,1326.0,3.446635321,14.03018004
7895,1.23,123486.0,1740.68,0.750708732,13.34898605
7896,2.54,387493.0,1453.21,2.895571034,15.55563881
7897,2.61,254670.0,1886.9,2.086209228,14.8006628
7898,1.57,150226.0,893.9,2.253635135,16.30440867
7899,0.98,395104.0,1854.48,4.253766466,13.36122679
7900,0.13,141815.0,2630.77,1.831364003,15.28283477
7901,1.64,370318.0,1127.27,-0.326393035,15.61302347
7902,0.65,352988.0,1947.17,2.778451861,15.36041482
7903,2.71,378397.0,2217.93,2.443991889,14.97738741
7904,0.98,288500.0,1831.43,2.242039349,14.11378074
7905,2.05,158950.0,1657.09,2.832751132,15.08332802
7906,1.5,380177.0,1567.46,1.164085357,16.1790026
7907,1.43,358206.0,1154.84,0.762843254,15.44056147
7908,1.91,174327.0,746.41,0.684126519,16.01056556
7909,1.39,264241.0,2730.86,2.256428244,16.25515193
7910,2.65,372762.0,1461.04,1.727164908,13.87156012
7911,1.63,239837.0,1811.21,0.844621783,16.12771666
7912,4.23,372239.0,1773.71,3.056623117,15.48841249
7913,1.7,143438.0,733.27,1.575183104,15.28762316
7914,0.9,153297.0,2617.52,1.603559154,14.16153182
7915,2.05,118259.0,915.18,1.562680748,14.56616852
7916,0.93,254659.0,726.12,1.318175434,15.67800898
7917,1.54,149256.0,1895.38,3.488710295,15.352431
7918,3.34,357788.0,2199.65,2.926389464,16.18690377
7919,1.93,337344.0,1963.93,3.405623077,13.36591912
7920,1.38,294743.0,1888.77,0.606906019,17.06597392
7921,1.09,149495.0,876.99,0.624720807,16.21173193
7922,1.09,263364.0,1685.68,3.15605783,15.96735544
7923,2.0,364997.0,2360.52,1.467395874,13.4256791
7924,1.62,281630.0,2018.36,2.284616436,12.81188424
7925,1.55,348575.0,1889.4,1.430580968,17.08271423
7926,1.79,367440.0,753.09,1.670758293,15.85787526
7927,0.32,142883.0,1860.1,4.287831828,17.09317804
7928,1.29,366279.0,2537.9,2.926025549,15.3877553
7929,0.61,150386.0,950.2,0.616021092,14.88049094
7930,1.79,263820.0,1230.63,2.435021729,13.3143461
7931,1.44,384358.0,1437.53,1.495464151,16.12421219
7932,1.06,382498.0,1214.64,3.454532686,16.99997479
7933,2.42,256190.0,978.24,1.654272379,16.10208501
7934,0.78,244887.0,1891.75,0.164800018,13.40167653
7935,2.17,265172.0,2205.68,2.129585302,15.05707619
7936,0.74,358982.0,1778.43,0.988615267,16.21764208
7937,1.51,388593.0,1677.93,3.385983163,15.24081156
7938,1.01,376637.0,2433.43,1.192972997,14.04046932
7939,1.81,358836.0,2524.73,0.121370195,15.91096833
7940,0.59,367911.0,1083.11,4.93924406,15.69242078
7941,2.14,354685.0,1105.91,2.875079198,15.66604692
7942,2.35,350042.0,2196.23,2.386040383,15.30164971
7943,0.76,360260.0,1751.94,3.661096013,15.61447172
7944,1.26,371535.0,1435.22,4.525430398,17.00533394
7945,1.28,355010.0,1784.35,1.332761071,13.97371871
7946,0.0,150969.0,1678.93,1.480892166,15.29668276
7947,1.21,348176.0,1786.69,0.78555346,13.47702076
7948,2.19,384221.0,874.38,2.476307382,17.38010987
7949,1.75,163440.0,2100.95,2.954053183,14.0253551
7950,1.19,358356.0,1806.1,1.844573922,15.69563328
7951,1.24,390830.0,2324.04,1.583644898,14.75723736
7952,2.5,126385.0,1006.31,0.664051862,15.24267417
7953,1.5,253336.0,2158.03,1.602225857,15.99024539
7954,0.98,142852.0,1672.55,0.489480881,13.16161885
7955,0.4,401119.0,909.03,2.036746116,15.78001543
7956,1.22,259864.0,1856.35,0.221408788,17.53254193
7957,1.82,267560.0,2124.48,1.67062268,15.46198088
7958,1.46,379148.0,1242.92,2.700338254,16.86586249
7959,0.99,384849.0,1852.89,1.820782005,15.4926294
7960,1.53,344839.0,1892.23,0.147255687,15.77889344
7961,1.6,261890.0,1646.75,1.826163789,14.06606418
7962,1.9,369916.0,2231.51,1.819269927,15.25968924
7963,2.58,358058.0,721.35,1.421144039,15.2658302
7964,3.98,385882.0,1848.25,0.632472568,15.22844594
7965,1.79,141587.0,1310.13,3.288411915,17.4230012
7966,2.4,179806.0,754.55,3.944827935,14.71129074
7967,1.72,255970.0,1883.63,2.54705647,16.83369611
7968,1.44,362488.0,1769.65,2.591592143,15.54921323
7969,1.08,262721.0,2307.94,1.061869436,14.85987277
7970,0.7,165555.0,646.74,0.654666786,13.24168855
7971,1.72,393639.0,1828.71,3.703630443,16.19581387
7972,1.29,359694.0,1821.5,2.707194381,15.19328179
7973,1.16,123669.0,1290.55,2.085625257,14.85528756
7974,1.63,367718.0,1536.65,-0.036077831,15.50303472
7975,1.4,243267.0,1746.81,1.529563923,15.77520508
7976,1.21,280083.0,2456.15,0.096101748,17.03999809
7977,1.13,372179.0,1932.9,0.541315492,14.92981629
7978,0.77,377647.0,1351.81,1.032057911,15.61842151
7979,1.81,370030.0,883.92,3.433918251,16.08934449
7980,2.63,362831.0,2567.15,2.025916535,14.0228858
7981,1.32,373462.0,1966.9,4.137944901,13.23193669
7982,1.72,260195.0,2566.88,2.053125996,15.69031028
7983,3.02,114947.0,817.59,2.990753842,13.49820745
7984,0.46,375578.0,826.53,3.240715428,12.66001259
7985,1.62,361045.0,900.45,1.406758806,15.61310802
7986,1.13,369046.0,2315.07,3.957784298,15.83151704
7987,1.68,391833.0,1921.45,1.712964589,16.59400003
7988,1.61,340380.0,1741.12,3.113594989,13.95108588
7989,1.11,150898.0,586.86,2.937847394,16.50412691
7990,0.12,152540.0,1999.57,0.626931974,16.8423299
7991,1.92,357734.0,2396.35,2.154246692,17.73027397
7992,3.11,393629.0,1327.2,0.996267443,13.02863396
7993,1.21,267791.0,1668.41,2.093599121,15.9897541
7994,1.61,371826.0,1306.66,2.883649403,15.68461475
7995,1.8,382780.0,2360.42,0.785347026,14.48584159
7996,0.61,142170.0,725.18,2.314691048,16.45648192
7997,0.77,140683.0,2371.49,1.384569254,13.56474115
7998,2.28,128669.0,901.11,2.028288401,15.4255862
7999,1.16,338430.0,1761.2,1.073793708,11.9201376
8000,1.38,145358.0,2059.75,1.550088129,16.02897717
8001,1.5,171315.0,1836.7,1.568955146,16.49975636
8002,1.75,241869.0,1944.52,3.407782917,15.3780678
8003,1.24,157149.0,1941.16,1.970177107,16.31401185
8004,0.99,392660.0,1338.97,3.556010434,15.18844874
8005,1.85,131361.0,2274.17,1.032149867,15.48049532
8006,1.57,370901.0,1200.53,0.443227186,14.75080018
8007,0.38,378130.0,2681.94,1.521584915,17.66171475
8008,1.19,161249.0,2764.96,2.04798348,12.66467805
8009,1.45,383014.0,2052.16,4.247889049,16.1287879
8010,1.48,124936.0,586.86,3.02829338,17.16630771
8011,1.32,253339.0,1260.72,2.170418455,13.80085727
8012,1.09,146765.0,2143.07,3.936709384,15.73317775
8013,2.5,126103.0,2074.54,0.953769076,11.37103784
8014,1.9,390325.0,1814.07,2.968830356,15.17847923
8015,1.67,151365.0,791.63,1.631831427,15.87072224
8016,1.82,385149.0,1886.72,4.638543774,15.9297547
8017,1.44,369421.0,1947.64,1.248126539,16.05093293
8018,1.56,360636.0,1821.55,2.996101965,12.26080952
8019,2.16,380053.0,1398.8,0.122936753,14.06554541
8020,2.41,377590.0,1213.5,2.234722366,13.65878922
8021,2.16,249972.0,1794.06,1.478149791,14.73824252
8022,0.0,351531.0,1447.78,3.251579893,15.69040876
8023,3.09,382104.0,2313.21,1.701463273,14.82373026
8024,0.04,363920.0,1999.96,1.839897913,14.83513067
8025,1.78,336537.0,1227.94,3.993229021,15.72680914
8026,1.91,354019.0,1594.82,2.063490087,15.62866269
8027,2.11,360200.0,667.88,0.823203922,15.18219265
8028,0.0,146870.0,994.14,2.692904293,14.04659074
8029,0.42,366008.0,1586.41,4.30816763,16.15471155
8030,1.16,353519.0,1873.33,1.883123273,14.44402119
8031,0.29,128242.0,2184.75,2.033730064,14.19889905
8032,1.67,250248.0,983.38,2.797420632,13.43014175
8033,0.88,355833.0,2214.66,2.075816595,15.34404488
8034,2.46,353531.0,2421.24,1.36680336,14.86764364
8035,1.09,172079.0,1402.34,2.939126193,13.9042282
8036,2.66,380228.0,702.08,4.487395328,14.44224115
8037,1.79,124241.0,1414.32,2.981925917,12.02283328
8038,1.5,353595.0,2717.07,3.736547026,11.2583727
8039,2.05,148675.0,2487.76,2.195715093,15.30840478
8040,1.77,114947.0,909.99,0.983600529,14.98662698
8041,1.25,373045.0,1498.84,2.36578543,17.47724709
8042,0.63,159914.0,2272.06,4.184903682,15.63660424
8043,3.03,279579.0,821.74,4.37454662,17.73027397
8044,1.96,143936.0,1699.86,0.038192576,16.21825961
8045,1.5,162829.0,1819.06,-0.319442896,16.11356411
8046,1.7,343811.0,2149.74,1.737531565,14.93835507
8047,1.28,148524.0,2414.17,4.422534876,14.96634376
8048,0.78,138940.0,1982.67,2.089289797,17.07275701
8049,1.8,358206.0,935.28,2.151690531,16.18171915
8050,0.68,394923.0,1705.31,3.603459354,16.81496781
8051,2.1,360815.0,1750.62,2.253792103,17.33865497
8052,1.27,361264.0,942.44,2.194158388,13.13775843
8053,0.95,377005.0,1824.85,2.392616248,15.59278603
8054,0.7,154590.0,935.39,2.075259536,16.37398612
8055,2.45,358085.0,1828.49,1.092185748,15.74603892
8056,0.67,374046.0,1896.21,2.969853176,16.19043337
8057,1.53,362463.0,1691.74,0.640485192,15.46128862
8058,2.24,365697.0,2064.86,1.756680371,14.18930643
8059,2.0,365229.0,1799.89,1.371092204,15.46286755
8060,1.09,368147.0,2391.2,1.525763312,15.87080662
8061,2.2,370811.0,1317.15,0.804342506,14.07612597
8062,0.92,136098.0,1478.42,2.030277648,13.51476512
8063,2.55,129954.0,2087.01,0.737535783,14.60506452
8064,2.55,277016.0,724.81,3.94523928,15.91225124
8065,1.26,131265.0,1355.19,2.96999127,15.95219459
8066,0.7,268140.0,1839.36,0.731969115,14.61276247
8067,0.98,364537.0,1682.3,1.917382641,15.82306818
8068,1.57,360464.0,756.79,4.088876012,16.36121564
8069,2.63,358532.0,2261.59,0.394930551,16.48049937
8070,2.0,356477.0,1865.93,1.647878477,14.46116174
8071,1.22,255631.0,1334.19,1.635765223,17.73027397
8072,1.28,368316.0,895.12,1.550077583,15.90702243
8073,1.74,258511.0,1831.69,1.716277643,14.327262
8074,1.64,357551.0,1736.03,1.552023047,16.09395302
8075,0.56,382315.0,1217.86,3.649720782,15.77857078
8076,1.51,139245.0,845.05,2.765034507,16.60292588
8077,1.04,370768.0,2439.57,1.793397573,14.5792353
8078,2.01,364276.0,2059.21,1.219476449,16.15899624
8079,0.29,367077.0,1399.42,0.504434259,14.76117395
8080,2.04,390646.0,945.19,3.087150184,14.47013496
8081,1.69,163789.0,2537.98,2.06892751,17.60054469
8082,1.71,251892.0,1662.22,4.182266328,15.0886699
8083,1.84,279378.0,2276.57,3.537190733,16.88186934
8084,1.94,360092.0,1790.98,1.727875876,13.55083231
8085,0.85,274981.0,654.54,1.433074727,15.58431154
8086,1.04,361456.0,1413.89,1.663213119,14.92725305
8087,1.81,243276.0,1876.26,4.239339892,17.02943007
8088,1.87,257647.0,918.6,0.804935588,15.19391462
8089,1.74,367476.0,1679.24,1.667795647,13.17934871
8090,2.03,384043.0,815.14,0.194307679,14.18409311
8091,2.42,330720.0,1764.09,1.415448294,15.58020646
8092,1.63,244494.0,2271.39,1.656931079,16.2327345
8093,0.26,386462.0,1570.82,3.774020548,13.73343292
8094,1.33,385836.0,2555.8,1.590018218,13.58524492
8095,2.3,160615.0,968.37,2.041560205,14.6065541
8096,1.65,372059.0,2242.03,1.849742606,12.22516575
8097,1.95,368830.0,2087.79,0.939890158,14.99843174
8098,1.56,271951.0,1958.6,1.845872644,15.80209558
8099,2.04,242895.0,1333.14,1.331964705,15.51976858
8100,1.1,139177.0,929.87,3.584105425,13.17848642
8101,2.28,375860.0,1378.03,1.189514322,16.31534725
8102,1.64,243081.0,1903.85,3.651893512,14.10146433
8103,1.02,158939.0,1687.51,3.02289133,16.96123614
8104,0.93,155535.0,1837.31,2.193748022,16.37023443
8105,1.47,340842.0,2439.02,4.224053534,15.08719762
8106,1.42,370316.0,2403.96,-0.326393035,15.58774911
8107,1.97,158439.0,1856.44,1.442533907,15.40065792
8108,3.02,365019.0,1787.36,1.765771122,14.00988823
8109,2.3,144645.0,2387.01,2.133262837,16.70195967
8110,0.07,130090.0,1857.42,1.549844562,14.13369812
8111,0.58,362116.0,628.42,1.324025973,13.26006908
8112,1.38,364025.0,1419.63,1.870965318,15.51052351
8113,0.66,176454.0,810.42,0.938812153,17.73027397
8114,1.35,377491.0,2275.81,0.353267248,15.77636391
8115,0.73,369931.0,1947.22,3.388918162,13.73477217
8116,0.8,374492.0,2045.72,4.582354979,17.67268841
8117,1.68,373686.0,2232.76,3.495285465,14.71638923
8118,1.63,368282.0,1010.04,0.679028565,15.8849979
8119,1.82,378762.0,1440.52,2.797105504,15.30342377
8120,1.41,147610.0,2371.12,2.73090458,13.47379049
8121,0.63,156958.0,2326.08,3.206869356,14.1233166
8122,1.15,145967.0,1938.77,0.128434036,16.19671161
8123,2.57,154315.0,2169.88,0.533495754,15.87742411
8124,1.26,163155.0,774.3,2.287081174,15.00408808
8125,1.75,271226.0,1947.93,2.417636862,15.63365562
8126,2.19,366721.0,2378.79,2.268150231,15.05281822
8127,1.8,159230.0,1546.74,1.472377485,13.84913005
8128,1.02,154176.0,976.18,1.970063884,15.38852572
8129,1.2,140669.0,1719.26,1.609419412,13.63605537
8130,1.66,385093.0,2321.81,1.771724951,15.77203595
8131,1.41,143319.0,1804.41,3.434165188,17.34046205
8132,0.81,263911.0,1639.71,3.329844537,15.78226897
8133,1.81,158469.0,1874.37,4.547003746,15.09376772
8134,1.57,119248.0,2606.62,1.100026093,16.01689166
8135,2.54,366304.0,586.86,2.338083303,16.33943033
8136,2.09,126242.0,2028.63,1.393692661,14.39647804
8137,1.94,223208.0,1853.37,0.680864184,14.22122841
8138,1.1,259336.0,1179.25,2.290904445,11.76547847
8139,1.89,368955.0,898.19,4.196831962,15.58515545
8140,1.28,141799.0,2502.76,3.587342361,15.89284862
8141,2.71,357231.0,1248.81,2.233755116,15.02207765
8142,1.27,146349.0,1746.79,1.675709496,17.36157736
8143,1.54,392446.0,1804.61,2.780061959,14.85097077
8144,0.67,134290.0,1853.62,1.728027863,13.33030114
8145,1.16,116173.0,2064.98,4.400713639,15.12036343
8146,0.88,370581.0,2784.66,2.695186111,15.66947989
8147,1.88,151564.0,1190.24,1.51584846,11.91171892
8148,0.97,363645.0,1880.58,1.861732165,15.3940605
8149,1.7,400177.0,2000.27,4.043203019,14.73734407
8150,1.74,165047.0,2087.87,1.643386539,16.8165251
8151,1.32,372829.0,1809.91,2.152869952,13.43258072
8152,1.23,363165.0,1948.9,1.690813998,14.62961402
8153,0.89,370088.0,2200.17,1.888835454,12.98586255
8154,0.71,144389.0,2445.49,4.073825342,16.06088805
8155,0.42,379998.0,2091.0,2.185606061,16.624583
8156,0.59,258936.0,2247.48,0.570391862,15.52411681
8157,0.37,375520.0,761.44,0.229125711,12.4858987
8158,0.49,387800.0,816.42,0.499246532,15.06373275
8159,1.42,281063.0,1779.87,2.476403944,16.06657559
8160,2.59,150447.0,1745.61,0.966818157,14.48684797
8161,1.71,149486.0,1253.67,0.453607891,12.97881697
8162,1.44,377611.0,2650.28,3.767078344,14.53721608
8163,0.64,393779.0,2473.42,2.307303329,16.35018543
8164,1.46,397839.0,1874.33,3.52238397,14.6700225
8165,1.91,240853.0,1958.43,1.306081865,15.93866299
8166,1.67,358773.0,1197.53,4.188194741,16.09688444
8167,2.29,170013.0,637.17,1.802311231,15.94205735
8168,1.61,391957.0,2507.64,1.447851132,15.57395664
8169,2.14,159811.0,985.09,1.33321578,15.39846665
8170,1.02,381636.0,1032.09,2.809416827,13.80774093
8171,1.44,365062.0,1941.7,2.017604977,16.04231607
8172,1.14,166318.0,1599.97,1.952094596,14.30025821
8173,1.5,394396.0,2698.88,2.484304391,12.14939186
8174,1.57,351432.0,2289.73,0.380291662,15.22419201
8175,1.64,377693.0,2447.48,0.889924014,17.06696779
8176,0.89,374604.0,1916.43,1.916918151,13.94262999
8177,2.26,260168.0,973.02,0.308067101,15.56857821
8178,0.4,354841.0,2160.96,1.922026629,15.56629819
8179,0.96,357346.0,1494.68,1.543158047,13.52324626
8180,2.26,266382.0,982.73,1.744663787,15.43773524
8181,2.24,387776.0,975.58,2.468063806,16.68021238
8182,1.03,366126.0,1718.18,1.481117684,14.94672122
8183,0.91,356171.0,1817.42,2.819176271,12.30860761
8184,2.19,355248.0,1820.25,0.609567271,13.61997178
8185,1.72,389769.0,1451.69,2.679075359,16.30010517
8186,1.26,169395.0,1827.96,3.299865494,17.73027397
8187,1.56,146359.0,2166.96,1.882641804,15.58656247
8188,0.84,265817.0,639.35,1.83934352,13.9240572
8189,1.57,392535.0,1833.72,2.523064411,15.77032697
8190,1.43,145470.0,1181.46,2.847473164,13.6462587
8191,1.94,124836.0,1723.16,2.490464911,13.17078086
8192,1.03,368036.0,1374.8,1.126799195,13.80085785
8193,2.17,246269.0,2093.35,4.38575552,15.46025109
8194,1.06,130450.0,1327.02,0.962412081,15.56155391
8195,0.7,386893.0,1910.08,0.494252341,12.42163122
8196,1.08,265717.0,1004.37,1.683058921,15.79725237
8197,2.29,151658.0,732.55,1.827497727,15.87928694
8198,2.23,140590.0,1449.14,3.136490754,15.89478264
8199,2.27,393651.0,860.89,2.332050385,12.8395091
8200,1.85,258258.0,1331.87,2.420477465,13.29653298
8201,1.09,372853.0,764.81,0.622890998,14.1169817
8202,1.95,368659.0,3047.82,1.769732033,15.68613131
8203,1.55,262036.0,797.39,3.779878832,15.54166573
8204,0.31,255207.0,1908.31,1.117802955,16.44637211
8205,0.83,266364.0,1940.07,2.187365887,15.67030348
8206,1.99,367669.0,2458.46,0.057714838,15.13803648
8207,1.48,353188.0,1664.0,1.102817708,16.09605716
8208,1.31,349331.0,1500.99,1.778084052,13.48428342
8209,0.64,242113.0,1473.72,1.872292612,14.25616369
8210,2.38,245867.0,1813.34,3.039309121,17.52252746
8211,0.98,368121.0,1319.95,0.75422164,15.7252498
8212,2.02,382135.0,872.04,1.221693744,17.17952673
8213,1.4,135997.0,1783.25,1.361948874,17.46961349
8214,0.16,164238.0,1082.89,3.926823015,15.45535976
8215,0.7,170509.0,1407.68,2.927060138,13.35374449
8216,1.11,255278.0,3047.82,0.883189306,14.38791824
8217,2.05,356188.0,1550.54,3.569918001,15.19544873
8218,1.7,134647.0,2195.63,2.155163824,15.68175846
8219,1.6,122514.0,1757.19,1.632332653,15.79410011
8220,1.78,258651.0,1840.63,1.591943926,14.94911547
8221,0.66,141481.0,860.91,2.386916868,15.80647122
8222,1.55,149743.0,873.73,2.652385884,16.57180517
8223,1.98,152362.0,717.45,1.645237824,15.05270374
8224,2.24,156042.0,2547.46,4.788085474,15.43074393
8225,1.83,266926.0,2342.51,1.794020336,13.7161597
8226,2.1,148839.0,1742.09,1.862727713,15.46808655
8227,1.96,127292.0,1870.88,2.518556213,15.50593433
8228,0.04,366582.0,1673.12,3.777811688,16.85230285
8229,0.8,376038.0,2169.56,2.687228947,12.6983481
8230,2.54,365396.0,1266.29,2.974428203,15.46018057
8231,0.85,373649.0,2504.83,1.186987642,14.25368958
8232,2.5,143605.0,1401.94,2.417406758,14.03324204
8233,0.58,351924.0,2037.2,3.432520328,15.620326
8234,1.05,345664.0,2270.87,3.239597198,14.84005755
8235,2.14,130981.0,2466.45,2.261267723,12.26433776
8236,1.32,268431.0,1873.35,1.329213777,16.08008845
8237,1.22,385915.0,1906.26,1.689831385,15.27448922
8238,2.32,250615.0,1893.87,0.964011107,16.27511123
8239,1.55,387864.0,1824.74,1.265686213,15.94048639
8240,2.82,158987.0,1454.13,1.710737061,16.55272216
8241,1.41,255004.0,824.28,1.841833428,16.00047056
8242,2.11,352754.0,2049.0,2.635500639,15.34157704
8243,1.23,146516.0,2042.84,1.333178282,15.731979
8244,0.71,369700.0,928.92,1.306275605,14.19262683
8245,1.36,367737.0,2310.31,1.758003049,13.9401941
8246,1.4,124881.0,2151.52,0.360944179,15.62013085
8247,2.1,365786.0,2794.79,4.33635914,14.3767868
8248,1.97,361036.0,1925.76,1.537615471,16.03254239
8249,0.55,349209.0,2382.24,1.80250276,13.37820689
8250,1.0,268759.0,2558.62,2.317583125,15.18041253
8251,0.2,158762.0,2383.22,0.94939343,14.24109366
8252,1.84,171699.0,2610.22,1.748784557,14.62832125
8253,2.07,153231.0,1922.85,2.307334862,15.88597214
8254,1.0,149342.0,1365.24,2.745964961,15.04797459
8255,1.01,343627.0,1808.9,2.844803421,11.63806375
8256,1.55,156061.0,1940.57,1.229136244,14.91620976
8257,1.1,353523.0,1248.09,0.537032825,15.58064874
8258,1.59,161150.0,1630.85,3.709764725,17.04068898
8259,0.77,150985.0,1921.62,3.102008221,14.41852351
8260,2.35,149861.0,779.78,2.896129177,15.55258257
8261,1.53,254514.0,1433.18,1.843725556,16.05567
8262,1.37,262791.0,1750.93,2.125403238,16.91565312
8263,0.88,160397.0,731.41,2.963830042,15.10664257
8264,2.09,360596.0,1810.27,1.976517712,12.73539486
8265,1.7,351210.0,1430.05,3.322411192,14.57308045
8266,1.59,238992.0,1261.81,1.641697027,16.01541794
8267,1.35,394638.0,1126.17,2.834287476,13.78514693
8268,2.88,147342.0,1618.63,1.399079495,15.06568741
8269,1.11,372604.0,1157.01,2.886906975,15.56899426
8270,1.56,248220.0,1890.4,1.449453424,15.47498247
8271,1.49,374331.0,831.59,1.894579005,15.27573901
8272,2.18,371702.0,2294.24,1.567181285,13.68266016
8273,0.38,385244.0,1264.52,-0.139100098,16.04045491
8274,2.0,397426.0,1890.32,1.942190323,14.35678125
8275,1.76,372054.0,1784.68,1.324839523,13.45023867
8276,1.31,378380.0,2326.14,2.272493125,15.57650356
8277,1.54,393957.0,2536.66,1.306092763,16.34209223
8278,0.94,339895.0,1007.63,2.120068752,16.58059453
8279,0.97,253404.0,1484.23,-0.028579415,15.21195776
8280,1.78,143695.0,1781.06,1.348993254,16.60388271
8281,0.89,146474.0,1520.63,1.646310604,16.88534209
8282,1.99,145952.0,1670.76,2.878853404,15.25466202
8283,1.97,379145.0,2011.66,0.479888453,15.79788242
8284,1.71,242933.0,1762.98,1.285365954,14.4085891
8285,2.28,132844.0,1925.14,1.944319637,14.97870944
8286,1.7,400288.0,1073.12,1.934812324,13.33847071
8287,2.13,385830.0,1868.0,1.612890019,14.25925642
8288,2.08,360726.0,1751.03,2.044902876,15.53206152
8289,2.32,350668.0,1020.53,1.141903802,15.10704652
8290,2.0,375917.0,1494.58,1.944524421,16.27963862
8291,1.4,266000.0,1855.35,1.36401037,14.04802826
8292,0.33,282363.0,1288.81,3.683148459,16.30394659
8293,1.07,394102.0,1279.97,1.706514489,13.20815439
8294,1.55,340367.0,2186.21,0.327977,15.3358474
8295,1.5,363148.0,1809.12,1.606651692,16.09357214
8296,0.77,373868.0,1361.94,1.162364365,14.65545754
8297,1.21,378513.0,1874.92,0.925142341,16.90884087
8298,2.14,132572.0,1899.61,1.149764988,15.26256019
8299,2.81,360983.0,2162.38,1.993171482,13.15646322
8300,0.67,275375.0,1761.09,1.027542687,16.40207828
8301,0.24,158131.0,2557.5,3.720315547,16.03752805
8302,0.65,371135.0,2527.19,0.910212027,13.93918653
8303,2.18,372456.0,2397.23,0.739158915,16.35866609
8304,1.08,371715.0,1078.09,3.078715831,14.78897027
8305,1.37,393563.0,1009.3,-0.025095131,15.70672738
8306,1.88,114947.0,1675.06,2.148354017,12.49697132
8307,2.0,362853.0,1771.86,2.127274667,14.82499327
8308,2.22,379880.0,1508.38,3.829808206,13.1503691
8309,1.58,252878.0,1896.19,0.273027462,16.82190646
8310,2.12,379771.0,1747.54,1.368894011,13.18369128
8311,0.8,370738.0,1639.14,1.262703711,14.7478924
8312,1.27,370055.0,1573.43,1.690029312,15.49618483
8313,0.21,373773.0,1916.67,1.759212575,15.57219186
8314,0.93,165574.0,1722.47,0.83311733,15.40838551
8315,2.3,359995.0,2399.28,0.589310403,17.15368125
8316,0.67,364361.0,1867.8,2.115065337,15.17481596
8317,1.83,367694.0,1709.78,2.042541136,16.07738068
8318,0.64,141408.0,2543.36,3.797625059,13.35654197
8319,1.52,387672.0,871.54,2.080942177,15.26535767
8320,1.85,370684.0,2174.11,1.770580167,15.74776925
8321,1.4,366448.0,1854.75,1.915036761,15.32951111
8322,1.05,381742.0,766.0,2.226396724,15.67428525
8323,0.81,126157.0,1972.93,1.473606491,16.34278084
8324,0.89,377000.0,2074.63,0.653271893,12.00056227
8325,2.06,383192.0,1883.69,3.57321907,14.08527078
8326,0.54,269467.0,1424.95,1.795083544,15.83118369
8327,3.09,350205.0,1858.75,2.045604446,13.52340418
8328,1.46,361785.0,2462.11,1.493437705,13.88858771
8329,2.48,391216.0,2361.33,3.052660537,15.4335002
8330,2.54,134500.0,2170.27,3.453505412,15.7855761
8331,1.83,377104.0,2422.6,1.695369354,13.99474604
8332,1.32,176940.0,2269.81,1.855554924,15.83041673
8333,0.98,349922.0,743.92,0.554308852,13.55364388
8334,1.03,155926.0,1766.49,1.811613432,16.79792819
8335,4.47,152317.0,710.49,3.368199543,13.46725712
8336,1.56,274224.0,1863.51,1.584057018,16.91570171
8337,1.15,375138.0,1251.84,4.93924406,13.86666283
8338,2.01,162574.0,2408.86,1.683463849,13.92421678
8339,0.86,251039.0,2319.47,3.565285116,15.39027253
8340,1.01,359528.0,1888.29,2.707331437,12.55453149
8341,1.72,381980.0,2528.02,0.337844912,15.35474712
8342,1.23,153415.0,2129.14,1.42121684,17.21307039
8343,2.21,248716.0,1889.13,1.938637381,15.34261151
8344,1.61,375514.0,1876.57,4.283162943,14.86072977
8345,1.07,257357.0,1991.4,3.629721868,16.11463011
8346,1.22,396786.0,1596.75,4.433989402,15.72470889
8347,1.58,270167.0,1954.0,2.167004683,13.52720291
8348,1.64,256092.0,2149.53,4.579555209,14.01615134
8349,1.91,327949.0,2311.87,0.68218582,14.64466149
8350,1.25,351586.0,1871.25,3.745276297,15.47201244
8351,0.86,377090.0,1991.05,1.425435665,15.79559664
8352,1.93,344099.0,1510.41,2.300871694,15.86802148
8353,0.5,250447.0,1848.96,2.223747808,13.1708034
8354,1.62,352057.0,1264.93,0.814055593,13.39679182
8355,1.34,140343.0,888.3,2.263124523,16.9154091
8356,0.89,176565.0,1829.59,2.378447089,13.97164178
8357,1.24,157299.0,1824.65,3.649485739,14.29294201
8358,2.04,360487.0,2295.67,1.885686738,13.93908884
8359,6.17,360072.0,1255.34,1.115738647,13.95439847
8360,1.28,379401.0,1724.35,0.912781177,15.72045062
8361,1.03,253759.0,708.78,0.062401673,15.09926478
8362,1.99,150530.0,1301.21,0.611061691,17.4524958
8363,2.04,398698.0,1909.71,4.411753053,14.82673607
8364,1.24,159608.0,1977.51,1.277414462,14.72862126
8365,1.49,384948.0,1795.3,0.917965311,15.78607324
8366,1.6,137282.0,742.68,2.613658,17.60501434
8367,0.94,364035.0,1567.33,3.182426065,15.85651187
8368,2.36,154288.0,1677.69,1.391757774,16.24926908
8369,0.46,367556.0,2048.85,2.630703416,12.39255778
8370,1.31,344182.0,2216.83,4.30777657,13.58935311
8371,2.61,352407.0,1857.2,0.696397205,12.9819251
8372,0.96,252594.0,808.72,0.830733359,15.32054728
8373,0.19,159236.0,607.01,3.300553826,15.25635484
8374,1.91,336986.0,614.16,3.731861621,14.87582203
8375,2.17,362783.0,2243.58,1.751649468,13.57658118
8376,0.66,145070.0,1258.09,2.104617974,16.15948161
8377,1.75,369298.0,2191.78,2.469709746,16.94016368
8378,1.79,390651.0,1749.04,0.691954469,16.11831867
8379,1.91,149017.0,1906.99,2.551448604,15.65643387
8380,1.96,342217.0,1560.37,1.121181815,13.94120248
8381,2.38,381354.0,920.26,0.616660238,16.2645525
8382,2.42,141004.0,1394.95,1.755358531,14.20665973
8383,0.83,355164.0,2224.76,4.717044252,15.1662338
8384,1.53,255184.0,2223.7,0.894873156,14.04640576
8385,1.97,264174.0,1986.02,1.539356739,14.73088961
8386,1.23,145033.0,1411.14,0.928032655,15.78724606
8387,1.46,380744.0,931.89,1.540381,12.90364086
8388,1.43,371114.0,2318.75,1.58961261,15.89605844
8389,2.85,238678.0,2379.53,0.707250202,13.28758505
8390,0.89,155429.0,1799.72,4.499786919,15.53859652
8391,1.46,365236.0,2353.76,2.908484319,14.67210286
8392,1.6,250293.0,2352.92,1.532874426,13.53326012
8393,1.01,351258.0,1992.14,1.080296656,15.65169557
8394,1.12,361965.0,1862.65,2.730897616,13.82029062
8395,2.47,147274.0,1160.98,1.307641859,14.77219258
8396,2.63,249428.0,2038.25,1.833239149,15.87778627
8397,1.37,154095.0,621.41,0.876957743,11.96881006
8398,0.87,139610.0,1973.22,2.672995138,15.0713575
8399,0.52,347006.0,1695.94,1.622999108,11.41712627
8400,1.16,356980.0,1834.79,1.547523977,14.073739
8401,2.19,179287.0,1635.89,2.807169795,17.13373419
8402,1.74,154362.0,1775.87,1.686112769,16.80427541
8403,1.31,338045.0,645.65,2.270241616,15.67961443
8404,1.56,334216.0,1883.3,1.395476869,15.18458093
8405,0.67,388864.0,1808.17,3.926169658,14.51983879
8406,1.23,261307.0,780.16,1.171812475,13.46037723
8407,1.33,145805.0,753.78,2.312402972,13.98199463
8408,0.88,357748.0,1883.64,4.304358286,14.55423117
8409,2.14,330852.0,1539.74,0.52245849,13.1840448
8410,2.71,360910.0,1154.6,2.100304873,14.47732386
8411,2.57,132186.0,1759.15,2.75650656,15.75899376
8412,1.57,249811.0,2191.1,1.818648216,13.4809591
8413,1.15,373939.0,1102.02,2.00824721,15.59849824
8414,1.44,278496.0,1898.99,1.377904825,13.99515198
8415,1.25,147805.0,1932.06,1.034491767,15.65407038
8416,2.25,259085.0,1876.97,2.972304516,15.67625083
8417,1.23,154122.0,995.87,2.892537806,14.43504763
8418,0.87,363022.0,1740.22,1.41069009,14.26957519
8419,0.73,389460.0,1305.92,1.994395941,15.57041186
8420,1.0,173926.0,2121.84,2.193818225,15.91357334
8421,1.77,375164.0,2176.3,2.077935759,16.11060099
8422,2.14,157770.0,2209.0,3.808149815,15.52403353
8423,1.79,365121.0,2130.16,2.849254348,16.42161588
8424,0.47,135175.0,800.17,2.15496383,14.94262436
8425,1.27,136639.0,1708.75,2.728540397,13.37503886
8426,2.43,139269.0,1333.94,2.056234889,13.58347011
8427,0.83,149542.0,1104.37,4.103707063,13.86538603
8428,1.63,143194.0,724.24,1.607423584,15.97182541
8429,1.07,377958.0,1846.65,2.028119648,15.07084154
8430,0.89,150938.0,772.76,0.936378478,14.74722124
8431,2.35,127124.0,586.86,2.599135551,13.71466753
8432,1.55,171607.0,1859.24,3.380212079,15.56761486
8433,2.25,364885.0,1782.86,4.34700982,17.29948598
8434,2.41,363255.0,734.45,3.614649703,16.08840568
8435,2.38,254084.0,1897.38,4.17046707,16.0198324
8436,1.11,269457.0,946.7,1.660349397,12.79508141
8437,1.73,268020.0,909.29,2.357765318,17.0745044
8438,0.42,127897.0,984.2,0.803544507,11.63504638
8439,2.25,377864.0,1947.36,2.338970764,15.78580786
8440,1.75,138464.0,843.31,2.347420435,16.53461937
8441,0.71,175665.0,2060.33,2.493974924,16.76281788
8442,1.18,364229.0,687.25,4.669923495,13.57183538
8443,0.52,373946.0,1367.8,3.378351351,16.65772554
8444,2.31,374014.0,2220.52,2.187123558,15.99678409
8445,2.15,339145.0,1848.67,2.198116017,16.51370762
8446,1.6,256323.0,2543.1,2.390987616,16.29068563
8447,1.09,362216.0,1558.06,3.631499785,14.52550692
8448,1.36,381407.0,1437.8,3.06054057,14.91658244
8449,1.06,146423.0,2350.72,2.033849336,15.23237195
8450,0.97,270064.0,889.04,1.973063019,12.32632463
8451,1.76,255180.0,2671.07,1.065189423,16.23593636
8452,2.1,167831.0,1780.17,2.885965442,15.19643928
8453,1.72,140986.0,923.49,4.49713689,17.04371066
8454,0.76,256593.0,2445.78,1.539671221,14.11866309
8455,1.43,378374.0,1930.3,2.06432398,16.61552219
8456,1.19,379925.0,1314.38,2.193104347,15.03902991
8457,0.81,252908.0,2618.24,2.189139231,15.84814676
8458,2.44,389670.0,1849.82,1.928524229,15.28388177
8459,0.82,401119.0,2032.21,2.797644814,16.07525309
8460,0.99,271123.0,1448.21,1.141286149,14.30170169
8461,2.12,250676.0,1032.07,2.075030886,14.19677561
8462,1.1,385085.0,879.94,2.297200132,13.44493179
8463,0.99,373962.0,643.09,1.433777455,16.03259744
8464,2.14,347907.0,2053.34,1.338266527,15.67419951
8465,0.97,388434.0,1435.03,1.856826356,15.74818085
8466,1.5,376707.0,2087.79,1.062172631,12.08951238
8467,1.38,244925.0,2244.21,3.11981963,12.83673979
8468,1.71,365927.0,974.24,3.485310713,16.00570509
8469,2.11,129575.0,699.88,0.572726522,16.77139803
8470,1.87,374586.0,2322.87,0.862507284,15.17753861
8471,1.03,384340.0,2151.86,3.64046182,15.80651271
8472,1.19,255389.0,1929.18,2.2134695,15.15911363
8473,1.95,157511.0,1405.52,4.544008792,15.58648145
8474,2.07,367526.0,1128.94,2.047118493,15.68902741
8475,5.03,252041.0,2771.46,2.218669936,16.28951673
8476,0.0,385844.0,1878.59,1.053786464,15.3841231
8477,1.56,130755.0,1553.87,0.784919485,15.23677474
8478,0.63,276247.0,2417.44,3.657243036,15.19674949
8479,0.59,140825.0,1817.69,0.897817379,13.88183218
8480,2.05,368889.0,1912.84,4.013439983,16.90099153
8481,2.35,382657.0,1780.46,2.634375459,13.65973152
8482,0.76,260267.0,1725.4,1.681515482,12.19482504
8483,2.18,193270.0,1833.11,3.296192751,15.48939748
8484,0.49,341546.0,2050.37,1.446936863,12.16487234
8485,1.4,157545.0,766.11,1.797053317,16.28030508
8486,1.61,140631.0,1885.12,1.409376229,13.32261313
8487,1.72,150574.0,1372.39,2.198925855,15.4622843
8488,1.82,358232.0,1518.12,1.453272331,14.02745527
8489,2.37,249218.0,2000.28,1.895027614,16.76485755
8490,0.28,363037.0,2285.41,0.312971795,15.85576687
8491,1.46,161069.0,2315.47,2.919959664,15.18071132
8492,1.64,159550.0,1046.48,2.687899805,16.76287441
8493,1.2,138447.0,694.83,3.603566833,15.66862072
8494,1.26,364249.0,1843.09,4.530838013,15.63509376
8495,1.49,372698.0,1193.92,1.063920524,15.51049383
8496,1.39,386375.0,1932.86,4.430595167,15.41353265
8497,2.18,235106.0,684.03,1.638021412,13.0978748
8498,2.05,149501.0,1865.35,1.595080743,13.81794264
8499,0.74,368336.0,2630.68,1.740061117,15.35439783
8500,1.6,247521.0,1253.68,2.398831259,13.6096928
8501,1.27,144954.0,1824.06,1.794787966,15.50683517
8502,1.51,380894.0,2382.9,2.110328227,15.12202554
8503,2.36,151418.0,1575.47,4.622076621,12.70184559
8504,0.95,259323.0,1038.22,-0.211747929,15.33343176
8505,0.79,149289.0,2427.93,2.284060858,13.88940186
8506,1.76,375285.0,747.11,2.329469237,16.54065555
8507,2.43,371007.0,2479.67,4.471808039,14.3884049
8508,0.86,371794.0,1722.87,0.979900184,15.03142533
8509,1.93,255517.0,1871.21,1.10409193,14.46607979
8510,0.93,368799.0,2017.27,3.740286947,17.57933828
8511,0.0,401119.0,586.86,2.299555897,15.42169519
8512,2.5,364728.0,1939.6,1.235847402,14.79594596
8513,0.8,247151.0,1741.93,2.356764228,14.92541265
8514,2.06,347634.0,1089.53,2.46044863,15.19764194
8515,0.69,367448.0,2468.66,0.99910305,15.94721083
8516,1.32,364723.0,1524.0,-0.269443514,15.33971583
8517,1.83,252939.0,1734.78,4.160091273,15.29025375
8518,1.66,380022.0,2327.94,1.793207722,15.00176873
8519,2.05,354018.0,2522.59,2.25419905,14.94444162
8520,1.5,124368.0,1335.45,1.649089959,15.00917392
8521,1.28,162298.0,1723.81,1.329531618,13.32298135
8522,1.04,269550.0,1557.78,1.468995868,15.93606889
8523,1.22,374990.0,1627.66,0.94697324,13.80979859
8524,0.94,377442.0,2032.66,1.620929007,15.71659358
8525,1.05,374189.0,1978.33,0.794587655,14.05377948
8526,1.41,258632.0,2208.79,3.307293312,13.3977225
8527,1.31,386402.0,2435.19,1.666245024,13.30894515
8528,1.21,249280.0,781.15,0.250890562,15.39180561
8529,2.68,125056.0,2160.06,2.050606392,15.94466056
8530,1.86,367374.0,790.31,1.065824053,13.05584549
8531,1.44,257881.0,2205.36,2.236734424,12.88755331
8532,0.37,165966.0,1904.0,2.907415479,14.87537508
8533,1.94,383250.0,1109.44,1.095601697,16.88463358
8534,0.85,374559.0,1772.84,4.070373233,13.68380811
8535,0.85,259091.0,1844.14,0.9033647,13.56821331
8536,2.22,163889.0,862.02,0.954916057,15.86327995
8537,1.31,273547.0,1871.64,3.65831908,15.928762
8538,1.78,125330.0,1714.26,1.588335141,15.48696711
8539,0.93,386429.0,2457.79,3.760875652,16.22556401
8540,2.26,375222.0,1185.3,0.804505385,16.0192282
8541,2.11,377337.0,1748.69,-0.218845688,15.72672554
8542,1.34,370415.0,1548.49,1.739846721,14.75139236
8543,2.93,353433.0,1896.49,1.062803705,15.32696728
8544,1.72,374025.0,2546.09,2.306380832,14.23782762
8545,1.01,257931.0,2290.0,1.05321163,15.05795359
8546,1.71,387879.0,1885.04,1.625897297,14.10234044
8547,1.61,372005.0,1621.98,2.433568667,14.95749439
8548,1.06,387379.0,1561.28,4.567505722,13.68427584
8549,1.06,144159.0,2563.14,2.90662909,16.76206641
8550,0.48,357695.0,3003.32,2.123971606,13.30001839
8551,1.15,278923.0,1604.57,1.961572165,15.44311806
8552,1.04,268866.0,1826.42,4.013057367,13.2220855
8553,2.05,396205.0,850.22,1.79655979,15.88804432
8554,0.7,383923.0,1213.24,2.250301475,12.90222037
8555,2.3,140694.0,2030.86,2.756154191,13.52154605
8556,1.58,146692.0,1780.35,1.189334678,15.49902776
8557,1.6,349501.0,2210.01,1.815930707,14.4814353
8558,2.09,254735.0,2211.36,3.578173404,15.49799545
8559,1.0,270823.0,2154.05,4.085660229,16.64417589
8560,1.55,237723.0,1891.8,0.733270307,16.54630203
8561,1.25,243641.0,1868.82,4.723531885,16.15003202
8562,0.5,253445.0,1736.28,-0.14775491,16.06214669
8563,0.59,382487.0,1476.12,1.403706862,16.1628086
8564,2.67,247615.0,1911.39,0.688112475,14.25381609
8565,0.27,149531.0,747.36,0.809200698,16.85011483
8566,1.43,252158.0,2210.13,1.881278758,16.753901
8567,1.15,375397.0,1921.67,1.424345153,15.30170177
8568,0.96,150485.0,2389.59,2.163156873,14.14511792
8569,2.81,277602.0,2343.91,2.83039796,13.42034391
8570,1.28,262631.0,1751.31,1.813189026,15.63058551
8571,1.21,352850.0,789.1,2.141373081,15.73119781
8572,1.66,358453.0,2282.4,3.513781986,15.44377845
8573,2.11,371895.0,2260.21,0.309700127,13.62102802
8574,0.53,363278.0,1757.91,0.614450719,13.66606585
8575,1.84,163156.0,1820.18,2.332675359,12.71057505
8576,0.84,155643.0,1055.12,2.005024917,12.32469918
8577,2.12,381917.0,2278.64,1.223609019,13.78051905
8578,0.87,239507.0,2165.55,3.077730536,15.12219189
8579,0.06,160435.0,2353.94,1.687812771,14.54360441
8580,1.72,264943.0,1977.87,1.782620917,15.20888295
8581,2.17,367571.0,2560.74,1.527329035,15.5569556
8582,1.43,363992.0,1745.17,1.829748421,15.44120987
8583,1.87,377578.0,2056.16,1.49964591,15.39815914
8584,1.93,159409.0,1858.7,3.885177429,13.06519588
8585,2.6,346399.0,2190.89,0.176491925,16.15643443
8586,0.68,375992.0,1184.91,1.567721822,15.54395988
8587,2.39,133284.0,1067.98,2.713959192,14.75767687
8588,2.03,137786.0,2085.77,3.497354697,15.61924682
8589,1.91,376673.0,827.75,3.28748272,16.31668639
8590,2.43,379862.0,3047.82,3.815788029,16.32596631
8591,2.0,263128.0,1309.28,2.784935477,15.5252484
8592,1.86,348309.0,1150.06,1.923705977,13.04196221
8593,1.06,241609.0,1490.68,1.7617551,14.77754791
8594,1.04,147081.0,2421.55,1.213804151,13.26025739
8595,0.88,143666.0,1989.85,3.763739707,16.71644393
8596,1.77,377668.0,1447.09,1.785186125,16.26742822
8597,1.36,385429.0,2620.21,4.751130813,16.77174841
8598,1.43,369359.0,2288.85,0.836484319,17.12793799
8599,2.01,372008.0,1892.47,2.892210697,15.67041175
8600,1.68,134990.0,1431.4,4.667897016,13.05738294
8601,1.19,148488.0,1709.96,1.681773852,15.86521551
8602,1.23,366134.0,751.03,3.214114623,14.92590576
8603,1.77,263458.0,2630.75,1.483104771,15.7055816
8604,0.0,135279.0,1953.65,0.231969601,15.61313103
8605,1.43,147988.0,2568.45,1.797654535,16.36829704
8606,1.13,374124.0,1681.31,2.55688106,14.61010466
8607,1.58,251777.0,820.57,1.527465277,12.96796288
8608,2.12,261989.0,1892.98,1.666835945,13.41227446
8609,1.23,354857.0,1061.49,0.869386881,14.57534795
8610,1.7,388620.0,1827.0,2.385517216,16.70265676
8611,1.76,368821.0,2274.66,4.849619465,16.52666932
8612,1.83,167298.0,1818.96,3.749232117,16.50122916
8613,1.85,376880.0,1839.11,1.210045698,15.45833395
8614,1.97,251925.0,2591.2,3.641151232,15.11875184
8615,0.9,135096.0,1945.05,1.866558715,13.98400445
8616,1.48,160430.0,1906.05,1.754488754,14.65053771
8617,1.85,131644.0,1035.27,1.062062925,15.24412119
8618,1.36,150965.0,1695.92,3.442454795,14.72589805
8619,2.1,381714.0,2128.02,3.454819438,15.17874898
8620,1.55,389136.0,1969.27,1.752080631,14.94432207
8621,1.82,376171.0,1092.69,2.305957884,14.71767304
8622,0.18,158674.0,1502.68,2.789101596,15.86271874
8623,0.75,358806.0,1286.12,0.459277174,14.65196237
8624,2.17,370705.0,1438.88,1.646585028,15.30658235
8625,1.32,281897.0,1063.89,1.223528765,16.76446104
8626,1.34,348429.0,2290.05,0.804902604,15.03215994
8627,1.81,266246.0,1390.89,4.0619763,14.85238043
8628,2.4,156611.0,1968.18,1.532982156,17.6361135
8629,1.99,267949.0,2490.96,1.583057545,15.05923763
8630,2.56,372218.0,1784.62,3.290634651,15.97969616
8631,2.2,236562.0,945.59,1.990432888,15.66497982
8632,2.06,128319.0,2499.97,1.671364139,16.78054277
8633,2.19,384660.0,2655.05,2.187900385,13.17473353
8634,2.36,342879.0,2374.13,2.47289014,13.27226223
8635,2.25,261270.0,1980.5,1.769477292,16.51664579
8636,1.83,386774.0,2146.36,1.164165788,15.62449205
8637,0.79,365072.0,1617.97,1.568638165,15.92183433
8638,1.74,392304.0,694.19,3.428000511,16.36261479
8639,1.55,243341.0,836.95,4.519292912,15.72072882
8640,1.73,359811.0,875.26,2.502989313,15.84366583
8641,0.83,378467.0,1394.15,4.088581316,14.61757685
8642,1.16,356063.0,1817.6,3.650817068,14.74911834
8643,1.54,370730.0,2122.79,1.762825589,15.39413527
8644,1.5,356091.0,1654.26,4.084251759,15.53924855
8645,1.37,269705.0,1941.76,1.445958982,15.23243618
8646,1.75,271903.0,2528.39,1.383038368,15.80649653
8647,1.82,156899.0,1398.51,4.680166946,16.85158045
8648,1.55,114947.0,1740.92,4.560095777,15.47162943
8649,1.94,348574.0,1132.75,2.329721418,16.07031799
8650,1.46,371094.0,1809.79,3.831415135,15.26983066
8651,1.81,340341.0,1616.65,1.289497802,13.9202523
8652,1.84,127488.0,1880.85,1.477845549,16.3493209
8653,2.47,162446.0,1894.94,-0.326393035,13.2112259
8654,1.18,140700.0,1845.9,1.598185948,14.87563166
8655,1.91,262694.0,1047.04,1.741215103,15.80757079
8656,0.49,270973.0,1313.97,2.599446568,15.42024417
8657,0.46,256476.0,1776.3,1.544727055,15.54469272
8658,2.07,361972.0,1930.07,1.069516605,16.81740701
8659,1.97,246180.0,1926.26,1.390994581,15.20107119
8660,1.18,361891.0,1430.59,2.445279671,15.18891252
8661,1.73,270907.0,1789.77,1.780286344,15.59049778
8662,1.23,162909.0,1962.43,1.88189579,17.15272604
8663,1.25,245126.0,2453.99,1.544328872,13.51205102
8664,1.66,376686.0,2603.14,2.08079512,15.54763683
8665,2.1,161189.0,1816.31,1.667879103,16.56018085
8666,0.33,391276.0,962.26,1.503717327,17.07020943
8667,2.02,337748.0,586.86,2.624517083,16.50383277
8668,1.31,280654.0,2346.63,0.783055531,17.45389733
8669,2.07,367789.0,1631.27,1.425892089,16.05259259
8670,2.04,382812.0,1512.89,1.705195606,15.71709085
8671,1.88,169202.0,2052.93,2.073959545,14.73682915
8672,2.67,155513.0,1797.58,2.355423281,13.77499739
8673,2.92,255769.0,1976.9,0.703065902,16.37680468
8674,1.29,170769.0,2076.75,0.444009387,15.26379644
8675,1.97,252032.0,1524.76,3.532169254,12.9781879
8676,1.67,256715.0,2059.65,4.247780522,13.62649347
8677,1.63,378174.0,632.78,2.080158847,13.11391331
8678,1.73,153640.0,1258.23,1.396370992,15.49390265
8679,2.23,369047.0,1799.24,1.036412795,15.58143417
8680,1.56,280427.0,1837.06,1.148693506,15.19187763
8681,1.07,163774.0,2511.07,2.917442021,17.29531842
8682,0.99,345207.0,1933.13,1.593499663,12.67786464
8683,1.04,334635.0,1356.11,1.842318795,16.16305801
8684,1.7,371034.0,1057.19,2.006756016,13.99416388
8685,1.72,351107.0,1300.83,2.496997525,16.1220061
8686,2.05,156293.0,1876.21,3.421643942,15.69936463
8687,1.34,350116.0,1443.19,2.76810243,15.97836728
8688,1.85,355724.0,665.68,2.029239669,15.71766646
8689,1.14,132918.0,1353.03,2.955560164,13.39436019
8690,1.47,136783.0,1302.83,0.613503575,13.31500385
8691,1.35,155908.0,1267.93,1.870552173,13.65481979
8692,0.16,145772.0,1817.47,3.81063849,15.66378785
8693,0.75,141013.0,1294.75,1.181662577,15.35981618
8694,0.95,372369.0,783.89,2.630324541,15.87147904
8695,1.07,281453.0,1489.78,2.899492981,12.69520053
8696,0.64,359112.0,1839.2,1.601812838,16.21916521
8697,1.97,279140.0,1121.06,3.012101749,16.88059154
8698,1.38,143590.0,804.89,1.607308779,16.94281341
8699,1.81,143711.0,785.52,1.64629635,14.78176156
8700,1.09,365874.0,1905.54,1.872535589,14.9349047
8701,1.9,356700.0,2315.85,2.260545649,11.56834988
8702,1.4,276694.0,1961.77,3.336830019,16.24245627
8703,1.67,371882.0,725.89,1.152691862,17.73027397
8704,0.62,367550.0,1457.03,1.44279375,16.28745454
8705,1.57,354398.0,1249.9,2.244296304,12.76344632
8706,0.81,375494.0,1720.26,4.851466534,16.20982044
8707,1.19,388979.0,1991.03,1.063757957,14.94012524
8708,1.49,390296.0,662.9,2.121405945,16.46838644
8709,1.61,153358.0,1786.37,2.215107499,15.91275147
8710,0.55,266406.0,1648.04,2.902424489,14.39678528
8711,1.69,160698.0,1801.63,1.357378922,16.35498114
8712,1.85,359474.0,1941.7,1.020386972,13.74035407
8713,1.6,353112.0,1802.07,3.576966689,14.06114085
8714,1.11,270267.0,1530.24,0.077765123,17.30707034
8715,1.46,392647.0,1789.19,4.480567944,15.42863284
8716,0.89,365915.0,2388.18,1.687552874,13.85651888
8717,0.85,358325.0,769.42,1.983879291,14.42828951
8718,0.86,140349.0,1893.29,1.994987593,15.68526694
8719,0.82,375154.0,704.57,2.335862834,16.72632559
8720,0.88,134641.0,774.82,2.115087222,13.10805778
8721,0.92,389976.0,1242.26,2.075317317,17.41809381
8722,1.64,382276.0,1841.72,1.300022985,16.52986934
8723,2.38,265602.0,1046.37,3.027147823,15.8227059
8724,0.62,139335.0,2102.99,1.798336614,13.54950252
8725,1.65,339467.0,2199.13,0.286752388,14.93521137
8726,1.7,381426.0,1281.73,1.195234876,15.7122268
8727,1.98,163230.0,1800.17,3.214758198,17.14435325
8728,0.56,189332.0,1049.58,1.063064506,15.02850683
8729,2.87,142286.0,2553.69,0.937425798,13.78166278
8730,3.22,131120.0,1879.0,3.771366698,16.76392735
8731,1.57,276825.0,807.82,1.235862082,16.0300288
8732,2.61,369444.0,2594.85,3.071796389,16.17616792
8733,2.05,370159.0,946.51,3.069864219,13.29755501
8734,0.62,380498.0,712.96,3.963135012,16.79811729
8735,2.07,237643.0,1308.5,1.70735999,15.69435505
8736,0.45,254008.0,808.14,3.025806017,15.7348663
8737,1.1,373904.0,2333.24,2.077361691,16.19772569
8738,1.15,153799.0,1501.2,1.470492795,16.08759817
8739,1.39,365287.0,1600.84,1.373527999,16.10747608
8740,1.87,262772.0,1798.78,4.41138415,13.13919049
8741,0.89,152093.0,1643.7,2.05241132,16.16349889
8742,1.17,385269.0,1825.0,2.432412817,14.6777588
8743,1.4,263257.0,1878.35,2.659736222,16.59494384
8744,0.3,269668.0,1970.71,2.764171165,15.9039517
8745,0.62,358520.0,1771.7,2.09984942,14.7518009
8746,1.35,343024.0,1854.28,2.629779159,14.90597178
8747,0.39,373385.0,1893.34,2.944467886,13.27974834
8748,1.01,257311.0,2226.77,1.924553448,15.73729714
8749,1.63,265082.0,1054.01,1.971708885,15.42918446
8750,1.05,241099.0,1740.73,2.05176777,15.96413736
8751,1.32,267926.0,1638.2,2.499317892,12.09716117
8752,0.58,358335.0,1789.9,0.987813155,13.1706936
8753,1.79,368576.0,1816.76,3.603197035,15.38978116
8754,1.26,362255.0,1348.66,2.869712794,13.35710043
8755,1.18,381749.0,1965.89,1.025298415,12.5008124
8756,1.4,136694.0,1318.5,4.585848968,13.27937604
8757,1.48,380688.0,2235.5,2.065494509,16.88726737
8758,2.47,380239.0,1125.24,2.994595901,15.39088357
8759,1.47,252584.0,1331.93,2.010456658,14.98460996
8760,0.39,367345.0,884.64,3.141968877,15.98903885
8761,1.64,362526.0,1256.54,1.666094696,11.51942592
8762,0.91,253012.0,1366.8,2.171400066,15.40428861
8763,0.77,269889.0,2582.75,2.845804746,15.59645169
8764,0.41,378266.0,1848.59,3.334184747,15.63917162
8765,1.48,369556.0,1170.21,3.111224343,16.56012842
8766,1.0,383906.0,1633.41,2.110616793,15.7859225
8767,0.72,376052.0,1923.75,3.521127426,16.34389491
8768,1.59,145503.0,1792.14,4.489890307,15.39415072
8769,2.25,384640.0,1817.78,4.03002043,15.49775566
8770,1.77,376130.0,2191.1,0.512638342,14.83832083
8771,1.24,386712.0,1924.95,3.524279099,15.63416477
8772,2.72,378278.0,2065.89,2.368354919,14.33810336
8773,1.3,250879.0,2068.74,1.841291854,16.73833228
8774,0.68,239845.0,1833.56,2.063679366,15.52941356
8775,0.28,267737.0,1999.78,1.273841463,12.89264122
8776,1.77,132303.0,2443.36,4.432979571,15.85539556
8777,1.13,383605.0,1540.53,2.627921076,16.02920955
8778,2.94,374019.0,1853.33,1.678152384,14.76692431
8779,1.44,144800.0,1820.41,1.486284497,17.28139002
8780,0.53,172943.0,2436.25,4.46196986,16.56472625
8781,0.35,379049.0,898.79,0.944203674,13.02178515
8782,1.02,361631.0,1285.64,0.777047905,16.5464151
8783,0.88,356511.0,1770.51,3.583285288,16.35996548
8784,2.31,132235.0,1968.47,3.454722467,13.41681838
8785,0.59,358820.0,2207.37,1.985634837,13.54135674
8786,1.62,370409.0,1888.29,0.95759179,12.95271393
8787,1.33,157424.0,2391.28,3.324463583,15.95711002
8788,1.87,349441.0,1190.3,2.634573011,14.3282635
8789,0.84,157722.0,2416.65,1.641877241,13.45807935
8790,1.7,356659.0,1582.35,3.908381863,15.49839608
8791,1.18,354837.0,1385.13,1.577413999,15.08554924
8792,1.17,134916.0,1895.21,1.040446272,17.15941962
8793,2.05,146885.0,1508.8,2.73829419,15.62748258
8794,1.96,384801.0,2083.01,3.644384491,13.94204626
8795,1.01,243035.0,1422.23,1.331820928,17.38354843
8796,1.02,120566.0,913.74,1.614228227,15.73384647
8797,1.21,141517.0,1877.08,2.485151751,13.76572198
8798,1.26,145715.0,990.11,3.752045667,16.63595883
8799,0.89,136323.0,1087.73,3.392290244,16.88519733
8800,1.6,124564.0,1457.99,1.422854079,15.78229025
8801,1.66,250990.0,1715.17,2.881664971,13.85365688
8802,0.58,401119.0,2580.55,2.795203329,15.38693202
8803,1.72,345445.0,1733.8,0.776235773,15.3454369
8804,2.01,162505.0,1572.75,0.993603944,15.63903013
8805,1.26,356011.0,1870.79,1.978734429,13.88666416
8806,1.24,236124.0,1947.49,2.381690853,15.37850012
8807,1.56,130643.0,2591.64,3.318609377,14.98884908
8808,0.66,143551.0,1957.11,3.069976384,15.76593618
8809,1.73,368386.0,1994.79,1.281937047,14.72810755
8810,1.64,249188.0,1730.33,4.032064847,13.89920633
8811,0.82,268938.0,1220.3,4.71430962,16.65892411
8812,0.76,389993.0,1805.76,2.860983455,16.63873931
8813,2.04,352240.0,1442.35,2.745027592,15.8677125
8814,2.4,379490.0,668.44,2.824519938,15.5707118
8815,2.22,356577.0,1787.66,2.203769385,16.10808409
8816,1.43,378331.0,1218.58,1.633204576,16.07029101
8817,1.89,276421.0,1874.78,2.382870944,15.97624896
8818,2.4,220468.0,2327.73,2.898497461,16.37971236
8819,1.14,397800.0,622.84,1.146576918,15.81696327
8820,1.03,144638.0,1314.35,1.897811064,13.04902511
8821,0.97,157157.0,1958.54,1.664813165,16.52802549
8822,1.65,383028.0,2524.52,1.247753765,16.36612738
8823,0.93,386589.0,2803.57,2.156591796,16.70188983
8824,1.91,379496.0,1277.37,0.748859659,16.08672118
8825,0.84,152441.0,1587.54,2.061491394,16.51891986
8826,0.48,400979.0,1820.75,3.565010178,15.50772219
8827,2.49,152365.0,843.17,1.746308147,13.61979073
8828,1.74,272143.0,2606.77,2.147815744,15.48927989
8829,0.99,156937.0,923.25,1.262449663,14.27714209
8830,1.77,136181.0,2208.04,1.295706257,14.54528056
8831,2.32,353431.0,864.47,1.681497858,15.57356961
8832,1.99,150777.0,852.63,1.896847905,15.44461423
8833,1.34,277336.0,1391.53,2.228370483,14.2467583
8834,1.41,269974.0,1882.99,2.069872425,16.12838658
8835,0.98,361292.0,2346.57,1.921031363,13.38559244
8836,1.92,273622.0,2386.29,4.109909159,14.79275726
8837,1.53,365835.0,1363.8,3.477911063,16.81103114
8838,0.0,366827.0,1555.98,2.984692694,15.77744954
8839,1.72,391592.0,1760.91,1.536398762,15.47879548
8840,0.75,255093.0,1327.46,1.895062443,14.96260912
8841,0.97,357998.0,1958.25,3.010787478,14.59218665
8842,1.09,133460.0,1939.56,2.610825259,14.49276247
8843,1.42,145254.0,1751.17,2.276081405,16.60100199
8844,1.59,141453.0,1971.35,1.385451926,16.89774002
8845,2.07,285623.0,1829.12,0.918614479,16.44137132
8846,1.49,377551.0,2348.98,3.149265094,15.95560434
8847,1.5,360571.0,2218.62,2.651113912,15.73550277
8848,0.84,343595.0,1767.18,1.232275334,14.57620808
8849,0.7,119756.0,681.51,1.083465908,14.30515815
8850,1.83,369105.0,1802.24,2.072305827,15.50876433
8851,0.84,138422.0,1436.75,4.894537878,15.20726533
8852,1.09,148864.0,1982.6,1.931316162,14.23109099
8853,1.61,385462.0,1470.07,2.200644145,15.60671773
8854,2.65,150462.0,1088.21,2.120509839,14.52192332
8855,2.17,400419.0,1449.45,1.300742669,14.70211537
8856,0.61,357010.0,1957.32,1.878441749,11.2583727
8857,1.68,336509.0,1881.14,1.603618698,15.66989853
8858,1.29,386719.0,1802.74,1.639242768,14.06965439
8859,2.16,277889.0,1317.96,1.69847181,15.91775316
8860,1.69,148789.0,1926.61,1.980205444,13.68140833
8861,1.82,124241.0,1840.8,2.56024247,16.38910029
8862,0.83,369221.0,1860.16,1.37796108,16.41008532
8863,0.63,361458.0,1192.98,2.585800865,14.39980591
8864,1.25,264296.0,2341.17,3.188797537,14.46029108
8865,1.3,242298.0,1455.16,2.137651685,11.68570961
8866,1.78,356839.0,1555.62,2.935800252,12.59084286
8867,0.56,364545.0,1860.38,1.542866499,15.13125748
8868,1.63,380075.0,2560.03,1.511863711,14.3551402
8869,1.81,368797.0,1802.02,2.742576338,15.39017264
8870,1.11,392650.0,1970.14,2.086653125,14.42231969
8871,1.84,351016.0,968.19,2.017140294,15.16470781
8872,1.49,345903.0,1960.36,1.647890465,15.56298268
8873,1.36,132307.0,1477.37,1.829001712,15.39656276
8874,1.35,142206.0,1752.08,1.228368996,11.66439634
8875,2.89,369362.0,1830.63,1.5880861,15.92247742
8876,0.47,363143.0,1166.88,2.249605517,16.60372209
8877,2.6,159535.0,1454.41,3.332164031,17.58930904
8878,0.99,151690.0,2606.92,2.247929716,13.80799052
8879,2.3,360111.0,2263.34,0.840358389,15.74455273
8880,2.0,359531.0,1889.62,1.55105819,16.40487448
8881,1.48,260375.0,1056.63,1.720592384,16.81111232
8882,1.74,389117.0,1746.64,-0.272036563,14.84967913
8883,1.08,393913.0,943.19,4.056047789,14.12998904
8884,1.24,374635.0,922.4,4.711161309,16.79716168
8885,1.71,371782.0,756.63,1.882491641,16.26002234
8886,1.4,356936.0,1515.35,1.702269248,13.25969458
8887,1.96,252415.0,1363.73,3.219304272,13.94156809
8888,0.94,384110.0,2367.29,1.438061562,13.74488501
8889,1.44,371326.0,1243.59,1.233822183,11.44980783
8890,0.2,290181.0,1902.65,1.619717193,16.24824318
8891,0.75,379120.0,2696.41,1.544332592,16.3120529
8892,0.85,163056.0,945.48,2.791340124,13.09395235
8893,1.17,147154.0,1993.74,1.967368057,14.07148578
8894,2.37,382331.0,1881.77,2.875141318,15.60410513
8895,0.97,378656.0,2481.87,2.324360713,16.05771558
8896,1.33,260180.0,2570.86,2.632456596,15.62145619
8897,2.14,382128.0,1938.58,2.742769498,13.77220569
8898,1.38,401119.0,2765.31,2.606840318,16.40078481
8899,1.41,339488.0,2037.26,1.939205843,14.77609318
8900,0.6,348261.0,711.51,4.329816936,16.15162184
8901,1.02,244950.0,2281.69,1.304610009,16.55899192
8902,1.87,352478.0,1100.25,2.410807381,14.97449562
8903,2.91,369492.0,1395.2,2.907308513,17.05360317
8904,0.13,268752.0,1494.74,1.477617493,15.68425835
8905,2.19,350143.0,658.05,1.192911171,12.59364258
8906,1.21,150886.0,1785.33,1.285976352,13.22044948
8907,1.71,340718.0,1382.62,1.558018145,13.18397772
8908,1.2,248801.0,1537.29,3.262437344,16.55308093
8909,1.08,263120.0,1280.62,2.88449631,14.72163071
8910,0.41,157889.0,2106.83,1.44802628,15.71764151
8911,0.63,140252.0,1901.11,1.903702789,15.9199639
8912,1.83,161544.0,2319.77,1.42590251,13.36839343
8913,0.18,175662.0,1535.43,1.695444987,14.33947188
8914,0.73,376617.0,1469.37,2.040143177,15.56255577
8915,1.45,371131.0,2449.67,1.933001049,15.89836426
8916,1.78,371810.0,1406.76,3.76809514,11.97337599
8917,1.48,278944.0,1402.46,0.356672181,15.5227477
8918,1.02,155999.0,2392.85,2.138075644,16.04296434
8919,0.76,135753.0,766.67,1.757876133,13.59277175
8920,1.68,367094.0,1895.48,4.828128657,16.44883624
8921,1.48,374105.0,1976.48,1.910514194,16.35344637
8922,1.83,349302.0,2273.12,-0.229151337,15.90139838
8923,2.29,355341.0,1064.54,1.748941081,14.04829435
8924,1.1,149131.0,2492.26,3.144459101,16.39400633
8925,0.85,249581.0,1720.17,1.098983969,13.55799767
8926,2.98,168532.0,1969.01,1.210044186,16.6705039
8927,3.37,158048.0,1444.61,4.615009537,16.58071717
8928,1.59,250616.0,997.16,2.988992679,15.59489784
8929,0.84,371838.0,1888.58,2.368038161,13.92438224
8930,2.73,266243.0,2283.39,2.738169866,14.22627788
8931,2.24,165041.0,2503.18,1.609225347,14.31334153
8932,1.58,149578.0,1885.85,1.605553356,14.31206142
8933,2.99,349624.0,1822.32,3.351344237,16.14949935
8934,1.81,384741.0,1366.69,2.170730567,15.10640162
8935,1.86,342934.0,1138.69,0.9244584,15.51851124
8936,1.15,267915.0,1870.39,1.774437554,16.63883981
8937,1.42,377807.0,1715.16,2.012520312,15.82426818
8938,1.2,361217.0,1421.11,1.626473022,16.0038162
8939,0.76,383630.0,2519.57,0.79406624,15.81609803
8940,1.33,145237.0,2083.28,3.963634368,14.35477347
8941,1.54,355000.0,2247.06,1.111432495,15.27485839
8942,2.35,351876.0,1958.11,1.024974997,16.12585763
8943,1.16,373086.0,1755.42,1.272723997,15.86567803
8944,1.4,364117.0,1861.16,1.701500096,15.74515243
8945,1.42,364605.0,1796.04,1.568625208,15.35146921
8946,2.21,142109.0,1465.7,4.131101089,12.70014353
8947,0.93,367039.0,926.37,2.37350997,14.60930425
8948,1.0,369218.0,1983.95,1.18366451,14.96605786
8949,2.85,118695.0,1548.92,3.617474619,15.67840155
8950,0.07,348227.0,1841.54,4.324174887,15.23638984
8951,1.15,368930.0,1921.85,3.291719643,14.49828977
8952,1.2,144395.0,1479.87,2.958993013,16.36571018
8953,1.01,371884.0,2130.99,1.132964941,16.23381049
8954,2.25,372205.0,694.94,1.512185869,13.21558171
8955,2.01,262693.0,1263.76,1.740360153,17.7145853
8956,1.11,386105.0,1897.35,1.594805167,13.73606287
8957,1.48,142871.0,2097.49,0.404260964,13.51085648
8958,1.38,380617.0,1553.3,0.67021659,14.78877453
8959,2.62,377019.0,586.86,1.958150891,16.19193355
8960,1.78,261276.0,1937.74,1.744168221,15.69801888
8961,5.6,252330.0,586.86,1.472148423,15.84128029
8962,0.87,383935.0,2196.4,2.100088118,15.9029295
8963,0.63,124450.0,2295.19,1.794678655,15.51152359
8964,2.89,120701.0,1541.62,-0.205163346,15.69099949
8965,1.91,382862.0,2245.21,3.248402391,13.60202511
8966,1.76,152540.0,1283.47,0.743645158,15.57438686
8967,1.72,156379.0,1355.32,2.076848515,15.6315636
8968,0.61,158807.0,1878.78,1.841033761,16.00136057
8969,0.97,154725.0,2481.61,2.24083829,15.64075693
8970,1.66,153482.0,2439.16,3.869613341,15.74243255
8971,0.95,275572.0,985.65,2.178879098,15.70056944
8972,2.11,142230.0,1760.15,2.710786851,14.66640523
8973,2.11,277176.0,2511.26,1.540842125,14.44601571
8974,1.75,259268.0,1758.03,4.796581314,16.1672973
8975,2.13,355392.0,2043.82,0.791137056,14.99854055
8976,0.86,391711.0,2250.32,2.256812075,14.62574779
8977,1.67,147637.0,1022.5,2.108293356,15.52549102
8978,0.96,371317.0,1755.13,1.106603719,16.6955001
8979,1.84,365240.0,1775.19,1.856848644,14.46959404
8980,1.23,366390.0,2034.07,1.471124749,14.19538173
8981,0.99,160031.0,1247.21,1.856519067,16.72685462
8982,1.65,368089.0,1776.03,1.701236357,16.01287695
8983,0.75,379838.0,1949.93,1.535384432,16.17486142
8984,1.99,371268.0,1743.55,1.162286603,14.42970794
8985,1.82,156021.0,1801.35,2.087416002,14.02797819
8986,0.1,150838.0,2246.09,1.075896986,17.22135673
8987,2.48,344507.0,1730.86,1.955422464,11.30504773
8988,1.0,370365.0,1889.44,0.987249513,14.616093
8989,0.86,376758.0,1707.75,3.71341734,15.35367745
8990,1.28,349413.0,2080.42,1.488169749,15.43610866
8991,2.27,247269.0,1572.85,1.493376556,15.47437059
8992,1.15,129973.0,1810.66,1.06677177,15.35608686
8993,0.37,232658.0,2244.72,1.739223828,16.36525236
8994,1.82,246070.0,1791.29,1.558587438,13.70914037
8995,0.53,366496.0,2297.0,2.23606945,13.20782595
8996,1.28,369754.0,1705.94,3.523634059,15.09144403
8997,2.08,260597.0,1413.63,3.496519208,16.49367544
8998,1.68,391008.0,924.43,0.749790835,13.90542218
8999,1.48,378504.0,1926.83,2.616838818,15.6908455
9000,1.39,134611.0,1861.08,1.660511167,13.04643483
9001,0.63,370693.0,1937.89,4.382016107,13.73017334
9002,2.76,164777.0,1343.03,0.774536928,14.75717937
9003,1.29,355245.0,1442.26,2.214633855,13.55077896
9004,0.47,375535.0,2230.88,3.829286271,13.58046612
9005,0.4,269861.0,1743.88,1.525348196,14.89609524
9006,0.8,379181.0,2388.95,3.130276977,14.0348158
9007,1.88,146187.0,2001.33,2.258033312,15.75347866
9008,0.76,386419.0,1979.04,0.140547753,15.36667965
9009,0.94,171287.0,721.2,1.975707089,17.17389424
9010,0.52,135004.0,710.33,1.011428572,15.46639174
9011,1.84,366099.0,1890.08,2.244837585,13.63517979
9012,0.89,284010.0,1098.71,2.973804254,15.89121472
9013,1.06,374412.0,1904.09,3.922688431,15.37683439
9014,1.68,366899.0,976.51,3.768627075,13.61245182
9015,0.67,384686.0,1390.74,1.857555088,11.74865716
9016,1.57,159395.0,1858.9,2.087349789,16.43867046
9017,0.75,166886.0,1873.08,1.328852916,16.28017436
9018,1.1,374551.0,1540.79,0.717580204,15.89850138
9019,2.08,391757.0,1775.92,-0.098322285,15.57590105
9020,0.31,149451.0,2358.65,0.977609323,15.69678796
9021,2.9,362796.0,1746.55,4.44273837,13.37342741
9022,1.56,150453.0,982.25,2.000491095,15.42582312
9023,1.4,249808.0,768.49,1.303264599,16.16115036
9024,1.22,147745.0,1552.88,2.134637113,15.65944321
9025,1.64,130771.0,2221.8,1.565773983,15.37939582
9026,2.18,114993.0,1616.02,1.520647046,15.8349824
9027,2.08,156237.0,1596.38,2.022814419,14.91811135
9028,2.58,147588.0,1782.34,4.279609187,15.08365733
9029,1.86,368132.0,1297.71,2.348682965,12.8910061
9030,2.15,165601.0,1295.26,3.461938486,13.72003899
9031,1.1,148140.0,1894.01,1.320830727,14.99735938
9032,2.28,361116.0,2415.59,3.922257494,15.95933558
9033,1.72,343750.0,2671.63,1.81261727,15.93467631
9034,1.84,393711.0,1953.03,2.156880031,16.30553265
9035,1.81,386575.0,2329.38,3.17171138,14.48212169
9036,1.07,401119.0,1887.7,3.818484898,15.55694479
9037,1.2,160735.0,1633.9,3.074084838,15.25957216
9038,1.61,157628.0,1938.16,-0.163613743,13.82676623
9039,0.86,367623.0,2025.79,2.652138774,14.53094431
9040,1.36,355717.0,1509.92,1.747018954,16.01500875
9041,0.82,392032.0,1775.56,2.014306111,15.79184576
9042,1.32,388968.0,2263.89,-0.134424582,12.75578894
9043,1.4,149939.0,1923.61,1.677782725,15.57057298
9044,0.76,118616.0,2329.64,1.611486853,15.95908987
9045,1.9,344615.0,1766.13,1.731014084,15.64312325
9046,0.88,171026.0,876.27,2.065742363,16.44148522
9047,2.56,122762.0,2361.77,1.072682164,13.82125824
9048,1.05,168995.0,1031.97,1.11269803,15.54378703
9049,1.75,394354.0,2003.96,3.083129332,16.23450319
9050,1.17,134524.0,1499.28,3.700419634,15.96993482
9051,0.74,280871.0,874.72,1.382937774,13.55662456
9052,1.49,346319.0,2647.78,1.985216981,15.22919646
9053,1.69,239928.0,1108.58,1.235385807,13.02178653
9054,1.24,243222.0,1749.43,1.991021575,16.31138272
9055,1.13,361642.0,1713.19,2.357883933,15.45631998
9056,1.74,140804.0,993.91,1.301067425,15.74434418
9057,1.48,377596.0,948.98,1.572446114,16.37729503
9058,2.07,264729.0,1829.79,2.418328476,17.11620417
9059,2.65,355603.0,1867.03,2.813447325,14.14849303
9060,0.49,369698.0,2712.77,2.512021011,16.49233018
9061,1.27,248728.0,1803.58,2.293777412,14.34647298
9062,1.79,244954.0,2122.89,1.270512663,12.75918574
9063,1.79,339292.0,2437.11,3.148613363,15.43909995
9064,2.26,358524.0,796.49,1.79506935,17.12301243
9065,1.31,173661.0,1832.02,-0.092162087,15.84034668
9066,0.95,397459.0,602.16,4.008145133,14.06987321
9067,0.44,371931.0,1707.44,1.126372513,15.58136983
9068,1.5,355725.0,2192.03,2.009639037,14.73608405
9069,1.36,261666.0,1810.18,1.302308234,15.3348622
9070,1.79,239890.0,897.94,2.904367565,15.5595008
9071,2.18,260377.0,1653.67,1.712343637,15.94592603
9072,1.29,114947.0,1499.78,1.810933129,14.74265762
9073,1.58,394280.0,1814.22,2.273970177,16.78415204
9074,1.57,262571.0,1532.76,1.250138487,16.34422785
9075,0.83,375847.0,2277.88,2.587887181,17.10218931
9076,1.27,385493.0,2026.99,1.451442246,15.56263667
9077,1.16,136419.0,1585.78,1.474547583,13.90737779
9078,1.19,142846.0,1725.99,1.608718442,13.37025513
9079,1.73,151716.0,1852.4,4.754270054,15.81377429
9080,1.27,119460.0,2221.91,1.126347616,12.23308449
9081,1.88,257157.0,1562.58,3.863222546,15.09808959
9082,1.33,340318.0,1321.13,2.920553774,15.31375128
9083,0.96,126964.0,1871.44,1.535342272,14.37956421
9084,2.34,358376.0,1369.69,4.222478751,16.32176411
9085,2.03,373518.0,840.77,1.890781804,13.38241946
9086,1.4,380090.0,1823.67,1.943008694,15.71773828
9087,1.79,261579.0,2038.79,0.928129464,16.10768048
9088,1.82,341959.0,1755.95,1.854436447,15.64509911
9089,2.23,385145.0,1974.53,1.58597481,16.23242582
9090,0.68,128700.0,1640.42,3.300350834,13.45039966
9091,0.18,386965.0,2485.92,1.834842385,13.93304492
9092,1.41,380339.0,586.86,1.881785352,14.04510587
9093,1.45,138838.0,2315.19,1.000404664,15.65024562
9094,1.03,158083.0,807.7,3.67355983,17.69326074
9095,1.86,264274.0,800.69,4.777882792,16.7490175
9096,2.4,253672.0,1454.24,2.068975542,13.34922074
9097,2.92,355751.0,651.16,4.458783926,15.37859708
9098,1.89,349875.0,1832.51,1.851156436,14.75692842
9099,1.41,389039.0,1877.28,2.847569095,14.79504533
9100,0.77,375619.0,1916.57,1.165007157,13.74337209
9101,2.24,358873.0,1374.64,1.563771101,12.90095589
9102,1.66,368928.0,2331.54,1.690265743,15.10044838
9103,0.57,154595.0,926.79,4.05947314,13.60415629
9104,1.73,348003.0,1611.03,0.772133682,13.34492791
9105,2.14,367542.0,1835.51,3.2930301,15.12950437
9106,1.32,280499.0,2018.73,2.719121708,17.5384371
9107,2.11,366007.0,1160.67,0.786953699,16.05370419
9108,1.26,384970.0,1530.66,1.365495402,13.92424913
9109,1.84,178256.0,1842.22,1.010632385,17.53246377
9110,1.28,259283.0,2204.53,1.898455144,12.78007453
9111,2.44,131256.0,1977.74,3.146291676,13.91477039
9112,0.92,352653.0,1018.51,1.888570731,15.53305933
9113,1.0,401119.0,2060.95,1.259328936,13.35854888
9114,1.0,378297.0,1961.7,1.59358057,13.82200795
9115,1.09,243647.0,1305.06,1.183566843,14.85190741
9116,2.27,361717.0,613.69,2.831848196,15.75380701
9117,2.3,114947.0,1380.78,4.779768251,15.79034147
9118,0.65,385243.0,696.05,2.822157525,16.20142893
9119,1.72,394600.0,2022.15,2.92997609,17.47311701
9120,2.23,139781.0,1041.61,2.069763834,16.05900415
9121,0.33,382636.0,1999.37,1.628439431,15.36745607
9122,1.37,369023.0,2180.64,1.775393751,14.79382017
9123,2.15,242327.0,717.75,4.514159327,15.29283796
9124,2.17,378654.0,1921.27,1.745006431,14.2841862
9125,2.18,244207.0,943.85,1.502253643,14.94608366
9126,1.57,343821.0,1851.13,0.709652803,15.3099896
9127,0.94,147459.0,916.07,1.654808278,15.45366557
9128,1.32,358570.0,1447.53,1.655322018,16.36340816
9129,0.39,177951.0,2303.22,4.754115057,15.71091092
9130,3.46,383732.0,2027.29,3.305192663,13.67078026
9131,2.3,377602.0,2350.11,3.828344078,14.9763242
9132,1.94,361381.0,2164.37,2.37219453,15.20361635
9133,1.56,363788.0,1533.2,2.746136477,13.62752496
9134,0.52,377439.0,2181.25,2.902262956,16.74621271
9135,1.93,147808.0,1862.28,4.194684475,15.05204388
9136,0.57,351279.0,753.59,1.124028376,16.15436642
9137,1.63,144049.0,1713.99,0.935103959,17.0731408
9138,2.04,118953.0,1767.08,1.607655844,16.38201139
9139,1.16,136276.0,748.08,4.741047576,16.41255743
9140,1.03,274428.0,1570.87,2.163231081,17.43349121
9141,2.42,271204.0,3011.11,2.060170669,13.64492373
9142,1.27,386923.0,887.19,2.698964566,15.64089389
9143,0.71,254882.0,1585.34,0.650856431,16.70945848
9144,1.46,268644.0,1806.4,3.328580849,15.20604546
9145,1.75,377969.0,884.42,1.818991295,16.2291226
9146,1.66,236688.0,2072.15,2.290599534,15.68152548
9147,0.93,277007.0,857.68,3.725246438,14.52267305
9148,0.6,144628.0,2260.61,1.748323203,16.11551097
9149,4.89,257306.0,982.29,3.147415021,14.42534757
9150,1.75,255880.0,1642.45,1.841803572,16.18586246
9151,2.39,263739.0,1991.33,1.805832865,15.39767025
9152,0.94,347241.0,1410.73,1.31596721,13.12528427
9153,1.78,360564.0,1163.7,2.059719303,12.44946996
9154,1.78,143202.0,2336.99,1.271090705,13.91242406
9155,1.38,267171.0,1903.22,1.435223983,16.19770882
9156,1.72,128099.0,2465.96,1.247972424,15.92397829
9157,2.14,371843.0,1760.66,1.320248166,15.57041672
9158,2.71,393448.0,2288.09,2.026176868,15.61326242
9159,1.2,275880.0,1834.84,0.91585449,14.23086319
9160,0.23,259380.0,1268.46,1.907108327,16.32492733
9161,0.6,363887.0,2367.45,1.468976439,13.46138056
9162,1.28,152186.0,1101.16,1.297170455,13.36831399
9163,1.39,245920.0,1903.25,1.825458831,17.47158787
9164,0.88,359317.0,2173.7,1.226704464,16.95403907
9165,1.99,371197.0,1477.47,2.449915896,12.88442798
9166,1.56,380130.0,2647.71,2.219673966,13.46368095
9167,2.61,236594.0,834.37,3.120794903,15.61236417
9168,4.93,352849.0,1043.02,3.022107784,15.45415434
9169,2.32,155059.0,1394.76,0.909545971,15.36246212
9170,0.81,136440.0,2232.02,1.787552714,15.95938452
9171,1.33,134406.0,665.21,1.374185191,11.92164007
9172,1.67,232336.0,1474.24,1.544762016,14.66958257
9173,1.15,239343.0,2238.66,1.314522833,15.41665144
9174,2.58,250732.0,857.15,1.788757685,16.33578705
9175,1.05,371233.0,1415.69,2.47021134,15.68549393
9176,1.63,161413.0,1290.17,1.487289442,15.63763693
9177,1.57,357602.0,1786.33,0.519938242,16.93159146
9178,1.65,143538.0,982.91,3.44246096,17.09102623
9179,1.19,378128.0,1858.76,0.410455093,13.43507746
9180,1.5,158732.0,837.43,2.991142523,16.13388364
9181,1.72,360227.0,1349.6,1.095348177,14.9446621
9182,1.09,364196.0,1630.49,3.161783052,15.51239056
9183,1.27,266278.0,1896.14,2.944735828,16.29212906
9184,1.19,249686.0,1208.21,1.178264237,16.30777055
9185,1.85,252677.0,633.83,1.480171768,16.3904326
9186,2.64,382899.0,2469.31,2.252319904,15.43273463
9187,1.55,373780.0,695.73,1.832122513,15.99294208
9188,1.19,276071.0,974.83,1.37360076,17.00792217
9189,1.42,154319.0,760.07,1.87374316,13.89861231
9190,1.45,375469.0,2531.67,1.835050753,15.9841734
9191,1.55,248838.0,1780.09,1.60114879,14.14076161
9192,0.71,135940.0,2158.9,3.996627164,16.13983608
9193,1.57,352946.0,2455.0,2.090997724,15.23342095
9194,1.31,130768.0,1435.2,2.048349182,15.19971468
9195,1.67,236356.0,907.53,0.95687968,13.42174627
9196,1.38,293132.0,2023.47,3.739741361,16.90232419
9197,0.99,263331.0,2184.83,1.188193193,15.24730803
9198,1.62,352850.0,800.19,2.98385189,13.50842539
9199,1.78,367656.0,1822.83,0.457788199,15.65434527
9200,0.13,381358.0,2174.0,0.863619042,12.94291719
9201,0.62,143341.0,983.36,2.929571909,14.01428664
9202,0.31,373002.0,1892.59,3.759820362,15.35540136
9203,2.17,353927.0,750.63,2.428229629,15.29674978
9204,1.72,362552.0,1502.73,2.073087921,15.16342372
9205,1.01,372351.0,1501.48,3.904865509,16.59425857
9206,1.9,117104.0,1523.89,3.140185643,14.83615916
9207,1.1,271461.0,2619.61,1.312423615,15.40630858
9208,1.12,277186.0,2541.37,1.809906991,14.49269085
9209,3.02,245837.0,2028.62,2.903021728,15.6108605
9210,0.93,241637.0,1268.0,1.385955915,17.06626923
9211,0.24,348856.0,1469.67,1.964465178,14.18288636
9212,2.39,269912.0,2358.24,2.293361934,15.47849778
9213,0.92,365491.0,1043.02,3.359462483,14.34571683
9214,1.02,379309.0,1946.86,2.791811448,14.32892969
9215,1.01,246504.0,1545.53,2.883506831,14.75294023
9216,0.7,258478.0,1107.65,4.510057791,15.2820181
9217,1.61,381879.0,1650.11,0.856656077,16.30797962
9218,0.58,377199.0,1062.77,1.417206371,16.07575916
9219,2.22,245552.0,1415.31,-0.252954195,15.12355278
9220,1.58,375154.0,1874.28,1.807320957,15.18745296
9221,0.41,353522.0,2939.23,1.029759704,15.71680508
9222,1.24,341076.0,1768.15,2.952341673,15.51342533
9223,1.18,359573.0,838.35,2.033825621,15.46403831
9224,0.82,371910.0,1873.03,1.525173674,11.93865766
9225,1.48,140232.0,1962.36,3.308285069,17.58691405
9226,1.86,364893.0,1047.23,4.064658694,13.27686792
9227,5.89,141152.0,1911.1,2.434279432,15.22653089
9228,2.29,139752.0,1802.75,3.065535129,14.2187195
9229,0.98,370310.0,686.82,1.979844561,13.57807405
9230,1.35,392820.0,1972.18,3.763101835,14.88092396
9231,1.35,138915.0,697.77,4.178619763,15.74683543
9232,1.52,246387.0,1418.39,1.558059084,16.13703789
9233,0.84,388159.0,1906.22,1.669420833,13.6524033
9234,1.7,136606.0,1123.71,1.979631244,14.36315162
9235,1.41,129892.0,1426.27,2.314684507,14.58502146
9236,1.28,355670.0,1813.77,1.514039431,15.97320795
9237,1.79,254373.0,1504.57,2.432826856,15.96560538
9238,2.15,349350.0,2122.38,1.81201872,16.31032577
9239,0.57,352588.0,1305.52,2.052547077,14.79176604
9240,2.01,155516.0,586.86,2.102147255,15.52105516
9241,2.77,275996.0,1272.06,1.140441808,13.92440347
9242,2.13,260000.0,1802.55,1.355022955,14.93270931
9243,1.09,277456.0,1877.78,1.738090045,14.78918787
9244,0.55,246293.0,1989.68,3.27308992,14.48081613
9245,0.76,362708.0,1115.91,0.957586657,14.34083265
9246,1.56,371741.0,643.19,4.929957402,16.11356277
9247,0.87,391372.0,2068.72,2.625755951,15.54803786
9248,1.33,346243.0,993.55,2.778190541,13.63290842
9249,2.77,368830.0,1771.36,2.061602455,13.2864983
9250,1.42,346299.0,1877.45,1.429951829,13.31502933
9251,1.24,388765.0,2517.98,2.197175065,15.71908292
9252,1.59,156028.0,1676.43,3.139249841,14.76368747
9253,0.49,383430.0,1935.75,3.499756554,14.61721008
9254,1.95,152699.0,2417.48,2.582758855,16.85938643
9255,0.74,363168.0,1906.76,1.348117317,14.90204542
9256,0.43,137271.0,1919.94,2.574162916,16.37369202
9257,1.81,388345.0,2323.15,1.89728185,15.66228948
9258,1.93,261425.0,816.82,1.88118645,17.19578102
9259,2.24,270862.0,3013.69,1.697303837,15.71235881
9260,2.05,360818.0,1215.07,1.172435807,15.59112876
9261,1.15,148690.0,2404.99,2.658348543,15.60397696
9262,1.16,355039.0,1507.22,2.633965013,15.37005104
9263,1.42,144038.0,2356.29,2.246765658,16.73476359
9264,2.27,259973.0,1797.27,1.980608075,16.68597672
9265,1.77,370265.0,1860.67,2.377750736,13.30000985
9266,1.35,383675.0,2090.96,1.464489313,15.23967486
9267,0.92,249951.0,1748.31,3.449082201,15.80347871
9268,1.29,370017.0,1972.7,0.997606443,16.17619092
9269,1.59,121111.0,1690.12,2.01400674,14.57486566
9270,0.8,132825.0,1855.37,2.47968737,15.49011303
9271,1.58,283960.0,2486.08,4.694329094,15.42597025
9272,1.66,285109.0,879.43,2.148279901,13.16620719
9273,1.74,367782.0,911.64,3.550383569,16.08533355
9274,0.99,143022.0,1385.19,3.538739062,15.09263626
9275,1.46,257103.0,875.87,1.530332276,14.7896451
9276,0.47,385068.0,1734.18,1.241056458,15.01547477
9277,0.79,160063.0,2419.95,0.686137027,15.31574593
9278,1.75,134453.0,1317.46,2.016047458,16.03382427
9279,1.22,338864.0,1908.05,0.593868106,16.09160422
9280,2.86,140174.0,781.32,1.857407066,13.90404316
9281,0.68,343372.0,2645.13,0.56153595,12.13521671
9282,1.71,397574.0,2298.78,1.379712122,15.2795204
9283,0.32,173533.0,1953.99,2.285020293,16.66198616
9284,0.21,365962.0,2399.54,1.470491399,15.88330787
9285,2.49,378744.0,1846.64,4.93924406,15.37680363
9286,0.64,391615.0,986.08,1.224319027,16.05241579
9287,1.21,160185.0,826.23,1.136756355,15.20601609
9288,0.62,116958.0,2216.51,1.895257451,17.00177404
9289,1.57,253244.0,1877.56,1.411265486,16.58039371
9290,0.91,146869.0,2214.71,3.006767514,16.42647902
9291,1.82,375244.0,2568.13,2.03691099,15.35385518
9292,2.64,150006.0,1005.83,1.113151057,16.02096551
9293,1.17,279799.0,1607.45,1.510308537,16.09709966
9294,2.33,351368.0,994.86,1.73939522,16.68113495
9295,1.35,152342.0,2135.24,2.169815644,16.32050114
9296,0.58,148536.0,1924.13,1.676501709,15.94839147
9297,0.89,155985.0,1871.77,2.356561775,14.3011393
9298,1.39,157205.0,1323.79,2.244647072,14.28530554
9299,1.82,250965.0,1672.75,2.850415364,14.99624336
9300,1.11,345296.0,780.76,2.958009348,13.12573403
9301,1.48,241853.0,1959.94,3.295929779,14.45685271
9302,0.65,154112.0,1176.32,1.454955134,15.81089942
9303,0.81,246475.0,1991.99,1.905492582,12.65963241
9304,2.04,162725.0,1370.96,2.340000807,16.3688585
9305,2.56,383569.0,634.91,3.271526004,16.06298618
9306,2.73,114947.0,1157.54,1.993975213,17.09803142
9307,2.86,367075.0,1284.7,3.86293839,15.68402991
9308,1.25,367667.0,1238.98,1.512173913,15.82284306
9309,1.6,233873.0,1443.57,1.957221326,12.81769729
9310,1.23,152792.0,1888.72,4.179642358,14.33754326
9311,2.48,268515.0,1788.1,3.762840191,15.92910827
9312,1.11,376185.0,1917.72,1.735442841,17.03273676
9313,1.25,354195.0,1828.92,2.00958022,15.71860649
9314,0.93,391005.0,1520.35,4.358529595,15.85004206
9315,2.07,158653.0,1370.38,1.608071687,15.64924141
9316,0.82,365317.0,1852.55,1.28710917,15.69881318
9317,2.39,129888.0,1717.34,1.299921076,15.2514952
9318,1.01,367593.0,1041.34,0.871994844,16.64033375
9319,1.42,157740.0,939.82,1.667985229,15.01309099
9320,1.9,138024.0,1764.11,4.246058293,11.37977261
9321,0.7,152967.0,1778.37,1.805859088,13.40293931
9322,0.95,122121.0,2006.55,4.24479674,15.69691073
9323,1.42,380246.0,2447.66,3.550773988,17.68566927
9324,0.96,184652.0,2470.72,3.382285791,13.90766953
9325,0.97,368276.0,1502.7,2.439907673,15.70250044
9326,1.41,377154.0,2301.76,1.998975115,15.85186767
9327,2.48,135705.0,1616.55,1.090495239,17.2677191
9328,1.59,268782.0,1741.23,2.12985081,14.08339656
9329,1.12,359539.0,786.39,0.750804189,14.65734187
9330,1.63,138241.0,2307.21,1.694352519,16.30279398
9331,0.45,388840.0,2176.91,2.149875394,15.77967806
9332,1.32,356144.0,1916.88,-0.001501228,16.71604367
9333,1.58,277288.0,976.15,2.487961455,15.30334052
9334,2.63,355449.0,832.23,3.152387919,15.47535847
9335,1.27,349631.0,1276.76,1.702762845,14.95298357
9336,0.76,355224.0,1595.44,3.028360803,15.40112529
9337,1.76,238372.0,1921.17,0.975742391,15.41036687
9338,2.59,141685.0,2374.25,2.886567646,15.92649504
9339,1.12,365154.0,842.11,2.189269949,14.17494962
9340,1.63,356805.0,2258.55,1.441659776,15.23497146
9341,1.08,242614.0,1044.89,3.228905246,14.51234821
9342,1.65,380266.0,1718.24,2.441638245,16.50284287
9343,1.59,395629.0,1966.83,2.119922983,12.42700555
9344,1.42,152229.0,1671.53,2.569649757,15.49940347
9345,0.8,357423.0,2028.74,2.797755374,16.18576578
9346,1.81,253949.0,1326.83,4.670375301,16.29151595
9347,1.17,372783.0,1884.73,3.474682919,15.58399501
9348,1.9,363167.0,1659.87,1.007515661,16.28932158
9349,1.6,351467.0,1704.1,1.844022799,15.82688876
9350,0.28,158547.0,857.56,1.68453658,17.73027397
9351,1.97,153535.0,1696.54,1.145600435,16.22475419
9352,1.36,146643.0,1829.63,1.634598718,15.6223881
9353,2.48,129225.0,1729.04,1.889989048,15.58280865
9354,2.44,156664.0,1036.13,2.820857161,15.08781452
9355,2.31,269267.0,1893.68,2.362533056,14.83018988
9356,1.41,369535.0,2199.95,1.84269494,15.87978411
9357,1.36,126974.0,1894.92,1.238317877,16.79899622
9358,1.63,247716.0,1458.18,1.433645129,14.36362286
9359,0.65,371291.0,761.51,2.729533161,15.8130151
9360,1.18,159209.0,2241.52,1.654486796,15.97861588
9361,1.68,367330.0,2366.99,2.87167413,15.1752517
9362,1.37,389445.0,2316.94,3.308871479,16.26041548
9363,0.98,154269.0,1806.81,3.832125013,16.26738358
9364,2.68,376333.0,807.1,1.220515757,15.27411133
9365,1.71,355478.0,1798.41,1.633926804,15.0569459
9366,2.93,139167.0,2293.17,3.993602767,15.76761035
9367,0.88,388467.0,3047.82,1.105139306,14.33102967
9368,2.28,279450.0,2292.54,1.244022836,14.35176315
9369,1.5,390441.0,1776.55,1.282813939,14.87572512
9370,1.37,365004.0,2465.63,2.061016699,15.05875988
9371,2.65,288863.0,1613.36,1.511224276,15.72561481
9372,1.03,135995.0,940.08,1.217231513,15.10430311
9373,0.0,133334.0,1818.35,3.507857595,16.8942472
9374,0.73,159390.0,2346.81,0.937219732,14.80432713
9375,0.94,378325.0,2210.94,2.409262442,16.39040232
9376,1.27,365511.0,1867.46,1.458530846,13.35544524
9377,1.87,167376.0,1258.7,1.110155736,12.63856064
9378,2.3,162601.0,1812.45,3.487604241,15.46852713
9379,2.39,359370.0,2635.56,0.969210358,16.86201881
9380,0.67,361470.0,2441.21,1.264727506,14.7803033
9381,1.96,142479.0,1813.61,3.136701497,12.67910863
9382,0.52,139394.0,2417.97,1.682842251,15.7007816
9383,2.4,399392.0,945.7,2.013683226,14.02530143
9384,2.14,357352.0,1200.59,1.899053068,15.70528429
9385,2.18,128962.0,2818.27,1.825935925,15.68707679
9386,1.38,387617.0,1682.56,3.064499154,15.9321961
9387,2.78,175270.0,2344.56,1.69040338,15.7031758
9388,2.35,383507.0,1743.34,1.563433491,12.20961772
9389,2.16,384836.0,1735.85,1.530970095,15.69766784
9390,1.22,372169.0,1766.42,1.218805779,15.15880486
9391,2.41,254330.0,1966.34,1.459711852,15.60136918
9392,0.95,153985.0,2985.74,2.033487323,16.87994372
9393,1.1,376743.0,1691.38,2.344693966,16.64276395
9394,1.08,374564.0,1443.13,-0.034655645,14.02071535
9395,1.46,148325.0,1915.08,1.126042904,14.5211513
9396,1.09,266720.0,1008.4,2.909011733,17.47629923
9397,1.97,162026.0,2005.05,0.83299309,15.21523433
9398,0.96,368857.0,1222.98,1.888344122,13.85056056
9399,0.0,345848.0,2080.06,0.961087989,16.57970058
9400,0.54,392095.0,1869.8,0.726259276,15.8062101
9401,2.04,378675.0,2514.61,1.26426995,15.70857599
9402,1.86,167449.0,2172.71,2.330889009,16.20165103
9403,1.96,125276.0,1728.76,1.368114089,15.93236802
9404,2.0,135695.0,1740.38,1.950119963,15.2456607
9405,0.0,376127.0,1276.34,2.094605159,14.81380727
9406,1.63,367059.0,2024.09,3.893271378,14.81393322
9407,2.25,350935.0,1279.83,1.011721707,11.90357782
9408,1.1,258372.0,799.68,4.303667391,16.04231545
9409,2.49,363032.0,2366.46,2.994952642,15.08412792
9410,0.29,265644.0,1925.94,4.93924406,14.33631106
9411,1.19,252066.0,1910.33,1.353250317,13.80220906
9412,1.73,388629.0,1818.56,1.150635538,13.13967939
9413,1.91,357449.0,1763.97,2.311420588,15.8579467
9414,1.22,379451.0,2485.54,0.566167223,15.4026292
9415,2.08,333875.0,1842.45,1.191524463,14.63253182
9416,1.32,346613.0,1910.5,2.680430999,15.6709697
9417,0.54,281603.0,801.89,1.832583482,13.59856509
9418,1.0,240129.0,1951.52,1.713710126,15.91521894
9419,2.32,366088.0,1843.77,-0.054869792,15.03210541
9420,0.17,369365.0,1976.74,2.369309113,17.73027397
9421,0.89,165034.0,2000.74,1.579016778,13.74946609
9422,1.42,383110.0,855.97,2.114345329,15.07914326
9423,1.85,379926.0,2472.69,2.615338796,15.35624386
9424,1.78,375603.0,1090.56,0.960751026,14.92324604
9425,2.53,140548.0,1757.63,4.182568486,16.30776353
9426,1.43,347268.0,2377.42,3.044364576,16.93105126
9427,1.18,154255.0,879.46,3.36717277,15.5722247
9428,1.56,371379.0,1336.25,2.571973579,16.02184432
9429,0.79,351448.0,1780.79,2.968460465,13.57681662
9430,0.93,383125.0,860.5,1.45985966,13.9996269
9431,1.14,267472.0,1295.77,3.819757952,13.34306715
9432,1.32,141719.0,814.15,1.869353962,12.45423453
9433,1.51,152078.0,1930.02,1.291282416,15.78388314
9434,2.24,392588.0,2036.52,1.046716758,14.12396522
9435,3.0,134270.0,720.35,3.562942594,14.20877857
9436,1.43,269054.0,1309.64,3.307714238,13.25088036
9437,2.2,386098.0,1790.1,1.752398444,15.28754527
9438,2.49,119534.0,1816.24,1.326069279,15.95897445
9439,0.58,366022.0,2209.19,1.02994155,15.93556257
9440,1.71,263913.0,1990.17,2.959066751,15.05918542
9441,1.31,364139.0,1813.96,1.326218249,14.3060489
9442,1.0,372635.0,2305.15,0.938116562,15.55175936
9443,1.77,370697.0,1982.09,3.534128605,12.42893644
9444,1.33,391467.0,2677.32,1.618611739,13.05146497
9445,0.36,367684.0,919.48,1.84434072,13.0994565
9446,1.52,155653.0,1058.5,3.547325397,15.95541411
9447,0.0,148259.0,2209.89,1.721985702,14.75535204
9448,1.93,245067.0,2456.91,0.992663451,15.41457695
9449,0.92,136520.0,1860.26,3.536894506,14.99374
9450,1.37,357232.0,2309.42,2.341975591,14.94014692
9451,2.02,372495.0,659.84,0.499514171,15.04207407
9452,2.01,360348.0,1651.74,1.579124415,11.2583727
9453,0.61,351352.0,1886.64,2.181350362,13.62941646
9454,1.11,379689.0,2852.29,2.269719851,16.33554491
9455,1.26,363332.0,1736.0,2.041223908,14.69890555
9456,1.44,236281.0,1691.16,0.047055683,15.89199516
9457,1.66,347494.0,1580.77,1.801789067,16.03265745
9458,1.43,129160.0,1803.82,2.006511862,12.6424763
9459,0.68,170060.0,1832.63,2.107786582,15.2191693
9460,1.61,361559.0,1795.35,3.10373939,15.71237521
9461,1.65,140869.0,1824.95,1.327840816,15.05610609
9462,1.34,398988.0,2585.32,1.135128884,14.74036175
9463,1.23,133446.0,1400.57,0.715773622,17.11045978
9464,0.47,375425.0,1826.84,2.580346178,16.01576867
9465,2.44,343158.0,3034.22,1.46893122,13.20514401
9466,0.68,152431.0,1407.15,1.662746885,15.40672161
9467,0.48,348907.0,1004.76,4.525911063,15.3858166
9468,1.74,122401.0,813.33,1.542087942,14.69068184
9469,3.92,159695.0,1924.48,1.357753961,16.74214682
9470,1.14,371026.0,1775.04,2.823704118,12.5183235
9471,2.45,147577.0,1287.51,1.955205809,15.90565713
9472,1.38,362917.0,2347.63,2.250201445,12.75938843
9473,1.56,135009.0,1014.79,1.579759811,13.31953383
9474,2.16,133358.0,1769.86,3.833975046,15.64180239
9475,1.8,345136.0,2252.34,2.247449723,16.49869277
9476,0.74,236228.0,1315.05,2.201307838,11.82961988
9477,1.85,133554.0,1440.53,1.232358464,15.01592911
9478,2.5,225376.0,2271.42,2.370922532,15.37570673
9479,0.76,264002.0,2295.07,1.614779063,15.58187315
9480,0.99,390842.0,2531.2,4.128649715,16.93365393
9481,1.3,128293.0,2349.27,2.324909005,17.50493047
9482,0.06,380426.0,1979.13,3.013377623,14.25907424
9483,1.68,235080.0,1889.58,1.121115962,16.35229063
9484,1.96,387201.0,828.39,0.173321815,16.305703
9485,0.57,388711.0,1815.35,3.23096438,15.04724465
9486,3.79,133029.0,1872.17,2.614908209,12.54794433
9487,1.59,369703.0,2525.19,3.257811809,15.5216953
9488,1.26,348584.0,1864.06,1.919652742,13.37480922
9489,1.49,383367.0,1220.79,2.460811941,15.52060146
9490,2.27,366032.0,1884.25,2.921466821,15.96573219
9491,2.2,383405.0,2290.43,2.161031782,15.37087351
9492,0.98,369301.0,1709.18,0.581307771,13.02841559
9493,0.66,369429.0,1625.99,1.688723748,16.12031948
9494,1.31,373074.0,1741.94,3.275832222,13.75455228
9495,2.4,394407.0,1502.48,1.330880578,16.30185789
9496,1.6,362608.0,2435.15,1.195907654,16.80761683
9497,0.97,162032.0,814.6,3.529994287,17.43551512
9498,1.72,365342.0,2380.54,2.189321592,15.8601981
9499,1.75,264619.0,1652.27,3.945245928,14.96314895
9500,1.18,362181.0,1792.33,4.181165387,15.48523593
9501,2.03,375995.0,1812.18,0.571436281,15.76299896
9502,1.17,141686.0,1810.44,4.101759371,16.18178162
9503,2.2,385771.0,1938.77,2.872513461,15.79554658
9504,1.34,139495.0,1921.22,0.230988262,14.72018609
9505,2.04,249181.0,1645.21,2.137048778,15.11969787
9506,2.0,152390.0,1859.1,3.856433253,13.6974398
9507,1.76,159303.0,1831.48,2.010942658,15.7557532
9508,0.02,247663.0,2534.42,1.12597297,12.95921878
9509,1.63,370664.0,2553.88,3.086434822,17.114702
9510,2.24,372073.0,2075.84,1.362063919,13.62304208
9511,2.87,158211.0,1916.05,2.28295036,17.20553416
9512,2.29,355071.0,1936.36,1.824381534,15.70339437
9513,1.85,248958.0,1725.11,1.722197127,16.20395458
9514,0.79,139688.0,2185.23,4.05957088,16.03832412
9515,2.56,145087.0,1004.41,1.178122935,15.16930739
9516,1.62,366888.0,1392.28,2.872483277,15.36499327
9517,1.05,355447.0,1274.18,0.380556807,15.71604168
9518,1.1,389692.0,1930.11,1.411287978,14.12081218
9519,0.72,389094.0,2275.89,3.47711958,15.55371652
9520,2.04,361836.0,2589.87,3.999028415,16.91654064
9521,1.45,259863.0,1358.26,0.640443858,13.01693075
9522,1.09,373068.0,1946.89,1.709843506,13.32712224
9523,2.08,156521.0,1322.27,0.699638363,15.44048895
9524,1.33,274603.0,1037.98,2.25253472,15.4597029
9525,1.79,139034.0,2395.72,1.725878413,15.79912291
9526,0.99,359400.0,1928.35,3.215723138,12.9623598
9527,0.73,173096.0,1864.19,0.970406739,16.01677496
9528,0.78,363514.0,2167.08,2.614583087,15.9775892
9529,2.61,265377.0,2184.68,3.106977712,16.62761475
9530,1.35,372835.0,825.79,2.598489409,15.7305109
9531,3.0,371980.0,1955.22,1.305791913,15.79612656
9532,1.36,144553.0,1898.73,2.9683272,15.25810193
9533,1.15,354305.0,1734.19,1.233873701,12.67393586
9534,1.72,243498.0,2185.9,0.953920034,16.44894324
9535,1.31,150242.0,1228.95,2.001637343,15.58135181
9536,1.84,131829.0,1634.26,2.483329911,13.79294737
9537,2.28,346401.0,1925.81,1.67426076,13.027747
9538,1.4,364334.0,1922.14,0.324984611,15.86976851
9539,2.12,375175.0,906.95,1.634741804,16.01097951
9540,1.01,143911.0,700.15,1.782504861,14.46338468
9541,0.93,357571.0,2082.53,1.946150442,15.20487769
9542,1.53,360120.0,1979.21,1.78052814,14.28420699
9543,2.14,352069.0,2433.83,3.921545268,16.46601601
9544,1.37,381833.0,1580.38,1.980693412,16.99760213
9545,0.25,386542.0,2285.46,4.366980214,16.15384868
9546,1.05,376049.0,925.14,2.999616048,15.436578
9547,1.49,163211.0,1345.69,1.725078637,15.95684484
9548,1.37,157001.0,2480.52,2.133347432,14.19695857
9549,2.04,254067.0,586.86,2.817980264,15.39391131
9550,1.7,366526.0,2401.66,0.608237456,15.41059127
9551,2.61,143717.0,1397.59,1.335295083,13.53017439
9552,1.47,372828.0,1886.26,1.004239098,13.32908704
9553,2.22,237919.0,2336.55,2.856129384,17.6525298
9554,1.27,365247.0,2187.81,1.459827141,16.75271022
9555,1.77,351154.0,2794.83,3.052212759,17.13534397
9556,1.76,346913.0,1411.82,4.102705117,16.07035534
9557,2.23,130841.0,1562.57,3.854669116,14.0759803
9558,1.1,332719.0,2071.17,-0.326393035,14.3855876
9559,1.94,381563.0,1979.98,3.321648059,15.05837975
9560,1.46,127184.0,975.25,2.891591983,15.06813066
9561,1.25,371095.0,2418.99,3.15939874,15.81051748
9562,1.1,388225.0,1791.55,1.516325617,14.09984156
9563,1.21,353110.0,1766.32,1.923006955,16.84258497
9564,2.27,262137.0,843.58,0.810852027,15.29135511
9565,0.58,363408.0,1796.53,1.086269903,14.54414926
9566,1.26,136899.0,2016.35,3.953400932,13.15769295
9567,1.38,356832.0,1931.45,1.66029486,12.82630778
9568,2.04,237607.0,2059.72,1.591464722,16.55441944
9569,1.44,375183.0,2461.51,2.477761107,16.20015434
9570,1.96,138074.0,2028.83,1.646684398,13.87690458
9571,1.89,353680.0,2179.78,1.536997061,13.50598723
9572,0.75,376169.0,917.39,2.41393607,13.59460777
9573,1.04,378861.0,1958.23,1.897268761,15.58035729
9574,1.75,364822.0,2733.62,2.16987947,15.56595488
9575,1.6,366990.0,921.89,2.369877434,14.77105162
9576,0.61,370720.0,1905.32,1.825925237,17.15888879
9577,0.98,368362.0,1835.25,4.151527234,15.19918237
9578,1.51,171093.0,962.68,2.534971868,15.83143845
9579,1.68,367648.0,1842.26,1.79220576,15.53449826
9580,1.97,133894.0,2729.76,2.51555495,14.64564191
9581,2.84,154734.0,1350.13,1.47889176,16.64204209
9582,1.35,271321.0,1352.65,0.997472571,14.2484916
9583,0.0,281758.0,2129.87,4.623633078,16.26909388
9584,1.58,270577.0,1914.21,2.522654722,16.25850092
9585,0.36,382318.0,2239.19,1.675077728,13.94778181
9586,0.95,265906.0,977.69,1.297700302,13.82835544
9587,1.83,266358.0,1348.59,2.71905141,13.99264647
9588,1.5,140518.0,1590.9,3.675274301,16.84329036
9589,1.53,355322.0,1476.83,2.240261327,13.92779738
9590,1.18,382549.0,1941.39,1.52157397,14.24967492
9591,0.97,148713.0,1072.54,1.859895028,13.96932289
9592,2.53,359642.0,1747.0,3.172427662,12.91158147
9593,2.21,364182.0,1822.86,0.147414199,17.73027397
9594,2.51,137139.0,2357.56,2.084350736,11.2583727
9595,1.87,375512.0,933.29,1.632637988,15.71515814
9596,1.59,265521.0,1967.07,3.554104888,15.89547413
9597,0.69,114947.0,1874.5,1.606071726,14.52901705
9598,1.97,362799.0,1671.0,2.07195503,16.11107056
9599,1.97,363127.0,2277.22,1.688006707,15.32251431
9600,1.0,356557.0,598.49,2.735198182,16.01946921
9601,0.41,375121.0,2452.41,4.006632054,15.24643232
9602,1.59,153735.0,1906.21,1.540660392,14.75935102
9603,1.03,264783.0,2398.62,2.184266539,13.03279889
9604,0.85,395173.0,2632.31,3.903545531,17.56034718
9605,1.84,369590.0,2722.9,1.752012901,14.39003961
9606,0.76,140280.0,1846.44,1.0856982,16.25727726
9607,1.66,382898.0,1589.05,2.688025508,16.07988171
9608,1.6,384536.0,1171.6,2.795657581,14.12167366
9609,0.86,383211.0,2342.94,4.559231382,15.43233946
9610,1.07,356887.0,1634.27,1.19784415,15.22308999
9611,1.43,390769.0,1707.7,2.79471975,17.08429229
9612,0.44,391222.0,2028.22,4.834447644,17.73027397
9613,2.07,364109.0,1997.96,3.642481532,16.61106482
9614,2.25,390103.0,998.73,2.560124286,13.65952941
9615,1.0,138103.0,2305.73,3.321358756,15.88262528
9616,2.49,149719.0,830.65,2.300849413,14.98063929
9617,2.02,158296.0,702.33,4.532674399,14.27457778
9618,1.15,153536.0,2105.96,2.251321916,15.48991868
9619,1.17,138843.0,1949.41,2.811820289,16.17378909
9620,1.31,358219.0,2335.1,1.463317332,14.12986691
9621,0.29,366024.0,891.53,0.846777518,16.05478179
9622,1.27,346924.0,2132.6,1.842277106,15.74178905
9623,2.18,347082.0,1939.16,1.107127849,15.1109185
9624,2.01,155064.0,1868.58,1.003351972,11.49771397
9625,2.26,337801.0,1968.0,2.621726398,16.41429215
9626,0.89,368168.0,1734.95,2.044121345,17.28584631
9627,1.12,373763.0,1315.03,1.458168024,16.10124951
9628,0.54,160675.0,1579.89,1.069393816,17.05559373
9629,1.11,239273.0,1754.72,0.046744882,15.4031861
9630,2.28,361804.0,1838.25,1.433657041,12.59928708
9631,1.3,250157.0,684.11,1.374792329,12.40481455
9632,0.9,363249.0,889.68,2.545637708,12.27401619
9633,0.82,153840.0,1714.24,1.393420862,13.96468123
9634,2.17,365251.0,1155.79,2.041569125,15.9352069
9635,2.13,135098.0,2331.99,2.131791006,13.05372581
9636,0.96,270823.0,2320.23,1.732946138,15.41647716
9637,1.33,374792.0,2287.16,2.72488317,15.22207529
9638,2.37,367096.0,1881.93,1.53050851,11.2583727
9639,1.93,237938.0,1598.16,3.539928207,14.75479205
9640,2.85,159623.0,1302.39,2.406123926,16.23442283
9641,1.06,252632.0,1792.77,1.396796154,16.51940016
9642,2.78,378043.0,1419.23,2.648979331,15.45239559
9643,0.65,146583.0,1827.99,2.368273543,15.52187923
9644,1.33,124799.0,1157.76,4.242047205,14.64908553
9645,1.49,165654.0,1436.69,3.10734584,13.42641368
9646,0.82,385452.0,2115.59,2.373518953,17.39991713
9647,1.76,273542.0,2205.1,2.467269545,13.74271894
9648,1.71,380373.0,1987.42,2.17570466,15.38428128
9649,2.06,372139.0,1787.01,1.435791117,14.83473981
9650,1.95,135817.0,1904.49,0.287248234,15.82449295
9651,1.11,268823.0,1353.96,1.468873964,14.9547329
9652,2.06,367027.0,1373.7,2.240856062,13.3889303
9653,1.94,386746.0,1983.47,1.625729801,13.97513469
9654,4.9,131108.0,1821.43,1.647990089,12.76399017
9655,1.72,378863.0,1156.58,0.961636844,13.78266299
9656,2.08,372107.0,2304.16,1.857207848,17.05841982
9657,2.61,385649.0,1275.94,3.454219194,15.52387556
9658,0.54,351626.0,784.93,3.651837867,15.0359698
9659,2.28,164728.0,2224.58,3.32210965,15.52765849
9660,1.13,380302.0,781.78,3.683678651,16.24284679
9661,1.11,364409.0,994.35,4.405571538,13.36692093
9662,0.02,399294.0,1679.34,2.288468054,12.92965378
9663,1.21,136847.0,2288.6,2.961259759,15.41351067
9664,2.1,134078.0,2298.86,2.059780227,13.79121782
9665,1.14,151100.0,2598.14,3.14581651,17.28688394
9666,0.0,390729.0,2306.03,2.810625152,16.66109618
9667,1.68,361728.0,2135.13,1.674994834,13.62183853
9668,1.49,263468.0,1680.98,1.361719079,12.93879818
9669,1.0,345274.0,1203.5,3.679798879,13.12585133
9670,1.9,258590.0,1302.95,1.709123758,13.75347813
9671,1.71,365130.0,2470.73,4.251203342,13.06666345
9672,0.68,140264.0,2355.01,1.395218524,16.24988656
9673,2.2,365438.0,2397.0,3.27289288,15.63247698
9674,2.13,251034.0,1617.6,0.997793008,13.8479514
9675,1.92,387953.0,708.56,1.240770985,16.00529032
9676,1.34,367751.0,1779.18,1.565465721,14.99882199
9677,0.82,132976.0,2003.81,3.992367279,15.63195267
9678,0.81,377945.0,2388.72,4.086782014,15.52981662
9679,0.96,346820.0,1973.2,1.562774503,14.60319347
9680,1.35,139320.0,2280.54,1.336164205,12.85695869
9681,0.69,368606.0,2001.92,1.669308956,13.3871101
9682,2.75,125583.0,817.41,1.767995739,15.53191367
9683,0.49,148757.0,1674.72,3.024003576,16.10391905
9684,3.05,252909.0,1826.51,1.17479406,13.51181328
9685,0.84,149421.0,2027.51,1.598957451,16.00855173
9686,2.3,151685.0,937.38,4.786627583,15.26362953
9687,1.23,251109.0,1543.32,-0.294596277,15.45106789
9688,1.54,366176.0,1566.18,0.247554142,16.37402671
9689,1.4,126372.0,1155.73,4.022046773,14.5775806
9690,0.99,375393.0,1678.47,1.117148103,15.18879278
9691,2.11,357788.0,1287.52,4.212286747,14.83947022
9692,0.54,148761.0,1804.92,2.105251703,13.5221536
9693,1.58,147712.0,1841.89,1.874900697,15.34391471
9694,1.03,361104.0,1728.33,1.720475232,16.7757091
9695,1.52,162973.0,2481.91,4.462529079,16.98346378
9696,2.19,266681.0,1842.23,1.271465921,16.36672638
9697,1.55,374780.0,2349.4,3.518760013,14.95289523
9698,0.22,149721.0,651.58,1.047471022,16.14954267
9699,2.45,355899.0,668.69,4.57595933,13.67764678
9700,1.53,184088.0,1660.3,1.935514128,15.21479507
9701,0.47,357014.0,1782.54,2.256971934,12.91538844
9702,1.63,127738.0,1438.64,2.479158466,13.69779637
9703,0.0,380881.0,2380.56,2.37390953,12.57502823
9704,0.84,381925.0,1468.38,4.19165955,16.64271379
9705,1.71,363876.0,2146.6,2.011552178,15.43283106
9706,2.11,232884.0,607.44,-0.326393035,15.84963601
9707,0.55,383363.0,1426.31,1.495492508,15.76175565
9708,0.52,391102.0,2061.0,0.722796065,14.77957609
9709,0.52,253288.0,1967.04,1.836648552,13.49559845
9710,1.67,256183.0,1288.21,1.899102557,15.82541634
9711,1.07,369910.0,1494.84,1.612463,13.31848922
9712,0.81,350249.0,771.0,1.552219764,14.97825904
9713,3.92,129233.0,2225.62,2.331267102,15.34961496
9714,2.82,360374.0,1648.69,0.147562957,16.10303795
9715,1.4,374232.0,1889.01,1.569807944,12.1900021
9716,1.81,283184.0,1780.28,3.43284565,16.39296179
9717,0.6,254200.0,1349.03,2.321085037,16.68410312
9718,1.35,170902.0,945.94,2.465432989,13.0667493
9719,0.62,362260.0,659.61,2.229501433,15.68449873
9720,2.01,138048.0,936.15,3.482347546,14.9250507
9721,3.86,248385.0,1766.04,3.973487057,15.35989453
9722,1.12,269378.0,1410.18,3.236477837,15.91625817
9723,2.96,377908.0,2026.96,3.604336905,13.07843237
9724,2.04,369952.0,1975.37,0.350079184,13.42237394
9725,2.28,249719.0,2105.24,2.315612797,16.74111201
9726,1.5,392763.0,1930.47,1.73178525,15.48069741
9727,1.21,259407.0,917.09,1.60797247,13.36697616
9728,1.85,373601.0,1192.24,-0.282576777,13.75355261
9729,0.79,369786.0,1428.47,1.583812941,16.75880848
9730,0.7,185584.0,2428.33,2.385885459,16.18682043
9731,1.5,251245.0,1745.36,2.257299788,15.20901086
9732,2.29,143792.0,1776.91,2.853336007,15.56661492
9733,0.76,353654.0,1452.72,1.6813034,15.4892278
9734,0.97,368789.0,2446.91,0.746239213,15.53103433
9735,1.71,347770.0,1114.68,0.277822447,13.38818362
9736,1.14,370417.0,2605.01,1.020939649,15.74834504
9737,1.02,264442.0,2165.27,1.617002418,17.25591125
9738,1.06,369707.0,2084.95,1.545941385,13.09173205
9739,1.75,128763.0,1124.52,2.634707754,16.01258694
9740,0.28,272796.0,1789.17,2.90186067,17.44437403
9741,2.04,274130.0,1784.71,1.895276418,16.83113961
9742,0.93,371242.0,1808.76,3.453102678,16.31111161
9743,2.25,357790.0,2426.25,1.580162261,15.61317161
9744,2.66,260346.0,2329.96,2.466517583,15.50001885
9745,1.34,375146.0,1297.51,2.167086003,16.92264606
9746,1.3,384790.0,2171.78,4.04835727,14.74316101
9747,0.94,366940.0,1207.58,1.850427316,15.76702023
9748,0.64,365266.0,1838.92,3.807440203,17.05917343
9749,0.88,348775.0,624.83,1.640179259,14.23611231
9750,1.74,119678.0,1838.63,0.876968009,13.71811627
9751,1.19,154409.0,1930.69,1.396216031,16.01746948
9752,2.35,261017.0,860.61,1.906689009,15.70467282
9753,1.13,143376.0,1826.86,2.027379044,16.48606919
9754,0.7,261116.0,1868.76,1.134922856,13.18794444
9755,2.61,161568.0,1256.87,2.03304655,16.20548888
9756,2.34,252632.0,1984.66,0.541731251,12.75932777
9757,1.61,369712.0,2055.16,1.907601878,16.48524402
9758,2.17,368268.0,1273.06,1.307944706,14.91019228
9759,2.09,148435.0,1796.94,4.845793027,15.82710591
9760,1.59,115563.0,2007.95,1.754898586,15.96947263
9761,0.69,374893.0,2344.03,2.222632915,16.50975171
9762,1.8,355920.0,2116.98,2.807910138,15.4227647
9763,1.33,394053.0,1971.18,3.745547636,13.79884458
9764,0.46,392748.0,1539.81,2.735845415,16.37390146
9765,0.99,257329.0,2250.77,1.812429837,14.78024554
9766,1.39,154783.0,1828.95,1.966307005,15.61442067
9767,1.21,367494.0,1838.26,2.006638819,14.64373564
9768,1.07,258592.0,2478.91,2.308847754,16.36374535
9769,2.38,247491.0,1888.51,3.944875968,15.10307187
9770,1.96,248594.0,1762.62,1.231517278,15.54247403
9771,1.59,380010.0,1798.45,3.647625022,15.87795847
9772,1.61,164080.0,2145.07,1.493639182,16.1860389
9773,1.16,379700.0,2341.08,3.55579534,12.80715881
9774,0.99,167283.0,1787.51,1.442126178,13.33470438
9775,0.94,144739.0,673.64,1.968241387,16.29973306
9776,0.55,393840.0,1137.66,0.498056265,14.10892912
9777,1.26,347214.0,1780.47,1.610027914,16.55546304
9778,0.95,368275.0,2021.76,4.148086386,15.7775158
9779,2.24,238109.0,1074.6,1.731000089,13.25011386
9780,0.63,401119.0,1056.37,1.64265558,13.91739669
9781,1.12,385002.0,925.6,4.771384438,13.91701293
9782,1.76,376155.0,1395.63,1.602386107,15.61714105
9783,0.8,249331.0,1000.5,1.798652885,16.52872635
9784,1.5,363342.0,1951.47,0.074963656,13.56561206
9785,1.48,346212.0,1118.9,1.098050764,15.70372019
9786,1.77,341852.0,2153.08,1.143675592,13.71256329
9787,2.19,156674.0,1781.01,1.49671147,16.54498372
9788,2.66,153899.0,1803.03,3.33516876,16.95183653
9789,2.35,160432.0,1639.48,2.781671128,16.09675236
9790,1.65,357921.0,1840.6,1.418543799,14.44383094
9791,1.61,172069.0,1944.59,2.341195763,16.46068497
9792,1.04,361325.0,714.84,0.912160694,13.36809288
9793,1.13,141238.0,1872.2,2.187858272,16.70868931
9794,1.14,142968.0,1297.1,0.837486589,16.16601834
9795,2.17,347280.0,1050.63,2.876363785,14.58685631
9796,1.36,155276.0,775.8,1.473004804,13.48968888
9797,0.89,395466.0,940.43,4.173632793,16.50536059
9798,1.63,159565.0,1792.12,3.427230469,13.70726019
9799,1.25,137176.0,1261.52,1.033131585,14.52671655
9800,2.26,128859.0,1695.03,3.064077625,13.97675198
9801,1.73,351789.0,1446.94,1.128604383,13.89794353
9802,0.0,264688.0,1942.35,1.572585661,15.88519652
9803,1.48,365659.0,1521.63,1.568465472,13.4954567
9804,1.89,362069.0,1366.75,0.94518101,15.77090126
9805,1.79,152426.0,1883.99,2.054624286,15.44635823
9806,1.26,393302.0,1834.84,-0.124547238,15.20969363
9807,1.62,129896.0,1269.17,2.38708434,13.97324692
9808,0.52,370142.0,1771.37,1.487588064,15.48571072
9809,1.49,366954.0,1660.91,1.994440239,12.01645421
9810,1.91,372841.0,1617.91,3.780692956,16.0542777
9811,0.0,389505.0,2287.44,1.498955749,15.97045387
9812,3.92,370553.0,1728.01,1.457135821,14.1132606
9813,2.54,353963.0,1445.33,-0.326393035,14.38789878
9814,0.62,386869.0,2236.03,2.22666745,14.90739354
9815,0.96,360357.0,893.39,3.462922438,15.41424348
9816,1.92,154936.0,1479.1,2.960447212,16.12389204
9817,1.39,361359.0,1909.4,3.487541072,15.6333569
9818,1.67,374516.0,990.82,2.296731996,14.81344061
9819,1.7,137111.0,835.97,0.780322867,16.22786234
9820,0.72,261164.0,731.49,2.728278386,14.7829734
9821,1.14,264738.0,1956.31,2.057805778,13.92139183
9822,2.81,135552.0,1923.53,1.742794661,16.69300775
9823,2.55,141752.0,2301.25,1.451784011,15.93170916
9824,1.89,125795.0,1948.15,0.665098112,14.3454353
9825,1.08,398767.0,1615.47,4.595647768,15.65506477
9826,1.49,358978.0,1346.5,3.325180675,11.59783223
9827,1.28,366030.0,642.35,0.717057748,12.48692935
9828,1.01,156917.0,1888.95,4.443628721,15.92662715
9829,0.82,169560.0,2305.94,1.521107524,15.29951799
9830,2.15,147066.0,1719.86,0.830809833,14.94652
9831,2.23,353528.0,629.43,2.04199421,16.00831558
9832,1.95,378139.0,2000.38,1.071281263,15.55515563
9833,0.52,396090.0,1985.66,2.978402164,13.24554841
9834,1.96,372010.0,1049.66,1.914597348,13.68544494
9835,2.12,115633.0,2083.15,1.741631189,15.352507
9836,1.29,134518.0,925.45,1.072476082,15.60916155
9837,1.78,371103.0,2190.64,1.444020724,16.05403498
9838,0.92,365610.0,2298.39,2.400178691,15.29014867
9839,2.08,154622.0,1799.45,3.221915651,15.87377176
9840,2.57,282292.0,1616.55,2.05093239,15.88468879
9841,2.46,260079.0,1702.88,3.533083595,15.30701046
9842,2.04,242108.0,2428.7,2.067190839,14.92058478
9843,0.93,385298.0,1469.65,0.930943477,13.64366995
9844,1.34,364004.0,1890.37,2.826789516,15.15260823
9845,2.64,129574.0,1445.1,2.130796471,15.56529404
9846,2.33,262299.0,1960.11,2.257990553,15.90066579
9847,1.71,275429.0,2640.41,1.933090714,15.36709724
9848,1.53,135300.0,936.28,1.312867318,14.84490513
9849,1.28,261688.0,669.48,1.382054147,17.34383577
9850,1.23,366161.0,1672.03,0.570636515,13.78505553
9851,1.65,378957.0,1038.31,1.190865984,14.56192852
9852,2.12,172208.0,1312.91,1.645926099,14.84654025
9853,0.51,147833.0,1682.25,2.548355603,11.94113688
9854,0.55,379744.0,2031.45,1.171467317,16.08033159
9855,1.56,148051.0,1899.23,1.720425671,15.18298606
9856,1.15,154081.0,1419.08,1.539047234,15.87702835
9857,0.15,401119.0,1896.37,1.763828745,15.38978319
9858,0.04,372997.0,754.08,2.344999987,16.77649081
9859,0.87,129824.0,1757.85,0.735733628,13.46181881
9860,1.66,157395.0,1495.07,2.369071929,17.13573214
9861,2.44,380929.0,1483.45,1.12423063,15.66790425
9862,1.92,157215.0,2035.34,2.138052405,16.40782428
9863,2.14,279120.0,1260.8,4.716477469,16.44362794
9864,0.61,388048.0,1883.91,2.415829335,15.67431328
9865,1.5,376870.0,1523.27,3.605152532,16.38845986
9866,2.32,391634.0,740.15,-0.145397585,15.31132652
9867,1.84,358142.0,2417.34,1.602145867,15.26395599
9868,0.93,155953.0,1325.12,1.635866068,15.4410618
9869,2.26,379331.0,1832.54,3.185250798,15.80990254
9870,1.16,260228.0,1881.58,2.200579075,17.55037083
9871,1.51,369417.0,2131.21,2.441108164,15.62274347
9872,2.33,132453.0,889.98,4.674068403,13.37630851
9873,1.55,259421.0,1894.66,0.998683583,15.8651158
9874,2.83,362987.0,764.22,3.384182203,16.79502269
9875,2.07,132757.0,1799.62,2.42122903,15.48558322
9876,0.73,147924.0,964.87,1.618378688,16.42546704
9877,2.69,363344.0,1739.56,2.31282946,16.60518128
9878,1.13,272417.0,2529.6,3.608709839,13.4097307
9879,1.56,148478.0,732.04,1.682521453,16.06852653
9880,1.12,364210.0,1846.48,1.334162818,14.72863735
9881,2.34,146670.0,2328.45,1.010943273,16.88370332
9882,1.66,242959.0,2374.96,2.898131529,16.95857626
9883,1.43,148924.0,2070.19,1.522444392,16.70695205
9884,1.62,152872.0,1851.04,2.102466771,15.78831249
9885,2.17,364321.0,1342.56,2.980349598,15.85303019
9886,0.74,374875.0,1988.03,1.485487947,15.12454501
9887,1.3,384152.0,2056.09,3.891259333,14.05948413
9888,1.88,257182.0,1344.56,1.8036802,11.56729725
9889,0.98,259504.0,1349.38,2.391318809,16.13097468
9890,1.37,344858.0,1831.06,1.579129642,15.49822879
9891,1.23,356188.0,591.42,4.097268589,13.8483963
9892,1.41,137355.0,831.98,0.979649709,15.72526333
9893,1.19,142984.0,1599.95,1.539886041,13.23485592
9894,1.29,270461.0,2537.2,1.582716325,16.39440718
9895,2.26,140581.0,1621.73,4.637441083,15.93372513
9896,0.55,272064.0,2558.84,1.861640091,16.29211231
9897,2.2,369648.0,2079.78,2.199256419,16.00747546
9898,1.51,376025.0,2039.44,4.239777014,15.59677444
9899,0.63,373589.0,1988.1,1.671400134,15.98766648
9900,2.01,269207.0,1765.67,1.954218286,14.17962763
9901,1.19,145269.0,1627.53,0.792977919,14.82999877
9902,1.49,151571.0,830.75,0.501298078,16.20799961
9903,1.95,131856.0,1879.07,2.379259774,15.50985988
9904,1.51,347577.0,1254.93,1.279318278,13.2865361
9905,0.92,370489.0,894.57,1.768232008,16.56607362
9906,4.22,348547.0,1773.82,3.747865414,15.77028349
9907,2.02,256433.0,1855.62,2.848695473,16.01833557
9908,1.76,369892.0,2081.07,2.18163156,15.02671365
9909,2.54,268747.0,1856.57,0.934191077,15.95562663
9910,0.37,256316.0,1344.92,1.614969638,15.82233533
9911,1.29,386925.0,1940.12,1.24596805,14.08433925
9912,1.47,141854.0,1925.87,4.20760931,15.96911995
9913,0.53,370106.0,2059.34,2.139850211,12.61619737
9914,1.44,136893.0,2034.97,4.239827646,12.98093871
9915,1.68,364030.0,2783.22,3.729376847,16.35666562
9916,1.47,382828.0,1801.78,1.665271778,15.38613956
9917,1.07,360156.0,1756.27,1.264491357,13.15298927
9918,1.49,369917.0,2533.22,2.178392558,16.36966394
9919,1.47,381488.0,873.98,2.036334772,11.57137919
9920,1.71,382995.0,1865.4,2.29715391,14.72352793
9921,2.4,135282.0,2130.87,2.919033992,15.72905068
9922,1.82,369951.0,1835.36,2.746984444,15.77559648
9923,1.91,384154.0,2522.86,2.16276503,13.40775995
9924,1.38,373965.0,1192.21,1.086987494,16.25067305
9925,2.6,147846.0,2251.07,3.112526044,15.01103421
9926,2.4,382234.0,2413.22,3.982431819,15.57193013
9927,2.24,369890.0,1602.69,1.06972205,17.33421311
9928,1.56,248484.0,2198.42,0.523897838,12.27073975
9929,2.26,380713.0,746.76,1.648819407,16.00502745
9930,1.48,356596.0,717.53,1.970801543,15.48430043
9931,1.33,346397.0,2287.99,1.052889488,15.83302504
9932,1.29,149551.0,2055.03,1.866161733,16.37713663
9933,1.11,374179.0,2747.03,1.697032776,16.39007121
9934,0.89,350944.0,1577.68,4.114064435,15.66885019
9935,0.55,366155.0,1500.34,0.678207545,15.04499105
9936,2.73,158127.0,2343.13,3.045004406,16.59603036
9937,0.87,392212.0,1462.64,2.656687554,14.63119164
9938,1.62,235019.0,854.52,0.809177041,13.76007524
9939,1.14,381671.0,1903.25,3.157531057,12.74161556
9940,1.78,375754.0,586.86,0.331486006,12.40412911
9941,2.5,366099.0,778.16,1.931455992,16.76603434
9942,1.98,383043.0,838.16,2.395478804,15.34047333
9943,1.4,129007.0,1870.04,1.782227534,15.47564754
9944,1.77,137707.0,2386.15,1.885139346,14.65277866
9945,2.23,388312.0,964.18,1.829536725,16.26793564
9946,1.85,114947.0,1384.87,2.025433594,13.69123218
9947,1.34,288356.0,2266.86,2.451300742,11.72816925
9948,2.36,172072.0,1956.95,1.03117779,15.24490379
9949,4.67,154891.0,1849.04,1.17467719,14.53554222
9950,3.53,242053.0,1320.69,2.289280789,15.48662396
9951,0.91,237580.0,1649.37,1.018924491,15.30486973
9952,1.33,161294.0,1972.1,1.716760728,15.62409203
9953,1.64,388694.0,1332.34,2.327013327,17.12727465
9954,1.01,155143.0,1343.02,0.581789046,15.35369584
9955,1.83,145371.0,1012.76,1.342667073,15.16683538
9956,1.16,147222.0,1910.28,2.418185036,15.52430617
9957,0.28,339331.0,874.16,1.498405141,13.66983641
9958,0.64,136888.0,1523.92,2.618382145,15.86351191
9959,1.53,265292.0,1433.78,4.386409867,15.54633992
9960,0.42,372239.0,2238.24,2.016357209,13.91220171
9961,1.9,362187.0,1516.06,2.132126278,15.22822646
9962,0.61,160076.0,2419.38,0.820349844,15.76519069
9963,2.4,140423.0,809.56,1.29332565,13.90826519
9964,2.0,273821.0,628.13,1.687779744,15.65234606
9965,1.28,396814.0,2055.76,3.680029628,14.46045655
9966,1.49,371926.0,1864.2,0.778922763,16.13440359
9967,1.49,152027.0,794.61,3.540940714,14.18264958
9968,2.61,327532.0,2186.64,0.802152468,13.67864634
9969,0.54,147364.0,1233.78,1.41037898,15.89680475
9970,0.65,236133.0,1221.32,1.592735597,16.08238828
9971,2.69,165672.0,1867.0,0.996879709,14.60630044
9972,0.32,371676.0,2276.87,3.357158021,15.67955841
9973,0.56,392254.0,2322.75,2.592359276,13.81687169
9974,0.97,367338.0,1894.22,2.806753429,16.12230475
9975,1.4,260264.0,1054.95,3.503016875,14.59616071
9976,1.98,153878.0,716.31,1.542092198,16.11706548
9977,2.37,128195.0,2621.56,0.986803443,15.42799978
9978,1.65,364719.0,1501.85,2.838138235,16.46392471
9979,1.86,153412.0,986.99,1.26590064,16.09975988
9980,0.73,256451.0,1813.15,0.664977847,13.60827741
9981,0.83,361673.0,849.91,1.087524233,15.59647665
9982,1.96,146223.0,1451.61,1.975133046,15.99951198
9983,1.56,155287.0,2308.5,0.743920461,11.2583727
9984,3.4,127278.0,1287.28,2.182887157,15.65170936
9985,1.65,240839.0,1856.27,0.524769256,16.47031609
9986,1.67,283312.0,2479.64,2.865561422,16.13343474
9987,2.22,369770.0,1819.43,0.864999418,12.27163436
9988,0.71,376986.0,1840.63,2.618954222,15.85382642
9989,2.37,265680.0,1455.87,0.764600621,14.48279178
9990,2.65,128578.0,861.07,3.85885031,15.72430899
9991,0.42,356332.0,2321.13,1.713861925,13.09212388
9992,2.49,360639.0,1744.03,1.592770089,14.51654895
9993,2.06,117802.0,2177.03,0.892113391,16.12208607
9994,1.94,120998.0,1322.17,1.6920846,15.47034773
9995,1.64,151864.0,657.36,2.760719986,16.41241484
9996,2.04,150838.0,2102.32,0.69924089,15.73174784
9997,2.0,367209.0,1975.37,1.568124232,15.82534344
9998,1.59,358433.0,1959.88,0.103445277,14.72973168
9999,2.54,155197.0,1365.42,3.403602604,16.67507927
10000,2.43,398450.0,1920.55,3.219003898,15.96680212
10001,1.37,371380.0,2011.26,1.875529012,14.18264532
10002,1.36,166946.0,1781.16,1.411740664,15.80259199
10003,1.77,137397.0,1204.83,1.521075156,15.53754161
10004,2.74,361647.0,1242.3,1.259028718,14.96375712
10005,1.97,377085.0,1828.05,0.939160063,14.48603703
10006,2.11,379693.0,2035.22,2.779716572,15.38478473
10007,1.61,342819.0,2157.25,2.166849537,15.24289134
10008,1.7,125844.0,786.75,1.750812781,15.58666412
10009,1.68,378036.0,2464.83,0.983853751,14.50689812
10010,0.29,363638.0,1069.61,0.739349105,15.32604544
10011,2.4,261377.0,1937.62,1.225146379,15.09494876
10012,1.18,275277.0,1440.48,1.46936076,15.95410672
10013,1.17,149411.0,2243.97,1.929764179,15.9359415
10014,2.39,147847.0,896.57,1.004367317,13.11484603
10015,0.26,393750.0,768.45,3.744859783,16.87269754
10016,0.92,136843.0,1622.0,2.04679996,17.3726547
10017,1.4,134558.0,1252.57,0.391130773,14.3240045
10018,1.5,122522.0,1097.57,0.596009991,13.86478338
10019,0.93,394344.0,2592.16,3.704230988,13.56980112
10020,2.09,372440.0,1759.15,2.956229767,15.78552262
10021,2.64,264766.0,851.86,1.997511882,15.58069884
10022,0.97,353029.0,1296.04,1.364431412,13.58401188
10023,1.96,375351.0,2340.01,3.119801349,16.06926306
10024,1.64,132312.0,2472.58,3.114356742,14.57524974
10025,0.87,247821.0,1423.87,1.75326889,14.05634288
10026,1.41,370984.0,2117.45,1.723050371,13.61214552
10027,1.12,142883.0,1800.05,3.035348404,13.48167834
10028,1.18,252737.0,1948.09,2.162891192,14.72149064
10029,1.03,363377.0,1346.73,4.095254502,14.21589254
10030,1.04,164541.0,721.27,3.17892411,14.94826002
10031,0.53,375432.0,738.92,2.96423832,15.46272218
10032,0.83,125029.0,2316.05,2.168600203,14.51981885
10033,1.66,347535.0,798.21,3.099960756,15.72070548
10034,1.1,390739.0,1960.23,1.814210284,12.22067946
10035,1.08,258583.0,1747.01,2.028103194,14.78528421
10036,0.14,390679.0,1451.9,0.521954892,14.91249242
10037,0.01,374749.0,2099.48,2.145116602,17.60559008
10038,1.69,344521.0,1724.07,1.473253189,15.7526409
10039,1.19,369518.0,1373.23,1.778386333,16.14438728
10040,1.61,354673.0,1875.69,1.810526527,17.25432399
10041,1.1,254533.0,2304.77,1.972220141,11.74757264
10042,1.98,359047.0,1804.33,0.91524792,13.95953962
10043,2.32,144203.0,1865.62,3.690028013,15.11602188
10044,1.25,378576.0,2487.68,0.467305281,15.73725468
10045,1.11,237674.0,2064.7,0.738680869,13.83519928
10046,1.76,153463.0,1952.92,2.064059946,15.50191676
10047,2.4,249548.0,2286.32,3.87687147,14.99675984
10048,1.91,362333.0,1419.38,3.196258883,14.20686877
10049,2.83,355779.0,1003.32,1.998538216,15.3000632
10050,0.9,116409.0,1926.12,3.888797086,13.40659531
10051,0.92,152560.0,1908.63,2.679764438,14.66598123
10052,2.07,130411.0,1826.82,1.371871589,15.12325493
10053,1.94,376367.0,1838.93,1.798931995,15.71564297
10054,2.84,262469.0,1682.05,2.1006469,15.10763923
10055,2.1,338841.0,1578.68,0.870378426,12.09898153
10056,1.76,343898.0,1727.28,2.988017687,15.12836763
10057,1.16,374721.0,932.12,4.471341475,15.45848257
10058,1.63,376507.0,851.46,0.721525883,14.43176427
10059,2.14,170988.0,785.38,3.363820824,15.63640307
10060,1.32,341960.0,1478.53,1.292611183,15.04164165
10061,1.86,116122.0,1155.09,1.591256239,15.56518606
10062,0.85,142168.0,1816.49,0.485488929,12.14644274
10063,1.07,351994.0,1799.41,2.471351304,15.23591455
10064,2.94,226875.0,871.89,1.641932523,13.83762106
10065,3.91,361378.0,2280.49,1.412817217,11.94283799
10066,1.02,255902.0,1101.4,3.64950639,14.9692894
10067,1.33,256530.0,2573.13,1.016240426,15.24824589
10068,1.75,124401.0,1424.63,0.273442592,13.60475323
10069,0.78,387384.0,1611.96,3.634534713,16.51005805
10070,1.4,237190.0,1831.37,1.948454684,15.65719021
10071,2.08,376955.0,2134.93,1.817892703,14.1463042
10072,0.71,387700.0,2576.04,2.534296979,16.1127595
10073,1.03,249387.0,1780.97,1.371242171,14.83382952
10074,2.25,389342.0,2502.31,2.632018099,13.42830848
10075,0.57,375472.0,1869.74,1.469773111,11.82368172
10076,0.85,352826.0,1370.14,1.842457684,15.42657842
10077,1.37,376545.0,1735.3,2.615419925,15.41299798
10078,1.63,374628.0,2267.04,1.505092157,15.93503493
10079,0.34,374000.0,1942.4,3.046768452,12.04191241
10080,0.04,367257.0,1791.6,3.033663376,14.90739463
10081,2.0,373889.0,2425.39,0.514045401,15.39521373
10082,0.95,355689.0,814.79,1.522934138,14.8917801
10083,1.18,255235.0,720.08,1.530309553,16.15984606
10084,0.56,383896.0,1903.77,3.180829531,13.86515716
10085,2.13,253936.0,810.45,1.502147505,16.2198166
10086,2.05,365435.0,765.33,3.545285539,14.52955262
10087,0.46,148982.0,785.35,0.438449994,16.22233155
10088,2.31,370636.0,1759.77,2.162027662,15.25527283
10089,2.12,131084.0,715.16,1.676799145,16.25091497
10090,2.12,364162.0,993.43,1.873362364,15.61191339
10091,3.07,160244.0,2019.55,1.124481708,15.90005878
10092,1.38,387391.0,1958.98,3.906614451,16.24075547
10093,2.54,268794.0,1887.04,1.153010547,14.97358507
10094,1.68,126897.0,2018.24,1.697074355,15.54619194
10095,2.65,336372.0,1782.94,0.522510465,15.46634422
10096,1.53,148386.0,1479.18,1.617945972,15.48863641
10097,0.51,369664.0,1889.06,1.335615395,15.64833837
10098,0.9,392437.0,1744.05,1.6594284,15.64012747
10099,0.86,262649.0,846.88,1.379549117,15.81674003
10100,1.55,128332.0,1763.63,1.288850842,16.24507023
10101,0.77,127321.0,2337.94,2.351387335,13.79165556
10102,1.52,351103.0,886.52,2.641492486,13.2988213
10103,1.27,373139.0,2419.54,0.829631162,15.19391962
10104,1.08,358587.0,935.35,2.08146898,15.5517813
10105,0.44,153019.0,1064.8,3.088006188,15.68422822
10106,0.94,131554.0,2140.11,2.499480082,15.95735316
10107,2.35,355294.0,728.57,4.504047516,14.48285604
10108,0.99,150158.0,1826.19,2.714828273,15.45264506
10109,0.83,372047.0,2052.24,3.719279097,16.48856103
10110,1.65,363481.0,2319.94,3.038743132,14.59291287
10111,1.46,375826.0,948.74,1.963884247,16.47299711
10112,1.33,124417.0,1716.67,1.107697683,15.37215486
10113,0.52,383188.0,2279.62,2.002080536,16.10297823
10114,1.66,134602.0,1860.48,2.857109801,13.40745435
10115,1.75,125864.0,2136.05,1.400508909,15.00488778
10116,1.3,149733.0,2198.19,2.105373833,14.94497093
10117,1.28,124569.0,2622.16,3.433035066,15.39172538
10118,2.21,154031.0,2043.79,1.913687529,16.54543345
10119,0.72,382643.0,1862.1,3.881405467,17.35047188
10120,1.59,370131.0,2163.57,0.715182923,15.18850384
10121,1.45,247844.0,1792.48,-0.02356156,14.1642216
10122,0.44,161560.0,1136.61,2.104469923,15.33079022
10123,0.61,158228.0,2309.47,0.9354941,15.21439214
10124,1.81,365167.0,1602.73,1.658292297,15.79613801
10125,2.08,364990.0,636.14,2.017928867,15.74642542
10126,1.58,370178.0,1810.41,2.827417184,15.8781574
10127,2.08,138377.0,2402.03,3.057309101,16.21076644
10128,0.83,140519.0,2121.69,0.356173377,15.12940107
10129,2.54,156184.0,2228.17,1.263170309,15.85229178
10130,0.71,354807.0,1721.84,1.284306619,14.29006606
10131,0.94,162847.0,1859.83,1.837642515,16.19367557
10132,1.79,243765.0,1658.79,4.82587064,13.52184353
10133,1.13,265098.0,1937.91,3.679249761,16.18245344
10134,0.66,372851.0,2307.73,4.131652792,17.73027397
10135,1.18,261801.0,1212.78,0.389288661,14.81478364
10136,1.75,282604.0,1909.77,1.621151009,13.57616985
10137,1.44,357710.0,2448.65,4.419875183,15.8229355
10138,2.13,150918.0,2099.92,1.165732763,13.79522935
10139,0.82,257606.0,1719.12,2.266279096,16.22882831
10140,0.67,360583.0,2351.07,2.250638345,13.0707311
10141,1.72,241222.0,2038.58,3.548388006,15.76259878
10142,1.64,373221.0,950.74,2.181214363,15.79600913
10143,1.19,357602.0,1823.45,1.19900085,16.03959248
10144,1.77,246894.0,2181.33,1.362967912,17.41975506
10145,0.77,353392.0,1280.71,2.665877481,15.43329394
10146,1.91,364105.0,2289.44,3.550738744,14.06762864
10147,1.98,256208.0,1444.75,0.962740377,15.04785449
10148,0.83,256250.0,2486.37,3.518381631,15.26741116
10149,1.77,133461.0,1367.73,4.023744545,15.67068219
10150,1.07,365468.0,2180.2,2.493507559,15.29573218
10151,0.76,386006.0,1877.91,1.68221928,16.91791776
10152,2.01,138379.0,2278.25,2.296528296,15.97926591
10153,1.74,356833.0,1436.04,2.806413198,15.17112334
10154,2.27,356599.0,937.61,1.460978382,15.36074123
10155,1.7,378928.0,2144.6,4.030524188,15.10646538
10156,2.34,253768.0,2331.9,1.140734601,13.84586141
10157,1.66,240680.0,761.86,2.749934612,14.43763935
10158,1.84,141861.0,1417.3,1.049318938,11.2583727
10159,2.31,256764.0,1305.44,1.262814445,14.35567695
10160,1.38,360891.0,1598.49,0.491656858,14.92437052
10161,1.92,400749.0,1995.07,3.380421692,16.81918236
10162,1.07,361520.0,1309.74,1.202044593,15.18307323
10163,1.69,246060.0,1071.93,2.746073328,13.65389454
10164,1.15,250713.0,1612.2,3.51987783,17.70099322
10165,0.54,361119.0,2262.43,3.055928841,15.6813039
10166,1.57,154907.0,3047.82,4.06910358,15.00682411
10167,2.02,145112.0,2360.77,2.970961162,13.66755211
10168,0.1,378850.0,1947.9,3.210288794,15.33594054
10169,1.76,355502.0,1999.56,2.92905145,13.70256153
10170,1.46,360211.0,1838.31,3.615630982,15.78331066
10171,2.45,384980.0,2020.04,4.683967012,15.07486324
10172,1.67,380094.0,1910.77,0.63637996,15.42521484
10173,0.9,391894.0,2184.61,1.848043327,15.74446902
10174,1.45,358736.0,815.28,1.917963232,13.0976576
10175,1.1,260399.0,2119.12,2.108979821,16.06800151
10176,0.96,366107.0,1995.67,2.723862428,12.74753032
10177,1.8,272255.0,1897.1,3.164780157,16.66751729
10178,1.39,155789.0,1522.79,3.502401583,17.04095606
10179,1.63,348242.0,1645.93,2.256394034,14.3494214
10180,1.8,156844.0,1782.8,4.456162485,15.94703127
10181,0.52,371736.0,1981.1,1.536113881,14.28878482
10182,0.5,374881.0,1266.01,1.33068014,16.31140049
10183,0.92,381830.0,1051.28,1.786118196,15.22559985
10184,0.31,385560.0,1825.84,1.699183157,17.36370893
10185,1.85,373981.0,1207.54,1.456519611,13.39423317
10186,2.02,135876.0,1714.86,1.459313333,16.06308991
10187,1.33,133949.0,2348.91,1.134831589,15.47260514
10188,1.76,142349.0,2266.22,1.545703107,13.26387861
10189,1.55,249188.0,1881.79,3.198784254,17.73027397
10190,0.99,371737.0,1878.63,1.860361717,16.49637904
10191,1.58,140836.0,1352.9,0.977121079,12.02926024
10192,1.01,262515.0,1580.72,1.603063116,16.52162676
10193,0.83,145268.0,1836.39,3.188854815,16.61387655
10194,1.02,145655.0,1942.47,1.085008672,14.37176556
10195,1.83,126882.0,2210.63,1.738043332,14.97422927
10196,0.87,378493.0,967.59,3.801717847,14.54137029
10197,1.31,359119.0,1099.17,1.472050919,13.40713135
10198,2.26,117968.0,1798.33,2.296222526,13.0835706
10199,1.19,344182.0,1705.92,1.153798891,12.08305037
10200,1.86,134596.0,1876.96,0.916331612,16.12625575
10201,0.44,351588.0,1794.57,2.507450504,15.83631249
10202,0.53,182420.0,1906.82,-0.062655131,14.12483692
10203,2.36,144697.0,1565.02,1.646391997,15.91806267
10204,1.83,368325.0,1731.79,3.573173849,16.08109112
10205,1.52,276266.0,993.33,2.552342168,16.86325075
10206,1.83,362422.0,1624.84,1.694249266,14.14849129
10207,1.07,161489.0,1546.76,2.472588667,12.45317972
10208,2.0,363212.0,3047.82,2.763683564,14.17987705
10209,2.1,246802.0,754.87,4.46517126,17.48453107
10210,0.22,251594.0,1293.73,3.875638052,16.46905562
10211,2.03,375272.0,806.53,2.29658577,15.20804579
10212,1.98,369639.0,1888.61,2.899060809,15.11289488
10213,1.65,123619.0,2289.65,2.124518499,14.54611857
10214,1.48,358229.0,1761.22,1.305144662,15.7287693
10215,1.13,243684.0,2029.32,2.19014442,12.66454782
10216,2.61,240981.0,2113.98,1.743682887,15.53575473
10217,1.58,134320.0,2600.08,1.027258181,16.59894243
10218,1.61,357413.0,841.83,1.070604676,16.52221825
10219,1.22,351328.0,1267.55,1.365834791,14.65071613
10220,1.28,348140.0,1276.12,1.900532772,15.74189304
10221,0.38,144819.0,1534.66,2.027018106,14.11059568
10222,1.7,260178.0,954.86,4.129758747,15.81901389
10223,0.92,354048.0,1940.75,1.123396517,15.91013554
10224,2.63,401119.0,1289.16,2.200787429,15.59518285
10225,1.1,153544.0,1229.22,1.530256965,13.24841686
10226,1.91,133206.0,1917.92,3.428125346,13.07647613
10227,0.74,387435.0,1897.28,1.534556798,15.06352098
10228,2.27,363904.0,674.21,2.812035772,16.2963684
10229,2.73,165892.0,822.2,1.787466016,14.70543807
10230,1.62,251991.0,2021.6,-0.326393035,14.75398851
10231,1.36,389613.0,1894.08,2.170721763,15.0557128
10232,1.35,368593.0,1837.66,2.143370609,16.18963844
10233,1.61,362283.0,1614.73,2.908694868,15.3605684
10234,2.12,341056.0,1158.17,1.236732129,15.1281626
10235,2.07,384066.0,1758.31,2.076676675,15.81802388
10236,1.71,374044.0,1357.95,4.93924406,15.09734182
10237,1.3,167000.0,2210.63,1.613326846,15.69690364
10238,1.25,147772.0,1353.92,1.79808156,15.59039711
10239,1.29,350581.0,1952.81,2.051056975,15.56186787
10240,0.0,347450.0,1475.05,0.198847282,15.75867896
10241,1.49,353790.0,2199.48,1.586034522,14.96924915
10242,1.92,277126.0,2032.36,2.437003772,11.96936035
10243,1.79,133733.0,978.5,2.069746384,15.69820273
10244,1.44,359789.0,1858.6,4.074039325,14.13056876
10245,0.74,375266.0,1987.41,2.667701012,16.09082436
10246,2.28,364394.0,1825.76,1.460471614,15.83502474
10247,1.1,372397.0,2192.66,0.108015768,14.65500755
10248,2.16,378954.0,1632.1,3.838060407,14.98524265
10249,1.52,241902.0,1985.09,1.823764096,13.23832911
10250,1.83,368224.0,1721.98,2.307661248,16.68734864
10251,1.26,378802.0,2385.33,3.673523293,15.48220489
10252,0.21,374584.0,1919.33,0.452251802,14.27617621
10253,1.03,382931.0,1911.85,2.278183699,13.37486335
10254,0.68,360626.0,1685.67,3.504808238,15.97785999
10255,1.75,384318.0,2814.83,4.502380332,15.30807732
10256,1.23,228882.0,1584.63,2.106071749,17.33128277
10257,1.25,159551.0,1408.61,2.931411429,12.99863259
10258,0.86,163591.0,1750.25,3.575689024,14.49030993
10259,0.63,362583.0,1667.36,0.170035757,13.04213265
10260,0.7,153389.0,1777.58,0.964578567,13.20533985
10261,1.51,379845.0,2074.58,2.88826233,17.04478685
10262,0.21,381501.0,2371.42,4.48873502,15.59369119
10263,0.65,130294.0,1871.44,2.845894798,14.79669721
10264,2.0,358931.0,2533.02,1.647412313,15.66196582
10265,0.82,377521.0,1880.38,3.016918608,11.2583727
10266,1.85,263822.0,2194.82,1.551372913,16.09050225
10267,1.52,142740.0,1047.71,1.271388607,16.65940542
10268,1.85,253359.0,698.41,1.193439056,16.44246785
10269,1.56,372394.0,1444.88,2.322032704,14.32090458
10270,2.26,132299.0,1384.75,1.522449543,15.61589848
10271,1.68,139412.0,1878.3,2.057879131,15.61318946
10272,1.91,354501.0,2418.62,3.676153569,16.78937354
10273,1.11,149870.0,1553.79,1.353652281,15.92001357
10274,2.2,250149.0,1051.12,0.977921036,13.86528797
10275,0.22,249150.0,1817.19,1.443977407,15.83135239
10276,1.54,252817.0,1141.18,2.453852637,13.8147749
10277,1.11,366321.0,2330.51,1.607315,11.73020721
10278,1.37,370788.0,759.26,1.181826896,11.75074096
10279,2.0,154036.0,769.86,1.057976369,14.22662034
10280,1.6,259166.0,2212.09,3.44227868,13.45047297
10281,3.13,378219.0,1978.84,2.760906263,13.92498492
10282,1.91,358082.0,2369.86,2.886023827,17.36538106
10283,1.49,165371.0,1957.96,4.377831239,15.93534774
10284,2.5,157228.0,915.44,1.180402175,15.19966354
10285,2.67,357079.0,2087.21,1.567879013,16.05903779
10286,3.08,358173.0,1376.65,2.973952277,16.55074461
10287,1.17,341532.0,1802.66,1.134379168,15.37546117
10288,1.99,372917.0,1330.58,0.43367338,13.58036718
10289,1.78,355906.0,1797.96,2.10947003,14.61328497
10290,1.12,117132.0,1812.33,1.50442358,16.73421243
10291,1.14,164147.0,1556.38,3.306030232,16.8938863
10292,2.11,349110.0,1981.32,2.097119543,14.93324859
10293,1.61,142846.0,2085.38,1.324883418,15.42114178
10294,2.22,353801.0,2305.29,1.800967077,13.70878899
10295,2.49,350955.0,1784.2,1.155464559,15.81673759
10296,0.83,377896.0,2395.38,2.027517498,16.70979714
10297,2.19,247648.0,833.04,1.77787729,14.21230027
10298,2.39,142907.0,765.08,1.532672038,15.77650301
10299,1.6,374224.0,907.06,2.175383497,15.82325606
10300,0.0,380038.0,2934.96,0.857190499,14.25726903
10301,1.85,339600.0,586.86,1.926241708,14.47511393
10302,0.87,156702.0,1887.72,1.316631119,15.96821528
10303,1.2,362879.0,1203.57,2.972933778,13.17422721
10304,1.72,390028.0,1735.59,2.947597994,13.50530786
10305,0.64,170531.0,1469.73,2.840013356,12.63617299
10306,1.07,391148.0,3047.82,2.52810834,16.03793643
10307,1.98,369854.0,2354.51,2.058868431,16.27400305
10308,1.8,141105.0,2031.82,1.968245935,17.73027397
10309,2.1,136512.0,1829.74,2.886534841,16.44102189
10310,2.5,145208.0,991.72,1.818282216,11.29993725
10311,0.22,385459.0,1027.27,0.973745948,15.22949284
10312,1.57,234064.0,1183.14,0.825089967,14.9059075
10313,1.65,154786.0,1191.52,2.404307939,15.80353277
10314,1.07,165302.0,1943.43,2.99440611,14.10848796
10315,2.46,387703.0,2480.85,1.456968028,16.7610998
10316,0.86,363839.0,2403.22,1.159118004,15.64586222
10317,0.84,373723.0,2381.95,1.535663961,16.66542271
10318,1.47,145528.0,926.23,2.66532442,15.53894356
10319,2.61,367069.0,1521.03,1.190742166,13.28622162
10320,1.29,130700.0,2105.28,1.58323746,14.97877051
10321,1.79,136238.0,1458.7,2.202975121,13.61438363
10322,1.28,276755.0,2356.59,2.111154812,16.08676029
10323,0.45,385087.0,2279.75,3.811241531,15.88426021
10324,0.15,230394.0,803.39,1.044360398,12.36236376
10325,2.41,247075.0,2279.02,1.426458245,14.09513421
10326,1.68,390265.0,1391.88,1.315858352,15.47196433
10327,2.53,126963.0,2539.72,1.02899639,15.7599025
10328,1.33,390367.0,965.0,4.355511978,15.35829621
10329,1.26,146805.0,670.31,1.493971181,14.81738355
10330,1.88,138468.0,1603.67,2.408552234,11.2583727
10331,1.07,373873.0,809.91,1.013266499,13.9315773
10332,1.61,138728.0,2052.41,2.225223641,16.44578773
10333,1.19,136510.0,1877.14,1.874145597,12.6704425
10334,1.17,365665.0,2062.6,1.820843043,13.70700968
10335,1.34,143434.0,2337.11,2.686327048,15.31689333
10336,1.84,245529.0,2056.73,-0.112213059,13.52005484
10337,1.39,366744.0,1179.97,1.680889646,13.74306268
10338,1.43,361397.0,1552.73,0.267551958,13.89197127
10339,1.64,381406.0,2432.01,1.599476135,17.31179223
10340,2.38,120468.0,2904.35,0.128507034,16.53705778
10341,1.91,366255.0,1813.45,3.603682534,12.6219116
10342,0.76,139598.0,1878.87,3.747893901,16.01209042
10343,1.28,374931.0,2482.6,1.814237193,13.50004467
10344,0.57,384983.0,1941.96,1.085403991,17.48914741
10345,1.06,148103.0,2420.89,1.935483962,13.16583206
10346,1.37,401119.0,2445.65,4.157931678,13.31565339
10347,0.48,159173.0,1409.09,1.994856789,15.96611941
10348,1.88,366836.0,2650.66,1.807748791,12.7458477
10349,1.34,350331.0,2025.99,2.390769162,15.65764536
10350,0.61,130876.0,2185.72,2.640458281,16.81005501
10351,1.19,144194.0,1264.24,1.336455454,15.81335204
10352,1.19,363253.0,807.89,3.348775468,15.85664948
10353,1.48,380314.0,2295.27,1.943751969,13.44201684
10354,0.34,243596.0,1732.94,3.031817651,15.2657967
10355,0.98,353413.0,1902.01,1.840003022,15.29678285
10356,1.12,368134.0,2837.08,2.057232866,13.18408953
10357,0.91,391669.0,628.52,2.39644315,16.03300694
10358,2.09,135151.0,1228.68,1.61404074,14.29121596
10359,2.02,380104.0,2147.7,1.568227225,17.57758382
10360,1.81,149814.0,2036.75,0.281171741,15.73147593
10361,1.37,372268.0,2044.17,3.219157539,15.58388211
10362,1.64,381150.0,1667.69,2.897303901,12.96370111
10363,2.14,150118.0,789.0,1.649999815,14.52749071
10364,1.6,255889.0,1079.23,0.244873959,14.38387201
10365,1.48,254107.0,2111.15,1.057026807,13.44442392
10366,0.0,259655.0,1841.68,2.831399644,14.22256192
10367,0.99,384949.0,1818.83,3.362458222,15.45938498
10368,1.53,254680.0,2124.91,1.395750694,14.22356415
10369,2.07,160053.0,752.86,2.937754676,14.62698186
10370,2.78,377984.0,2472.58,1.012733293,15.89333473
10371,1.6,244576.0,2260.86,3.44396786,14.24078308
10372,2.76,133800.0,996.05,3.135956589,13.196339
10373,1.16,347955.0,1724.65,0.317025099,13.7466657
10374,2.0,342425.0,1465.16,3.010261769,14.87782289
10375,0.91,252759.0,1842.02,1.960437134,15.76042781
10376,1.48,146995.0,962.05,2.760833587,16.2482479
10377,1.23,122115.0,1951.99,1.446996126,13.88328868
10378,1.71,376843.0,2234.94,1.717710721,15.46687778
10379,1.88,139262.0,1358.72,3.02928544,14.44048729
10380,0.5,401119.0,878.86,2.317330771,16.39170195
10381,0.02,166581.0,1402.3,2.945454251,15.25407355
10382,2.05,268635.0,2503.55,0.714682392,15.79506977
10383,1.12,169866.0,1585.01,2.23173313,16.77993742
10384,0.59,256431.0,1332.96,1.892379685,15.61845683
10385,2.38,362159.0,1020.78,2.321412914,15.14936108
10386,1.98,248783.0,1430.58,0.712629968,13.07424547
10387,2.59,119457.0,2314.62,2.751733609,15.27643439
10388,1.45,357161.0,970.93,1.054858948,13.20784261
10389,0.57,360303.0,1914.82,2.901140538,13.32545102
10390,1.29,152973.0,2388.76,1.59254987,15.81219467
10391,0.95,242986.0,1728.67,1.921216366,16.78425148
10392,1.56,360561.0,1788.03,1.326954521,13.73266938
10393,1.87,385077.0,1966.3,1.367783342,14.25777754
10394,1.44,348188.0,2248.45,1.758142047,15.74938906
10395,0.18,374303.0,1913.9,4.426693534,15.49649834
10396,1.14,384584.0,2364.52,1.905933197,15.26291869
10397,1.41,342913.0,955.75,1.216530608,17.06390878
10398,1.72,138389.0,2331.6,1.460251521,15.75358394
10399,1.94,138271.0,801.78,1.63049457,14.61509714
10400,2.02,115483.0,1779.85,2.036620561,15.24041671
10401,1.19,355959.0,1277.3,2.237787785,14.3654256
10402,0.3,376044.0,2482.27,1.845445557,15.10926798
10403,1.6,385497.0,1914.71,0.746947297,14.54374159
10404,1.83,131310.0,1774.29,3.116093355,15.85895672
10405,1.87,381959.0,1402.73,2.950996515,16.00724904
10406,1.8,363135.0,945.5,0.977985637,15.32433172
10407,0.0,370930.0,1852.18,3.94667377,15.59563327
10408,0.0,372555.0,890.54,2.054053786,16.84693108
10409,1.69,257649.0,1968.91,1.184418887,15.71555016
10410,1.23,248790.0,870.98,2.049173156,15.83948045
10411,0.94,159771.0,1379.21,4.028719694,15.24445504
10412,5.07,258718.0,1915.91,1.399599523,16.59371336
10413,0.48,259990.0,1944.27,3.728136403,15.73506541
10414,2.3,364552.0,1621.34,2.143567641,15.08201076
10415,1.27,361272.0,2010.22,1.673689494,12.58632393
10416,2.01,361173.0,1855.73,1.524339624,15.70882717
10417,2.5,259495.0,1665.82,1.830242536,17.68868292
10418,0.93,384630.0,1893.58,4.641889866,15.34280931
10419,1.12,368052.0,2164.37,3.157848965,16.79216433
10420,1.18,124547.0,1907.35,4.416879374,13.54270751
10421,1.3,259908.0,586.86,1.136169486,15.94939824
10422,2.17,249506.0,2226.15,1.394600764,13.04095281
10423,1.74,360453.0,3047.82,1.708242558,15.98350468
10424,1.64,146322.0,1920.8,0.846507303,15.44450478
10425,2.09,364125.0,2044.37,2.321245981,14.17051346
10426,2.19,257780.0,3017.87,1.519173886,16.0834532
10427,0.48,357789.0,2355.67,1.120282965,14.66102697
10428,0.38,368803.0,1460.9,2.82019272,15.41189151
10429,4.39,159933.0,1936.61,2.758330262,14.17566768
10430,0.89,367914.0,1882.93,0.379383899,15.41059876
10431,1.2,169733.0,1903.69,3.547606948,14.52952268
10432,1.08,386272.0,2340.2,2.31673699,14.10110075
10433,0.51,359054.0,1336.23,2.075895562,15.97511285
10434,2.82,136616.0,2480.75,1.929706508,14.020131
10435,0.61,271101.0,2367.05,3.652696154,16.21888254
10436,2.45,231584.0,1943.2,3.197409159,12.38532909
10437,2.15,246875.0,933.15,4.255458339,11.59888145
10438,0.82,165884.0,1994.5,3.250289284,17.63712823
10439,1.15,274394.0,1865.59,1.337703524,16.32507135
10440,1.96,134109.0,2078.44,3.734943667,16.51842678
10441,0.11,357438.0,1884.84,2.161337712,15.57856788
10442,2.01,358638.0,1138.79,1.782223016,17.06975631
10443,1.75,367042.0,1498.21,2.953830226,15.61745342
10444,1.48,254974.0,2037.25,0.578365857,14.66142827
10445,1.34,248728.0,1734.61,0.785937947,15.96858238
10446,1.9,349457.0,2142.5,1.767007568,16.12440383
10447,0.43,134066.0,1844.37,1.902699773,15.05960146
10448,2.03,155656.0,2408.91,2.246292321,14.32141855
10449,1.64,377399.0,2112.05,2.503788985,16.0270255
10450,1.69,398115.0,1024.28,4.93924406,16.61372119
10451,1.43,383014.0,1341.14,4.61484962,15.11123361
10452,1.21,346496.0,1986.76,1.348767274,15.40412187
10453,2.49,375987.0,1338.85,1.677238377,13.78688474
10454,0.32,128889.0,1845.14,1.959366467,14.89007089
10455,1.72,166812.0,1105.99,3.8847152,15.88474256
10456,1.65,259483.0,1052.16,3.726537426,16.2901898
10457,0.92,151298.0,2224.99,3.029809986,15.2656399
10458,1.1,377048.0,978.46,3.384850582,15.84683998
10459,2.3,367184.0,2476.52,3.413743069,13.29522014
10460,1.33,401119.0,2377.48,1.873017394,15.31483091
10461,1.15,131398.0,1775.94,2.313513484,13.19432841
10462,1.14,239456.0,1479.27,-0.005644949,16.36855797
10463,0.82,380770.0,1878.66,1.704870353,17.10644193
10464,1.39,388065.0,1953.46,3.707663309,15.57858793
10465,1.19,121293.0,1867.68,1.275400234,14.23253953
10466,2.9,255561.0,1338.37,1.431336268,14.96131249
10467,1.28,364042.0,1900.77,1.595493458,15.73316143
10468,1.04,352415.0,1364.62,2.002682503,13.45101361
10469,1.66,140602.0,1443.35,2.963430381,15.36673688
10470,0.67,362189.0,1989.64,0.652858109,13.52605875
10471,0.79,244100.0,1934.08,1.386431306,14.84381102
10472,2.19,269519.0,937.25,2.52739934,15.56270876
10473,1.77,381008.0,1962.8,2.111104969,16.66803724
10474,1.73,368686.0,1507.3,2.357953068,15.25896255
10475,2.48,255228.0,1653.06,1.834289907,15.35914393
10476,1.11,240435.0,1699.18,0.666571659,14.4709702
10477,0.81,269600.0,1841.18,1.541728913,17.72875721
10478,2.0,350147.0,2282.59,0.120619954,13.11091249
10479,1.46,155829.0,882.01,1.814438456,13.7828346
10480,1.49,368156.0,1869.95,1.787982633,16.76036929
10481,1.2,133604.0,2177.44,1.20383238,14.81761727
10482,1.88,356874.0,1700.15,1.913840054,15.84658454
10483,0.33,378724.0,1956.67,1.848538395,17.69739565
10484,1.29,395495.0,1565.34,2.758925353,15.54562564
10485,1.22,389498.0,1649.44,1.40376273,16.1794334
10486,1.34,383069.0,1786.34,1.881499051,15.81990114
10487,2.46,257766.0,2518.8,1.689102008,16.12147387
10488,2.77,356172.0,1503.78,0.906543854,15.06117794
10489,1.31,386149.0,2809.99,2.37419532,15.71569558
10490,2.25,134332.0,1022.83,1.667081578,15.32793424
10491,2.21,242532.0,1844.28,0.940299965,16.38810909
10492,1.58,378123.0,1883.03,1.884846836,16.12878065
10493,1.4,284304.0,1846.26,0.756077032,15.21061837
10494,1.73,249609.0,1507.33,2.421051973,15.7691565
10495,1.75,164512.0,1531.82,2.562413256,14.09638677
10496,0.38,384115.0,2505.35,1.703780087,15.44843227
10497,0.66,393854.0,2088.53,2.269596329,15.81296653
10498,2.34,243049.0,2747.46,1.735272743,15.77653104
10499,1.53,251958.0,2245.04,0.985933274,17.67323015
10500,0.6,353831.0,1335.32,1.321919623,17.25142325
10501,1.23,344595.0,1972.67,1.653758548,11.69862952
10502,1.77,386466.0,1863.97,1.691289072,15.90195722
10503,0.45,351569.0,1898.06,1.722748353,17.56036622
10504,0.26,253770.0,1518.05,1.684581446,13.50213303
10505,1.67,188520.0,988.95,0.72144258,16.30077744
10506,1.02,278315.0,844.22,1.254628423,17.38740364
10507,1.09,357297.0,1544.52,2.857899234,13.51915076
10508,1.17,349575.0,1761.9,4.620551732,14.16285194
10509,1.99,130132.0,1241.71,3.002475148,16.42333105
10510,1.5,367094.0,1654.29,-0.287165717,15.76503982
10511,2.44,375742.0,1751.31,1.889692821,14.24380643
10512,0.56,165908.0,1781.29,1.796516684,15.59933875
10513,1.16,350370.0,1427.4,1.927572916,13.29165414
10514,0.63,353265.0,877.83,1.909496103,16.01440437
10515,2.1,263844.0,1373.05,1.221100543,14.37668962
10516,1.44,151344.0,2193.71,0.47458103,15.58305092
10517,1.35,132331.0,987.9,-0.222188904,13.12451616
10518,0.98,369499.0,723.26,1.268977849,15.30370982
10519,1.04,268447.0,1406.35,3.147513514,17.3162305
10520,1.43,155296.0,2165.5,1.048825213,16.93795189
10521,5.31,362703.0,1998.87,4.491853291,17.58034813
10522,1.98,372643.0,2195.6,1.570144075,12.96932912
10523,1.95,380876.0,1525.41,1.191495198,15.72214935
10524,1.55,264592.0,1126.1,1.41430682,16.84742588
10525,1.44,136211.0,2238.11,1.281387563,13.75653229
10526,1.7,376933.0,1988.79,0.052104447,16.18570751
10527,0.7,157505.0,1653.54,4.42293328,15.28735931
10528,0.87,246362.0,924.46,1.283791124,11.98842378
10529,1.13,149638.0,2406.39,0.981758517,15.41419413
10530,1.89,237157.0,2359.33,3.818346867,16.59515243
10531,1.66,377002.0,1468.98,4.74662944,16.6289898
10532,1.18,142876.0,1697.94,2.382158368,13.70564719
10533,1.72,245494.0,1096.62,2.229943028,15.28232314
10534,4.7,367032.0,1322.09,2.131780859,15.90205684
10535,0.81,157938.0,1836.54,1.653950508,16.92095736
10536,1.75,258473.0,1808.36,3.255672468,15.99445975
10537,0.28,346845.0,1821.99,2.089412022,15.97713737
10538,1.42,262296.0,1800.15,4.739068514,15.7291084
10539,1.16,260088.0,1947.03,1.135823423,16.39707501
10540,1.16,145913.0,1200.0,4.051964761,15.56644972
10541,1.71,374639.0,995.69,3.999116719,15.45476915
10542,1.36,238696.0,1581.11,1.961251004,15.85977843
10543,2.33,162011.0,2231.82,2.211924182,16.88672501
10544,0.49,354568.0,1942.63,3.937110559,13.38345913
10545,0.94,264115.0,1133.34,2.22980774,14.01295397
10546,2.73,267237.0,880.4,0.438870432,15.62297002
10547,1.51,385454.0,1938.07,2.119004718,16.21832256
10548,0.79,251244.0,2519.81,1.22635323,11.96140103
10549,0.6,375084.0,1970.15,2.911506973,14.92102593
10550,1.6,167040.0,1904.47,3.351020679,17.11863786
10551,2.93,276659.0,1765.82,4.231185415,15.90055761
10552,0.22,379494.0,1462.4,1.322475228,13.82368047
10553,1.48,334146.0,1914.46,4.821599903,14.1381028
10554,1.1,401119.0,1979.09,1.529366141,15.85526674
10555,0.69,132863.0,1610.9,2.734481308,16.29340074
10556,0.08,390120.0,2022.41,1.57924673,15.92267893
10557,1.57,148156.0,1843.55,2.903066599,17.27823274
10558,2.05,367176.0,2220.23,2.784469896,14.5163194
10559,1.51,379241.0,2496.05,1.809531752,15.17901626
10560,1.61,162299.0,1336.41,3.085676387,15.99461409
10561,0.95,158044.0,1585.94,1.623052128,16.23931541
10562,1.26,383595.0,1976.49,3.094269213,15.51215837
10563,0.15,387313.0,1870.75,2.011285364,15.53780295
10564,1.95,150676.0,1028.38,1.714487588,12.94072051
10565,2.28,164298.0,1431.97,1.739107069,15.45838308
10566,1.14,158558.0,1565.32,1.358608168,15.7279367
10567,1.19,380083.0,755.51,1.488225511,15.63012556
10568,1.65,128496.0,1531.48,1.073842159,11.76220875
10569,1.69,149947.0,880.99,2.151120681,12.44168106
10570,0.99,367071.0,1903.73,3.059881474,15.24291996
10571,1.46,341563.0,891.1,1.608335794,13.36928623
10572,1.39,367200.0,1894.52,0.077059075,15.66968898
10573,1.36,386102.0,1014.3,2.012562287,15.62002066
10574,1.25,348753.0,1102.21,3.14579395,14.12251602
10575,1.27,272490.0,2231.71,1.139012297,16.01278206
10576,1.29,254152.0,1967.78,1.23123947,12.53145763
10577,1.08,158756.0,1332.54,2.190192825,16.62924155
10578,0.92,374064.0,1862.41,1.98248306,15.07019805
10579,1.54,170847.0,2488.49,1.752110104,16.70514665
10580,1.8,387398.0,1008.79,3.087464538,15.94272029
10581,2.24,355798.0,2462.66,4.204098765,15.37569897
10582,0.28,401119.0,2493.91,2.014349186,17.73027397
10583,0.8,356499.0,1278.22,-0.171990767,14.99841819
10584,0.06,377452.0,1575.4,4.343609917,14.13592193
10585,1.51,242118.0,1878.93,2.705706969,13.81896485
10586,2.67,130695.0,2348.6,1.291818775,15.99537704
10587,0.87,392419.0,1967.77,2.3005486,14.02435169
10588,1.6,373854.0,1237.67,3.837940918,14.42774301
10589,1.06,270686.0,1924.44,0.889197335,13.99951331
10590,1.01,161695.0,1057.93,1.78647616,12.81418196
10591,1.86,262768.0,1372.89,1.372267832,13.48152828
10592,1.23,383958.0,1922.97,1.905602081,17.25352345
10593,0.29,164939.0,906.68,4.495432475,15.82427769
10594,0.97,267148.0,1438.1,2.393822942,16.3674573
10595,1.34,123047.0,1941.47,0.208755817,13.60271839
10596,2.36,162231.0,2322.64,4.342109694,15.65314717
10597,1.48,378817.0,659.65,2.132479704,15.08307331
10598,1.66,130580.0,2268.17,2.365364706,17.26512966
10599,1.72,241141.0,1511.8,1.286259534,15.9268283
10600,2.12,242778.0,2575.52,0.717535013,15.49064222
10601,2.64,257371.0,1696.57,1.795406211,15.82334498
10602,1.74,233404.0,2358.34,1.589469257,16.34550502
10603,0.79,164551.0,1873.09,1.862519631,13.7654748
10604,1.67,355074.0,1006.35,3.617448004,15.04184498
10605,2.0,251134.0,1876.82,2.088859329,11.71712351
10606,1.08,345821.0,1357.81,1.370245874,13.29162656
10607,0.83,364930.0,2418.88,3.423610008,16.75631832
10608,1.07,360573.0,1952.47,2.174954396,12.84330551
10609,1.37,169068.0,1696.32,1.713605917,13.32339678
10610,1.61,382646.0,1890.43,4.532575448,15.66711066
10611,1.23,376891.0,2479.28,1.704114734,14.07921896
10612,1.0,236869.0,2286.66,2.891673635,13.76757031
10613,0.51,376551.0,1599.79,3.926045294,16.40819231
10614,2.1,271617.0,2437.13,1.800613626,16.29128015
10615,0.44,120739.0,1931.88,1.525048166,17.32321518
10616,1.25,361071.0,2407.3,1.210578269,16.05656855
10617,1.53,363645.0,948.58,4.57669959,15.12699736
10618,0.04,161496.0,1250.54,2.013135701,14.57251819
10619,1.4,266262.0,1435.74,2.540008734,15.88448645
10620,1.55,374894.0,2503.63,2.172927572,13.98306472
10621,0.38,362304.0,1600.77,1.81652119,13.39454307
10622,0.91,136039.0,793.59,1.796959454,15.90378974
10623,2.54,149171.0,2626.3,2.332593262,15.54527732
10624,1.66,250430.0,1604.6,0.835312865,15.78948823
10625,2.87,158721.0,1611.57,3.434576167,14.59536597
10626,1.05,155902.0,1990.79,2.408482477,16.79737528
10627,0.85,138184.0,1782.75,1.446601528,11.94080404
10628,1.4,380194.0,2355.47,1.563783139,16.50485947
10629,1.78,368399.0,903.07,1.375816112,16.15222388
10630,1.45,360374.0,1373.64,3.681519754,16.19617233
10631,0.25,349729.0,2118.26,2.656497471,16.00071537
10632,1.41,370818.0,2269.76,1.064838321,17.73027397
10633,0.99,363180.0,1306.14,-0.326393035,15.86890466
10634,1.65,147368.0,1164.11,0.735484285,15.26698677
10635,1.77,144614.0,2415.98,0.683438784,15.11355961
10636,0.49,350899.0,1647.3,1.377019805,14.16461037
10637,0.63,269943.0,2239.02,4.041506744,15.63472229
10638,2.24,158055.0,1261.37,2.062245397,15.96809424
10639,2.41,135776.0,1142.54,1.516254079,12.30795004
10640,1.16,161381.0,1824.3,1.192029776,15.43944926
10641,2.12,358624.0,1745.79,1.605673856,15.33917896
10642,1.34,148573.0,1985.84,2.705853913,16.08699073
10643,2.35,367005.0,1398.98,2.646082509,16.38713352
10644,0.19,151498.0,2344.49,2.412516196,13.46016527
10645,2.57,159627.0,1692.66,1.143420824,14.49234283
10646,0.77,231572.0,2258.94,3.926787137,14.92817644
10647,1.59,158201.0,1828.38,4.432966035,15.86355613
10648,1.38,359855.0,1845.58,4.204088022,15.15651797
10649,1.27,126554.0,2469.09,3.172709281,16.25060668
10650,2.03,239602.0,2278.42,3.315901149,15.16881988
10651,2.22,360748.0,1404.7,1.219920853,15.01441203
10652,1.39,145532.0,2019.55,2.045675764,16.52992917
10653,2.42,388640.0,756.58,4.492341884,16.09928914
10654,1.39,146245.0,881.95,3.080063916,16.28707589
10655,1.91,363805.0,1840.97,1.822813502,14.96642238
10656,1.77,256962.0,1720.49,1.774211479,15.65050838
10657,1.46,374373.0,1481.23,1.230380944,15.69430316
10658,2.83,159526.0,1745.39,2.351626838,15.48070721
10659,1.64,156145.0,1463.54,4.644340017,13.56874844
10660,2.03,367968.0,951.45,3.412819204,16.70323157
10661,1.34,164099.0,1073.64,1.668372575,16.3358528
10662,0.37,376826.0,873.21,1.110861522,15.80823281
10663,2.59,132456.0,680.62,1.118378476,16.44400668
10664,1.18,366804.0,2121.9,3.732199876,12.61651166
10665,1.02,158592.0,1837.8,1.876074194,13.67736652
10666,1.51,385324.0,1624.44,1.081490324,14.27003462
10667,0.84,381645.0,2137.15,1.198278484,15.5282805
10668,0.55,383822.0,855.77,2.54293003,13.97354448
10669,1.92,363853.0,1809.5,2.851804626,14.0221242
10670,2.06,350749.0,1767.9,3.000793967,16.03786172
10671,1.8,344360.0,1358.13,1.569710618,14.32621177
10672,1.93,381103.0,809.25,0.872904713,12.03893596
10673,1.71,375066.0,1804.2,2.64629571,16.27975934
10674,1.84,133941.0,1825.22,3.804791033,15.7865091
10675,1.14,355075.0,1859.86,1.875414165,15.55737609
10676,1.29,263269.0,2280.3,2.962883553,16.24278115
10677,1.86,373511.0,1819.31,3.12129186,16.25876742
10678,2.58,147770.0,1276.8,3.372203074,15.95617989
10679,1.28,170757.0,1607.25,1.657974589,15.98677076
10680,1.11,381437.0,1456.99,2.771913775,11.37006174
10681,2.84,153334.0,1684.62,3.72370261,15.76598055
10682,2.26,364833.0,2228.15,1.050836741,15.17092192
10683,5.58,232882.0,1450.24,1.595286351,15.20755271
10684,2.07,136889.0,1217.98,4.62559433,13.33443885
10685,1.53,264075.0,2394.74,3.612586511,17.03556636
10686,1.71,146241.0,1882.24,1.537952559,15.1338121
10687,2.71,373119.0,779.61,0.643230591,15.68614386
10688,2.0,164802.0,1803.96,1.562629146,15.80012879
10689,1.04,122026.0,1920.92,1.836939576,16.09105411
10690,1.94,356531.0,2136.83,1.1190068,15.4182933
10691,0.7,364869.0,834.72,2.106469998,12.59830354
10692,2.27,275609.0,1032.57,1.451035345,16.81954875
10693,1.7,156167.0,683.37,3.544127972,16.69160535
10694,0.76,243435.0,2451.41,1.709878639,14.13633211
10695,0.8,156172.0,1555.51,1.770215052,14.60502224
10696,1.38,390114.0,1977.82,2.044321368,13.94197987
10697,1.86,385263.0,1800.05,1.633939614,15.91671639
10698,1.65,151480.0,1151.14,3.571924625,15.24481349
10699,1.01,144221.0,1100.91,1.688242653,13.33826086
10700,1.08,172679.0,1860.81,2.710136838,16.10838907
10701,1.43,345768.0,1257.42,2.724362144,15.2510865
10702,2.1,370674.0,1376.66,1.163402305,14.03256837
10703,0.0,243601.0,2427.1,1.867330102,15.46362908
10704,2.05,353144.0,1465.5,1.971995065,15.68839528
10705,1.43,362819.0,1255.53,3.210052578,12.86601487
10706,2.19,154227.0,750.26,2.072714835,12.77494793
10707,1.26,149412.0,2170.41,2.731844635,16.34092059
10708,1.73,253981.0,2058.05,1.600969054,15.63761361
10709,1.41,245979.0,1847.13,0.729536115,14.85628935
10710,1.53,154299.0,2182.95,1.910623663,17.47577212
10711,0.34,365594.0,2137.69,1.074464406,15.59827283
10712,0.96,387899.0,1786.58,1.455407616,15.11926318
10713,2.19,382705.0,1547.16,0.906298581,13.21238045
10714,0.58,378313.0,1839.43,1.887991621,15.24761586
10715,2.12,387367.0,1925.34,4.402775025,15.63583021
10716,1.53,346558.0,1365.45,1.438556128,16.18579634
10717,1.07,354051.0,1291.86,-0.326393035,12.76916914
10718,1.63,167960.0,1113.43,2.219372396,16.14468371
10719,0.9,176598.0,2644.18,1.924228772,13.97230453
10720,2.17,149211.0,1232.02,1.867363532,15.12265476
10721,1.44,130146.0,2506.89,1.737272145,17.30521329
10722,1.4,362710.0,2074.83,3.865584132,16.20876525
10723,1.88,351738.0,815.21,3.229408868,15.90071608
10724,1.32,140219.0,1744.72,1.438602467,15.6810786
10725,1.41,132978.0,1632.5,1.931444733,15.61077275
10726,3.06,241665.0,1374.65,1.143751194,15.93143434
10727,2.09,363053.0,2056.02,1.737988292,15.32302656
10728,2.08,149820.0,1895.36,0.723245112,15.78729947
10729,0.8,351198.0,2129.98,1.648089588,15.21486182
10730,0.58,341558.0,1861.51,1.003154043,16.62252557
10731,1.26,389387.0,2296.11,1.542343183,13.31314483
10732,2.09,376839.0,2592.2,2.018876586,14.78193582
10733,1.56,368951.0,775.15,1.88936106,15.56005104
10734,2.35,367919.0,1789.87,1.278591598,15.16801247
10735,0.68,376006.0,1912.14,4.715422272,15.4636218
10736,1.24,356719.0,1853.33,1.563424627,15.43492741
10737,1.96,368981.0,2192.8,1.435246518,15.45581469
10738,1.5,251348.0,1378.41,1.526682494,15.47907026
10739,1.67,374093.0,1505.94,1.795567631,15.20153547
10740,1.26,162536.0,2281.4,3.022595699,16.19508811
10741,1.42,141747.0,727.93,2.071693337,16.48150572
10742,0.82,150678.0,1963.27,2.948517661,12.26058124
10743,1.16,339817.0,1863.84,2.561120151,15.36904213
10744,1.18,384989.0,629.43,1.555995461,15.38099376
10745,0.46,166293.0,1304.2,4.187804121,16.32718558
10746,1.1,383700.0,2370.74,1.600371632,16.46853868
10747,1.31,260668.0,1858.31,2.886821822,15.96307369
10748,2.47,361671.0,654.73,1.152493366,16.90017853
10749,1.31,159305.0,2173.43,2.983797306,14.48782707
10750,1.24,356157.0,1863.21,1.160955177,13.966411
10751,1.14,371145.0,873.48,1.96618102,14.20686748
10752,1.06,160096.0,1582.7,4.324882909,15.00900193
10753,3.16,388140.0,2336.29,3.658357958,15.22190973
10754,0.58,267971.0,2525.49,2.184641923,16.09279523
10755,2.05,352096.0,1654.72,0.508236855,16.05929772
10756,1.69,346092.0,1808.99,0.827009454,13.50081094
10757,2.16,277159.0,1878.02,0.86782391,13.98403566
10758,2.22,370527.0,2316.87,1.552545365,14.64085622
10759,0.87,356696.0,974.68,1.674732628,13.2474019
10760,0.0,353067.0,1921.63,1.097208738,15.94523718
10761,1.17,150436.0,2852.48,2.55774176,15.13323403
10762,2.66,363872.0,1771.87,1.511380569,11.2583727
10763,0.79,257196.0,2165.92,2.578450824,11.8512209
10764,1.48,149393.0,1733.49,1.464454446,12.90421094
10765,1.43,135588.0,1790.07,4.612505827,14.02451306
10766,0.41,150241.0,1933.08,2.038412995,15.79706161
10767,1.23,264865.0,2536.79,1.455506,14.12707388
10768,1.53,353137.0,2469.95,1.894942151,17.2115483
10769,1.1,375615.0,1311.58,-0.326393035,15.84357082
10770,1.39,366620.0,1819.56,1.627771488,13.53365793
10771,1.59,159810.0,2314.93,1.170691694,14.87193883
10772,2.71,360488.0,1832.77,0.686306537,14.92958641
10773,1.6,239073.0,809.8,1.541221091,15.46272921
10774,1.86,370530.0,1963.2,2.898041973,15.92063469
10775,1.01,116805.0,2009.52,1.944450558,15.77181658
10776,1.31,343628.0,1882.64,2.033591528,15.06334175
10777,2.35,279297.0,1703.6,0.492155073,16.37131743
10778,2.7,230888.0,1774.48,2.136795759,14.07109798
10779,1.0,168019.0,1861.48,3.764283015,15.20805345
10780,0.84,359100.0,2000.14,0.995932332,15.9351035
10781,1.33,159045.0,1864.25,2.040503683,16.20254251
10782,1.86,134628.0,1821.7,2.193245363,14.79546701
10783,3.15,129049.0,1830.7,1.526449643,15.48979101
10784,1.28,152556.0,1970.88,0.800417013,15.44876832
10785,1.76,385192.0,1460.97,2.928475224,16.16041726
10786,0.95,164574.0,1809.31,3.892495141,15.60139632
10787,0.52,151113.0,2713.21,2.249484873,15.4997662
10788,1.64,372525.0,1767.8,2.045215817,14.06107807
10789,1.39,384400.0,2050.89,1.301464043,15.46843109
10790,1.59,353344.0,1724.97,2.803898705,16.93263804
10791,0.38,353004.0,2231.14,1.952521804,14.43318664
10792,1.35,149561.0,1203.85,1.375910978,13.3435339
10793,1.58,362039.0,1919.47,1.430693486,14.55405527
10794,1.92,249967.0,920.62,1.686910676,16.74062202
10795,1.3,127735.0,797.29,0.13691211,14.01073455
10796,2.08,133000.0,1544.38,2.658971782,12.2012026
10797,2.19,343136.0,1487.9,4.446990767,15.59131388
10798,1.24,364780.0,1181.53,2.989706636,15.53300195
10799,0.43,377291.0,1854.41,1.091863058,14.21641075
10800,1.6,383791.0,2161.28,3.787258172,11.77811334
10801,2.21,361942.0,1798.84,2.095141663,11.73017872
10802,2.79,151985.0,1745.67,0.92521871,15.93871125
10803,1.37,358511.0,1174.09,-0.147815275,15.8885101
10804,0.22,372817.0,1675.74,2.678563655,15.90129197
10805,0.8,357158.0,1023.06,0.089912533,15.47415756
10806,0.0,175599.0,1941.75,2.401238784,15.78320467
10807,1.71,161688.0,1683.94,1.903378147,17.39387514
10808,1.39,267172.0,1859.47,1.794005476,16.7231217
10809,1.57,375353.0,1491.96,3.268892083,15.65916729
10810,1.29,376807.0,1375.44,2.017215318,13.75588931
10811,0.55,136134.0,1904.08,1.599398857,16.85022697
10812,2.2,135541.0,1838.83,1.691678832,17.64973466
10813,0.58,114947.0,1287.87,1.740542602,13.54064092
10814,1.51,144501.0,2366.17,1.611418622,12.32463032
10815,2.58,362955.0,1761.94,0.609953417,15.18673804
10816,0.9,373080.0,2157.36,2.308196801,15.76318454
10817,2.0,120398.0,1599.67,0.849968366,15.45849793
10818,1.7,265369.0,1921.94,0.925560254,15.97206993
10819,0.9,140029.0,1433.23,4.172951276,12.0485704
10820,1.14,144653.0,1746.65,2.182961836,17.30485798
10821,1.08,143072.0,1867.48,1.400734522,15.62857305
10822,1.57,264898.0,754.34,1.22495407,16.80540905
10823,0.56,386336.0,1817.67,2.844387246,17.02552822
10824,1.71,375347.0,1350.87,2.002077287,16.36979758
10825,1.59,146182.0,1696.65,1.365806837,15.96912323
10826,1.92,149161.0,2321.82,0.087754467,16.82661244
10827,0.0,379833.0,1974.01,2.897289386,15.66719264
10828,1.58,237826.0,1544.28,0.895622413,14.03947954
10829,0.8,267000.0,1127.84,4.223566154,16.4922172
10830,0.96,155182.0,1981.4,1.994660876,16.82262236
10831,4.54,347939.0,2165.03,1.161869005,15.33396041
10832,1.71,252097.0,1752.94,1.74685978,15.72842296
10833,1.87,246509.0,1398.37,0.986932755,15.79455178
10834,1.42,369620.0,1705.43,3.635933569,16.40978726
10835,0.0,372379.0,2231.44,1.422114061,16.22984961
10836,0.0,367815.0,2246.72,3.144445859,16.15350752
10837,1.29,377829.0,1845.69,1.14627704,15.54511118
10838,1.12,265989.0,1277.78,3.2758236,15.65001711
10839,3.0,258736.0,1970.32,1.477561013,13.43965136
10840,1.84,264830.0,1841.41,1.264399757,16.1442641
10841,0.84,364860.0,1880.21,3.093227966,17.05103496
10842,0.35,232440.0,1849.16,1.587998433,16.93210951
10843,0.74,139907.0,1810.56,1.839080673,13.8183624
10844,1.77,368329.0,1704.21,2.33874361,16.02625775
10845,1.72,364573.0,2067.62,2.951056253,13.97893944
10846,1.9,130515.0,1802.44,0.491093293,14.2067339
10847,1.18,279811.0,1450.68,1.882481316,16.50985269
10848,2.17,152053.0,2019.58,0.640487005,15.03303275
10849,1.86,152013.0,1463.21,2.112480801,15.6618583
10850,2.26,254314.0,2676.51,1.226047758,17.73027397
10851,1.54,272612.0,1415.55,2.339530617,15.38373347
10852,1.37,380282.0,1189.05,1.451112402,14.45749232
10853,1.04,367120.0,1734.95,1.140962582,15.56831096
10854,1.32,158945.0,885.63,0.776893555,13.17155449
10855,1.83,357286.0,1996.22,1.501421748,12.33975549
10856,0.92,359155.0,1758.5,2.173187571,15.91459316
10857,0.49,345112.0,1385.53,1.539427326,13.8057309
10858,2.21,364069.0,1028.41,1.497584644,15.65815563
10859,1.07,398034.0,1782.26,2.537374873,15.96850291
10860,1.02,396389.0,1381.57,1.310466511,11.2583727
10861,0.91,258814.0,2584.47,1.485335021,15.09134574
10862,0.77,371094.0,1770.46,1.06197133,15.14238982
10863,2.18,361043.0,1592.42,1.518610785,14.3815213
10864,0.57,151064.0,705.97,4.526714304,17.24200592
10865,2.09,140618.0,1115.09,3.805940875,15.62442625
10866,1.78,380140.0,2663.65,1.612506592,16.16563382
10867,0.14,368340.0,1680.67,2.370491516,15.35553612
10868,2.67,268401.0,1903.88,0.591093926,15.38175455
10869,1.6,387333.0,1168.24,1.581948441,16.27822364
10870,2.03,362305.0,2221.42,1.993535638,15.78705167
10871,1.64,257794.0,1913.93,2.848122084,12.97634725
10872,1.75,368167.0,1936.65,2.065853974,16.1392448
10873,1.57,356698.0,1862.31,2.635299731,12.1516697
10874,1.46,261085.0,753.42,1.674621169,16.13288763
10875,1.56,355514.0,2094.02,4.294440987,16.44450054
10876,1.97,236100.0,1886.11,2.791203472,16.12319148
10877,1.92,260223.0,1848.66,2.405660547,15.10765057
10878,1.75,372919.0,1507.77,1.954637658,16.93125528
10879,1.18,380793.0,1045.77,1.546605889,15.64406329
10880,1.72,126352.0,1797.36,3.308408431,13.38250665
10881,1.57,139891.0,1768.61,1.199411972,15.95384265
10882,1.2,342887.0,746.72,1.888827326,13.88720551
10883,2.28,257180.0,1849.02,-0.326393035,15.92832888
10884,0.81,382942.0,1925.05,1.767499507,15.50609408
10885,2.02,347110.0,1787.76,3.748015467,16.03463197
10886,1.07,133127.0,1513.95,0.470281982,16.01148484
10887,1.52,363209.0,1020.31,-0.326393035,16.26351787
10888,2.77,354167.0,1119.82,1.573333264,15.69165713
10889,0.08,138561.0,1743.14,2.000056653,14.14383907
10890,2.08,247376.0,1789.47,1.997794731,15.80789046
10891,0.0,399723.0,1085.17,1.662753442,11.94233941
10892,2.35,260289.0,1388.83,1.344227184,13.66013088
10893,3.03,358861.0,1925.54,1.82741549,13.93990411
10894,1.81,363553.0,2003.99,1.881001604,16.38671258
10895,1.71,151252.0,2161.12,1.533647793,13.84900851
10896,0.77,142859.0,899.84,2.463684398,15.23405351
10897,1.55,124284.0,2066.79,4.425014845,17.21327024
10898,1.3,139077.0,1195.21,2.064712114,15.76079085
10899,1.21,164591.0,1809.15,2.145732296,15.64133619
10900,2.26,265496.0,2334.04,1.089830426,15.59987272
10901,0.77,257476.0,719.5,2.148974365,14.86448587
10902,0.75,120061.0,1345.92,1.770727694,17.73027397
10903,1.1,156420.0,1848.75,4.856942666,15.84852703
10904,0.25,258485.0,1344.12,0.946075161,15.95138473
10905,1.24,272639.0,2333.3,2.316631135,16.61383363
10906,1.71,236710.0,919.71,4.41720641,13.25650267
10907,0.86,386964.0,2080.5,4.334577926,13.66292395
10908,1.62,375921.0,1880.92,1.573660149,12.70081199
10909,1.85,270786.0,2008.9,3.228872052,13.72104973
10910,1.32,382683.0,1257.29,2.364395104,14.14112166
10911,1.2,381135.0,961.31,1.039267839,15.09641213
10912,0.53,269600.0,822.4,1.879412983,14.98583555
10913,2.73,342935.0,1688.7,2.896504706,13.87825742
10914,1.11,250789.0,1971.54,1.15207216,16.12761403
10915,0.67,374204.0,1892.01,1.123026377,16.57748194
10916,1.51,364237.0,2077.53,3.068533554,15.86133972
10917,1.16,385011.0,2569.37,1.883546213,17.56490024
10918,1.73,359741.0,1820.79,1.890477704,16.14991627
10919,0.93,363344.0,1498.63,1.58691803,16.00548998
10920,0.78,370444.0,1100.73,3.484967519,13.01574301
10921,1.6,147285.0,1181.48,0.76548961,14.69176156
10922,2.55,363277.0,1486.81,2.498246634,13.67708498
10923,2.24,155573.0,949.2,2.086499164,12.64771447
10924,1.49,346372.0,2354.92,3.047865431,13.52628515
10925,1.25,270987.0,2309.08,1.927375752,12.25840126
10926,1.6,386604.0,1019.83,-0.23590911,15.08994164
10927,2.01,361767.0,1351.64,1.975941869,15.47363292
10928,2.09,385524.0,1131.71,3.606144413,13.30551288
10929,1.6,349515.0,1792.76,3.542338006,16.05787398
10930,1.04,251377.0,1821.6,2.79527559,14.81109658
10931,1.56,386785.0,2480.58,2.194119489,16.64153657
10932,0.35,380011.0,857.67,0.52034073,14.29777983
10933,1.35,274266.0,1954.34,2.712269662,13.4389871
10934,0.46,392259.0,2355.08,1.435485234,15.70398515
10935,1.18,127764.0,2610.08,1.632928822,14.73967605
10936,1.91,276522.0,2304.06,1.211299831,16.03697971
10937,1.66,351701.0,2706.86,1.102534565,13.70085695
10938,1.6,152217.0,1478.15,1.393317764,15.93054975
10939,1.99,387279.0,1324.51,1.911726559,13.15942214
10940,1.84,369922.0,1912.18,-0.326393035,16.4976685
10941,0.96,150651.0,1920.6,0.365032448,16.73802307
10942,2.89,352761.0,1467.11,2.022850608,13.3701288
10943,1.5,377293.0,1742.93,4.113247402,13.41028264
10944,1.55,265065.0,1844.21,2.389991908,15.33141202
10945,0.87,144287.0,1770.29,1.622559846,14.6240835
10946,1.86,176103.0,1335.41,1.557489133,16.148013
10947,0.86,145447.0,1844.53,1.497873156,15.48114604
10948,1.51,378366.0,681.23,3.353287905,13.4827332
10949,1.99,351891.0,1915.77,2.798753653,13.92023633
10950,0.52,362815.0,2628.39,4.73971503,16.18417905
10951,1.86,143322.0,1968.28,3.924063309,16.99680495
10952,1.62,378671.0,1226.72,1.803290336,17.54785467
10953,2.37,381778.0,801.63,1.40765161,15.42160453
10954,2.26,348676.0,2141.67,0.20379532,15.13588299
10955,0.85,389836.0,2361.31,2.508025776,17.45782525
10956,0.78,161654.0,1999.62,2.444027165,15.32757266
10957,1.6,138834.0,1251.55,2.204354709,15.12460979
10958,2.15,250256.0,2472.81,2.111988033,16.78075832
10959,0.72,363027.0,1652.94,1.997827477,15.76488683
10960,2.47,164847.0,719.18,3.356191229,15.13430793
10961,0.47,372449.0,912.45,1.210536453,14.29366293
10962,0.19,291747.0,2973.38,2.00786706,15.81715081
10963,1.85,378621.0,1847.89,4.154031385,15.73303212
10964,1.05,142067.0,1745.44,1.505503547,15.0650325
10965,1.08,382683.0,1781.32,1.820252353,13.88312058
10966,0.96,270842.0,1925.15,1.653466164,16.37408941
10967,1.61,393541.0,1663.82,1.793342941,14.14509576
10968,1.27,177404.0,1942.28,3.251489981,16.20332074
10969,1.97,390111.0,1951.86,1.601246713,15.32881191
10970,1.18,172994.0,1351.33,0.904283957,15.72669336
10971,2.59,376213.0,2532.21,3.280571371,15.4757422
10972,1.25,171068.0,1409.42,1.558944283,16.09879683
10973,1.62,369451.0,594.94,2.672958566,14.97626354
10974,1.32,263107.0,1455.75,-0.086814128,15.76802676
10975,1.97,379477.0,1713.88,3.551914521,15.74132291
10976,1.52,163867.0,1974.55,1.962215919,15.74457113
10977,1.73,380874.0,2280.88,3.902238115,13.70899381
10978,1.17,238211.0,1871.32,0.988193359,14.3033228
10979,0.53,362506.0,1820.74,4.589435095,14.34049065
10980,2.64,358511.0,1734.99,1.485011243,16.48094379
10981,1.46,379434.0,2231.5,3.06130526,14.7547589
10982,2.02,383261.0,1920.85,0.781788748,12.7509183
10983,1.67,251217.0,1890.59,1.350223662,15.60752387
10984,2.53,162904.0,1618.3,1.983158428,13.97602459
10985,1.05,400155.0,1797.88,1.159970402,15.15176335
10986,0.88,401119.0,2165.92,2.264009792,15.48902143
10987,1.0,398421.0,1918.2,1.528287183,15.89436558
10988,1.47,355962.0,1918.8,4.458252302,13.05057813
10989,1.93,384460.0,1157.61,4.127025722,16.54163707
10990,1.92,354562.0,687.66,3.980861989,16.01258676
10991,1.15,148771.0,2270.21,1.690963757,12.87927218
10992,1.77,355520.0,2153.18,3.122078206,16.07520857
10993,0.91,140865.0,1812.9,1.855406991,15.90562459
10994,0.81,270990.0,1844.21,2.993993054,15.98274301
10995,1.2,364092.0,800.89,1.102328392,15.48474902
10996,1.27,133868.0,1814.67,3.442061445,14.91991341
10997,0.62,142726.0,1952.62,3.141107382,16.20287829
10998,0.08,401119.0,1977.14,2.694747728,15.44803394
10999,1.97,376662.0,1906.03,2.545057001,14.52467912
11000,0.81,252314.0,1766.57,1.98971058,16.30139298
11001,0.19,360089.0,1955.21,2.115578769,15.80443771
11002,0.7,257032.0,1770.55,3.643667433,12.93672019
11003,1.85,365363.0,1264.05,1.722410342,15.44265125
11004,1.91,126295.0,1165.89,1.31050576,15.46958284
11005,0.95,387121.0,849.12,1.91131151,15.60074704
11006,1.16,384368.0,873.76,1.441156354,15.82517252
11007,1.52,368282.0,1289.16,4.096266948,15.46094133
11008,0.48,374042.0,1199.24,2.097303552,16.23025735
11009,0.85,356286.0,1860.74,2.401266825,15.3057039
11010,2.66,372991.0,1871.53,1.014516237,13.93188135
11011,1.02,370489.0,985.6,2.463709041,14.93352004
11012,1.07,149385.0,898.96,1.944180548,15.73762637
11013,1.68,269909.0,1774.5,2.160905048,16.34181882
11014,2.01,154653.0,890.33,3.277103138,16.13154458
11015,1.01,374241.0,2358.06,1.501475646,14.35699355
11016,1.59,355174.0,2390.48,1.220769195,15.4366835
11017,2.5,379952.0,634.08,1.552734019,14.80785885
11018,1.4,353129.0,1755.96,2.062763276,13.58329815
11019,1.62,269920.0,779.64,0.994033836,15.13369127
11020,1.12,372002.0,2414.11,4.93924406,14.3612869
11021,1.12,165905.0,1866.51,4.266973007,16.29652062
11022,1.41,250809.0,1001.28,0.119141702,15.53873374
11023,0.84,364718.0,2148.59,2.730920851,15.49628953
11024,1.7,124474.0,1116.75,3.70565244,14.26172783
11025,0.4,374560.0,688.36,1.436817435,14.76827126
11026,1.58,364841.0,1115.02,2.024990771,14.50965243
11027,0.78,369423.0,866.65,3.998521603,14.01530637
11028,0.73,156946.0,1838.77,3.819356269,15.73862635
11029,2.61,271111.0,850.28,1.031520198,15.45611029
11030,1.56,154168.0,2201.0,3.501745154,15.49818539
11031,0.79,143027.0,2477.33,1.874544686,15.45561657
11032,1.12,355312.0,1840.82,-0.169803747,13.11606421
11033,1.41,377247.0,1963.01,2.232045022,13.86651175
11034,1.27,380450.0,2424.57,2.020379321,15.89547115
11035,2.16,150699.0,1289.74,3.056993782,15.43542138
11036,1.47,343643.0,1591.04,3.653226912,15.43062854
11037,0.39,385949.0,2700.09,2.308394579,17.44906995
11038,2.23,259578.0,1816.95,1.869922155,15.71903112
11039,2.13,276896.0,2097.48,3.784741138,16.01876547
11040,1.93,147063.0,825.32,1.899557905,16.46140663
11041,2.26,369688.0,1881.83,2.463651578,16.07389694
11042,1.43,267101.0,1799.84,2.933933725,15.37013119
11043,2.53,143244.0,815.48,1.505682953,13.97730246
11044,1.03,156633.0,2222.32,0.1244535,15.10867006
11045,1.17,360935.0,1790.26,1.084641036,14.93735639
11046,1.35,369821.0,1974.2,1.381928451,11.2583727
11047,1.17,384155.0,726.2,2.254811849,15.05272389
11048,0.32,254614.0,1252.77,0.848376877,12.97998974
11049,2.43,120105.0,2511.4,3.535640506,15.69206159
11050,1.32,367360.0,824.04,2.348871895,13.70366511
11051,1.2,258316.0,809.99,1.315536163,15.84476177
11052,1.38,381321.0,2109.44,2.470288237,15.31132025
11053,1.85,365891.0,2359.68,0.395606811,15.48140128
11054,0.84,348766.0,2297.23,4.481488157,15.16905673
11055,2.14,259541.0,1781.75,1.38025495,15.55604943
11056,1.88,351707.0,761.71,1.10320739,15.99284248
11057,1.88,362617.0,1827.24,1.01627914,16.570397
11058,1.81,375190.0,1761.42,3.526918964,16.30379349
11059,1.16,142057.0,976.39,1.071948412,16.04643138
11060,1.9,256931.0,2419.45,4.203274842,14.14318297
11061,1.63,353924.0,1855.19,1.915237051,14.93023018
11062,1.71,343391.0,965.53,1.28733853,14.44487457
11063,0.92,255456.0,1384.38,1.202292918,15.72565293
11064,1.98,133228.0,2322.31,2.273871229,11.2583727
11065,1.32,357181.0,2303.28,2.730421823,13.79832278
11066,1.57,348298.0,705.81,1.113341345,14.78907013
11067,0.0,119836.0,1409.6,4.917542029,15.46300578
11068,1.44,380322.0,688.46,4.313985578,15.01764292
11069,1.17,389862.0,1137.46,0.623955027,14.41335297
11070,0.71,266283.0,809.27,1.509523477,12.43262405
11071,0.97,259551.0,895.73,0.420466306,12.30853843
11072,1.41,222773.0,601.84,2.767935021,15.5819231
11073,1.45,384761.0,1963.72,1.652851196,14.91025267
11074,1.43,151769.0,1957.02,1.791861862,13.63339624
11075,0.18,151912.0,1742.07,4.756927044,15.97161011
11076,2.72,365804.0,1739.9,1.653441366,15.4473504
11077,0.69,375676.0,1847.79,1.105611736,17.42587292
11078,0.52,363106.0,2629.87,1.7707499,15.10680881
11079,1.57,373272.0,1402.71,2.287494974,16.76729141
11080,1.01,138877.0,1458.34,1.627755271,15.10967499
11081,0.86,367744.0,1948.75,1.998834287,16.73933087
11082,0.25,116755.0,1724.15,1.533321748,13.3769914
11083,2.32,141083.0,1805.32,1.576140921,15.12387034
11084,2.08,132255.0,1355.37,1.611309596,15.58223061
11085,0.9,247663.0,1239.3,1.649722163,12.32571628
11086,2.13,369053.0,1216.45,4.357445758,12.75934576
11087,2.03,370346.0,1390.65,1.670452049,17.10527879
11088,2.01,247578.0,2689.05,4.060531199,16.07481789
11089,0.38,362214.0,1396.96,1.043204534,15.08354021
11090,1.1,161842.0,1897.57,0.942559624,12.88411225
11091,1.57,367419.0,718.0,1.44813858,12.8598193
11092,0.72,357488.0,1870.91,0.530852134,15.89130273
11093,2.04,260009.0,714.07,1.584738106,15.76529089
11094,1.65,252990.0,954.59,1.348124265,15.50624468
11095,0.0,123965.0,1109.52,3.590971584,13.85131967
11096,1.96,351701.0,1625.1,2.608101398,13.32470153
11097,0.35,366637.0,1765.17,2.789864583,15.59419764
11098,1.3,249881.0,1430.99,2.434552732,17.10779524
11099,1.19,363943.0,1910.21,4.531017435,15.88628976
11100,1.23,147658.0,1437.49,1.163024315,14.12522187
11101,1.72,148431.0,1753.53,0.841133577,16.07462826
11102,1.17,151405.0,1711.82,1.383343343,14.57168175
11103,1.78,143389.0,1842.6,1.008316346,14.97309383
11104,2.23,362625.0,1837.64,3.913861761,14.95937327
11105,2.29,367052.0,1683.89,2.350450625,12.47936257
11106,1.1,366129.0,1625.01,3.084611865,15.79369432
11107,0.75,268639.0,2035.1,1.375774297,16.25264016
11108,0.43,355790.0,1962.33,1.9032964,13.28172336
11109,1.83,386597.0,1347.4,3.025376471,17.12205146
11110,2.22,367421.0,2133.45,0.665436139,15.06340539
11111,0.94,142860.0,2630.61,2.247957657,17.43100628
11112,2.08,357349.0,1258.15,1.575935413,17.50678488
11113,1.51,393451.0,1915.44,1.017635621,17.16304219
11114,0.81,362786.0,1180.09,2.355465065,15.87706968
11115,1.5,367478.0,1944.15,4.675585752,15.4236657
11116,2.01,273863.0,2269.41,4.026307247,17.23972693
11117,0.0,149719.0,771.75,0.570315144,15.4304078
11118,1.58,361745.0,1691.84,2.858694164,16.5856438
11119,0.18,368441.0,2311.43,4.210064324,14.72055654
11120,1.38,387107.0,1947.61,1.793108794,15.725941
11121,1.4,143876.0,2176.1,2.292328883,14.48132358
11122,1.07,146048.0,699.0,1.167029583,16.33631212
11123,2.53,397296.0,2818.7,3.084428103,15.59207304
11124,1.95,125994.0,707.69,3.214379031,16.76117778
11125,0.79,380703.0,1868.82,1.996749623,14.98603485
11126,1.05,348159.0,1229.76,3.346207032,17.66219087
11127,1.78,133865.0,2135.05,1.357766043,14.94834194
11128,0.29,251653.0,2478.15,1.327077338,16.11446338
11129,1.39,355367.0,979.41,0.968213407,15.7587237
11130,1.31,379478.0,657.73,1.812518006,15.75876133
11131,0.37,267614.0,2587.67,1.62931492,15.42467394
11132,0.44,363312.0,1734.14,3.422796735,16.71659636
11133,1.72,177785.0,2477.2,1.385197358,14.18124734
11134,1.43,143657.0,952.25,2.094618571,15.95447243
11135,1.25,265049.0,1526.4,1.479950275,13.80216494
11136,0.6,377681.0,2259.89,0.956656269,16.787393
11137,2.6,118777.0,708.01,0.227325328,11.2583727
11138,1.53,340053.0,2896.32,1.197847067,16.30374662
11139,1.02,256858.0,2244.15,2.947707242,14.99075699
11140,1.15,151835.0,1863.86,3.718960544,16.02193273
11141,2.16,238907.0,1454.2,4.187920947,13.12579633
11142,1.53,368576.0,1448.95,3.113902023,15.52286465
11143,3.76,169255.0,2426.21,3.153897786,16.27756566
11144,0.6,387390.0,1876.05,2.429158617,14.21742708
11145,0.5,365382.0,1733.08,4.262752812,13.55053264
11146,2.32,260256.0,1271.54,3.343374045,15.84034229
11147,2.28,267023.0,1847.89,0.465607682,15.48489362
11148,2.57,354885.0,1795.96,0.856364839,16.03833222
11149,1.38,150229.0,738.08,0.080810862,16.0386849
11150,2.21,393075.0,1972.4,1.802973028,16.51889865
11151,0.49,347066.0,1604.83,2.747090435,15.60955887
11152,1.62,156400.0,1433.61,4.575937899,15.15787601
11153,1.1,159905.0,1831.05,3.98544743,14.91659622
11154,3.11,390396.0,971.26,2.864659526,15.68036725
11155,1.06,140567.0,2040.26,0.461360953,12.76454142
11156,1.61,262501.0,1520.4,4.486711907,15.914117
11157,1.16,114947.0,1168.04,1.589740398,13.46779832
11158,2.93,239561.0,586.86,0.88146698,14.07123823
11159,2.27,119581.0,811.32,3.63974994,16.26852354
11160,1.57,247542.0,2508.23,2.572043332,17.73027397
11161,2.13,366895.0,1859.14,0.825098981,14.87796688
11162,0.92,275464.0,2003.46,0.943358917,13.9581314
11163,0.81,271333.0,1718.68,1.35212788,12.77611534
11164,1.91,345121.0,2435.59,1.60620076,13.12565963
11165,1.27,395393.0,861.25,2.979799302,15.53000077
11166,1.2,125809.0,2132.06,2.116441322,14.08006168
11167,1.36,158385.0,1001.55,2.07250743,15.83950203
11168,0.0,161442.0,1378.73,2.052788596,15.98885404
11169,2.48,376811.0,2448.72,1.613406405,13.50098598
11170,1.88,337138.0,1748.38,3.318119208,17.05199951
11171,2.14,350130.0,1808.01,2.038539364,17.17698453
11172,0.72,379032.0,1442.54,2.050561735,16.04819076
11173,2.34,121826.0,883.77,0.398768892,13.32483138
11174,1.72,367463.0,2202.18,1.287134286,16.1594495
11175,1.2,140238.0,1833.26,0.652469623,12.04206381
11176,0.92,382605.0,2363.6,1.60165206,16.59068037
11177,2.63,164644.0,1422.04,2.207060321,15.51001229
11178,1.08,131685.0,801.72,2.274401864,15.37352197
11179,1.37,154977.0,1922.88,3.451450576,15.04002283
11180,1.76,335765.0,2178.68,0.788495979,13.81097076
11181,2.01,376277.0,1848.6,2.990257254,15.64186865
11182,1.52,358072.0,2185.44,4.325016784,15.05480277
11183,1.28,266586.0,2346.46,1.223557873,15.25121835
11184,0.82,361506.0,1814.74,3.429653585,15.36643541
11185,1.19,247265.0,1742.58,1.794002782,15.67931355
11186,1.53,258016.0,1311.53,0.144020053,15.51765309
11187,1.72,142105.0,2357.93,0.037414581,14.12082803
11188,0.74,269021.0,1436.8,3.729332518,17.40093326
11189,0.31,387680.0,2198.92,1.44446696,16.44231757
11190,1.92,134416.0,2342.47,2.084171509,15.94412843
11191,1.79,143305.0,1328.02,3.992706596,12.89480356
11192,1.89,349437.0,1712.43,4.392596883,16.81613336
11193,1.37,363153.0,1706.62,0.733211019,14.57200152
11194,1.93,250248.0,1589.28,0.236261051,17.24390591
11195,1.61,367626.0,1849.09,1.764063071,14.36580092
11196,0.36,176219.0,2121.98,2.248393646,15.32557491
11197,1.73,369270.0,2368.11,4.257733593,14.39947085
11198,1.56,241290.0,1604.38,2.814811601,14.26864894
11199,1.4,150210.0,1401.18,2.057505941,16.9199844
11200,1.01,373359.0,1609.87,3.222344664,15.42084454
11201,1.01,142439.0,843.74,1.151905302,16.57944938
11202,1.44,370032.0,586.86,1.527342585,15.5181373
11203,0.59,348757.0,2276.51,4.49496004,16.4644798
11204,0.79,358426.0,1804.57,3.142493546,15.30642994
11205,2.73,379123.0,1800.65,3.344395297,14.32058999
11206,1.13,164603.0,684.02,1.194170172,15.41831187
11207,1.29,339766.0,1755.77,4.553526562,15.19447428
11208,0.83,148848.0,1160.58,4.783577695,14.84146615
11209,1.9,346528.0,1430.29,2.251181043,16.17177793
11210,1.15,256697.0,2522.2,1.563977428,15.80130275
11211,0.78,377944.0,770.08,1.526779054,16.31059436
11212,0.61,223165.0,1942.22,3.703319997,15.97523005
11213,1.74,387066.0,1877.93,4.244567822,15.80908708
11214,1.7,377053.0,2156.59,1.454191169,15.41354754
11215,0.77,362965.0,691.84,1.672474546,13.07165032
11216,1.4,152839.0,1251.75,2.658750307,16.82456827
11217,0.75,392693.0,1904.19,1.814792297,12.52447777
11218,0.26,386651.0,1629.24,2.523559745,16.25528281
11219,1.72,370130.0,1688.08,1.565942746,15.11733265
11220,2.38,390374.0,2043.53,1.337516917,13.61711149
11221,0.79,271036.0,1730.22,0.946032524,17.17822227
11222,2.91,361459.0,876.54,2.558004044,14.76317207
11223,2.49,150424.0,1257.57,2.972706377,15.18142791
11224,1.19,137318.0,1847.03,1.303450417,14.9093608
11225,1.19,151319.0,784.67,1.397582818,15.38766761
11226,1.7,375888.0,766.01,3.070976913,15.9941439
11227,1.34,178255.0,1964.0,0.872032129,13.2725714
11228,2.65,114947.0,1521.71,2.796066817,16.25390948
11229,2.79,372033.0,2141.06,1.976885246,15.43789319
11230,1.44,260862.0,1891.14,3.947457936,16.58917234
11231,0.83,176254.0,2111.22,2.019713852,15.65372339
11232,1.47,369435.0,2506.86,2.92707783,14.15856577
11233,1.15,344799.0,1902.9,2.258134177,15.25181396
11234,1.31,169002.0,1766.66,4.558910788,13.33239727
11235,0.76,251579.0,2359.57,1.738559699,14.84714316
11236,1.98,146826.0,1852.27,1.373796793,13.99006713
11237,1.88,369548.0,1959.22,2.076816216,15.36221681
11238,0.93,384876.0,1099.69,1.936053728,15.18143761
11239,1.02,141569.0,2287.77,2.082934575,15.69904177
11240,1.83,262625.0,1722.64,3.973942957,14.25832781
11241,1.51,378332.0,1388.87,2.39564207,17.41578225
11242,0.74,364953.0,2521.1,2.321161851,13.77691464
11243,1.77,137265.0,873.05,0.515435704,13.68591908
11244,1.14,371256.0,1223.97,3.002443928,15.66532024
11245,1.53,389505.0,1345.91,2.283630827,15.69625153
11246,2.0,257480.0,1983.18,2.057051145,16.39148236
11247,1.89,136199.0,951.84,2.459460326,16.08331904
11248,0.78,153855.0,1879.08,2.676064234,13.54901702
11249,1.72,391613.0,2083.4,4.455094806,13.96407876
11250,2.0,348348.0,1770.54,1.913442097,12.07879852
11251,1.19,241936.0,1799.67,2.121583691,16.05722104
11252,1.89,358873.0,1880.03,0.965660177,17.28963861
11253,0.93,358717.0,2463.35,1.072954776,12.70460182
11254,4.29,167097.0,1788.98,2.024043061,15.61948161
11255,1.75,250619.0,1861.37,2.443298133,16.64478864
11256,2.08,368436.0,1735.95,3.131898986,16.11124735
11257,1.38,385131.0,1323.25,1.803291923,15.08780917
11258,1.01,141876.0,1797.13,2.60614883,13.35675682
11259,2.38,245785.0,2203.03,1.811478698,15.55819582
11260,1.19,361534.0,736.67,3.896657612,16.29746439
11261,1.47,386810.0,1573.38,3.579385873,15.55493548
11262,1.1,140975.0,1190.37,1.563160847,15.28923242
11263,0.91,251142.0,2192.69,1.170285636,15.35405231
11264,1.24,258991.0,1647.45,3.939006497,13.81627703
11265,1.37,244146.0,1326.5,1.53550321,12.32975556
11266,1.19,372872.0,2537.2,1.470191262,15.16306494
11267,1.98,150127.0,1502.94,4.68010205,17.09854878
11268,0.5,386820.0,1883.49,1.887042107,15.94185083
11269,0.0,385673.0,1887.78,3.535918724,15.0481976
11270,1.63,139475.0,1970.54,1.4292554,15.38719065
11271,1.19,345218.0,586.86,0.573439923,15.41600297
11272,4.86,253881.0,1922.6,3.080230498,15.12040994
11273,1.82,141536.0,1440.91,1.932972409,16.28645088
11274,1.21,142191.0,2405.82,1.183969336,16.58944226
11275,1.23,388216.0,1126.78,4.321133166,15.82972523
11276,1.32,132170.0,2255.84,1.360400273,12.33445716
11277,0.33,383688.0,2300.02,3.184179017,16.50883585
11278,2.31,385542.0,2866.77,3.195307722,13.87627313
11279,0.65,374457.0,975.78,1.184189063,13.63165692
11280,1.52,383523.0,2010.05,2.166269374,16.4230294
11281,2.42,384031.0,954.37,1.365906481,13.77098933
11282,2.22,269952.0,2590.78,1.21741411,13.97657724
11283,0.74,148292.0,1838.55,2.056290021,12.01623566
11284,1.62,262083.0,1629.3,0.271702775,15.54455025
11285,1.91,145850.0,1214.93,3.97275471,15.15447003
11286,1.9,259913.0,2645.55,2.320577231,15.59085462
11287,0.7,274768.0,1992.52,1.745614302,13.74662704
11288,1.75,156693.0,1159.31,2.997976246,16.86216063
11289,1.94,369086.0,2398.43,3.810889257,16.47419723
11290,0.86,273081.0,2199.73,3.772967734,15.67863078
11291,0.81,115566.0,1841.96,0.542900952,15.59423752
11292,2.59,366769.0,2217.14,3.844306265,13.87677842
11293,2.17,379549.0,2372.65,2.640140221,13.36413403
11294,0.58,147230.0,933.62,2.335478321,16.64188879
11295,2.08,154281.0,1121.46,1.253977344,14.86304412
11296,1.25,351976.0,2615.26,2.866588427,15.42015332
11297,2.59,258634.0,1154.55,2.502260979,15.02577374
11298,2.07,335963.0,1314.85,2.807402317,13.34722649
11299,1.76,362862.0,1363.92,2.243558189,13.58572037
11300,0.75,267053.0,1075.14,4.037836602,11.70385235
11301,1.97,135598.0,2215.47,1.687913217,16.651529
11302,1.66,265305.0,2704.25,1.162417388,15.76825414
11303,2.09,369893.0,2188.05,3.063265211,13.66519037
11304,0.81,249558.0,1986.0,4.309479714,15.04134028
11305,0.19,354593.0,1494.78,1.131789911,16.19302929
11306,2.02,387000.0,1697.74,1.340812775,11.2583727
11307,0.89,126186.0,1898.74,1.124513883,12.97239489
11308,0.72,375028.0,2090.39,3.620201206,15.25780255
11309,1.2,165180.0,1926.28,0.81211603,13.76139755
11310,2.63,129778.0,1939.68,0.593485911,16.22288155
11311,0.19,144873.0,2316.7,1.577598818,17.22484531
11312,2.22,367511.0,2485.19,2.088055262,16.1094605
11313,1.97,360197.0,2339.42,-0.128724345,13.75513229
11314,1.26,386443.0,827.01,3.511226761,13.33810534
11315,1.79,364179.0,2616.85,2.604267805,15.96016536
11316,2.39,384992.0,1115.98,1.07740997,15.85449771
11317,1.85,378071.0,2573.67,2.269924183,15.47380067
11318,1.64,392669.0,1987.92,1.98633825,16.71509251
11319,0.24,174852.0,1827.6,2.364967655,16.03949984
11320,2.22,186732.0,722.19,4.284720973,15.38685268
11321,2.05,141854.0,842.18,3.546558802,17.73027397
11322,1.65,249057.0,1048.1,3.466257984,15.78989517
11323,2.45,360923.0,1114.4,2.705781343,15.05108623
11324,1.21,265187.0,1804.05,0.648748432,16.08808299
11325,1.0,373683.0,1379.01,2.578649536,16.21504108
11326,1.69,278107.0,2036.02,1.615537831,15.2689792
11327,1.1,278093.0,1950.86,3.753977855,15.82268056
11328,0.52,367822.0,1805.92,1.625337753,14.72921335
11329,1.65,262704.0,2389.37,2.001076484,16.12789589
11330,2.73,265669.0,844.79,0.438025747,12.8068333
11331,1.79,364180.0,1616.79,0.137368564,15.64288784
11332,0.82,131177.0,1388.86,3.755003823,11.66122812
11333,1.17,157326.0,1077.34,1.065895058,15.25720968
11334,1.49,153401.0,1264.79,0.960960405,16.30071032
11335,1.54,396556.0,1864.22,1.988599514,14.01840335
11336,0.17,145905.0,1308.05,1.771954762,16.58190496
11337,1.06,247262.0,1036.46,1.865477628,15.71012952
11338,0.48,364176.0,2382.91,1.551904893,15.33304753
11339,1.23,155515.0,1107.59,2.024242411,15.90600627
11340,0.68,159510.0,959.3,3.120214808,12.69976978
11341,1.05,150476.0,2505.26,1.340935297,14.65009903
11342,1.31,377131.0,1774.25,3.843454152,13.57114732
11343,1.54,155439.0,2010.47,2.62466306,14.50366757
11344,0.38,369294.0,1803.22,3.180038963,15.50201097
11345,1.1,358661.0,879.2,0.983446085,15.26240492
11346,2.14,141660.0,2307.27,1.658470298,13.41736713
11347,1.7,366369.0,852.67,3.35948769,15.75825069
11348,1.72,396143.0,1505.68,1.755719866,15.75335226
11349,0.88,350724.0,1916.32,2.21909271,14.44575049
11350,1.65,371144.0,1534.55,3.324191055,15.84025565
11351,2.89,255640.0,1810.64,3.585656434,15.09100382
11352,0.91,363293.0,1590.82,2.03211579,13.34224454
11353,1.15,357759.0,1908.58,3.630098412,14.94942006
11354,2.89,151987.0,2314.39,1.995961147,13.98141764
11355,1.72,361837.0,850.38,-0.05637879,16.3743149
11356,0.85,163408.0,1788.86,2.562277329,17.73027397
11357,1.11,151517.0,2593.59,1.931104474,15.47432861
11358,0.61,366937.0,1887.98,1.681494281,15.14792413
11359,1.19,244257.0,1666.62,2.930676938,13.21727282
11360,1.21,157101.0,2054.14,2.15681521,15.69550693
11361,0.49,363992.0,2009.24,4.93924406,16.03946982
11362,0.88,348756.0,2041.56,1.067773764,13.14436693
11363,0.83,352729.0,2016.74,1.693503105,13.20031849
11364,2.57,350588.0,1140.65,3.294563588,16.65918098
11365,2.3,378911.0,2263.75,2.948673851,15.38454119
11366,1.22,349074.0,2419.33,3.676959405,13.69858247
11367,2.28,368167.0,1386.42,2.369817998,14.00169283
11368,1.3,362574.0,972.76,3.572284181,16.60594408
11369,1.32,260588.0,2109.15,3.5598317,15.98217366
11370,1.29,143114.0,923.09,3.637513999,15.63596701
11371,2.91,364633.0,801.82,1.587331143,15.98011023
11372,0.8,260260.0,1763.89,1.512331909,17.06992427
11373,1.06,151686.0,848.9,1.071390212,16.10738806
11374,0.08,365072.0,1225.68,1.303041877,16.04481542
11375,0.75,134323.0,1567.8,2.87537612,13.70342738
11376,3.87,263812.0,921.54,2.444122902,15.63874859
11377,0.82,151273.0,1984.78,2.197711068,13.85900422
11378,1.65,381609.0,1740.9,2.172740541,14.0578972
11379,1.06,386526.0,2359.91,1.699035317,14.97897037
11380,2.04,368500.0,1122.37,0.984194001,15.52425066
11381,1.82,235259.0,1754.69,0.456989234,12.29548126
11382,1.59,362969.0,2243.71,2.089187852,14.27914463
11383,2.06,160920.0,1204.92,2.02371106,17.63644775
11384,1.61,357876.0,2458.68,3.654693253,15.63149544
11385,1.17,389011.0,1865.06,3.711266045,16.90822554
11386,1.48,347637.0,716.15,2.94448039,16.86146128
11387,1.96,393960.0,1876.0,1.545335754,16.77062458
11388,0.61,401119.0,1033.36,1.650445948,15.84404119
11389,1.57,160146.0,2492.69,2.935901596,16.410293
11390,4.63,249371.0,2317.07,1.139875456,15.853719
11391,1.52,348933.0,2273.75,3.109582709,16.85905848
11392,1.95,360873.0,719.1,1.764047971,14.31300368
11393,0.2,378683.0,985.84,1.992715813,12.83259844
11394,0.72,257263.0,1767.32,3.767440392,13.98428624
11395,0.58,257653.0,1512.92,1.663438892,15.32546336
11396,2.42,245180.0,2110.03,-0.15982695,15.31793533
11397,2.01,156330.0,1470.4,1.389522662,15.58276108
11398,0.5,362882.0,708.99,1.957384785,14.28074815
11399,1.0,130359.0,828.79,2.230214106,12.97555043
11400,2.12,354466.0,2105.65,1.646797574,15.04044054
11401,1.31,271839.0,2008.4,2.238250756,15.67359503
11402,1.74,159278.0,2186.59,3.141022187,15.33337934
11403,0.89,371503.0,1839.95,1.339392469,16.58064135
11404,1.29,399321.0,1576.75,4.408145235,14.37107918
11405,0.53,358333.0,2265.43,1.236408276,16.01527685
11406,0.64,368434.0,1916.36,2.842266553,14.77818335
11407,1.18,372105.0,1582.4,1.382068544,13.63645768
11408,1.31,348198.0,1058.74,2.931990732,16.17283713
11409,1.57,127954.0,2308.75,2.489648759,13.54721686
11410,0.0,369343.0,1819.83,1.465555224,13.65345448
11411,1.0,372480.0,647.73,1.749724569,13.19247472
11412,2.42,373171.0,1337.38,2.235730015,15.23606283
11413,0.74,159698.0,1931.94,2.050632894,16.14583224
11414,0.8,386937.0,1845.11,0.142269673,15.65444195
11415,1.53,365509.0,1898.13,2.166716032,14.83079059
11416,0.3,160735.0,905.4,3.730325554,14.58621613
11417,2.11,178437.0,1700.7,4.606306384,14.64516925
11418,2.3,250644.0,2241.08,1.029090724,14.41021775
11419,1.45,226511.0,1923.43,0.601881336,15.796085
11420,1.49,359930.0,2489.13,1.773101675,16.44864584
11421,2.14,269626.0,2135.7,1.338895757,15.60714247
11422,1.25,145185.0,764.52,1.406457832,16.03646237
11423,1.17,367461.0,1503.21,0.560719217,16.36291038
11424,1.35,372446.0,1905.29,4.019519017,15.7173988
11425,1.06,148197.0,1826.97,0.26007129,14.20497278
11426,2.49,363148.0,1818.23,1.017137005,14.87142055
11427,1.8,147467.0,1879.11,1.449147559,15.5399992
11428,2.51,364831.0,1616.7,0.899865311,15.92882244
11429,0.82,370087.0,1928.34,1.92870862,17.73027397
11430,0.88,278442.0,1042.85,1.53959105,14.837769
11431,1.42,256601.0,831.01,1.248784314,15.40417625
11432,1.5,378943.0,2435.88,4.019758157,15.99905285
11433,2.18,378942.0,1821.74,2.43434664,14.43142812
11434,0.89,283858.0,1968.78,3.444965087,16.15663231
11435,1.53,348528.0,612.09,4.319830338,16.01917062
11436,0.72,165520.0,1997.53,1.651539973,13.36319504
11437,0.76,161801.0,1819.87,1.533888162,13.6413187
11438,1.07,377816.0,2256.38,1.912316762,13.829288
11439,0.71,155011.0,2134.38,3.509920707,15.67032832
11440,0.11,261886.0,1904.55,2.876057871,16.25824816
11441,1.61,372999.0,959.84,3.259658172,15.54626061
11442,1.43,390107.0,1322.98,2.544817461,15.34151892
11443,0.42,381790.0,908.55,3.057466692,13.71060009
11444,2.2,360315.0,2538.72,0.419466042,14.27755197
11445,6.08,153636.0,2025.58,2.265543512,15.05961458
11446,2.69,261247.0,819.02,1.981432754,15.12825097
11447,2.1,151732.0,855.54,1.298890128,15.19259107
11448,1.35,382897.0,1798.49,2.78981823,15.94022905
11449,2.08,364094.0,1753.73,1.758539276,16.38584454
11450,2.44,358862.0,830.01,2.065829513,15.52322242
11451,0.0,152477.0,740.42,1.775040556,13.52902009
11452,2.01,157019.0,1951.59,0.098629658,15.90075481
11453,1.53,377220.0,2385.37,2.063737362,17.33955343
11454,1.07,175993.0,1652.28,1.762035334,16.01340256
11455,0.51,142976.0,1667.8,2.029482037,14.52465264
11456,0.9,141667.0,1060.56,1.242011258,14.83114064
11457,1.6,380496.0,2543.88,1.933852743,16.31341905
11458,0.58,270277.0,1875.91,0.798528695,15.54119587
11459,0.84,157410.0,2438.67,1.756151883,15.26948016
11460,0.24,146478.0,1852.75,-0.236501156,15.72794764
11461,2.24,346362.0,2730.51,1.104837467,13.14604058
11462,1.27,388544.0,1842.16,2.770226678,15.71956309
11463,1.78,383495.0,1373.83,2.028793018,15.22950663
11464,1.0,262025.0,1748.25,4.624014958,15.07631925
11465,3.66,276755.0,2020.88,1.458909648,15.7080261
11466,1.36,380120.0,2423.96,-0.303941781,15.46138237
11467,1.2,133858.0,2198.73,1.823324927,16.33166563
11468,1.94,114947.0,942.56,1.40414763,15.82297411
11469,1.45,350505.0,1384.38,2.29009458,15.55010338
11470,0.05,351167.0,2177.12,1.455628017,15.92956022
11471,0.87,157948.0,2438.49,2.797752829,13.29347002
11472,0.72,362599.0,1762.64,3.676141104,14.03138044
11473,1.24,257670.0,1197.47,1.658764124,15.78533327
11474,1.75,130833.0,1780.74,1.692068365,14.57034002
11475,2.11,401119.0,1907.59,-0.326393035,16.40464283
11476,1.18,273734.0,679.09,1.662487531,15.89319063
11477,0.65,252868.0,2604.4,1.506234465,15.90569891
11478,0.81,375223.0,1902.34,1.751591807,16.50577038
11479,2.23,137699.0,1821.16,1.749176649,15.45648243
11480,1.03,237816.0,1393.34,3.256903266,16.4158759
11481,0.96,355585.0,1873.46,2.436117089,13.12334868
11482,0.75,263874.0,2241.44,2.136103493,15.27718843
11483,1.24,127206.0,1591.52,2.573472715,13.73847189
11484,2.97,341866.0,1721.0,0.495641648,15.82254257
11485,1.73,252523.0,791.73,3.075330608,13.81089783
11486,1.89,362593.0,1745.68,0.037961468,14.52972113
11487,1.26,145578.0,682.8,3.113258614,15.68287878
11488,1.55,379329.0,2405.24,0.863994819,13.61416498
11489,0.94,383744.0,2344.76,1.909956024,15.88088041
11490,1.12,351758.0,1256.67,2.111907376,12.3758977
11491,1.64,345354.0,1837.16,2.639481597,14.51131097
11492,0.56,364031.0,2029.41,4.444306777,16.06894285
11493,1.41,246719.0,1391.07,2.139105014,13.13679878
11494,1.31,256636.0,2337.03,3.905472495,17.14396823
11495,2.19,271567.0,1961.62,1.999992263,14.60012138
11496,1.12,371380.0,1204.14,4.500837548,15.2739978
11497,1.02,377932.0,1411.82,3.129602128,16.01596318
11498,0.92,347811.0,2000.01,1.789857197,16.52834019
11499,0.31,378090.0,1955.12,0.2604305,14.15694264
11500,0.79,397709.0,2284.72,4.103687734,15.79441969
11501,0.71,378778.0,764.19,3.075075318,15.02951481
11502,2.16,367630.0,903.08,0.325114512,15.44540081
11503,2.42,372755.0,2384.44,2.912800428,15.66264234
11504,2.15,173998.0,2388.5,4.273668568,15.64197423
11505,0.44,356407.0,834.35,2.121876422,15.56864788
11506,1.88,373355.0,1792.18,1.516712549,15.17337753
11507,1.55,391384.0,1946.25,4.301472486,15.14672543
11508,1.81,375439.0,1040.36,2.020289875,13.92282594
11509,0.95,146361.0,1934.09,3.576836403,16.97157235
11510,1.39,401119.0,979.49,1.8850696,15.21058686
11511,1.97,355839.0,1828.03,1.42082603,12.97791803
11512,1.01,267707.0,2435.45,3.76713449,16.10989645
11513,1.62,172514.0,597.54,1.257295259,15.83439668
11514,1.89,276301.0,2390.12,1.974038684,16.78512387
11515,2.18,135479.0,815.22,1.562827515,14.82176705
11516,2.11,164350.0,1384.99,1.318615712,11.2886557
11517,2.4,255121.0,1817.9,1.752990628,13.10103649
11518,0.64,140320.0,795.51,1.108151417,13.36756188
11519,2.26,364564.0,833.15,1.147788227,11.53103905
11520,1.34,383458.0,1507.21,1.342348701,16.28450509
11521,2.35,140940.0,1463.38,1.019888909,15.0122314
11522,1.53,350856.0,1026.69,0.925901777,15.97594165
11523,0.56,368938.0,2447.09,1.216264255,14.76469869
11524,0.68,270881.0,2186.98,2.166955687,16.42248037
11525,0.48,165532.0,1721.29,2.415059422,16.02739699
11526,2.36,236304.0,2344.32,3.790931791,16.10216165
11527,2.07,153415.0,1847.0,0.401017417,16.12255201
11528,1.72,251511.0,1969.22,2.542635081,14.16721332
11529,1.58,132422.0,865.63,1.216625256,13.58026466
11530,1.68,160094.0,1173.59,4.043874361,15.97103354
11531,2.99,378543.0,597.93,0.737870762,14.79217354
11532,0.61,342014.0,1893.4,2.510065337,15.43570041
11533,1.17,147890.0,1871.14,3.885833401,15.14897075
11534,0.89,390372.0,1742.86,1.77549503,15.27081619
11535,1.57,372516.0,1900.11,1.57231883,15.90435392
11536,1.5,363373.0,2033.25,2.181646599,15.13500879
11537,0.98,151531.0,1651.23,4.176679027,16.11757377
11538,1.42,340113.0,1993.32,1.542183977,15.68705151
11539,0.55,378209.0,1842.07,2.051546107,17.13818519
11540,1.54,266890.0,802.68,1.233216364,14.39298319
11541,1.28,232053.0,1808.18,3.657024252,15.96525739
11542,1.45,372757.0,1065.39,3.311689008,15.34048861
11543,1.11,132891.0,2360.02,2.281700377,13.54884462
11544,0.97,274134.0,1854.72,2.743334675,15.27701111
11545,1.37,358008.0,1915.38,1.206421728,15.95446253
11546,0.84,243460.0,1740.31,1.069101207,15.86256599
11547,0.25,358511.0,1772.01,2.741688181,13.48314647
11548,2.07,362585.0,1432.1,0.315959359,15.24008708
11549,2.4,264011.0,1027.65,4.855622602,11.2583727
11550,1.58,360327.0,1691.24,2.037320863,16.97206217
11551,1.04,167711.0,1988.1,3.933065337,15.76864022
11552,1.96,144825.0,2545.76,1.344139683,15.37813717
11553,1.56,248898.0,1920.18,1.261322543,15.57374482
11554,1.05,183751.0,751.9,1.293563729,16.31769937
11555,0.29,133629.0,1850.03,3.717501279,12.01643215
11556,0.0,157595.0,1836.35,0.987064565,16.81594085
11557,1.53,350115.0,2014.67,1.148499601,13.6185752
11558,1.54,374620.0,804.58,1.95671141,15.25799799
11559,1.92,332408.0,1958.71,1.143493274,13.61983054
11560,2.13,142540.0,1064.31,1.275722111,15.80112265
11561,2.47,362347.0,1404.72,2.29239918,17.34491823
11562,2.36,277010.0,2239.04,1.653303683,16.26746753
11563,0.16,282889.0,1848.61,2.288181027,15.1729979
11564,1.89,128401.0,1769.47,2.723573782,11.37400205
11565,2.74,256036.0,862.69,0.027203341,15.75554585
11566,2.04,266582.0,1649.28,1.825581365,16.13459818
11567,1.26,169078.0,2740.66,1.726521128,13.08738955
11568,2.35,359758.0,1921.5,1.289011232,15.29459642
11569,2.15,157751.0,2228.16,2.431593244,15.68183619
11570,0.35,173563.0,1624.6,2.798163925,16.26803491
11571,1.02,256418.0,2069.66,2.72915867,15.14994429
11572,1.69,357889.0,2173.43,1.483547673,14.92843224
11573,2.38,233535.0,1850.82,2.22974187,13.7081255
11574,1.78,356666.0,1369.18,0.485513972,11.36856408
11575,1.11,374697.0,1954.91,1.7851905,13.69160923
11576,1.46,371897.0,1745.98,4.731004316,16.10741153
11577,1.47,278978.0,2595.87,2.371920077,13.24465351
11578,2.87,357710.0,914.45,2.011787463,16.04508173
11579,1.33,359176.0,1205.56,1.269626685,15.33071831
11580,0.74,124903.0,1824.0,2.255279604,15.42045569
11581,3.01,372632.0,939.64,3.311780695,12.96206371
11582,1.87,159870.0,1977.43,1.007964423,15.41099144
11583,2.09,356337.0,1769.71,1.83004137,13.00357451
11584,2.68,369988.0,703.16,3.003364458,15.01846023
11585,1.01,150626.0,1221.65,0.740909215,16.00125514
11586,0.7,153232.0,1373.54,2.505878428,13.81206354
11587,1.59,172803.0,1623.49,1.597514382,13.27443193
11588,1.82,136044.0,1499.99,1.21791835,13.59045969
11589,0.96,358843.0,697.13,1.346295603,16.70613466
11590,1.25,368337.0,1764.24,1.783209531,17.62519133
11591,2.03,279220.0,1982.87,1.737395087,14.43841771
11592,1.25,177459.0,1886.19,0.429381641,16.32613976
11593,1.76,391078.0,891.9,1.617763354,17.73027397
11594,1.23,132550.0,2281.54,1.087040917,15.54861453
11595,1.9,250299.0,2153.3,1.550438832,15.09949754
11596,1.43,375703.0,2532.94,2.128007123,14.17703476
11597,1.91,258341.0,1645.44,3.751649455,16.89191064
11598,1.72,169456.0,658.39,1.957043012,16.24807286
11599,0.24,390540.0,1916.88,1.349913072,15.87357982
11600,1.58,253859.0,1812.51,-0.119967302,15.10271554
11601,1.78,117732.0,1727.55,2.044984223,14.58815165
11602,1.59,145093.0,2544.15,1.392330698,17.37328512
11603,5.46,356343.0,1863.38,1.096738907,12.72312114
11604,1.07,257344.0,1459.37,1.039525869,16.02355747
11605,2.19,365928.0,2351.84,2.230194277,14.12472637
11606,1.02,337222.0,1662.24,4.428765465,15.37328183
11607,2.0,250911.0,1685.48,2.275418689,14.74480004
11608,0.13,376906.0,1844.02,0.917678834,12.99506865
11609,0.93,375353.0,1672.61,1.297516891,14.79201792
11610,1.66,263422.0,1904.77,2.540322362,16.06224036
11611,2.0,370035.0,2101.67,3.45382185,14.69287465
11612,2.29,114947.0,1695.64,1.61004204,14.9385215
11613,1.8,369913.0,2215.59,3.28134325,15.73048062
11614,0.99,371997.0,1847.69,2.100833571,15.13995713
11615,1.81,360308.0,2086.28,3.234457937,14.90296445
11616,2.53,378872.0,2052.07,1.89762341,15.24652954
11617,1.14,261364.0,1967.53,4.139169228,15.01050746
11618,1.29,160831.0,1464.89,1.740194544,16.53320976
11619,1.55,388482.0,2296.93,1.838815335,13.1793183
11620,0.84,128651.0,2300.83,1.944358317,14.03843714
11621,1.51,380453.0,1286.9,3.235485837,14.75825322
11622,0.83,266657.0,1327.9,1.765480558,15.77623017
11623,0.12,145388.0,2316.81,2.946072477,14.51149252
11624,2.05,344727.0,751.11,3.654554333,14.82940263
11625,2.34,358805.0,1451.31,1.563950265,12.30633879
11626,1.01,237265.0,1366.78,1.669325227,13.70591423
11627,1.21,365097.0,1432.4,1.654249967,16.01812061
11628,0.93,380553.0,2289.21,2.863316904,16.41400221
11629,2.09,356836.0,1204.57,4.93924406,15.24349362
11630,1.75,341897.0,1715.01,1.657481194,16.82329897
11631,0.91,283751.0,1241.19,0.032752577,13.82309478
11632,0.94,362896.0,1774.41,1.65812936,15.88933354
11633,2.0,358169.0,930.56,1.29573549,15.18094048
11634,2.52,371806.0,1738.76,1.557502148,13.05655047
11635,1.69,271545.0,2005.85,1.577438805,13.56583747
11636,0.47,352857.0,2253.55,2.970986577,16.41503685
11637,2.58,275865.0,1839.26,3.51868378,15.83399126
11638,1.13,155663.0,2348.65,1.407465689,16.16203185
11639,1.1,377365.0,1971.86,4.44369872,14.05068024
11640,0.0,170071.0,1785.21,1.503959767,15.03253022
11641,0.65,114947.0,841.53,2.043212029,11.2583727
11642,1.38,258394.0,1834.86,1.87854596,13.98572252
11643,0.47,242775.0,1600.75,1.890653168,14.77190692
11644,1.1,375167.0,926.43,4.379454083,15.22087249
11645,0.94,243914.0,2509.89,3.282994612,15.7759136
11646,0.82,257512.0,2049.08,1.86169603,16.42524274
11647,0.75,168352.0,1603.61,3.552058562,15.61661341
11648,1.48,356398.0,2346.88,2.571836353,15.46882773
11649,2.16,260883.0,794.41,2.251397532,17.73027397
11650,2.11,376949.0,1147.08,1.007555569,17.40841127
11651,0.46,255498.0,1171.03,2.407825703,14.00584636
11652,3.57,381358.0,821.6,0.557648898,16.25409612
11653,0.97,167905.0,1836.93,1.295702009,12.45512814
11654,0.82,376614.0,1096.95,2.577506218,15.06141922
11655,1.15,160877.0,2456.18,1.558340397,15.36690811
11656,2.06,371962.0,2523.47,2.66970989,15.25157945
11657,4.36,251894.0,1171.2,0.620781409,14.99420764
11658,1.62,383128.0,2480.57,3.223823707,15.98787935
11659,1.81,152452.0,1885.66,0.697150117,15.73971541
11660,1.08,143007.0,1963.65,0.678392281,16.44806016
11661,1.61,255235.0,586.86,3.399503317,15.96524128
11662,1.68,345949.0,2113.36,2.194717073,14.18735578
11663,2.82,366892.0,1708.92,2.695014707,15.21581402
11664,1.77,350260.0,1852.47,2.824787874,14.39621406
11665,2.45,241681.0,1459.69,0.780096927,16.66739574
11666,2.82,378100.0,1681.96,1.578593963,13.83748993
11667,0.02,364626.0,1871.68,1.199445042,16.09876632
11668,1.27,367393.0,2362.46,1.240119685,15.74927685
11669,1.45,260984.0,2035.93,1.957606829,14.53492674
11670,1.56,349468.0,1661.95,1.018069393,15.81258138
11671,1.46,166547.0,1318.98,1.587267387,12.98188241
11672,1.82,353091.0,1240.79,4.057709328,15.35007424
11673,1.61,159343.0,728.42,2.831728413,15.97067853
11674,3.51,173265.0,1756.59,1.605628692,15.11435231
11675,1.47,352917.0,1886.18,0.885647574,15.21073333
11676,1.24,376646.0,1803.8,-0.103793495,15.40438913
11677,2.59,389776.0,1298.47,3.615802674,14.97630997
11678,1.39,243736.0,1134.4,1.355852498,15.85141264
11679,0.18,370611.0,1157.16,2.012615946,15.44496746
11680,0.85,250420.0,937.59,1.690604467,12.85750044
11681,1.0,380746.0,931.29,2.174272747,13.87634591
11682,2.16,371950.0,2044.29,1.509981709,15.24469008
11683,0.13,387361.0,2449.4,1.905541052,14.02412243
11684,1.39,125048.0,1531.0,2.350023193,14.84089639
11685,1.25,391094.0,1984.08,2.901060775,15.43648351
11686,2.06,380397.0,2454.48,0.864378325,16.39782503
11687,1.56,371568.0,1220.51,3.519735395,15.77785614
11688,0.95,243054.0,1938.43,1.545794656,13.54709119
11689,1.67,273248.0,723.29,1.499874619,14.54706889
11690,1.0,364527.0,2287.42,1.367824406,14.80672617
11691,0.11,134121.0,1489.47,1.885177498,16.82864931
11692,1.31,378778.0,1931.3,2.550749348,16.04696601
11693,2.19,259074.0,1558.95,1.136259388,16.57242285
11694,0.57,375515.0,1684.11,1.859190915,15.6227126
11695,1.43,373544.0,2344.56,1.650589147,11.94219112
11696,1.72,370164.0,1653.42,1.538500935,16.09278944
11697,1.16,373712.0,1835.14,4.626795675,15.80223826
11698,1.45,354714.0,1788.54,2.071914091,16.43591997
11699,1.2,357926.0,1955.09,1.424305917,12.29633908
11700,1.07,375241.0,1893.43,3.683243713,15.52713845
11701,0.5,236697.0,1371.16,1.753511441,15.57384804
11702,1.43,249205.0,2120.74,1.580402905,15.42068215
11703,2.62,379027.0,1329.61,1.474296732,14.55699181
11704,0.0,166235.0,1137.26,-0.156646543,16.5489178
11705,2.47,350639.0,1945.95,1.09663646,14.97493925
11706,2.46,277186.0,1750.32,1.015558676,17.64779139
11707,1.38,268041.0,1803.61,1.987285115,14.00484296
11708,0.81,238039.0,1857.46,0.927266214,14.04392676
11709,0.98,241206.0,1941.7,3.218173748,14.45171024
11710,0.88,273822.0,1167.09,3.328008469,16.19504211
11711,1.73,366058.0,1382.08,1.08714525,13.66850897
11712,2.21,395865.0,1904.58,4.286549407,14.08284648
11713,1.65,359251.0,2265.57,2.432444667,12.83928213
11714,1.22,266886.0,707.06,1.498656408,16.86928254
11715,0.8,375555.0,1763.7,2.870629799,15.47963473
11716,0.32,246101.0,2095.82,1.639793189,12.5753291
11717,1.14,387560.0,2519.38,4.023607797,17.07712893
11718,0.94,367106.0,1720.38,1.635748541,14.41877847
11719,0.83,379105.0,1903.13,2.018091331,16.60726834
11720,0.86,159228.0,1713.44,1.7821284,15.68991505
11721,0.24,160576.0,1985.15,2.901823557,15.89180565
11722,1.32,352307.0,1994.71,3.956598417,17.23942176
11723,1.2,140415.0,2328.12,2.181997568,15.72111784
11724,1.18,350056.0,2081.61,2.81263072,15.41580681
11725,1.01,364382.0,1758.25,1.984718317,13.69660748
11726,2.34,272946.0,1436.15,1.180707276,15.57442382
11727,1.29,357128.0,758.01,1.179788519,15.44114483
11728,1.41,151945.0,2227.19,0.703488679,13.5785072
11729,0.61,345837.0,846.82,4.040925542,15.62186699
11730,1.85,120407.0,1979.16,-0.177423889,13.84083109
11731,0.79,353244.0,586.86,3.072287372,13.4607032
11732,1.66,368640.0,1738.88,2.363101774,15.16071063
11733,3.06,354867.0,1996.94,1.590333414,15.58946082
11734,1.33,259789.0,2632.22,1.636914734,15.41924111
11735,3.12,148294.0,1900.04,1.744534282,15.2699939
11736,3.15,375807.0,813.34,1.886094141,16.59953644
11737,0.95,351139.0,1838.95,2.148732832,13.27059799
11738,2.66,154490.0,1142.45,1.80798077,17.55492464
11739,0.47,380108.0,2384.78,1.58979492,15.92462057
11740,1.57,257637.0,1524.43,1.761921813,15.88046335
11741,2.13,365872.0,1028.56,1.009212243,15.77306276
11742,1.91,253249.0,1840.37,2.089620985,15.79348605
11743,1.45,131895.0,1242.29,3.419767938,14.88857745
11744,1.21,251505.0,2412.69,1.917158407,16.09151194
11745,0.35,137869.0,960.56,2.315687163,14.70640185
11746,0.78,381769.0,1795.38,3.778657951,13.98378483
11747,2.22,379002.0,1907.51,1.884048485,13.76203759
11748,1.22,171869.0,2443.64,3.246160828,17.21779129
11749,1.3,355913.0,903.08,2.963961782,14.62966055
11750,1.85,382156.0,828.91,0.413290997,16.0814301
11751,1.43,353580.0,1915.3,-0.302323992,14.15251729
11752,0.6,261616.0,1715.34,-0.269413436,16.18152866
11753,2.63,238144.0,2558.96,-0.028047381,15.36526731
11754,2.31,361182.0,1602.2,1.72972749,15.52746858
11755,1.87,137363.0,1627.75,0.935235984,16.26786685
11756,2.11,371247.0,1302.68,1.387548898,14.71978925
11757,2.13,364453.0,1516.21,1.288672005,15.98855427
11758,1.15,275403.0,2470.43,2.028096606,15.30041862
11759,2.8,362682.0,924.83,1.633678941,13.30624801
11760,0.66,356716.0,2346.31,2.252590825,13.18983005
11761,4.94,143245.0,868.28,3.778906839,17.61388269
11762,1.26,386590.0,1621.51,2.779911182,15.48064196
11763,1.86,355322.0,2189.43,1.069262062,11.92823869
11764,1.05,236998.0,1270.43,0.634073509,14.89364077
11765,0.24,364288.0,1788.84,1.99666477,13.17112709
11766,1.13,355580.0,1653.43,2.212361438,12.84125543
11767,1.06,384921.0,1917.12,1.6721099,16.39109387
11768,1.2,165904.0,1949.04,1.870838103,16.82395366
11769,1.85,249227.0,1072.94,2.933406907,16.36441925
11770,1.09,365523.0,1948.51,-0.01385488,15.73960649
11771,1.52,161888.0,709.24,2.359817702,15.62843789
11772,2.2,156828.0,1042.87,3.520838796,15.26964028
11773,1.65,382027.0,663.99,2.457983157,15.32855231
11774,0.96,239254.0,1920.72,1.193692451,12.63931755
11775,2.01,130481.0,1896.89,1.575374818,16.11505165
11776,1.7,223282.0,1087.39,3.351739288,15.10314155
11777,1.5,369850.0,1176.48,0.254433085,15.42397507
11778,2.23,401119.0,2024.71,1.509508916,14.41455867
11779,1.74,396826.0,2068.92,3.444921825,13.04579215
11780,1.08,115945.0,1796.69,4.224808114,14.99687072
11781,1.62,372969.0,1856.73,0.878682278,15.92774868
11782,1.55,370979.0,1346.45,2.319421396,15.3791979
11783,1.57,145375.0,2067.52,1.559512223,16.30483627
11784,1.59,391916.0,2407.49,1.33285922,16.84215992
11785,0.68,152005.0,823.32,1.372700895,15.63944439
11786,1.69,152934.0,746.73,2.675856173,16.35739109
11787,5.27,158436.0,1576.79,2.617169506,15.83742805
11788,1.17,378055.0,1389.67,1.501776489,14.04911193
11789,1.7,240763.0,654.7,1.683216976,15.9455262
11790,0.75,256227.0,1732.21,1.267119829,15.34109126
11791,1.83,352569.0,812.76,-0.326393035,15.36417317
11792,1.44,264511.0,1889.53,2.334900014,14.81074965
11793,0.8,379568.0,2310.51,4.241512254,15.41599391
11794,0.66,144681.0,1244.57,1.828201394,15.1973926
11795,1.23,244893.0,1924.45,1.967196003,15.51251852
11796,1.96,233600.0,1825.38,1.027845095,15.01281669
11797,0.94,382961.0,2355.18,3.519617986,15.48142144
11798,1.56,372580.0,1818.56,1.751814201,16.26435417
11799,1.62,261392.0,2399.9,2.151596097,15.54631903
11800,0.94,358521.0,1823.09,1.205141526,15.55040184
11801,1.32,152906.0,1613.63,1.908066248,16.98792465
11802,2.31,160243.0,2023.73,1.32656656,14.90701266
11803,1.31,330548.0,1753.84,1.712558707,15.21899122
11804,2.17,255165.0,2300.39,2.515825244,15.75268457
11805,1.58,388372.0,1553.64,3.881036262,15.68066666
11806,1.28,125890.0,1902.37,0.977091923,15.76328063
11807,0.55,349301.0,1334.86,1.097181526,15.55818364
11808,3.16,362365.0,2329.78,2.46230099,12.93744099
11809,1.33,257706.0,2726.05,1.645022526,15.23987472
11810,1.0,151367.0,1769.72,1.629852425,14.95238387
11811,5.19,273817.0,1578.86,1.606374291,17.73027397
11812,1.05,142072.0,2212.21,1.196810999,13.67126749
11813,1.81,389789.0,1868.82,3.016726278,16.28468217
11814,1.01,159374.0,1531.92,1.588743344,14.98626215
11815,2.08,250748.0,745.57,2.895992185,16.32294418
11816,1.54,365026.0,2287.44,1.426482891,15.04633442
11817,1.61,149019.0,2304.5,0.573386858,17.44456131
11818,1.37,356822.0,1274.78,1.940591039,12.14374256
11819,1.03,356923.0,924.67,1.117850748,16.48022442
11820,1.03,254180.0,2404.96,2.346084096,16.26794969
11821,1.56,353326.0,1482.9,1.610670372,14.09425433
11822,0.66,390302.0,1397.86,2.021204225,15.91954375
11823,2.12,374496.0,2488.15,1.543637012,14.42491972
11824,1.39,135007.0,2582.46,2.142821322,15.14896047
11825,0.81,351577.0,1414.98,3.576599769,15.38451361
11826,1.1,383795.0,1784.6,4.063719949,15.58489254
11827,1.16,390859.0,1308.27,1.959935202,13.82114259
11828,1.16,128630.0,1413.67,1.234144372,14.55348293
11829,2.09,356913.0,1761.38,1.364756625,15.81305059
11830,2.35,375021.0,2081.98,2.309134038,15.49741091
11831,1.2,355616.0,1763.21,1.597591478,13.811283
11832,1.73,364633.0,699.22,3.1070413,15.20014511
11833,1.01,366633.0,1195.95,3.684893237,13.37852968
11834,1.83,370650.0,1492.09,3.023217948,14.6819745
11835,0.98,115548.0,1353.73,3.934720373,14.71852712
11836,2.12,131703.0,933.86,1.947261412,16.39265696
11837,1.46,358367.0,2337.48,1.296630322,13.68703146
11838,1.39,265195.0,1945.97,1.857575636,14.82552779
11839,1.87,360055.0,2313.44,2.289809623,11.98987449
11840,2.37,389541.0,1832.22,2.890983423,16.8012462
11841,2.53,156847.0,2047.49,1.728279755,15.70023773
11842,2.37,357582.0,2298.61,0.670305478,15.97216769
11843,1.37,379788.0,1080.16,0.503127173,13.57538468
11844,0.47,259692.0,2134.44,4.133713194,16.90596611
11845,1.39,385941.0,2164.6,1.988709475,13.94165567
11846,0.53,360627.0,776.03,2.114559098,15.46253194
11847,1.29,355710.0,1884.26,1.704670824,15.8158274
11848,1.88,357713.0,749.31,0.506161075,15.80866131
11849,1.48,370486.0,1969.21,1.564640668,16.71525706
11850,1.86,142227.0,1985.16,1.427945476,15.8122658
11851,1.47,119070.0,1519.31,1.818228493,15.17749336
11852,1.46,369502.0,2184.49,0.711746745,15.19105176
11853,0.71,374107.0,636.38,4.622858762,15.72113927
11854,1.73,142049.0,824.63,2.381241396,15.35555807
11855,1.22,352539.0,947.53,1.745369422,16.30762779
11856,1.5,361502.0,1903.83,1.479993039,15.64212971
11857,0.34,277832.0,1741.53,3.714987845,16.98556465
11858,0.78,364822.0,1938.43,2.178703221,14.35416906
11859,0.99,149283.0,767.31,4.120811651,15.76386296
11860,2.13,356158.0,1824.94,1.375778366,14.5330939
11861,0.89,268749.0,1619.38,2.608427718,16.05180651
11862,1.13,258853.0,2516.94,1.632780102,15.81844606
11863,2.39,359580.0,1850.16,1.55504354,15.50898677
11864,2.16,349030.0,1823.89,2.87030387,15.87951774
11865,2.21,373688.0,1418.62,0.790584861,13.69468569
11866,1.84,384688.0,1843.81,3.496992097,15.7651038
11867,2.7,366434.0,1816.78,1.39449219,13.72534916
11868,1.19,153110.0,913.55,1.544650561,15.82903331
11869,1.93,339348.0,1069.69,3.484715131,13.24222164
11870,1.76,157495.0,2040.28,1.163305475,13.07091438
11871,1.54,162052.0,1866.14,0.356596256,14.65639
11872,1.42,374691.0,1938.66,2.603232347,16.88650438
11873,0.73,353170.0,2251.53,2.365383437,13.33674686
11874,1.96,352878.0,706.61,1.399892809,14.07248801
11875,2.03,362553.0,1246.54,0.835710763,14.5348872
11876,0.99,374327.0,1293.16,1.085779889,16.12431363
11877,1.91,348683.0,1798.64,1.682656368,15.56160068
11878,1.02,373096.0,1594.01,1.582052562,15.88447408
11879,0.7,375817.0,2296.25,2.39640774,15.61069988
11880,1.51,367861.0,2493.25,3.870947684,12.58334808
11881,1.9,378831.0,1880.88,1.540645193,16.74063173
11882,2.15,369437.0,1818.87,1.808826377,12.17722035
11883,1.53,126140.0,1925.12,3.635007332,16.58514242
11884,1.73,371882.0,2101.87,0.872696226,14.52030029
11885,1.42,363762.0,1793.24,1.403531043,15.91939575
11886,0.87,352011.0,1354.71,2.194435781,15.90048109
11887,1.65,394023.0,2260.68,3.026517921,16.38704897
11888,1.7,380220.0,1850.17,1.528907963,13.43605873
11889,1.82,157589.0,2561.79,2.150199548,14.48652232
11890,0.02,349874.0,1418.69,2.197830384,16.41201692
11891,1.86,374519.0,1790.71,2.167318238,15.66233177
11892,1.01,359207.0,1496.55,0.813528016,13.35841354
11893,0.52,131068.0,1829.43,2.91975102,13.59486617
11894,0.49,390212.0,1418.73,2.087342267,14.43165328
11895,1.68,257797.0,944.81,1.248496366,15.06025545
11896,2.2,145675.0,1957.01,1.934423533,14.22976218
11897,0.36,157296.0,1922.69,1.320342749,13.48185668
11898,1.58,119378.0,795.61,1.586001508,15.80580724
11899,0.93,161607.0,2277.42,3.832167485,16.5326695
11900,1.11,364146.0,1801.88,1.778514298,16.15602594
11901,2.06,270712.0,805.89,2.400540178,17.07437472
11902,1.43,165446.0,1916.81,1.626654209,16.13565197
11903,1.43,393683.0,1839.37,1.741841533,14.46954852
11904,1.64,346636.0,1311.17,2.273986358,13.5833044
11905,4.56,392232.0,1779.26,1.176699626,16.72793566
11906,1.91,372807.0,2350.7,1.178547208,15.70009297
11907,0.4,135737.0,2337.57,1.528416822,16.96051247
11908,1.4,253656.0,1767.98,4.249229673,16.16934001
11909,1.48,372735.0,2386.83,1.838311378,14.07076044
11910,1.39,135080.0,2489.69,0.479040577,16.09304974
11911,2.79,368654.0,1251.46,0.895777084,16.3088147
11912,0.68,135366.0,1274.52,1.410278886,15.76705098
11913,0.7,183531.0,1979.85,1.574175264,13.92981158
11914,1.59,122704.0,1752.25,2.122635753,15.39211144
11915,2.13,146722.0,743.41,2.820282563,12.7104873
11916,1.16,352984.0,2431.45,2.716831145,16.70415414
11917,0.31,384358.0,2487.34,3.317203316,11.88249558
11918,1.58,383745.0,1976.79,2.000692187,16.15847639
11919,1.81,358542.0,2412.45,0.937914812,16.432186
11920,2.13,376573.0,1807.64,1.470663419,15.5563171
11921,1.39,359006.0,1389.0,3.332051875,15.70569372
11922,1.85,161423.0,1815.36,3.332351777,15.78728866
11923,1.37,128825.0,2475.04,0.991825082,15.96624116
11924,2.38,374943.0,1844.71,1.722182956,15.99103499
11925,2.1,357725.0,2090.68,3.442855494,15.79387242
11926,1.09,380373.0,1859.06,1.568026431,13.33593991
11927,1.79,166025.0,779.5,1.954120733,17.06026514
11928,2.47,262775.0,1118.63,3.710571577,16.73379983
11929,2.37,355289.0,1865.6,1.725152929,15.44088307
11930,0.87,274569.0,1867.15,1.25768093,13.82796185
11931,1.17,358585.0,2692.98,2.682127486,15.10571981
11932,0.87,235105.0,2371.95,2.30197945,16.23522799
11933,1.76,245341.0,1377.98,2.55132895,15.9631434
11934,1.76,171664.0,1922.33,2.168820031,15.52504109
11935,1.3,162404.0,2211.37,1.73712116,16.23392721
11936,1.83,382888.0,1413.0,3.568693558,15.59932403
11937,1.43,391340.0,2125.21,1.829438541,16.79609618
11938,1.66,259565.0,2544.82,1.436514807,15.6958102
11939,2.61,340689.0,2261.89,2.89253339,13.56320171
11940,1.34,342913.0,1844.51,2.007293314,11.63772888
11941,2.05,258370.0,1778.12,3.598051956,14.78510776
11942,2.47,271751.0,1839.9,1.633042497,13.76736969
11943,0.98,376473.0,1105.36,3.540970939,15.66176142
11944,1.83,127841.0,1918.51,2.024269867,15.04535064
11945,1.61,370102.0,2145.89,3.029765948,15.87803763
11946,2.02,397356.0,877.8,3.765706388,14.13549914
11947,0.59,235116.0,1212.81,0.304376033,13.20658877
11948,2.61,347889.0,1958.56,3.413412919,16.55860922
11949,1.98,257950.0,731.99,1.675146413,16.04925234
11950,1.66,259846.0,1851.7,3.37892531,16.19807909
11951,0.74,349720.0,2480.5,0.106048713,15.27079876
11952,0.49,373584.0,2895.07,2.63779822,16.0138071
11953,1.67,353163.0,2360.5,3.584914196,13.76347239
11954,2.36,349646.0,1783.33,1.245831838,15.81699716
11955,0.71,153821.0,1083.33,2.309799769,16.39678647
11956,2.34,382654.0,1469.54,2.660753901,14.81809511
11957,0.98,227921.0,1708.59,3.386956576,16.34742004
11958,1.82,355061.0,1105.35,1.090957683,16.52774051
11959,0.64,348824.0,2139.88,0.789416619,15.25499093
11960,1.46,383685.0,1564.65,3.5164123,16.20874324
11961,0.97,275906.0,2532.5,1.283605835,12.20107893
11962,1.88,270976.0,687.1,1.542851037,12.78980433
11963,1.9,398069.0,2385.32,2.051046701,14.04541082
11964,1.38,364414.0,1786.7,0.57825043,13.54847145
11965,2.96,370806.0,1845.85,3.112633118,16.46780365
11966,2.2,138117.0,1634.39,2.958062805,12.12788722
11967,1.46,370362.0,1857.46,1.838569248,16.02622474
11968,0.22,372463.0,2007.42,0.855471728,14.12096437
11969,2.36,156871.0,1497.79,2.91267952,15.61271524
11970,0.0,162105.0,2585.32,1.851646043,16.05130661
11971,1.67,397299.0,1530.72,1.603145008,15.33831793
11972,1.12,254359.0,1837.76,3.144918928,16.01187952
11973,1.6,392592.0,1819.13,0.735890821,15.41457001
11974,1.87,350627.0,2548.31,1.920651171,14.18520739
11975,2.17,129671.0,1948.25,1.286904841,13.97616054
11976,2.07,373714.0,1890.77,1.498860899,14.91699518
11977,0.45,365746.0,2055.73,1.480164963,14.06243366
11978,1.02,369654.0,2520.66,2.222396484,16.82673057
11979,1.6,350544.0,1344.94,2.097142098,15.46288287
11980,2.05,131269.0,758.34,2.952821357,15.18912008
11981,1.54,154054.0,1885.37,0.869180783,13.03518531
11982,1.45,140803.0,760.84,1.004642878,15.13335635
11983,2.91,347318.0,1123.12,1.433330845,16.35997522
11984,1.76,164433.0,1696.86,1.699740291,13.88805594
11985,0.0,148520.0,1790.71,1.240087197,13.66213697
11986,1.41,386231.0,1820.77,3.137298436,15.57949839
11987,0.63,123957.0,1035.38,1.88246533,15.54427264
11988,2.48,381163.0,2542.71,2.498954409,13.99306412
11989,0.03,353740.0,1918.38,3.824444624,14.17236597
11990,2.26,148474.0,639.25,1.285275563,13.35340797
11991,1.12,367091.0,2130.91,2.463810231,13.72842783
11992,0.9,150001.0,838.67,3.992513604,15.65905844
11993,0.93,365823.0,1255.67,1.937664496,14.22958948
11994,1.22,128103.0,1762.2,1.882261601,15.40038414
11995,1.68,332820.0,2415.82,1.754533523,15.32937656
11996,0.53,367405.0,2333.76,4.841901385,14.28618303
11997,1.01,382618.0,1526.58,0.881000919,14.38376255
11998,0.68,389771.0,1874.59,0.533978161,15.65840796
11999,1.04,143576.0,904.71,2.124454337,16.70913138
12000,1.73,237786.0,1811.28,1.054513996,13.97610661
12001,1.38,254861.0,1113.46,1.738523305,13.23423376
12002,1.53,117736.0,1233.76,1.05509463,14.24871631
12003,1.75,136720.0,1368.73,0.41796217,12.39225533
12004,2.1,347562.0,2187.06,1.468403758,16.38540309
12005,0.44,141616.0,1950.13,1.202938491,14.361707
12006,2.78,367137.0,1888.28,3.400269092,15.83830871
12007,2.16,237131.0,2222.28,2.04609863,14.01341227
12008,2.15,246010.0,2056.23,1.536349687,16.13113593
12009,2.76,350491.0,850.68,2.391301481,14.26976552
12010,0.48,150475.0,1644.73,3.565157339,13.90361499
12011,2.79,131734.0,1770.26,2.973088797,15.68577592
12012,1.57,359204.0,753.56,3.988966715,15.25900686
12013,2.2,160093.0,2316.92,4.090975157,15.03229653
12014,1.59,255564.0,933.3,2.145060108,15.78005078
12015,1.47,156349.0,1258.22,1.02161814,16.32920831
12016,1.43,149192.0,1850.48,2.02599321,15.53944133
12017,1.79,137670.0,2664.26,2.459116435,17.15817638
12018,2.24,366414.0,1904.99,3.066509028,12.87731962
12019,1.66,352496.0,1478.83,0.901637332,15.19137406
12020,1.48,370246.0,1032.06,4.311793117,13.51577172
12021,1.25,262688.0,820.93,1.247248692,16.55826389
12022,1.32,161702.0,884.93,1.851185696,16.16399228
12023,0.74,259354.0,1496.78,2.721894342,16.09640111
12024,2.14,377916.0,1769.88,3.633316583,14.88014798
12025,1.63,382364.0,2146.19,2.5072822,13.19745186
12026,2.55,242984.0,1980.64,2.681430643,15.89614559
12027,1.35,148590.0,1759.26,4.204061077,15.15360151
12028,1.65,285884.0,635.65,1.411356926,14.95135376
12029,1.07,374685.0,1490.56,1.943045243,16.81835139
12030,1.08,367645.0,1714.98,-0.291863248,13.00898766
12031,0.8,123996.0,1423.32,1.685054747,14.73161577
12032,1.9,374200.0,1871.8,2.000340861,16.47562321
12033,1.63,362007.0,2226.96,2.066519433,15.74627044
12034,0.93,132462.0,1300.34,3.874560097,15.04113231
12035,1.63,284640.0,2085.39,3.973408776,16.15551614
12036,0.88,291061.0,2390.19,1.696851749,15.35452321
12037,0.89,152859.0,1407.17,2.536737386,15.4951906
12038,1.21,159448.0,903.72,0.532745625,15.20310354
12039,2.28,353328.0,1320.1,1.813877538,15.9038744
12040,1.29,362361.0,974.24,3.668515234,16.16895817
12041,2.26,363731.0,2065.53,1.093730157,16.06229302
12042,1.53,358515.0,1322.84,1.746189105,14.1034269
12043,1.4,263356.0,2224.65,3.51576723,16.25580662
12044,2.04,133230.0,1380.34,1.310336629,16.65298843
12045,0.55,148123.0,2062.95,4.361191527,15.9395967
12046,0.0,364649.0,2119.84,1.918175308,13.33919304
12047,2.52,366094.0,1747.01,3.39593283,16.05791841
12048,2.15,360995.0,1167.89,1.49140523,16.44537735
12049,1.6,149985.0,1997.95,4.593790409,15.35347868
12050,2.92,375103.0,911.2,2.899949698,16.4621435
12051,2.57,123797.0,1884.2,-0.326393035,13.56725865
12052,1.56,244539.0,827.3,1.643460008,13.7654365
12053,0.89,369459.0,2373.43,1.677037141,16.05280316
12054,1.89,392271.0,2587.5,3.332676674,15.65069383
12055,1.79,361748.0,1315.92,1.261879035,15.99728562
12056,0.0,390620.0,1496.77,1.885259041,16.11274262
12057,1.35,142125.0,2454.99,2.672676497,15.25262248
12058,1.2,342050.0,690.17,3.786952766,13.71218108
12059,1.51,385038.0,1806.39,2.13475367,15.32397732
12060,0.4,372239.0,2022.01,2.465919946,13.01967292
12061,1.25,364050.0,1439.7,1.350323501,16.62785502
12062,1.02,194443.0,2323.0,1.27041246,15.82357988
12063,1.47,169804.0,825.56,2.060867468,14.11102395
12064,2.3,278740.0,787.86,1.797591969,16.64955056
12065,1.35,385059.0,1786.57,2.336801626,15.64167752
12066,1.74,150593.0,1849.5,1.163575081,14.90424341
12067,2.36,135145.0,2234.82,3.613549454,14.66756901
12068,1.67,267450.0,2493.45,1.833030756,15.86877014
12069,1.64,274204.0,1832.7,4.336026648,16.60901296
12070,1.7,154555.0,1462.29,1.625508061,15.60509206
12071,2.24,144260.0,1973.91,1.207684117,11.97072676
12072,1.59,262803.0,1625.93,1.562114967,17.73027397
12073,2.4,372329.0,2354.3,3.787959449,15.61622671
12074,2.0,161898.0,1772.91,4.280126417,13.39863169
12075,1.88,138440.0,1747.31,1.320038179,16.40215414
12076,0.87,401119.0,1481.01,1.496752232,14.40982876
12077,1.67,156928.0,1729.62,2.009735214,13.61818144
12078,2.61,149627.0,1820.15,1.133645582,16.10580674
12079,2.23,361111.0,1893.64,1.729192148,13.74859607
12080,1.39,387268.0,1857.5,-0.326393035,15.35730116
12081,1.86,393162.0,2213.04,4.355592064,15.65582773
12082,1.31,161190.0,2173.25,1.973753665,16.18934038
12083,0.57,340744.0,1306.76,1.730529261,16.36172878
12084,0.0,384958.0,2505.94,2.130597694,17.51005233
12085,1.35,393990.0,1051.09,2.424008362,17.4203707
12086,1.31,153600.0,1775.87,2.196834534,15.40631837
12087,2.34,157305.0,1864.63,1.400448298,13.76050414
12088,1.15,154075.0,2101.44,2.205320832,15.26593493
12089,0.57,166653.0,1765.31,1.098198501,16.42372343
12090,1.81,377252.0,1804.23,1.377752281,13.10585684
12091,1.23,374299.0,1795.55,1.435484762,15.88724273
12092,4.05,385118.0,1247.6,4.083832885,16.47324609
12093,1.34,164470.0,1371.57,1.517396396,13.11704019
12094,1.91,165884.0,1856.05,1.758212056,14.7499992
12095,3.41,122402.0,1204.62,2.977339314,15.49674654
12096,2.32,253561.0,1706.5,2.221168771,12.59838655
12097,2.06,356362.0,1996.73,1.580280187,16.84565072
12098,1.5,146350.0,934.28,1.017530394,13.00924692
12099,1.9,385545.0,2363.48,1.916639299,14.06227788
12100,1.0,386292.0,1608.64,1.721818432,15.12187542
12101,1.82,377123.0,1622.94,-0.173145257,16.64349815
12102,0.73,276546.0,1778.83,2.932667715,13.49114634
12103,0.87,374347.0,1878.21,1.550619124,17.72663777
12104,1.7,384335.0,739.87,2.159607281,13.04821726
12105,0.8,373948.0,872.69,3.584097476,16.52861049
12106,1.25,156539.0,1164.7,2.189530715,17.73027397
12107,1.72,375745.0,880.28,4.417352176,15.45546643
12108,1.67,364515.0,2510.08,0.910072228,14.82642074
12109,1.63,331651.0,1032.05,1.657915652,12.43528283
12110,1.98,382814.0,1294.24,2.165372751,13.97592123
12111,2.86,254588.0,1991.5,1.556054894,16.06882122
12112,1.27,267209.0,1342.17,3.242691561,16.37540137
12113,2.37,361769.0,2362.39,1.892714952,13.69425921
12114,1.36,275976.0,1965.66,0.935152741,16.15478026
12115,2.1,142822.0,1817.09,3.231642325,15.48746462
12116,1.62,360456.0,1547.74,0.758684221,13.73801827
12117,1.22,140945.0,1350.62,1.455378489,14.13750681
12118,0.84,264736.0,1611.1,1.592864263,16.56768514
12119,1.12,143970.0,754.25,1.7616138,12.6633638
12120,1.78,371721.0,1959.28,2.134879535,15.5924082
12121,1.39,370064.0,795.01,1.480660373,12.64860815
12122,1.72,262998.0,1508.94,1.825597516,16.07207013
12123,0.15,162535.0,2003.63,2.146137437,14.41247936
12124,0.0,371583.0,1672.97,3.092656545,14.91888734
12125,1.95,342603.0,1710.32,3.964040114,15.35872967
12126,1.8,259299.0,1811.8,0.534752152,15.59394154
12127,2.67,385135.0,2271.17,3.084433419,15.50138211
12128,1.72,160624.0,1248.58,3.07729563,15.9649292
12129,2.05,358027.0,2462.65,2.932154138,15.14730877
12130,1.22,364352.0,1788.23,1.548034209,12.96041942
12131,1.84,145309.0,1329.98,2.507523653,15.48745476
12132,0.95,155433.0,2021.96,4.068377089,16.08984021
12133,5.35,256212.0,2206.28,1.998412829,15.75912352
12134,2.14,132557.0,1907.85,4.620406509,16.3135176
12135,0.7,157496.0,1644.36,1.984112189,15.81163234
12136,2.38,382506.0,2468.23,1.718942844,14.70363159
12137,2.1,137790.0,804.53,2.606415625,15.97195012
12138,1.44,334090.0,1004.47,1.186209789,13.73482969
12139,2.44,154938.0,2655.0,2.296236474,15.87846091
12140,0.79,160765.0,1819.24,2.385892705,15.89614236
12141,1.74,367443.0,2355.34,3.057755063,13.62699558
12142,1.0,345263.0,2293.94,1.335510663,14.45089974
12143,1.82,257992.0,2082.94,0.813171022,16.48192612
12144,1.41,348527.0,862.18,4.310441145,14.58156979
12145,1.49,375380.0,865.24,1.448157484,15.51390674
12146,2.16,372611.0,1065.09,2.995819963,16.081677
12147,1.48,350545.0,636.12,2.488980825,12.72088505
12148,1.29,360627.0,2247.15,1.340169305,13.62961909
12149,0.55,380907.0,1583.28,1.201989168,15.85700901
12150,0.88,255570.0,1418.45,0.569453546,16.72585995
12151,1.58,158146.0,2499.51,4.158725244,15.8908203
12152,0.16,266623.0,1376.9,3.435369001,12.06536704
12153,1.78,357898.0,1133.12,2.34966127,12.52422253
12154,2.15,373017.0,1814.62,1.871801612,13.79739896
12155,2.48,157920.0,2637.48,1.205368644,15.41816481
12156,1.19,253457.0,1573.61,1.44181632,16.72435666
12157,0.94,123519.0,1939.89,2.886187438,13.72830427
12158,1.27,173652.0,1817.35,1.274697498,16.39080705
12159,1.53,261663.0,863.87,1.28714072,12.63431926
12160,1.76,259579.0,1804.99,4.118824731,15.13543322
12161,2.7,381576.0,1005.87,1.349878804,13.60837742
12162,0.73,391220.0,1008.99,2.542358109,15.11206299
12163,1.85,371252.0,1265.11,1.230557094,13.52716006
12164,1.3,401119.0,1906.83,4.109889007,17.73027397
12165,1.9,134839.0,992.24,2.196007575,13.26639542
12166,0.79,266303.0,763.96,2.010402222,14.23219674
12167,1.16,360362.0,2305.34,2.927659983,13.89265024
12168,2.62,361616.0,2413.68,1.988599963,14.51711193
12169,2.39,360835.0,1733.54,1.34016605,16.23424634
12170,1.69,372368.0,2041.72,2.048867706,16.04317692
12171,1.04,375799.0,2376.02,2.346025057,15.71734096
12172,1.77,368352.0,2095.06,3.824711514,15.12598881
12173,1.58,148423.0,932.39,3.302783304,13.82628759
12174,0.86,363924.0,1838.53,1.534459553,14.43592512
12175,1.79,147361.0,1785.61,2.074471937,14.40852497
12176,1.15,250760.0,2638.47,1.717906573,15.79033448
12177,3.12,384070.0,1909.69,2.739790213,15.23414292
12178,2.0,359263.0,2171.97,1.321701517,15.13415227
12179,1.6,147088.0,2184.95,1.633025109,13.36123972
12180,1.94,366468.0,1883.57,0.959293411,14.67738717
12181,1.16,157756.0,1946.16,4.761968872,15.62220723
12182,2.7,168122.0,1817.8,2.901125727,16.067723
12183,2.03,370356.0,982.15,1.915947707,13.49078438
12184,0.63,160293.0,1054.15,1.424545496,15.58862213
12185,0.26,386314.0,1934.06,2.020798355,15.38009068
12186,1.63,376747.0,2133.57,1.974265104,15.11698037
12187,2.06,366553.0,1949.65,1.454260903,15.62297629
12188,1.01,147562.0,916.92,2.19235808,16.21112288
12189,1.62,175274.0,1638.1,1.296214732,16.72424428
12190,0.43,367467.0,1785.18,1.843989462,15.49074879
12191,1.73,136536.0,900.86,1.892741874,16.44555243
12192,2.7,371552.0,2248.55,1.238038191,11.52509859
12193,2.26,141258.0,2328.11,1.47113805,16.158359
12194,1.76,250094.0,1142.35,2.424391772,16.08248837
12195,1.26,354064.0,1318.53,2.352496806,17.73027397
12196,1.05,158360.0,2403.37,1.792214565,15.4476972
12197,1.2,388923.0,1801.46,0.212769864,12.91550789
12198,0.65,361142.0,1467.55,1.709495236,15.35677485
12199,0.45,363708.0,771.62,4.213523885,15.7993638
12200,1.17,274738.0,1436.77,1.767912791,16.61821338
12201,2.24,369302.0,2324.56,1.403286627,16.06404299
12202,0.64,142051.0,1778.59,1.648606299,15.19293095
12203,1.07,158787.0,2596.62,1.290720674,15.4487283
12204,1.25,368244.0,1832.45,3.026448347,16.58197672
12205,0.95,136433.0,1221.06,0.927855194,15.71801064
12206,1.63,149174.0,1724.99,4.703123703,15.6360501
12207,1.22,169660.0,2560.26,2.966622271,16.73968399
12208,2.2,164235.0,1134.19,0.477730519,13.42783471
12209,2.28,246945.0,765.52,4.548127036,15.14971975
12210,0.72,388642.0,1423.99,1.979272535,13.86641001
12211,1.45,150783.0,1567.46,1.588873109,14.17247375
12212,1.71,371035.0,2020.13,2.779513277,13.85873815
12213,1.67,140270.0,1982.8,2.931841901,16.02205095
12214,2.28,356392.0,1737.96,1.86862934,14.32242189
12215,1.26,130210.0,2504.62,3.490419887,15.55900719
12216,1.74,258771.0,1405.58,1.957113176,15.85601508
12217,0.0,375650.0,2043.35,4.23271496,14.50116079
12218,0.69,265673.0,775.05,1.682647286,15.65769547
12219,1.29,384566.0,1840.07,1.474575594,16.25352098
12220,1.26,367800.0,1867.87,2.812164064,13.14595704
12221,1.34,377536.0,1726.0,1.69357562,12.88487789
12222,1.43,170063.0,1045.09,2.082627538,15.78518614
12223,2.73,166661.0,1913.8,2.722906928,15.60557304
12224,2.19,328924.0,1665.12,2.71324932,11.44218918
12225,1.53,123081.0,913.74,1.844961539,15.35485098
12226,1.58,149765.0,1744.0,-0.106334779,15.55174616
12227,1.14,375876.0,1822.66,4.848884345,15.35098702
12228,2.31,353924.0,1750.03,-0.326393035,15.74764954
12229,1.85,258518.0,722.17,1.728884573,13.05928863
12230,1.83,269805.0,2494.59,1.757799238,15.90311166
12231,1.26,229396.0,1208.29,-0.015729579,11.9693797
12232,1.3,250678.0,2288.94,0.772736121,13.35925517
12233,1.02,366628.0,1903.13,0.968544528,15.7059087
12234,0.99,369410.0,2136.75,2.703584544,14.31059198
12235,1.92,384951.0,1846.24,1.036108375,13.05771609
12236,2.8,356986.0,2005.33,2.64003661,15.90593443
12237,0.97,385274.0,2446.45,3.601501146,15.07124574
12238,1.04,157877.0,2527.66,2.565399516,14.10149713
12239,2.05,369308.0,1191.62,1.202758743,14.94612819
12240,0.9,277082.0,919.78,2.130369641,17.07885363
12241,1.19,355785.0,1852.32,2.287721546,15.66934669
12242,1.5,249063.0,1050.54,2.02841234,15.54530328
12243,0.91,355817.0,1313.81,2.423142669,15.18558279
12244,2.5,334768.0,2050.8,1.922569083,13.57327653
12245,1.98,378111.0,1706.12,0.904583674,16.82896405
12246,2.03,372335.0,1577.18,2.345872271,13.421981
12247,1.81,165964.0,874.91,1.903581356,15.34640284
12248,1.13,379391.0,1112.15,4.267607877,15.38298499
12249,2.29,141654.0,1916.55,2.332166543,14.36907399
12250,0.45,394786.0,921.46,3.489111465,17.73027397
12251,2.01,252314.0,909.67,2.916428967,11.55376321
12252,2.16,355776.0,2043.25,1.998954457,15.77354606
12253,0.72,161886.0,1375.1,2.486925202,14.05322004
12254,1.66,383854.0,2376.24,0.863421281,14.1205634
12255,0.48,378735.0,1590.0,2.165393593,15.67381051
12256,0.86,366624.0,712.7,1.83590754,16.26799088
12257,2.18,239215.0,1776.79,3.44238505,16.20707257
12258,1.17,374501.0,1938.33,1.142611902,14.04172151
12259,2.45,387435.0,1885.93,-0.326393035,13.91234079
12260,1.03,373915.0,1828.04,2.131161791,11.3155956
12261,1.15,373384.0,1184.67,1.489415944,17.49807915
12262,2.39,370633.0,2290.97,3.25261681,15.60689482
12263,1.33,371857.0,2169.25,3.90370589,15.14896045
12264,1.7,369857.0,1382.23,1.601086743,15.80838065
12265,1.19,378408.0,798.05,1.376963588,16.26516392
12266,2.23,378443.0,1709.54,-0.158032657,14.3575247
12267,1.86,345656.0,1926.01,1.739348133,11.80495364
12268,1.33,365460.0,2399.38,1.415024501,15.36402104
12269,0.92,165292.0,1831.45,2.063786189,14.03054241
12270,1.37,267864.0,2463.44,1.505669179,16.02531599
12271,2.02,233227.0,2013.29,1.172602756,16.15374202
12272,3.41,263711.0,3047.82,2.179165325,15.47608584
12273,0.33,376294.0,1646.48,2.009491114,16.81254405
12274,0.66,372045.0,1015.49,2.577037702,16.19006643
12275,2.03,368018.0,1563.22,1.450028525,13.9157368
12276,0.83,356364.0,1983.52,3.709047249,15.37730303
12277,5.88,245301.0,709.44,1.973498569,15.6027775
12278,1.8,357954.0,1837.55,4.124667719,17.29886196
12279,1.49,369067.0,2336.08,2.867373904,14.54041943
12280,1.67,258928.0,1851.9,2.122560166,15.99559845
12281,1.12,236624.0,1338.39,1.869390613,16.99546346
12282,2.88,244524.0,702.66,1.761881453,15.29993767
12283,0.72,387435.0,840.09,4.787908683,15.46071388
12284,1.95,266799.0,2395.67,3.252925685,16.15790484
12285,0.96,148254.0,2412.63,1.86836467,16.27914794
12286,1.67,353841.0,717.7,1.874120133,14.18774048
12287,1.12,378456.0,1802.98,2.079066426,12.80698082
12288,1.35,257472.0,2282.43,1.981112019,13.79045229
12289,1.9,375304.0,861.61,2.22708501,14.18606078
12290,2.03,376524.0,2236.44,4.071032891,15.9378917
12291,1.75,372973.0,1195.97,0.991132252,13.72074814
12292,0.46,360481.0,1784.58,1.722855411,16.51819664
12293,1.8,244662.0,1995.06,1.41632074,15.28929275
12294,1.02,370998.0,2140.45,4.33176946,16.34820018
12295,0.7,139669.0,2153.86,1.211802647,15.77620425
12296,1.59,359841.0,1515.11,1.918971384,17.40195875
12297,2.32,161414.0,1611.89,1.243174085,15.88304785
12298,2.14,384607.0,940.22,2.088562038,15.59197256
12299,1.8,162973.0,2650.57,1.523733322,14.41706885
12300,1.66,181888.0,1887.2,2.871328626,17.4108358
12301,1.33,257902.0,1399.11,1.210299347,15.06226702
12302,2.01,270881.0,1790.26,1.21658463,14.65163745
12303,1.61,143492.0,1976.98,1.492776063,14.75733315
12304,1.42,350718.0,2079.91,0.932304128,16.14886591
12305,0.44,383162.0,1824.07,1.335471617,11.46419942
12306,1.19,152210.0,1831.51,1.370723487,15.94777276
12307,1.56,368241.0,2311.77,1.760441991,15.86578664
12308,2.1,140923.0,2521.98,1.438249949,16.0108857
12309,1.42,371594.0,1868.06,2.283248763,16.07296115
12310,1.06,174462.0,2247.73,1.390355123,12.51888823
12311,2.06,135481.0,2291.68,-0.128844879,15.78341893
12312,0.76,388067.0,1040.02,2.364748065,15.47004643
12313,0.0,165642.0,1773.72,1.005823461,17.5804016
12314,0.65,381457.0,2289.27,2.926462533,14.34769686
12315,0.63,378249.0,1619.98,3.01568442,12.31562591
12316,1.09,157511.0,2028.73,0.383364949,13.32736025
12317,1.12,269165.0,1952.04,4.543217081,13.85849601
12318,2.05,359058.0,717.57,1.740502696,16.66244001
12319,1.52,364334.0,1106.29,1.305030284,15.29587277
12320,1.33,363647.0,2385.44,3.435760119,13.74130193
12321,1.45,393804.0,2003.79,1.554194122,15.58576562
12322,1.76,133623.0,2214.68,2.466068477,16.3356997
12323,0.87,383966.0,1858.32,1.414966724,11.2583727
12324,0.68,145177.0,1046.03,1.538590585,15.49948584
12325,1.3,379079.0,1730.41,1.763421291,14.79375688
12326,2.15,379307.0,2989.62,2.205702403,16.50712186
12327,1.75,241396.0,2259.25,1.860936683,13.09174317
12328,2.05,376117.0,2516.12,2.769057461,15.78029622
12329,1.07,380451.0,780.91,2.799146838,16.84953309
12330,0.93,276935.0,1938.67,2.208300412,16.57015738
12331,0.79,370686.0,586.86,1.051514806,16.30030154
12332,2.2,355797.0,801.25,1.322937303,12.579323
12333,0.01,335420.0,2011.93,2.030356963,14.90050811
12334,1.83,362548.0,1566.32,1.919168672,12.49527682
12335,3.04,233082.0,838.33,-0.326393035,16.13041705
12336,1.95,168498.0,2497.92,0.904784875,15.76550343
12337,1.96,351937.0,992.14,2.368673003,16.11677582
12338,1.49,117318.0,1780.18,-0.166703877,15.42092893
12339,1.5,345709.0,1751.88,0.345022611,12.50534279
12340,1.05,259023.0,821.18,1.352781662,16.5299626
12341,2.81,152496.0,2453.68,2.187837954,15.89829277
12342,0.41,152585.0,1656.08,0.822246987,12.35259592
12343,1.4,362695.0,832.96,1.035613569,15.51202711
12344,1.0,362427.0,952.89,2.650836618,16.4244332
12345,0.73,375554.0,1822.92,1.887654311,16.01504618
12346,1.63,358941.0,1213.45,4.707739788,14.07923115
12347,1.19,168532.0,2316.13,1.33827529,16.00300485
12348,1.34,354568.0,1631.32,1.13609462,16.49253249
12349,1.81,127501.0,1752.12,-0.326393035,15.67734544
12350,2.26,114947.0,1911.22,1.278634456,15.42534235
12351,0.62,353872.0,1254.8,1.360443904,12.73683323
12352,2.48,347343.0,1388.79,1.799379049,16.57525262
12353,1.25,161781.0,2735.67,1.772437421,16.74142853
12354,1.61,374663.0,1054.66,0.837219872,15.90302008
12355,1.51,268986.0,887.87,4.346894227,16.62662002
12356,0.75,396861.0,2353.12,1.737958466,14.10392442
12357,0.8,376444.0,2430.34,1.345239895,15.62975209
12358,1.74,142960.0,1417.32,2.729130469,15.73545005
12359,0.07,359445.0,2270.41,3.318347053,15.20760732
12360,1.64,345731.0,1838.98,0.562844441,13.12423696
12361,1.56,265530.0,1089.27,3.595493967,16.38633192
12362,1.92,356908.0,1689.86,3.771235571,13.96208991
12363,1.81,264541.0,1122.23,1.782926889,12.70845559
12364,2.11,391030.0,962.96,4.610982732,15.55483744
12365,1.68,377710.0,730.86,3.469156327,15.6218521
12366,0.76,254411.0,2266.0,1.886321394,16.56831912
12367,1.13,361208.0,2147.12,1.726592391,13.79162291
12368,1.11,386725.0,736.17,2.700813475,13.55249897
12369,1.63,395846.0,1751.21,2.11153312,17.02718332
12370,2.21,122300.0,1433.46,2.973229772,15.00103036
12371,2.59,380034.0,853.93,1.190315035,14.621838
12372,1.12,262307.0,1814.85,1.213492498,15.82734646
12373,1.64,394514.0,1394.31,3.56447122,12.19523711
12374,1.64,372118.0,2017.44,2.086258526,14.52637975
12375,0.34,365654.0,2372.8,3.074498585,13.74410754
12376,1.34,253908.0,2699.2,1.264384964,13.73113006
12377,1.22,152089.0,2254.63,2.796183693,16.24215426
12378,1.93,146685.0,2401.68,2.328444359,16.46511745
12379,3.02,373791.0,1781.35,1.544131236,15.65437088
12380,1.29,137669.0,2038.85,3.657287963,16.19711746
12381,0.6,358424.0,1904.41,2.5940988,13.77691708
12382,2.25,252749.0,1161.78,1.87040027,15.73702182
12383,2.07,124856.0,1711.55,1.718128841,15.18455259
12384,0.31,373463.0,871.96,2.083861298,16.51903134
12385,2.11,262929.0,2598.87,1.850880757,16.90090462
12386,1.44,357092.0,2744.67,1.161159653,17.10489379
12387,3.05,252262.0,676.69,2.930264535,15.77797106
12388,0.81,141160.0,840.71,1.793108328,15.50325074
12389,2.15,114947.0,711.98,2.896240472,15.25981243
12390,2.5,257632.0,2201.53,3.188544374,17.73027397
12391,2.4,386973.0,2576.4,1.872519888,14.09143212
12392,0.89,353683.0,1841.67,2.002197693,16.33397666
12393,0.99,236952.0,2098.21,3.796157909,13.73024398
12394,1.87,278456.0,1902.81,1.695470847,13.77935451
12395,1.23,355862.0,1805.57,1.472825211,12.47323605
12396,1.95,369456.0,669.41,1.690982876,13.33058498
12397,2.79,114947.0,744.84,1.454047508,15.31213872
12398,0.0,386551.0,846.46,-0.326393035,11.64863347
12399,1.61,272345.0,1864.5,2.559255586,14.5922611
12400,1.72,131815.0,1253.54,1.260291374,15.67029235
12401,1.56,165028.0,2194.83,3.600943291,15.39177112
12402,1.28,364085.0,1710.37,4.223890832,15.85241948
12403,1.76,346112.0,1836.8,1.380917375,16.27698108
12404,2.19,353946.0,1770.32,-0.326393035,15.18359196
12405,0.85,249135.0,1422.72,2.712117502,14.95955583
12406,0.08,386326.0,2457.58,2.007540285,17.07382959
12407,0.9,354566.0,1669.65,1.994384508,17.55254516
12408,1.72,247689.0,2233.57,1.529823076,15.47440091
12409,5.7,262624.0,661.02,1.393002898,15.65264767
12410,2.09,125362.0,1311.28,1.25079997,15.97192156
12411,2.59,377388.0,949.54,1.649407903,16.71990367
12412,3.59,252270.0,1960.89,3.089831831,16.57453072
12413,1.24,252458.0,2344.13,2.832731398,15.02777216
12414,1.18,263968.0,2485.32,2.04789174,16.55851353
12415,1.58,256629.0,2030.41,1.467730272,17.06633557
12416,1.78,155062.0,1207.84,3.522067812,13.3638089
12417,1.89,372670.0,1091.87,2.092609494,17.53610153
12418,1.11,147437.0,988.42,1.500110299,15.48268952
12419,1.31,275165.0,2096.72,1.52999716,15.86537452
12420,1.98,247529.0,801.08,4.325927583,16.43323666
12421,1.19,341157.0,2063.6,2.686863112,14.57391736
12422,0.8,156421.0,632.23,3.20940154,15.30075423
12423,2.03,138691.0,1857.02,3.969258651,15.51026234
12424,2.07,152235.0,1898.97,4.378499944,13.61916227
12425,1.3,401119.0,2297.24,2.119239866,15.91853921
12426,0.33,267771.0,1020.04,3.481107592,16.40632403
12427,1.93,248212.0,1687.75,3.058537234,16.1924181
12428,1.52,356501.0,2100.67,3.018183161,13.63259302
12429,1.32,119415.0,1706.6,3.515167244,16.88841725
12430,1.48,351794.0,1681.47,1.382586476,16.09344679
12431,2.02,369612.0,586.86,1.99559552,15.7860821
12432,1.15,153230.0,962.47,3.23694843,14.21442142
12433,0.99,249351.0,1931.88,4.836777073,17.73027397
12434,1.5,254809.0,1011.21,4.32149027,16.08957529
12435,1.04,368600.0,673.03,2.696406188,15.29979132
12436,1.1,152242.0,1941.76,1.375760882,14.4984551
12437,0.96,154705.0,1632.94,2.113454186,13.53813957
12438,0.44,392934.0,1859.72,1.708539474,15.41810392
12439,2.54,367156.0,836.85,2.205412389,15.58847681
12440,1.28,374199.0,1909.82,0.841508932,15.38849065
12441,2.36,252544.0,902.21,4.01353669,13.73444548
12442,0.47,368019.0,1503.72,1.772198611,14.46197755
12443,1.77,157253.0,2437.09,0.099967156,16.44926568
12444,1.69,351393.0,2488.21,1.574371445,16.04639218
12445,1.36,359207.0,1759.27,3.003221319,14.31497949
12446,2.28,347172.0,1871.86,1.494919845,15.64056638
12447,0.7,365980.0,859.6,1.93062914,15.5847617
12448,1.1,245457.0,809.08,1.965037102,14.72362958
12449,1.85,380309.0,1915.02,1.113381595,16.17123685
12450,1.54,383042.0,2295.67,1.862382358,16.06233523
12451,2.03,373991.0,817.77,2.494057694,16.86867996
12452,2.17,363103.0,1137.95,2.724108551,17.09909518
12453,1.79,277317.0,1412.5,1.63109434,15.4616562
12454,1.4,252206.0,1673.94,4.337688604,17.73027397
12455,2.48,395116.0,1906.34,3.057498487,17.01818059
12456,5.67,353732.0,758.94,3.51675888,13.26848524
12457,1.59,146133.0,2067.81,4.139312184,15.79255989
12458,0.74,365136.0,815.57,1.990260416,16.23827039
12459,1.1,360169.0,1349.37,1.930033063,13.94678393
12460,1.21,252502.0,1765.68,1.630224417,14.76345754
12461,1.34,155400.0,1228.78,1.08444074,15.34514403
12462,2.01,367568.0,1890.55,1.161733509,17.73027397
12463,1.41,250887.0,1245.26,1.31674558,15.71596476
12464,1.35,254926.0,2350.68,1.385169064,15.86202781
12465,0.22,386078.0,2003.32,1.840135345,14.67439074
12466,1.37,280838.0,1476.7,1.205795502,16.02588508
12467,2.2,352348.0,831.07,3.423762312,12.97679925
12468,0.93,355145.0,1228.56,1.566369567,12.8821334
12469,0.59,151153.0,1172.55,1.245005208,15.03335954
12470,1.83,168198.0,2399.93,2.372280992,15.70501434
12471,2.39,160120.0,2443.52,0.716492713,16.66675655
12472,2.01,158229.0,854.38,1.83174563,17.73027397
12473,1.16,130027.0,1783.34,0.859356498,11.2583727
12474,1.95,375702.0,2926.8,3.767739732,14.41951344
12475,0.78,252187.0,1850.8,1.973695024,14.71525593
12476,1.24,385328.0,892.53,2.159532633,14.82686354
12477,1.37,364227.0,751.64,2.355254393,14.43592763
12478,2.06,350403.0,820.75,2.220210202,15.24641242
12479,2.26,386861.0,1274.68,0.805581437,15.92598755
12480,1.87,134715.0,1570.51,2.911561452,15.08934361
12481,1.88,362247.0,1137.49,2.324731334,17.53347681
12482,0.48,148700.0,2251.54,1.614417483,15.32317935
12483,1.18,243923.0,1966.86,0.87029794,13.09476608
12484,2.04,142811.0,1882.72,0.442618875,13.61380685
12485,2.28,365481.0,876.7,1.425018988,16.44475531
12486,1.09,151223.0,1087.34,0.684569063,13.29451213
12487,0.73,142718.0,1420.03,1.225086489,16.10196845
12488,0.45,361557.0,1348.91,1.724614762,14.74176736
12489,1.69,129326.0,1508.59,2.792326908,15.89628296
12490,2.55,391945.0,1981.53,1.521856504,16.66633579
12491,0.73,381402.0,1436.11,1.961061716,16.05897306
12492,1.76,353530.0,2228.36,2.938574098,17.14315384
12493,1.5,119499.0,1200.47,2.23189665,15.15158011
12494,2.3,141731.0,1911.54,1.596972602,15.93475103
12495,1.98,367889.0,2378.81,1.600326584,16.06961046
12496,1.44,336978.0,1898.51,2.951872901,16.53286624
12497,2.18,266448.0,2085.59,0.189069393,15.59137705
12498,0.98,369325.0,2151.4,0.659192658,11.58575743
12499,0.0,144479.0,1913.88,3.565496779,15.57559247
12500,1.44,153771.0,1930.26,3.819400776,15.40635092
12501,2.07,237215.0,708.99,0.634456105,11.31620561
12502,1.62,157247.0,1007.42,4.213789258,15.65921515
12503,1.94,357825.0,1468.46,2.2474315,15.36252236
12504,1.03,243268.0,1685.78,1.14725758,14.2775875
12505,1.28,266034.0,885.22,2.750095365,15.50283433
12506,2.91,361742.0,930.89,0.098965464,13.64752149
12507,1.05,160235.0,1897.23,3.232634198,15.47588293
12508,2.37,150339.0,1925.75,1.794237796,14.23859792
12509,1.28,164479.0,1907.32,3.17709809,16.11898236
12510,2.04,134687.0,2558.47,3.623178229,13.47656672
12511,1.93,260966.0,919.81,1.567981736,13.21712193
12512,0.72,276683.0,1822.09,2.156976415,16.51563167
12513,2.24,235592.0,1609.81,1.378634943,13.53142148
12514,1.01,333502.0,1272.33,-0.239098916,13.97853426
12515,0.31,269272.0,1787.76,0.039585544,13.34095409
12516,1.45,139194.0,1930.72,2.212179396,17.42559346
12517,1.38,370644.0,813.92,1.563042202,15.69867051
12518,1.13,352096.0,1759.17,1.504541142,15.86783456
12519,0.92,262370.0,1990.27,1.123457105,15.75338027
12520,5.92,269564.0,749.61,1.41630792,14.53379236
12521,1.49,254860.0,2345.6,2.011126281,16.37222251
12522,1.37,131582.0,838.89,3.158181504,13.31678015
12523,1.55,388055.0,2091.9,1.588118094,15.14757603
12524,2.19,270852.0,1984.6,2.957228636,17.68192747
12525,1.67,145966.0,1888.64,1.159241645,15.42445455
12526,1.45,375948.0,1865.5,1.12557679,15.89968663
12527,2.08,273159.0,3047.82,1.339522985,16.80950184
12528,2.04,148024.0,1691.53,0.848437981,15.97266484
12529,1.38,391721.0,2006.06,4.326586702,15.59277674
12530,0.66,138919.0,2503.11,4.150805102,14.78449863
12531,1.41,382565.0,1919.48,4.212377463,15.35626163
12532,1.46,264852.0,895.54,3.139396053,16.41942107
12533,0.8,141905.0,2949.5,1.510096331,16.57518857
12534,2.48,365894.0,956.71,1.94498912,15.04635489
12535,2.28,355146.0,1345.16,2.835628673,17.05877513
12536,2.07,394360.0,1837.66,2.881780603,13.86805236
12537,0.28,141713.0,1286.2,4.785711357,13.24351727
12538,0.69,367343.0,1118.42,1.412701756,15.24875989
12539,1.68,139794.0,1882.38,1.491945444,15.86704279
12540,1.34,127230.0,1686.41,4.623932363,14.82563632
12541,0.49,391031.0,2708.88,1.045410347,15.25495911
12542,1.39,265082.0,1574.72,2.261075048,12.11000952
12543,0.91,251454.0,1770.84,3.848057065,15.96376416
12544,1.05,144652.0,1800.93,2.489438277,13.81415881
12545,1.25,375897.0,1884.46,3.412595834,15.76865941
12546,2.08,263529.0,2526.21,0.977163993,15.18803083
12547,1.99,385671.0,1849.69,1.074499308,15.55414246
12548,1.4,357265.0,2550.81,1.569023902,15.69674579
12549,0.77,118712.0,1904.79,1.201363469,15.76638156
12550,0.87,353643.0,1502.33,1.515978812,15.72876645
12551,1.09,116827.0,697.72,-0.005246256,16.54475545
12552,1.38,371636.0,2160.07,1.420646545,15.44254291
12553,1.27,387184.0,2584.27,1.831535395,12.79381457
12554,1.91,140048.0,1369.51,1.506162888,15.5194293
12555,2.32,359922.0,1751.2,-0.219267457,13.19722143
12556,2.13,249160.0,674.72,1.774586102,14.13450006
12557,1.26,351917.0,1676.14,1.626230238,16.17960159
12558,1.94,127309.0,1858.83,1.696538895,13.83278391
12559,2.15,385830.0,2000.33,0.982202897,16.07380696
12560,1.56,349769.0,1550.44,1.565264751,13.14142398
12561,0.52,362842.0,1039.28,0.768968145,15.86929128
12562,0.49,154103.0,2020.0,4.403009948,12.48873771
12563,2.08,147110.0,1749.78,2.389767183,15.62058273
12564,0.55,252673.0,628.51,0.734798494,15.75911261
12565,1.9,138387.0,1737.15,1.599561421,12.59690202
12566,0.0,351091.0,2292.36,1.556736303,15.34540303
12567,1.68,359874.0,2294.18,3.126216147,15.12456602
12568,0.61,166484.0,907.38,-0.326393035,17.23845114
12569,2.01,245320.0,1817.78,4.001456362,15.21545243
12570,2.07,258227.0,586.86,1.914964155,15.17828537
12571,2.13,152647.0,1857.57,0.438585273,16.82102318
12572,1.37,368648.0,2305.62,1.814711369,15.50141162
12573,1.04,361013.0,1051.8,1.544645835,15.62742582
12574,1.34,138536.0,1853.73,4.109171089,15.81337835
12575,1.69,361741.0,1737.7,0.714318366,14.62171197
12576,1.24,125695.0,1678.81,1.121284976,12.39291073
12577,0.81,152643.0,586.86,1.644712334,14.91578988
12578,2.11,246384.0,1187.77,4.275272497,15.69864452
12579,2.17,114947.0,1784.93,3.87878634,15.46321647
12580,1.04,257378.0,2633.2,1.999253612,15.75238857
12581,1.64,394982.0,2231.12,0.975050711,15.51969663
12582,1.13,145914.0,849.81,4.018187975,16.04286739
12583,1.82,400356.0,2284.36,2.413775163,15.58648645
12584,2.89,391750.0,2051.92,1.804031415,15.6299807
12585,0.87,366750.0,2053.8,2.203027538,15.15047821
12586,1.24,150443.0,683.16,2.600379411,15.77512538
12587,2.19,340285.0,2319.5,2.870003882,14.69748355
12588,2.53,137762.0,1857.76,2.137964174,14.81581562
12589,1.07,257914.0,705.35,3.259860465,15.14440574
12590,1.89,377502.0,2261.26,1.971967664,15.96424744
12591,1.91,367552.0,1047.26,3.053332236,16.462022
12592,0.63,164664.0,1748.17,1.019268103,13.96194492
12593,1.74,262993.0,1835.18,1.628607037,16.46440191
12594,2.29,145884.0,1719.18,4.801981941,15.84329662
12595,1.13,370034.0,2542.87,2.066175569,12.78471026
12596,0.28,382161.0,1924.48,3.539234986,16.53235896
12597,1.42,130256.0,2562.85,2.951009417,14.92527277
12598,0.97,387855.0,1560.82,1.944293095,16.18196459
12599,1.23,269024.0,2057.65,2.174409229,16.33389692
12600,1.85,360822.0,727.15,0.895163993,11.9336586
12601,1.94,134568.0,2352.78,1.010573114,14.32351666
12602,0.63,261274.0,984.51,1.02630283,15.36034104
12603,1.62,148618.0,1607.02,1.62673069,14.64571658
12604,1.33,370832.0,1961.22,1.205191146,15.06465691
12605,2.08,354348.0,1699.88,1.377788749,15.43334144
12606,1.59,271518.0,1774.56,1.194016331,15.79247721
12607,2.15,397208.0,851.18,1.370004691,15.05960545
12608,2.05,248440.0,2171.86,1.491704166,16.09102183
12609,1.29,389322.0,1609.16,2.930944206,16.00124799
12610,2.74,395485.0,2317.25,2.34882409,15.25382821
12611,0.77,385339.0,1860.81,3.334658638,13.65930783
12612,1.22,231756.0,1983.81,2.433377245,15.87075989
12613,1.35,147841.0,1809.65,2.002383469,16.3882298
12614,1.18,271635.0,1884.18,1.370680107,15.23612067
12615,1.38,141101.0,1852.8,0.119847926,15.86539233
12616,1.26,268263.0,738.08,0.873315566,16.41008748
12617,2.01,164280.0,586.86,1.150747019,16.20579368
12618,1.48,354643.0,2142.88,2.106065756,17.24051617
12619,1.89,373962.0,1851.47,1.790995329,14.40593339
12620,1.51,376526.0,1780.54,1.459584103,13.38560813
12621,1.17,139810.0,759.38,1.878160108,14.11506636
12622,2.22,265677.0,2334.32,2.116243806,15.29923151
12623,2.1,251590.0,1996.44,2.784622908,15.35672103
12624,0.62,378188.0,1868.78,1.23190008,15.29612698
12625,2.17,388230.0,774.54,1.638436403,13.50346307
12626,2.74,360537.0,749.57,2.389529125,15.56597774
12627,1.68,142735.0,1470.49,1.820057106,15.97117053
12628,1.06,353714.0,1355.96,1.968183704,15.27426591
12629,0.32,149358.0,863.14,2.241352341,15.9128833
12630,1.04,165154.0,1617.57,3.141766137,16.10941686
12631,2.4,367712.0,2411.59,2.0435308,13.67205463
12632,1.75,140096.0,1755.47,2.92507038,14.53368745
12633,2.5,349943.0,1809.18,0.786572911,14.65668136
12634,0.0,353414.0,1260.32,0.147382826,14.16000386
12635,0.65,390746.0,2182.92,4.699863827,17.68840757
12636,1.04,366139.0,1836.43,1.691740614,14.33650792
12637,1.17,378675.0,1858.27,2.047174189,14.2839134
12638,1.59,386301.0,830.7,2.368845451,16.2731633
12639,0.77,360576.0,1207.95,4.540165393,16.1699071
12640,1.15,374390.0,1385.01,1.585606142,15.58585519
12641,2.14,242121.0,1686.8,2.179993194,16.52443271
12642,0.39,364076.0,1906.43,1.608748773,15.79047209
12643,1.5,365558.0,1552.19,4.564505992,16.57641672
12644,0.56,262688.0,1363.55,2.753451739,15.8980044
12645,0.7,258470.0,2527.79,1.042285531,13.99381367
12646,1.61,144473.0,1079.19,0.076991164,16.15025597
12647,2.13,364057.0,1944.19,1.921215865,13.64990854
12648,1.46,384723.0,1952.54,1.044588538,16.90956783
12649,1.57,383003.0,2267.92,3.601095899,16.04468028
12650,1.46,265421.0,1956.99,1.684138475,15.69775718
12651,0.99,240560.0,738.15,1.482294532,13.20988409
12652,2.31,125087.0,586.86,0.900935972,15.26079119
12653,2.04,256881.0,714.94,3.906661671,15.42449975
12654,2.99,129178.0,1356.36,2.191220551,15.85178053
12655,1.4,138775.0,1842.87,1.911959294,15.12433057
12656,1.66,387947.0,922.62,4.665879013,15.30892033
12657,1.32,241870.0,1869.11,0.904333034,15.21612609
12658,1.05,366197.0,1333.14,2.24709598,16.34789007
12659,1.98,121325.0,2115.61,1.139228754,14.6259905
12660,2.14,375989.0,2334.55,3.446890943,15.95684253
12661,1.7,247355.0,1753.83,0.763398408,14.63905511
12662,1.47,345586.0,1836.77,2.221269165,13.05203268
12663,2.24,165012.0,2335.17,2.647407445,14.83470661
12664,1.67,362810.0,964.42,1.73249284,16.50059258
12665,2.6,354050.0,2682.87,0.739743363,13.49230863
12666,3.3,146898.0,882.46,3.606909926,14.43529159
12667,1.71,368083.0,1714.54,4.852608156,14.07170419
12668,1.01,370636.0,1841.91,3.358214405,13.59751682
12669,1.93,134585.0,1739.37,2.461086306,16.05773704
12670,1.03,362887.0,1291.76,-0.326393035,14.49845409
12671,1.13,249097.0,2114.48,1.98788181,13.04518868
12672,1.85,232958.0,1076.44,1.644673388,13.63576754
12673,0.98,368131.0,1103.45,3.314742207,15.22101158
12674,1.61,171853.0,2064.01,1.916328548,14.89338478
12675,1.73,351121.0,2202.52,1.802218797,14.97305712
12676,1.02,387450.0,1593.09,1.439041683,15.43016137
12677,1.32,349164.0,1795.13,2.933332454,11.75665023
12678,2.79,351197.0,1322.58,0.981529285,13.50777841
12679,1.17,159897.0,2079.38,2.333343355,15.94596148
12680,1.45,150190.0,2088.77,1.562886294,16.03100104
12681,1.05,362531.0,2261.27,1.349369393,11.64467842
12682,0.88,165070.0,2378.81,2.17651835,12.49008795
12683,1.73,123520.0,2493.55,3.037056609,15.8373478
12684,1.98,364257.0,1883.95,1.95348633,13.96599105
12685,1.45,243564.0,1621.99,0.123165596,16.52554307
12686,1.43,150861.0,955.25,2.783780309,15.55452063
12687,1.7,150013.0,868.41,3.297146385,14.58738429
12688,0.65,128423.0,1168.55,3.136724485,17.5384661
12689,1.12,231823.0,1947.52,1.561259227,15.53136878
12690,2.03,143568.0,1384.86,1.090511264,14.6519567
12691,1.19,142373.0,2361.77,2.461847305,13.85789536
12692,0.29,365662.0,1321.58,1.770802654,16.71238815
12693,1.46,369171.0,1717.45,3.492958196,16.42958861
12694,1.76,132782.0,2317.87,2.536742282,13.27678237
12695,0.56,371536.0,2447.9,1.96855676,14.7216529
12696,0.97,122698.0,1029.55,2.084113292,13.94072242
12697,2.47,287637.0,1229.61,4.30154184,16.56416896
12698,1.91,386834.0,1954.91,2.91315251,13.65080071
12699,2.08,164904.0,1645.08,1.982424395,15.08391363
12700,1.29,377496.0,1915.42,0.668015983,15.68061371
12701,1.99,399690.0,2116.83,1.987773548,15.64502129
12702,1.8,393997.0,1223.67,2.625381868,15.9835788
12703,1.93,280505.0,2351.5,3.771563259,12.95391524
12704,0.66,134701.0,1788.17,1.27319846,13.62989783
12705,0.98,152444.0,1844.68,3.297596322,16.59462622
12706,1.94,130685.0,806.09,1.917447354,15.53167619
12707,0.73,375076.0,729.25,1.229291408,16.25269367
12708,2.53,152481.0,1731.88,1.313658424,15.4962
12709,1.34,346798.0,2221.77,1.328779616,16.31332173
12710,2.16,169645.0,934.78,1.836308393,15.57762834
12711,1.73,143672.0,1597.37,3.032388367,15.37843973
12712,0.0,364614.0,1718.9,0.554241248,11.91718036
12713,1.19,268092.0,1208.11,4.47215453,13.451842
12714,1.86,363354.0,2620.04,1.845125146,15.88764504
12715,1.57,173713.0,2182.12,2.024424826,14.61643731
12716,1.03,239232.0,720.16,0.822864624,15.5237314
12717,1.8,391814.0,1699.22,3.356024225,15.71374574
12718,2.34,121298.0,1200.69,1.787658784,16.09376291
12719,2.38,263290.0,2460.54,1.150872276,15.00837575
12720,1.39,250658.0,2210.41,1.573351856,15.18082031
12721,3.35,259989.0,1838.54,1.352406234,13.08422522
12722,1.0,381381.0,920.68,1.300855845,14.91249915
12723,2.55,342663.0,1726.09,0.911705211,14.05757671
12724,2.2,380638.0,1952.15,2.496442551,14.93821949
12725,2.08,157123.0,2149.21,3.066349474,13.20365396
12726,1.79,172566.0,1878.68,4.007391744,16.55404518
12727,1.3,372996.0,2242.83,1.773424897,14.77970063
12728,1.92,144007.0,1459.29,0.24304235,15.55104671
12729,0.82,252791.0,1018.99,1.377823929,15.06453604
12730,2.93,390341.0,2141.91,1.629269975,11.42827351
12731,1.94,398329.0,2491.1,3.697731999,15.30401035
12732,1.4,379569.0,1843.96,1.074836627,15.33694433
12733,1.28,241243.0,1720.35,4.405566981,14.31691598
12734,1.68,167171.0,1881.78,1.840474086,13.72131662
12735,1.66,349345.0,1772.41,2.389920541,16.53375488
12736,0.53,375098.0,1830.71,1.570845448,13.38713642
12737,1.19,392507.0,1429.12,3.623057502,17.31325457
12738,3.42,114947.0,939.02,1.491234487,15.27215294
12739,1.63,153294.0,1861.05,2.236568592,16.41226463
12740,1.3,146883.0,1633.27,1.942645684,15.1350716
12741,2.13,358124.0,2601.38,1.487483651,14.99075857
12742,2.55,127381.0,2063.34,0.394604503,16.40618819
12743,2.19,376010.0,952.54,3.571523599,15.59322196
12744,0.72,262269.0,1564.74,2.841103702,15.7770413
12745,1.6,144253.0,1885.23,1.689125082,15.45939891
12746,1.48,164729.0,1255.49,3.594423887,13.88508955
12747,1.43,384133.0,1510.65,2.85476691,15.95732065
12748,2.61,360031.0,1592.72,1.351503067,15.76906606
12749,0.14,152551.0,2106.2,2.749455715,15.31892244
12750,0.97,353596.0,921.53,4.124540195,14.22371575
12751,0.56,376157.0,1327.57,2.143188284,16.00439804
12752,0.48,374409.0,1347.22,2.729837795,16.89736135
12753,2.22,340263.0,779.69,1.110021797,16.12274069
12754,2.45,394759.0,1909.2,3.14968093,16.01015427
12755,1.28,381158.0,1775.4,4.605288918,16.52229624
12756,1.54,244972.0,2318.2,0.778779778,13.88290564
12757,1.0,145793.0,1862.18,1.768529075,16.70560749
12758,1.25,264038.0,1824.42,0.991105523,15.34765211
12759,2.42,373264.0,1055.98,2.655993515,15.60150921
12760,0.91,363743.0,2492.79,1.333385044,16.47691045
12761,1.18,372829.0,586.86,4.267367247,15.5540833
12762,1.53,360822.0,1992.28,3.719749043,15.29259037
12763,1.24,257225.0,1672.88,0.724999799,14.63387294
12764,1.28,251273.0,2982.68,1.210411465,14.03682906
12765,1.59,162712.0,1939.46,-0.035112246,16.11153461
12766,0.45,372088.0,1669.01,2.135639097,15.16874142
12767,1.38,372693.0,1723.32,1.220119827,15.50854857
12768,0.92,370050.0,770.8,1.372808174,15.24553356
12769,1.26,354645.0,1772.9,0.962931905,14.08533757
12770,0.46,362871.0,1901.61,2.916164309,16.1775636
12771,1.02,368817.0,1905.66,2.133216681,12.11722783
12772,1.45,151894.0,886.66,2.868368719,15.48090849
12773,0.96,123772.0,1829.16,1.520504522,13.63645553
12774,2.62,378157.0,608.45,1.681264589,15.47599588
12775,2.8,257219.0,1869.46,0.790840559,15.550629
12776,0.38,382001.0,1860.9,2.150796946,14.68302622
12777,2.17,162342.0,922.97,2.284413672,11.74321157
12778,0.44,363087.0,3047.82,0.541471626,16.31664878
12779,1.59,355115.0,1875.03,1.241688004,15.7635957
12780,1.43,174775.0,700.86,4.027747708,13.7271778
12781,1.21,256659.0,1731.17,3.338222444,13.89395538
12782,1.47,373741.0,1149.33,1.865765012,16.32397056
12783,1.62,392229.0,2036.25,2.675292844,15.99389697
12784,1.77,372755.0,1904.26,4.20541491,15.43650703
12785,1.86,373720.0,586.86,0.832984999,11.61974458
12786,1.72,395608.0,1187.55,0.994101442,13.12446797
12787,2.04,375346.0,2468.03,1.092821846,15.94908535
12788,0.85,360918.0,980.44,2.318883927,15.08401323
12789,0.8,152704.0,2545.26,2.26981758,15.64713103
12790,5.99,372321.0,859.6,1.523133087,15.74695659
12791,1.25,341498.0,2128.28,3.413472823,14.64652702
12792,1.39,247707.0,2226.12,1.474795188,14.41824229
12793,1.4,155875.0,2818.18,1.056836843,14.88643442
12794,0.28,383350.0,979.81,3.615184007,14.61944567
12795,1.61,367896.0,2566.5,3.251032619,12.07724355
12796,0.09,355356.0,1446.15,2.999142048,14.0468004
12797,1.74,372788.0,1615.85,1.382301094,14.06350086
12798,1.97,159764.0,2272.85,4.401216599,13.61130101
12799,2.48,273766.0,2266.78,1.316022376,15.59938496
12800,0.51,264976.0,1568.27,2.048540038,15.63466072
12801,1.32,155176.0,842.45,1.810221137,15.65627456
12802,2.07,250361.0,2240.01,3.305971282,15.6436473
12803,1.42,377255.0,1902.24,1.303557306,14.09630129
12804,2.58,255866.0,1816.57,3.7431149,14.31824034
12805,2.55,270853.0,2157.35,1.192843566,13.59746612
12806,2.13,135005.0,1715.07,1.579493803,13.50880722
12807,0.47,144573.0,1685.64,3.488569105,16.0188035
12808,4.14,350295.0,1189.7,-0.229786753,15.54069376
12809,3.44,359753.0,2246.95,3.92672904,13.25561253
12810,1.45,262192.0,1792.82,1.390835945,15.38171419
12811,2.16,401119.0,1904.42,2.038808745,17.71357116
12812,1.35,349389.0,1282.11,1.345197909,12.69222172
12813,1.06,124191.0,1911.63,2.684794205,16.16950149
12814,2.36,122957.0,2282.92,1.936902055,13.64270162
12815,2.55,126576.0,1692.23,1.474218879,15.97286973
12816,0.92,391967.0,1565.06,2.264161389,15.27122607
12817,1.85,148357.0,1637.72,3.036466424,13.1344622
12818,1.91,382562.0,1074.29,1.498350801,16.3492979
12819,1.64,386695.0,1786.57,1.640777003,15.64638788
12820,1.05,360863.0,1160.64,2.92266887,15.6379506
12821,1.99,365724.0,1363.49,3.239709154,15.18967876
12822,1.05,143442.0,1504.52,1.64279036,16.24610492
12823,0.46,131250.0,1853.52,2.125286689,15.62878482
12824,1.55,268697.0,2005.76,1.771417929,15.75441717
12825,1.04,366545.0,2485.74,1.465490742,15.6993604
12826,0.95,129277.0,1895.91,4.914058298,15.44950085
12827,2.21,265632.0,1860.37,1.913818487,16.79381006
12828,0.61,241521.0,1903.63,2.869213398,16.78385942
12829,1.3,373250.0,2308.58,2.494836817,15.2158158
12830,0.4,136642.0,2353.49,1.011984,17.5106463
12831,0.38,363953.0,1968.12,0.23419983,13.78079
12832,1.75,373471.0,1863.32,4.495994131,13.06127161
12833,1.89,134757.0,2164.37,0.130580548,14.95174654
12834,2.94,263676.0,962.84,4.270873697,16.06578048
12835,1.1,366333.0,1698.81,1.325062635,15.51814789
12836,1.79,151860.0,1883.03,2.914953109,16.2488111
12837,1.98,243841.0,2006.87,3.678820358,15.12526173
12838,1.2,373336.0,1847.9,4.230210105,15.83930153
12839,1.87,356807.0,1948.44,2.078853742,15.08822958
12840,2.48,357392.0,1884.08,2.984172968,13.54872324
12841,1.64,246847.0,867.2,1.901069633,14.36512963
12842,1.46,376736.0,2418.28,3.767391038,14.2899641
12843,0.87,264505.0,1907.64,2.396161305,12.77931488
12844,1.34,255964.0,973.47,1.68321189,15.24480322
12845,4.99,364696.0,1509.72,1.956275004,17.48774193
12846,2.03,122541.0,1860.51,1.982691412,15.20565343
12847,2.49,125095.0,2247.52,0.222619236,13.52904496
12848,2.24,361292.0,1391.9,1.205731991,17.3568124
12849,2.21,143017.0,1210.97,1.46998106,14.49990806
12850,1.69,353303.0,1289.85,2.056828752,14.61248355
12851,1.08,140657.0,1802.79,2.496694218,15.26401864
12852,0.7,350978.0,1708.45,1.526487127,15.51132236
12853,1.92,283850.0,701.58,-0.195986175,15.99417237
12854,0.44,141407.0,1737.32,2.809941658,16.90791814
12855,1.23,147557.0,2059.12,2.6113628,16.66007168
12856,1.64,394892.0,2296.22,2.416030334,16.40842162
12857,1.69,239478.0,698.04,2.166500554,14.1230833
12858,1.13,385493.0,2631.08,2.414494879,15.79599745
12859,0.37,151664.0,1979.11,1.832300377,15.63750228
12860,0.0,137138.0,1816.28,1.34528565,13.8230599
12861,1.11,348645.0,1884.81,1.554531899,15.47528127
12862,2.37,232081.0,1299.94,1.521552365,15.1354591
12863,4.99,381366.0,827.53,1.697326592,13.08600555
12864,1.11,117581.0,786.63,2.122398617,13.83989584
12865,1.23,267706.0,2203.56,0.661114654,15.5187585
12866,1.34,369425.0,1462.02,0.591191714,14.71410297
12867,1.63,382217.0,1357.49,-0.135328397,15.3421868
12868,1.68,245312.0,1652.63,3.149522803,15.06395427
12869,0.62,401119.0,2561.96,1.629710145,16.09842863
12870,1.59,141918.0,2640.31,2.178170548,13.45935073
12871,0.72,362373.0,652.97,1.492130331,15.11612977
12872,1.65,373880.0,1861.06,2.262159925,15.3008475
12873,1.45,391894.0,1534.89,1.741310471,15.9122489
12874,0.79,271674.0,3047.82,1.535118987,16.00561299
12875,2.41,119353.0,1930.83,2.646392885,15.47948359
12876,1.48,138701.0,1135.74,1.063079686,15.51151058
12877,0.86,342742.0,2131.58,1.734799838,14.26989063
12878,1.72,381143.0,2217.59,2.070496522,15.19402482
12879,1.1,376356.0,1307.15,0.12873095,16.42541581
12880,1.67,162854.0,1839.55,1.482984952,14.90526974
12881,2.01,166112.0,1983.51,1.871617081,14.97341605
12882,1.38,353825.0,1807.48,-0.001608184,11.77035156
12883,1.05,359553.0,918.05,2.496187262,11.89246307
12884,1.7,373036.0,811.65,1.790738812,12.98795853
12885,0.9,365696.0,2590.2,1.795671303,13.45049111
12886,0.15,397337.0,1909.68,2.718997576,15.42350889
12887,2.43,363596.0,2297.1,2.279094018,16.65250477
12888,0.33,363453.0,1390.31,0.858090525,15.79458006
12889,0.97,367178.0,1700.67,1.380662258,17.54670252
12890,1.11,401119.0,1939.28,4.830454432,13.04475773
12891,2.1,364865.0,2372.6,3.784955799,15.25548531
12892,2.17,357857.0,798.47,3.314158742,14.01001272
12893,2.21,367515.0,2569.36,2.396017786,15.608857
12894,0.0,169346.0,2338.86,4.58005868,14.2031299
12895,1.58,378236.0,2538.28,1.700309338,13.45868848
12896,1.44,364390.0,1656.19,1.178132513,15.28193908
12897,1.6,385288.0,1846.52,4.096309016,15.55388984
12898,1.09,284802.0,1847.79,2.592933825,12.75793643
12899,1.55,131744.0,1438.5,1.342470454,15.95679894
12900,2.08,378941.0,926.11,1.504719296,15.6541017
12901,2.59,366276.0,1201.67,0.988002444,15.4478533
12902,1.31,121371.0,1336.77,1.982323444,13.29533433
12903,1.06,265343.0,1469.73,2.437692721,14.39606929
12904,1.4,152487.0,2347.17,1.73801183,14.95272444
12905,2.38,162950.0,741.77,1.603245253,16.81542202
12906,2.87,363051.0,1445.71,1.464515573,14.87446883
12907,2.32,254282.0,965.12,1.855416739,15.74615765
12908,1.82,369196.0,2311.93,2.006801531,15.02947965
12909,1.26,288185.0,1032.12,1.905318717,15.8081893
12910,1.95,235313.0,1838.8,1.8779573,15.04482115
12911,0.84,355285.0,1445.33,3.156788624,16.42589316
12912,0.83,125049.0,1762.19,-0.040304115,14.97572244
12913,1.9,150248.0,2608.38,0.833585276,14.1359223
12914,2.81,355384.0,1868.53,3.544132391,14.97391094
12915,1.34,153300.0,746.31,1.675152313,13.87970153
12916,1.18,266944.0,2360.26,1.124520957,15.97637243
12917,1.24,390838.0,777.01,2.698222802,13.46506988
12918,0.8,160606.0,1318.36,1.714197714,14.60063735
12919,2.52,259384.0,1745.04,2.038699218,15.29261239
12920,1.48,132116.0,1939.77,1.29536197,13.058582
12921,0.75,270923.0,755.44,1.511609784,17.73027397
12922,1.57,156474.0,1945.05,0.23063307,15.67374637
12923,5.98,373665.0,1751.33,3.29469798,15.28229888
12924,1.18,266972.0,1115.29,1.263597807,13.53299302
12925,0.46,169588.0,2273.44,2.961414878,15.37350707
12926,1.29,150016.0,1949.42,2.515046473,14.12702764
12927,1.76,360944.0,2153.35,2.887926851,16.41006751
12928,2.24,284137.0,1903.54,2.067549625,14.19367602
12929,2.36,361678.0,1451.44,0.803808925,13.58424972
12930,0.86,264518.0,1563.91,1.97247677,17.49575285
12931,1.06,251201.0,2320.29,1.935496293,16.00253451
12932,2.09,373788.0,2477.81,2.116976197,13.94305603
12933,2.04,352457.0,689.26,1.689150177,13.75548747
12934,0.55,165446.0,757.18,2.315531729,15.92424939
12935,1.24,162965.0,1485.49,3.068927437,15.5680675
12936,2.02,133354.0,1918.19,3.117211677,12.83636372
12937,1.37,140910.0,869.19,2.478074636,14.79541781
12938,1.49,365023.0,1452.69,3.679620578,14.27151854
12939,1.2,350938.0,942.64,3.758822554,16.87410472
12940,1.89,353236.0,1806.13,1.302256528,14.9499173
12941,1.21,164869.0,1680.27,3.440611241,16.63636106
12942,0.0,389791.0,1288.71,1.794046511,12.34062372
12943,1.97,249918.0,722.14,2.571573092,15.77177454
12944,1.42,392778.0,2340.39,4.643079367,14.68840149
12945,1.49,175406.0,2343.37,3.710942743,16.42382729
12946,1.33,131078.0,2518.81,4.700655742,15.18775062
12947,2.76,143161.0,2554.87,3.229148943,15.97032554
12948,1.19,386870.0,2292.31,1.607257953,15.51881046
12949,1.11,152991.0,949.31,2.236574772,15.74275269
12950,1.6,349886.0,2285.11,1.577559667,15.68627306
12951,1.86,257923.0,1782.58,0.769277584,13.80203829
12952,0.53,378501.0,2283.48,3.618119196,15.70872675
12953,2.07,136693.0,2300.52,1.980374168,15.34267163
12954,0.7,142393.0,1296.23,4.93924406,15.22559114
12955,1.68,259946.0,1786.76,2.010651556,15.55426739
12956,0.57,368774.0,841.98,1.618433868,13.18544901
12957,0.0,384850.0,1168.23,3.812011607,13.15902696
12958,1.66,258187.0,1914.99,1.022334256,14.49394515
12959,1.03,242738.0,1847.76,1.858038654,13.16329571
12960,0.2,286061.0,1977.57,3.777821718,15.45591071
12961,2.24,378112.0,1765.92,3.576003921,16.3205743
12962,1.32,394810.0,890.19,1.922986019,15.53478158
12963,3.95,145980.0,1152.1,2.771987236,15.48473378
12964,1.66,237082.0,1906.51,4.479262252,14.42220155
12965,1.44,371274.0,2664.9,2.366045775,14.56191532
12966,1.99,383304.0,1888.53,3.157218673,15.14873452
12967,1.6,376356.0,1936.66,0.854379712,13.94290618
12968,0.82,182277.0,2218.28,1.92649398,16.06783674
12969,1.62,140354.0,1488.59,1.591316542,16.90667542
12970,0.41,342321.0,2123.97,4.527357144,13.82695894
12971,1.39,148914.0,1798.59,1.942131148,14.37472887
12972,1.77,371243.0,1901.89,4.295850118,16.86736615
12973,1.92,159677.0,756.31,0.34694834,13.84434805
12974,1.25,370715.0,904.66,3.382361381,16.55643388
12975,1.23,159391.0,1893.83,2.921805991,16.14399119
12976,0.19,361825.0,1850.64,1.950594112,15.71127885
12977,1.92,360725.0,1724.95,2.087660758,16.1450758
12978,2.51,253863.0,1749.04,2.822786763,17.03670935
12979,1.02,155009.0,923.26,3.082290239,13.72311197
12980,1.71,377539.0,945.74,2.884059255,16.57230191
12981,1.22,276820.0,1728.56,1.98461369,15.71370726
12982,1.09,148233.0,1713.97,0.850356972,16.11598942
12983,2.22,354368.0,1872.01,1.426968762,15.69366446
12984,1.78,360332.0,1801.2,1.613029566,14.91684827
12985,2.51,388691.0,2095.3,0.78046667,15.19477893
12986,1.69,114947.0,1845.14,1.063409211,14.91262029
12987,1.32,151050.0,1805.87,3.950170533,13.5361774
12988,4.5,385447.0,1074.47,2.889337067,12.83071119
12989,1.45,354867.0,1392.17,2.108193037,15.8927057
12990,1.87,384037.0,2429.17,2.74902305,15.55706672
12991,1.74,363944.0,1523.81,3.651787681,15.96096933
12992,1.83,237704.0,764.36,1.827801951,15.36616153
12993,0.74,272943.0,967.3,3.913248306,14.34334109
12994,2.15,341837.0,2285.65,2.83123182,11.83464632
12995,1.91,380535.0,1831.66,1.381530768,15.02275864
12996,0.99,390248.0,2796.4,3.215301575,13.82819175
12997,1.96,147735.0,1814.1,4.400895119,15.71646218
12998,1.22,148331.0,1947.76,2.054866997,11.62000426
12999,1.26,364946.0,1497.62,1.969350651,14.9192272
13000,1.41,285960.0,1837.55,1.788514196,14.29383656
13001,1.93,269879.0,1004.39,1.643916615,16.07407035
13002,0.75,270984.0,1857.54,4.221435353,16.92987899
13003,1.3,381495.0,2491.8,2.444542303,14.56511748
13004,2.22,369701.0,1185.79,2.935525133,15.9662613
13005,1.01,243297.0,1847.63,3.621308075,16.22101395
13006,1.56,348744.0,1928.37,1.356618411,14.2033856
13007,1.38,350818.0,1579.03,4.808517057,13.55248364
13008,0.36,270090.0,1883.08,3.428381075,15.25617466
13009,1.09,263336.0,2218.87,1.189534639,15.99292245
13010,1.03,389512.0,2073.54,2.364555868,14.97619566
13011,1.59,357663.0,1703.6,0.337076997,13.35860297
13012,0.15,147930.0,2316.38,1.213718744,13.33017464
13013,1.7,364613.0,1598.09,0.459399019,15.75189004
13014,0.71,176318.0,1810.4,4.359262745,14.83800916
13015,2.01,368808.0,1713.08,1.434461733,14.65577419
13016,0.0,401119.0,1494.69,4.010624915,17.73027397
13017,1.44,262518.0,2076.47,2.64836428,12.32133342
13018,1.31,250832.0,1387.28,2.151071169,12.94537068
13019,0.94,166389.0,1942.95,1.892202779,11.76686811
13020,1.45,358259.0,1257.99,2.024937574,12.20069108
13021,1.98,347643.0,2348.37,1.22535073,15.15917701
13022,1.19,379454.0,799.77,1.269422355,13.55962126
13023,1.14,146465.0,912.9,2.787931746,16.24096528
13024,1.47,155596.0,1400.53,1.837361859,12.92564255
13025,0.91,386855.0,920.23,1.274144003,15.9211301
13026,1.24,389399.0,1886.93,3.093468343,16.56124926
13027,0.91,376000.0,897.27,2.168864005,12.31205019
13028,1.54,374228.0,1958.4,2.331827002,16.1822574
13029,1.96,358208.0,2015.65,2.046625288,15.12283646
13030,1.03,164782.0,2368.66,3.098074399,16.11242062
13031,0.46,279517.0,1840.6,1.668304093,15.96100318
13032,2.19,152636.0,1534.37,2.150152639,11.29782607
13033,2.54,145080.0,1782.29,1.219594007,16.55978777
13034,1.72,356210.0,1998.02,1.83705431,13.03697293
13035,1.38,379644.0,1721.72,0.569565846,14.84716907
13036,1.82,361232.0,1851.68,0.632951543,16.67597352
13037,3.8,378078.0,997.66,4.615255087,14.13334216
13038,1.59,384033.0,1820.93,1.478881275,15.64840954
13039,0.75,376340.0,2597.55,3.038279771,15.31260072
13040,5.04,157158.0,2378.66,2.339582155,16.00427917
13041,1.82,269634.0,2033.99,4.412811827,13.73886551
13042,0.14,374014.0,1108.47,1.131177145,13.10597946
13043,1.08,360719.0,1827.38,2.95525381,12.86534023
13044,1.76,372457.0,946.06,0.02184266,16.93485702
13045,1.82,392615.0,1746.36,1.791927391,17.58268146
13046,0.63,374112.0,1036.33,1.817687971,17.28048473
13047,1.24,355164.0,1774.61,2.89124196,13.47667478
13048,1.9,145046.0,586.86,1.287100094,15.50200465
13049,0.83,274613.0,1772.13,1.515573067,15.34865055
13050,1.31,160409.0,1461.2,1.925037845,16.4504117
13051,1.91,155145.0,727.34,2.781907696,16.55335976
13052,1.37,158692.0,1237.87,2.442757208,16.87591948
13053,2.18,164171.0,838.65,0.946823851,11.90477648
13054,1.15,141022.0,1006.75,1.667076242,11.33881283
13055,0.87,364600.0,1926.9,1.210195797,16.06220096
13056,0.84,129329.0,1262.94,1.838242412,15.98291519
13057,2.15,372442.0,1809.93,3.006567247,15.22064063
13058,0.72,175332.0,975.49,0.100870444,15.81267927
13059,1.31,378455.0,1990.85,2.957356084,17.73027397
13060,2.17,361883.0,2172.11,2.344287762,15.33568601
13061,0.0,353366.0,2358.64,2.469372193,15.41537644
13062,0.84,271451.0,736.53,3.02133812,15.74993757
13063,1.21,341140.0,1725.73,2.231800105,16.05680369
13064,2.33,342918.0,1003.32,1.060867562,12.18702916
13065,1.54,390427.0,1932.74,2.46842105,15.42642155
13066,0.76,400954.0,1920.49,3.529274431,14.2979282
13067,1.38,267546.0,2264.37,1.144028106,16.12331803
13068,2.09,248199.0,1864.52,2.363317817,14.01456461
13069,0.68,243796.0,919.18,1.232679527,16.07179353
13070,1.6,266861.0,1944.7,1.224004784,17.09989188
13071,1.09,371592.0,1707.94,2.290386122,17.34457983
13072,1.95,157518.0,1453.41,3.136986841,15.43602853
13073,1.3,134255.0,1191.43,4.068487906,15.90509486
13074,1.76,254516.0,2152.03,1.819545349,15.39165364
13075,2.18,257153.0,1275.48,1.437378435,15.76519369
13076,2.24,132349.0,1273.16,2.873790664,13.52798005
13077,2.05,258867.0,1278.21,0.876591616,14.58684818
13078,1.07,398694.0,752.66,3.241852959,15.01216934
13079,1.04,355796.0,2422.36,2.037875149,13.66797079
13080,1.59,382789.0,1726.61,0.677364104,13.70699331
13081,0.13,380294.0,1911.69,3.805782215,15.52762344
13082,1.3,265648.0,1734.4,1.757622018,14.94741742
13083,1.38,248716.0,1545.69,3.590418109,13.22337488
13084,2.52,259655.0,1678.47,3.83846462,17.46235036
13085,2.61,114947.0,2397.84,0.866024766,14.42713839
13086,2.49,381832.0,1497.51,1.649028676,13.99544321
13087,1.09,127989.0,1749.1,1.813771162,16.30923193
13088,1.23,359699.0,1779.91,1.476202133,13.3480446
13089,1.38,142679.0,1820.26,1.639049686,15.22618253
13090,1.51,371081.0,1823.11,2.778950299,16.10256457
13091,1.33,159525.0,937.33,-0.186600237,13.00992161
13092,2.46,393763.0,2183.14,3.650555684,15.54618742
13093,1.29,168671.0,1789.31,2.014464733,15.82545582
13094,0.84,152217.0,2481.5,3.827900344,13.24962324
13095,1.58,282419.0,1836.05,2.355909508,16.64124956
13096,0.99,134896.0,2021.09,1.493798086,15.70737433
13097,1.34,263802.0,1975.95,1.362744614,12.2309671
13098,2.19,369702.0,2665.62,2.965824875,17.32573228
13099,0.1,278995.0,975.06,3.856230747,15.28192632
13100,1.43,253095.0,1850.65,0.819629254,15.71890953
13101,1.4,114947.0,2190.96,1.668697996,14.08134247
13102,1.57,354539.0,2349.82,1.292254565,13.6468574
13103,1.39,370361.0,1835.25,0.747435046,16.27511258
13104,0.76,375706.0,875.12,1.899269376,16.57188627
13105,2.74,365421.0,2409.89,2.76256386,15.79453384
13106,1.56,131630.0,2272.68,1.948550041,13.78811733
13107,2.21,362135.0,1863.94,2.188042953,15.27160007
13108,2.79,143079.0,2467.58,1.951768965,16.71578774
13109,1.98,385907.0,2302.59,1.827677155,16.11887276
13110,1.89,379784.0,1087.0,2.038185625,12.92927415
13111,2.42,146545.0,2251.17,2.765484548,15.8014298
13112,2.29,143255.0,1260.42,2.929611218,15.48869246
13113,1.81,365810.0,764.47,2.160835696,15.67916863
13114,0.61,138745.0,2213.6,2.444729724,15.88706822
13115,1.18,165092.0,1883.85,1.722134991,16.44687489
13116,1.1,138820.0,1997.17,0.941439649,16.08798023
13117,2.53,144157.0,1844.82,3.01971403,15.86970731
13118,1.09,251345.0,1797.43,0.382421036,15.79944066
13119,0.99,359924.0,1200.56,1.630758577,15.84726227
13120,1.98,143360.0,1751.68,1.892428916,15.03915248
13121,2.34,250507.0,2377.5,3.697731171,16.19525468
13122,1.14,377369.0,1727.72,4.251706087,13.79674661
13123,0.85,356340.0,1868.48,4.50034267,16.00185124
13124,2.22,393066.0,1452.24,1.84460032,15.08740447
13125,5.29,351176.0,1809.16,3.845514985,15.43771801
13126,1.48,144301.0,1848.37,1.97914886,16.71983967
13127,1.94,114947.0,2019.49,2.143405825,12.87960826
13128,1.94,358850.0,1749.83,4.381204957,14.99298033
13129,1.81,145411.0,1788.02,1.548798651,15.6819131
13130,1.25,352274.0,1802.76,0.486607176,15.03358287
13131,1.99,371061.0,1895.97,2.843639148,15.38614696
13132,1.13,128386.0,735.67,4.116611093,15.88540473
13133,4.27,348339.0,2508.92,1.42443145,12.00169112
13134,0.18,239998.0,1274.37,1.492880124,15.96006368
13135,0.41,373627.0,1955.15,2.745368185,13.36864113
13136,1.67,385471.0,2274.42,1.276819446,14.66843154
13137,1.49,253266.0,925.12,1.951996162,14.16696378
13138,1.61,156898.0,2738.63,0.606173078,14.05749247
13139,0.31,355616.0,1933.8,4.217100469,13.39972939
13140,4.11,369058.0,1930.81,2.388843387,16.25468552
13141,1.93,372445.0,827.2,1.87629888,15.04634075
13142,0.68,386563.0,2511.99,1.980770532,15.01746025
13143,1.64,253816.0,1765.87,0.786552655,15.97052647
13144,2.12,150144.0,842.06,1.482948573,15.13610071
13145,1.71,364959.0,1265.54,-0.326393035,16.86373727
13146,1.67,371935.0,1586.27,2.233482803,13.90802751
13147,1.64,150703.0,1885.34,2.915450809,14.04804571
13148,0.25,265896.0,2290.38,4.308158285,15.94601234
13149,1.84,153942.0,1861.8,2.265764618,15.05000771
13150,0.81,143879.0,1004.35,1.464544931,13.98158498
13151,1.34,163419.0,1023.54,2.499016923,17.62639957
13152,1.22,133910.0,2516.49,1.517954203,15.78951365
13153,0.72,353984.0,1808.62,1.744655286,14.89179352
13154,0.56,248967.0,1946.12,2.973131012,16.73998576
13155,1.28,363352.0,1728.58,1.414900715,12.6882053
13156,2.1,243717.0,1150.6,2.777371771,15.65842547
13157,1.23,378259.0,1629.03,0.872592577,14.90620112
13158,1.13,147005.0,717.02,1.475639753,14.74311017
13159,2.76,368251.0,1047.9,1.654909968,14.9479175
13160,0.6,161283.0,2117.3,3.64868609,17.31245275
13161,1.18,382017.0,771.51,2.712882993,17.1269437
13162,0.86,258855.0,1294.64,1.253183235,15.67168211
13163,0.79,139659.0,2162.68,4.300647133,17.06131381
13164,2.06,340665.0,1749.04,1.083939485,13.22653338
13165,1.95,265097.0,655.61,4.363602698,16.97409697
13166,1.03,353654.0,1709.46,1.893637723,15.11449839
13167,2.86,356860.0,689.01,0.811180201,15.81153088
13168,0.9,135753.0,1456.01,4.647096399,15.55804295
13169,1.96,355221.0,1159.04,2.040208841,13.40319324
13170,2.48,263225.0,1804.97,1.162469789,15.3159139
13171,1.33,356701.0,2305.47,1.339483611,11.76807098
13172,2.01,377572.0,1001.5,3.635744733,16.78951677
13173,1.58,363373.0,1583.51,0.954017399,15.58840862
13174,2.3,345635.0,1820.31,1.666528723,15.68016772
13175,1.23,271540.0,840.16,-0.326393035,15.31200208
13176,2.61,353649.0,1365.25,1.594234893,14.48931001
13177,1.02,137087.0,2897.5,1.821694385,13.67206004
13178,0.94,366758.0,1900.29,0.045688774,13.12141382
13179,1.16,355201.0,1804.67,0.67156864,15.49964262
13180,1.24,350727.0,2168.72,2.376960411,13.75265668
13181,1.43,126007.0,2272.52,1.851278678,11.81477644
13182,1.48,244856.0,1878.45,1.50847086,14.44309662
13183,1.15,383381.0,884.84,1.159500599,16.92979518
13184,0.9,282019.0,1922.95,0.967156806,15.83175369
13185,1.03,372630.0,1941.38,2.364285469,13.24912919
13186,1.85,353866.0,613.12,1.066344289,15.77035705
13187,1.69,146191.0,769.99,1.974799718,16.35172266
13188,2.09,247332.0,1952.87,1.848937048,14.7398566
13189,1.17,253842.0,2294.95,2.293662931,15.44135746
13190,1.37,376655.0,2202.43,2.28663479,15.26535474
13191,1.28,360347.0,1853.22,2.154765888,15.96426944
13192,1.26,372020.0,2075.95,1.39714476,14.90340449
13193,0.7,134735.0,1761.1,1.742596584,14.12831268
13194,1.84,379909.0,969.83,2.245115148,15.44005211
13195,1.91,240627.0,1206.39,0.700744035,14.90106598
13196,1.79,142458.0,835.59,2.06000846,15.61045048
13197,1.03,395768.0,1732.04,4.244812568,14.38712053
13198,0.91,368653.0,1569.8,1.254694367,14.81004679
13199,1.58,378741.0,1719.28,1.59290398,12.56782537
13200,1.84,139798.0,822.61,2.771813195,12.71180508
13201,1.43,360887.0,1052.6,2.923122789,16.65942589
13202,1.83,258392.0,2190.18,2.768981792,15.64384358
13203,0.0,370667.0,946.4,1.88391588,14.33592023
13204,0.79,257006.0,1309.67,3.35949592,13.71743385
13205,1.07,366883.0,1752.1,2.208997351,15.74551654
13206,1.93,378850.0,2620.06,1.953337875,14.56923718
13207,2.06,245521.0,1156.43,3.747562187,16.35351734
13208,0.73,226960.0,1084.11,1.699834485,12.93962702
13209,1.02,364523.0,955.46,1.315437572,15.6688259
13210,0.35,373898.0,793.66,4.352112989,15.48858949
13211,0.1,363570.0,2406.79,1.307261454,15.70817985
13212,0.97,144880.0,1268.97,1.559986243,15.46275276
13213,1.77,158691.0,1464.94,1.488902738,14.84315929
13214,1.07,401119.0,2008.97,2.970604977,13.38108716
13215,2.7,389232.0,1682.69,1.436748547,15.50355686
13216,2.44,380743.0,1436.49,2.27028722,12.06017856
13217,2.42,358756.0,2483.36,1.300474251,15.41276052
13218,2.1,246165.0,832.42,2.616289069,16.12820974
13219,1.84,137322.0,1159.49,0.621820662,12.91182866
13220,2.56,366497.0,1825.55,1.873930287,14.8142331
13221,2.4,362490.0,764.89,3.812669748,15.37613675
13222,2.2,253326.0,1782.43,0.180295538,15.53104396
13223,0.63,136727.0,2287.92,4.310104018,12.96475386
13224,0.94,148668.0,1783.84,1.286226044,15.29459213
13225,0.65,154630.0,2123.3,1.912737121,15.5472713
13226,2.47,156469.0,1311.33,0.046241978,14.77413386
13227,1.15,370304.0,1567.46,2.258876027,15.5595138
13228,1.5,356083.0,1316.5,3.197560958,16.69606269
13229,0.67,367742.0,2476.78,1.780870657,15.65479175
13230,2.63,140373.0,2207.78,2.029911834,14.66554739
13231,1.2,380796.0,780.59,1.724960171,15.99885898
13232,1.3,269087.0,2019.28,2.814410131,15.01773976
13233,0.55,377664.0,1858.6,2.182461246,15.85288397
13234,1.46,369232.0,1807.36,2.344031996,15.12373588
13235,2.19,126691.0,1933.36,1.014306057,14.85128857
13236,5.62,363941.0,1389.41,1.42758918,16.13216832
13237,3.5,380371.0,665.15,1.997309074,15.45804671
13238,1.94,188526.0,1606.74,4.438156662,16.45647359
13239,1.58,146552.0,1500.46,1.708005453,15.76663446
13240,1.06,401119.0,1161.51,2.885329551,13.28996129
13241,0.82,376348.0,1803.45,1.114248004,15.86155018
13242,1.38,396002.0,1823.49,3.097504405,16.23903477
13243,1.53,384143.0,1800.88,1.734684127,15.25423438
13244,1.26,371106.0,985.36,4.027902375,15.12395994
13245,1.91,154321.0,1755.76,2.786407412,15.89852901
13246,1.01,259191.0,1365.5,3.630655634,15.73568885
13247,1.57,148731.0,1810.85,1.393622865,12.98579632
13248,1.2,376494.0,1913.4,1.876076503,16.87639294
13249,2.13,358276.0,2288.19,3.488337095,15.49854666
13250,1.4,361563.0,2520.45,0.933981342,14.75418774
13251,0.98,363777.0,2556.65,1.598710096,15.28762578
13252,1.16,356612.0,2235.59,1.427295278,15.29443171
13253,1.72,149524.0,1785.88,1.799917009,14.99040073
13254,0.89,373290.0,2306.19,1.550360084,14.73248225
13255,2.25,151763.0,2002.46,3.646295819,14.52458685
13256,1.85,274555.0,867.21,2.766748032,13.04040798
13257,1.41,141265.0,1977.13,2.786493839,15.28954711
13258,2.98,375846.0,2419.2,2.919383172,15.40753801
13259,1.54,245535.0,1279.18,1.762046032,14.14449842
13260,2.27,365290.0,1784.4,1.74284649,16.36671976
13261,1.03,385215.0,1538.14,4.107855691,15.33533331
13262,1.55,371840.0,2353.87,2.059711573,15.71631281
13263,1.58,269190.0,2274.17,2.723783344,15.65230918
13264,1.14,274124.0,1874.23,2.791565261,16.11940488
13265,1.06,381119.0,1128.26,3.209359626,15.80292805
13266,0.36,385702.0,859.02,1.554016783,14.85334389
13267,1.02,284508.0,810.04,3.562399969,13.3670382
13268,1.03,274171.0,1567.64,1.152998528,17.0236055
13269,1.96,364412.0,2428.28,1.74433736,16.02734144
13270,1.88,132732.0,1700.76,2.103167777,15.24825209
13271,1.09,387222.0,1873.47,2.063250291,16.93851198
13272,1.47,165856.0,1844.66,1.819766931,16.7973076
13273,1.42,388988.0,2606.57,2.129412643,16.113737
13274,1.79,114947.0,702.34,2.614813306,16.61173855
13275,0.66,269806.0,1191.9,0.372677376,15.11632775
13276,1.95,156884.0,1198.8,2.711850817,15.81224233
13277,0.0,370058.0,1870.09,2.966995981,15.91955638
13278,0.87,353965.0,2678.38,2.023474439,17.7020509
13279,1.59,240454.0,2499.06,1.758656912,15.17765076
13280,0.73,156307.0,926.71,3.536630091,13.9969194
13281,1.16,246446.0,1495.84,4.456997314,12.25070322
13282,2.0,363735.0,1304.49,1.686776156,13.07387856
13283,1.62,356750.0,995.79,1.197467132,12.29037798
13284,1.15,267714.0,1937.04,2.108701895,16.5060342
13285,1.37,358188.0,2257.69,3.484823475,14.0156206
13286,1.93,158409.0,1837.85,1.579966352,15.37695102
13287,1.44,386647.0,2174.64,2.353836782,13.71288683
13288,0.6,271295.0,1589.75,1.052513666,16.6036418
13289,0.18,233516.0,1881.08,2.729080328,15.39719751
13290,1.88,368617.0,1904.36,1.684746884,13.84093873
13291,2.03,140105.0,2662.0,1.847373955,16.32826328
13292,0.07,383221.0,1855.78,2.122646926,14.93802689
13293,1.62,372262.0,3003.55,2.389116168,15.06112083
13294,1.48,153393.0,2548.09,1.418544995,12.91731376
13295,1.27,374141.0,1853.62,1.804204972,14.44749704
13296,1.96,119067.0,1665.18,1.043115282,14.3215918
13297,0.25,360695.0,1384.23,1.97523829,14.20499295
13298,1.5,364891.0,831.84,0.992965453,14.68769293
13299,1.46,254759.0,1938.58,1.277001918,14.13858693
13300,2.2,260199.0,804.33,1.706523472,13.91958725
13301,0.65,374230.0,2429.57,1.934206219,14.83484228
13302,1.9,144151.0,1892.23,3.789778062,16.42529858
13303,0.68,275212.0,1709.68,1.852513356,14.31616501
13304,1.92,383718.0,1905.5,1.858575648,16.49335388
13305,1.91,138604.0,2440.32,2.445632596,13.53280435
13306,3.09,255998.0,1761.61,3.29065263,12.7794252
13307,1.58,150158.0,1420.3,1.856695553,15.97263353
13308,1.21,366934.0,1616.82,1.231878654,13.90339275
13309,1.09,351956.0,2251.01,1.715290887,14.250741
13310,1.74,158802.0,1874.07,2.067450018,15.00103362
13311,2.78,165123.0,2435.5,2.737225232,12.12902691
13312,0.43,373488.0,964.19,1.606508678,15.99015174
13313,2.41,258308.0,2487.09,3.676033632,17.13294335
13314,0.54,346680.0,1854.88,3.651159869,13.98641938
13315,2.14,249555.0,2320.8,1.521620981,15.47165807
13316,0.55,367219.0,693.93,1.53740426,15.21283012
13317,2.05,244543.0,1792.95,1.639701795,16.15765771
13318,1.32,234487.0,2470.31,1.94515107,16.5443426
13319,2.67,381525.0,1222.94,1.182610054,13.36623344
13320,1.86,136141.0,1023.44,2.645351367,17.18140882
13321,1.58,356915.0,2434.15,3.525855383,15.25001339
13322,1.78,354459.0,1857.05,4.092116933,15.48592285
13323,0.82,274928.0,1682.88,0.969298011,15.65653421
13324,2.35,387262.0,2073.05,2.434279157,15.62241906
13325,2.01,381591.0,1169.43,0.869425065,14.98241499
13326,1.14,394974.0,2014.76,0.72766383,14.06174103
13327,1.83,371404.0,1664.15,1.710529716,16.1984602
13328,0.91,379938.0,1186.34,4.536565188,13.31918923
13329,0.7,265067.0,2689.54,2.407621353,13.62128739
13330,1.6,269660.0,2411.67,2.734740927,15.90725848
13331,2.21,394294.0,2323.13,1.68454877,16.98678176
13332,0.6,249168.0,2863.78,1.642327858,16.06038047
13333,1.73,356443.0,2603.38,0.104537822,14.85314024
13334,1.19,127658.0,1935.51,1.994867991,16.09283997
13335,1.1,348439.0,586.86,0.997961708,16.29629604
13336,0.37,370343.0,815.2,1.629748453,15.89131381
13337,0.61,370533.0,1099.31,1.902692226,15.22905635
13338,2.17,363759.0,2350.62,1.049077549,15.64197055
13339,0.2,358996.0,1797.87,1.597954512,15.36142928
13340,1.57,374311.0,1868.21,2.024485841,16.64412827
13341,0.95,159604.0,2546.62,0.787246862,13.88650352
13342,0.91,374786.0,2100.84,1.997235253,15.4013971
13343,2.02,376773.0,1888.14,0.340492242,14.75606136
13344,1.04,144598.0,727.31,1.154737341,14.38415492
13345,2.27,377577.0,2340.76,1.327207168,15.17313711
13346,0.71,379323.0,1260.48,1.038002301,13.64959094
13347,1.31,365342.0,2547.46,3.285796861,15.57021457
13348,1.05,369124.0,1200.94,0.928856501,16.13759629
13349,0.21,125579.0,2611.35,2.430765932,16.01437069
13350,1.25,359011.0,1866.96,3.696091095,13.93127791
13351,1.84,364035.0,2012.55,1.10537205,14.17675518
13352,1.6,167546.0,751.95,2.302614101,15.60347041
13353,1.43,260290.0,1599.24,3.579117449,15.74214873
13354,1.12,253220.0,2200.47,1.87527252,15.97784754
13355,1.02,154262.0,2105.75,1.812468154,13.73934825
13356,2.03,354319.0,755.98,4.85126938,15.84762527
13357,2.42,142788.0,1918.26,1.705313922,15.62919924
13358,2.44,373732.0,1602.67,1.606664462,15.91271901
13359,1.02,387126.0,1916.31,0.255174931,17.22023346
13360,1.39,133706.0,2153.39,1.146569171,15.02768155
13361,0.25,134115.0,1816.48,2.857895998,14.7150094
13362,1.45,378208.0,1066.63,3.009837661,15.26457431
13363,2.11,156735.0,1801.15,2.322514566,16.84684577
13364,2.05,398920.0,2376.26,4.275516693,16.42362532
13365,1.55,159634.0,894.32,1.831270479,14.6993957
13366,1.18,383294.0,1628.25,1.382576398,15.03365062
13367,1.13,357122.0,1844.67,1.907601691,16.34697504
13368,1.33,262819.0,2359.98,1.129225163,13.10758788
13369,1.58,133869.0,1876.47,3.706795009,17.16963406
13370,2.26,353816.0,1944.26,2.437069516,15.48071482
13371,1.26,338442.0,2420.8,2.466067579,13.21228882
13372,1.81,240780.0,697.98,1.8627244,14.04787001
13373,1.33,381513.0,1907.5,1.583510027,16.28147974
13374,1.25,140778.0,1904.77,1.742267194,15.4864795
13375,0.6,368229.0,2454.2,1.389543099,14.23652037
13376,1.94,367055.0,1262.85,3.355711963,16.15050205
13377,2.81,247885.0,1855.65,0.03988015,14.78925333
13378,0.39,244739.0,855.63,1.097821616,15.84047737
13379,1.06,374486.0,1140.55,1.323138449,11.73900747
13380,0.54,145100.0,1730.88,1.993333127,16.2137381
13381,1.57,248804.0,2472.9,1.541588814,16.36750958
13382,1.89,366281.0,2376.43,1.901061734,17.06154966
13383,1.7,250594.0,1601.1,2.039548085,13.98896312
13384,0.3,388333.0,925.49,2.106983592,13.63456205
13385,0.22,146107.0,2269.62,1.299903136,14.74081211
13386,0.77,329763.0,644.13,2.905576993,14.50031221
13387,0.64,257801.0,1796.37,4.244493394,15.70067041
13388,1.67,371331.0,844.31,1.674402144,15.71462041
13389,1.91,144111.0,1937.57,2.741316822,15.77604025
13390,1.09,134924.0,1436.38,2.629849629,15.34636992
13391,1.82,241024.0,1702.67,1.86250903,15.50061672
13392,1.75,151518.0,1918.75,2.28371718,15.17519616
13393,5.72,269411.0,1337.39,1.721850335,15.56477372
13394,0.86,147953.0,1899.65,2.267388849,15.72727507
13395,2.6,259456.0,1214.45,2.768294731,14.24104818
13396,0.9,376363.0,2383.14,1.554203105,15.80409506
13397,2.24,132405.0,800.49,1.872847834,17.41142619
13398,1.91,378511.0,2109.37,2.44358672,15.37661657
13399,1.42,142939.0,867.71,1.193414518,16.57820916
13400,0.34,369541.0,1750.57,1.834379617,15.82789535
13401,0.86,256365.0,1319.45,2.002008515,16.59544486
13402,0.53,151523.0,1717.68,2.232773266,16.33630787
13403,1.57,368188.0,936.64,1.435328834,14.39852863
13404,2.59,152146.0,1462.36,1.501379214,15.96714123
13405,2.68,134200.0,1789.29,-0.326393035,12.09331579
13406,2.03,400433.0,863.25,2.39584121,15.86222345
13407,2.05,354534.0,2100.58,1.715224207,14.41733449
13408,1.43,376533.0,808.28,2.956612967,16.22157517
13409,1.09,131141.0,2194.0,1.841045451,14.57494336
13410,2.06,157125.0,1846.34,2.231150409,13.58132228
13411,1.88,242790.0,1832.56,4.010036625,14.44515939
13412,2.21,377696.0,889.52,1.545246719,15.55209899
13413,0.64,159415.0,942.07,1.797722876,16.28664157
13414,1.61,367477.0,1059.17,3.950728092,14.72496359
13415,1.25,339982.0,586.86,0.694386384,16.27399107
13416,1.71,391732.0,2410.13,1.170539526,15.82749094
13417,2.24,376813.0,1966.57,3.479625363,17.44008176
13418,2.18,379725.0,813.17,2.169075882,16.08734525
13419,0.39,370413.0,1838.01,1.711603974,15.51649984
13420,1.57,277462.0,1853.81,2.544811888,15.87979753
13421,1.11,138188.0,1442.92,1.299830188,17.38787121
13422,2.03,129408.0,586.86,2.736248752,12.60487068
13423,0.3,161640.0,1852.82,2.534477103,15.05639777
13424,1.42,371556.0,2524.6,4.291008734,17.73027397
13425,1.72,348493.0,1726.57,1.363968956,15.83235366
13426,2.32,114947.0,1761.16,3.019732918,15.3379598
13427,1.66,124250.0,1732.05,1.82546905,16.08870232
13428,1.98,379359.0,1461.39,0.839876267,12.6976656
13429,0.91,387635.0,1864.83,2.399753122,13.93152974
13430,1.72,344571.0,1533.87,1.698548105,13.5038965
13431,1.13,369458.0,1675.06,0.841759247,15.5941839
13432,0.98,353020.0,2564.72,3.050884609,16.36277646
13433,2.43,393255.0,2443.14,1.531029582,15.56956267
13434,1.24,147796.0,1667.69,1.403909584,16.10912267
13435,1.87,241184.0,1906.34,1.925255225,15.27269552
13436,1.69,156910.0,2303.26,3.492027301,13.26186507
13437,1.99,372902.0,3047.82,3.298909635,13.54439032
13438,1.12,370848.0,1760.24,1.458826114,16.17936157
13439,3.14,361535.0,1680.55,0.976633961,14.72058832
13440,2.05,368631.0,673.3,1.455911288,13.44860318
13441,1.06,363556.0,1950.25,2.592552478,15.05955568
13442,2.1,142799.0,2210.73,3.037132552,15.93352307
13443,1.05,245349.0,1436.53,1.257774356,16.04244613
13444,1.81,130870.0,2197.95,1.612326811,14.7934638
13445,2.03,118266.0,857.43,2.013391592,16.77549015
13446,2.13,399961.0,886.49,0.440915744,15.52685581
13447,2.58,346712.0,1716.42,0.335761576,13.06888067
13448,2.28,165971.0,2366.64,0.810167116,15.08487961
13449,0.44,378357.0,807.49,0.927652463,13.16564509
13450,2.17,334347.0,1095.78,1.440882022,15.4525891
13451,1.63,353804.0,2108.02,4.517321891,14.14037174
13452,0.12,162432.0,1172.39,2.699107523,16.9363904
13453,1.1,155691.0,2284.07,1.385987252,14.77132074
13454,0.56,384498.0,1896.23,1.768618516,13.78691843
13455,2.67,385569.0,1257.28,3.092894358,12.11338144
13456,2.26,174909.0,1096.64,3.781604528,13.19355945
13457,1.57,364080.0,1999.24,1.424268158,15.9681436
13458,1.45,136297.0,1138.61,2.058541647,14.22708437
13459,1.01,138537.0,687.24,3.252985223,15.34873185
13460,2.21,358145.0,1874.04,2.919695881,14.45154789
13461,1.0,150031.0,1832.63,3.819014411,14.51452879
13462,1.56,349301.0,901.78,3.964621939,15.06749892
13463,1.79,379485.0,1931.24,1.606317891,14.05135936
13464,2.01,150653.0,1474.95,1.668605751,12.28840076
13465,1.02,265553.0,1893.35,0.421546501,16.92996803
13466,2.37,155806.0,1520.84,1.426100013,12.87487193
13467,2.1,353991.0,1404.16,2.948278753,14.78308558
13468,1.96,379735.0,1769.1,1.068303041,15.81178067
13469,1.52,364347.0,2244.56,2.483817984,16.79045284
13470,0.84,279260.0,2279.94,1.900569951,15.74369662
13471,1.54,353918.0,1431.52,2.951579326,15.73865102
13472,0.89,136431.0,2073.3,1.727818173,17.0768771
13473,0.31,255035.0,1134.11,2.611339143,17.0724919
13474,1.77,379921.0,1112.1,1.401842997,15.04531316
13475,1.82,376121.0,1886.93,0.997371068,16.45473567
13476,2.1,359575.0,1925.74,3.753074695,15.87344697
13477,2.36,367205.0,1979.27,1.96417068,14.34918888
13478,0.78,258570.0,1685.12,2.232001555,15.35416598
13479,2.16,255276.0,2495.91,2.437216917,13.40603361
13480,2.93,260240.0,2100.91,3.248293515,16.8771354
13481,0.49,401119.0,718.34,1.059815641,14.06851026
13482,2.48,158037.0,1972.14,1.360069069,14.38799486
13483,2.37,258051.0,1528.62,1.206300977,11.75174845
13484,1.95,145081.0,1843.71,4.573185216,16.30327935
13485,0.0,397189.0,1415.38,3.149797688,16.32903992
13486,0.75,380396.0,2403.03,1.915497461,16.43307662
13487,1.47,161325.0,2751.55,2.036926248,16.51181212
13488,1.25,126992.0,1833.09,1.500620469,16.89210101
13489,1.48,150722.0,1697.31,1.169344767,15.18344042
13490,2.16,390698.0,1821.44,1.560728963,14.58184935
13491,0.26,362785.0,1865.63,2.248910714,15.82655963
13492,1.18,345952.0,775.85,2.842269089,16.1621435
13493,1.72,355702.0,2318.99,4.170872845,15.20990553
13494,2.25,374850.0,827.94,1.825789071,14.4104802
13495,1.85,360521.0,1566.01,2.0856364,16.344023
13496,1.94,258404.0,2041.36,2.191098306,12.44398639
13497,1.05,358076.0,1474.98,3.605321046,15.43403234
13498,2.3,148250.0,1821.31,1.749648497,15.2033333
13499,1.42,154597.0,1895.97,1.131419396,15.58433628
13500,0.69,151888.0,1769.8,3.645233048,17.51176034
13501,0.97,151542.0,1558.24,0.719472104,15.020535
13502,1.6,378187.0,3047.82,1.813923717,15.26723122
13503,1.52,367235.0,2395.08,0.808328594,14.30879776
13504,2.69,277091.0,1889.71,1.463643503,16.40560272
13505,1.56,369318.0,2318.03,3.475699291,15.79464663
13506,1.51,257421.0,1754.07,-0.102893365,15.53099019
13507,2.1,362531.0,1782.63,3.022923018,13.17533109
13508,0.03,355331.0,1094.08,1.082747288,15.35579275
13509,1.04,379004.0,1903.78,4.046450061,13.90619128
13510,2.95,356855.0,1356.92,3.832207224,13.29715045
13511,2.13,261251.0,2062.16,3.158171313,16.55480189
13512,2.85,264753.0,1497.34,1.001735423,13.53948092
13513,1.86,114947.0,908.48,3.041992613,13.39167637
13514,2.48,269924.0,1574.64,0.225370026,15.86490623
13515,1.0,247830.0,695.62,2.265070631,15.16567309
13516,1.85,344904.0,1513.08,2.07704127,17.1047204
13517,1.86,262400.0,1513.35,1.736449141,15.57936482
13518,2.21,244083.0,1150.6,2.965768182,15.28260216
13519,2.6,361325.0,1122.45,2.04981482,12.46791337
13520,0.33,367853.0,1958.48,1.505192312,15.72847491
13521,1.13,255780.0,1755.67,1.939867992,17.01258158
13522,1.3,397699.0,1878.56,1.836697769,15.89100303
13523,1.57,355134.0,1884.64,2.082184974,16.49616502
13524,0.54,376411.0,1402.83,3.281303891,16.40476568
13525,0.46,363687.0,1878.11,0.346982912,12.09483761
13526,0.79,261373.0,1930.07,1.701571708,15.45942814
13527,2.13,237333.0,2036.16,1.206277816,15.25250367
13528,1.87,166628.0,1586.29,1.445567197,13.84704238
13529,0.87,132204.0,1807.27,2.470159679,14.34289153
13530,1.02,172794.0,1771.5,3.929083277,11.61431955
13531,1.46,388557.0,1893.65,1.074170859,13.32889416
13532,2.1,373027.0,1908.82,3.622923727,17.37276925
13533,1.16,386540.0,1679.5,2.433548199,15.46978335
13534,1.42,379534.0,1743.31,1.15707465,16.28465998
13535,2.56,370210.0,1249.6,2.144779714,13.50017347
13536,0.38,132684.0,1841.05,4.018143288,16.43025167
13537,1.15,172572.0,971.52,1.726061814,15.66437467
13538,0.69,276577.0,1787.78,2.631126401,16.28361451
13539,1.87,135911.0,1180.85,1.443979381,13.27226809
13540,1.84,365198.0,1860.81,1.562292025,12.71148605
13541,1.52,360035.0,1187.72,1.316274112,12.25888654
13542,2.6,117360.0,2003.24,1.2044551,15.74287258
13543,1.59,381326.0,1807.1,2.224512951,16.06615927
13544,1.68,374541.0,2355.78,2.714996351,13.26529813
13545,1.48,262991.0,1928.35,1.126509243,16.61075533
13546,1.13,357744.0,1629.77,2.710854187,15.10324228
13547,1.13,250888.0,852.17,4.146850722,15.65461292
13548,1.5,272533.0,1889.14,0.128335027,12.35117697
13549,0.83,361826.0,733.93,2.303855064,13.65996868
13550,0.22,367846.0,2263.9,1.542931757,17.32379918
13551,1.95,340851.0,1499.33,1.194985776,14.75405409
13552,0.0,151507.0,1948.74,2.068333307,13.82684224
13553,1.33,258212.0,752.11,4.382254734,15.60145782
13554,0.93,368321.0,898.31,-0.168374104,15.64313017
13555,0.4,160170.0,2481.51,2.731451433,17.28125281
13556,1.79,358897.0,1846.53,1.895028664,16.72725721
13557,1.47,377742.0,1912.04,2.078616209,12.38032489
13558,0.34,371071.0,1071.03,4.439934247,14.87721982
13559,1.17,368447.0,854.97,0.817307438,16.72062094
13560,0.51,269943.0,1778.26,1.907208452,13.14100413
13561,0.32,382901.0,1821.14,0.623999467,15.99416334
13562,6.6,247316.0,2674.89,1.8101935,15.710713
13563,2.37,121046.0,2278.16,-0.078020161,14.78467884
13564,1.18,144911.0,1715.33,1.322199736,15.78339028
13565,2.88,145735.0,780.7,2.808535132,15.52138379
13566,1.75,168683.0,1842.42,2.367785184,15.82677109
13567,2.27,364024.0,1856.42,0.293559201,16.5456828
13568,0.82,357995.0,1245.65,1.282195677,13.3795784
13569,1.94,364628.0,1782.27,4.036453844,14.85046929
13570,0.82,163611.0,2139.02,2.326799214,16.74367628
13571,1.67,140734.0,1369.76,0.314290184,14.49099538
13572,1.61,126037.0,1890.15,1.275690103,15.9879579
13573,0.99,361751.0,1858.59,2.206372214,15.81462559
13574,2.08,370193.0,2492.63,1.704587232,12.97100558
13575,2.14,156477.0,2873.62,1.823178152,15.75592037
13576,0.91,134555.0,1892.1,-0.093396684,14.243288
13577,2.35,386585.0,1526.93,2.095443726,16.37943199
13578,1.25,365995.0,1229.5,1.324385517,16.6561838
13579,0.86,168224.0,1923.33,2.295967116,16.04542841
13580,1.1,385359.0,1931.37,1.582943152,17.02594723
13581,2.5,370948.0,1825.12,2.316627973,15.55924293
13582,1.57,367492.0,1859.39,-0.188448254,14.08494107
13583,2.54,262097.0,1953.81,1.143489708,13.83646025
13584,1.13,373253.0,801.9,1.095988497,14.76761576
13585,0.99,257775.0,1682.71,1.222288228,16.00235096
13586,1.28,361954.0,819.64,0.135371941,15.63242281
13587,0.94,390048.0,1974.25,2.444543156,17.25724237
13588,2.67,242391.0,1745.09,2.967446178,16.43107047
13589,0.89,146096.0,2328.44,2.54924409,13.11605902
13590,1.46,148769.0,1889.84,0.705261169,14.17696617
13591,1.94,267584.0,1775.53,1.121419435,15.77915488
13592,1.22,343174.0,2208.84,0.977135938,16.87685871
13593,0.62,265035.0,2375.59,4.156956565,16.04455617
13594,1.66,393658.0,1702.19,3.364700577,17.20329692
13595,1.83,155774.0,2674.25,1.622359205,17.26119082
13596,4.06,138499.0,950.43,1.540731516,13.34772661
13597,0.82,139697.0,2492.78,2.08547953,13.35174063
13598,0.64,377564.0,2141.61,1.446751355,16.1524232
13599,1.36,387766.0,1804.67,3.289001723,15.59373668
13600,2.08,150274.0,866.95,1.754639354,15.38843724
13601,1.61,139649.0,1906.11,1.302226218,13.19851241
13602,0.0,260748.0,1292.8,2.292103751,16.54842458
13603,2.44,252196.0,735.32,0.998982361,15.15737042
13604,0.88,255329.0,2508.45,1.107368223,17.20491475
13605,2.09,150409.0,849.46,1.252347056,14.79179968
13606,1.42,246056.0,1611.78,3.569699869,15.87508296
13607,1.09,365220.0,1538.49,1.788126952,14.24880181
13608,2.17,240256.0,1142.76,0.825843391,14.63070693
13609,2.3,336767.0,1713.0,1.491158253,15.00396809
13610,2.52,379635.0,1902.38,2.103441243,16.77758355
13611,1.16,134044.0,2210.08,2.462561459,15.59957437
13612,1.48,367993.0,2628.61,2.113782157,15.17210261
13613,1.47,128040.0,1765.32,1.916339958,13.84404788
13614,1.27,381864.0,1393.52,-0.326393035,16.92858944
13615,2.33,354281.0,1905.75,1.317830113,14.36861981
13616,1.03,150168.0,2409.74,2.989500402,15.51147307
13617,0.78,265096.0,631.38,1.317995459,15.73188466
13618,2.14,261843.0,996.6,1.757281893,14.8376631
13619,1.18,245650.0,1265.57,1.687704376,13.89627308
13620,2.02,388769.0,1764.05,3.929818485,16.35220277
13621,0.83,379515.0,710.26,3.597984307,16.35458916
13622,1.87,366957.0,2316.75,2.310610689,16.99812178
13623,0.0,359771.0,1394.45,1.994291532,16.13156175
13624,1.11,350152.0,1770.7,1.005123712,16.35134572
13625,1.44,377249.0,883.84,3.512130597,16.30638882
13626,1.73,239959.0,2250.53,1.476871737,15.80159451
13627,2.16,142808.0,1393.81,1.578149181,17.36105136
13628,3.24,153396.0,2400.81,2.235094274,13.56406322
13629,0.48,378619.0,2422.54,1.732862272,14.90507662
13630,0.28,380970.0,1346.56,3.436174151,15.9562949
13631,2.01,369363.0,1445.94,2.946314749,16.02258897
13632,1.39,140008.0,1610.11,1.644719523,14.54205099
13633,1.08,347224.0,2034.71,1.746518277,14.84643644
13634,1.66,394517.0,2333.33,0.588776568,15.75759953
13635,1.5,133865.0,1400.86,2.665533473,16.08858147
13636,0.97,347529.0,1687.93,2.670701751,15.24134064
13637,1.47,385463.0,1870.72,3.514286368,15.07893371
13638,2.15,378807.0,2349.96,3.882988241,14.34356502
13639,1.22,387168.0,1808.82,1.768294902,16.09913746
13640,0.41,349137.0,845.42,1.792819919,14.98440954
13641,1.76,357926.0,1927.18,2.456612746,16.09552486
13642,0.92,259275.0,1918.67,1.536062844,13.86844507
13643,1.15,354294.0,1819.19,1.567671548,16.50964401
13644,1.6,146779.0,2065.57,0.90200816,15.9729966
13645,0.78,358776.0,2007.74,3.022061279,13.40179186
13646,0.93,359817.0,1673.08,2.317361286,13.65962132
13647,1.18,149809.0,790.8,3.490241252,15.70234574
13648,2.04,373759.0,2231.12,1.679285051,13.47944538
13649,0.68,271364.0,1768.95,2.337178596,16.04084008
13650,2.16,142841.0,588.41,4.876899087,12.83220646
13651,1.47,354661.0,2587.21,2.823563391,15.95712118
13652,0.1,364010.0,1697.82,1.618591708,15.13919494
13653,1.06,372947.0,2279.41,0.971701531,16.19811273
13654,2.15,130737.0,876.19,3.005176312,16.36881698
13655,1.89,149775.0,1726.32,2.673641395,15.75889047
13656,0.62,373744.0,1990.3,2.925154562,15.82639713
13657,1.87,281932.0,1850.21,1.328748442,15.4011089
13658,1.88,368781.0,2597.84,1.45591009,17.73027397
13659,1.52,149481.0,2403.48,2.890481798,16.48074845
13660,1.33,385445.0,2411.02,4.502200795,14.1239409
13661,2.11,166745.0,2153.87,2.176169245,12.44858716
13662,1.93,231677.0,1418.62,1.517992231,13.03281706
13663,1.86,266349.0,1020.76,1.053823897,15.38015826
13664,1.42,250692.0,1941.24,1.74397482,16.42268354
13665,0.93,265340.0,2466.96,0.929717534,16.03778605
13666,1.47,139202.0,1368.01,4.005774583,15.03563397
13667,2.32,162143.0,872.72,2.519999543,15.88490502
13668,1.77,161753.0,1813.58,2.784872787,13.6209207
13669,1.72,365773.0,917.9,1.77229149,13.30158726
13670,1.4,344282.0,1810.84,3.620284468,16.69287157
13671,1.96,251244.0,1837.85,1.252394544,13.69236194
13672,1.56,395190.0,1410.32,1.188505238,15.70756672
13673,2.03,135954.0,1297.92,1.675652984,12.58884321
13674,1.65,384085.0,1701.74,-0.200817274,16.16069572
13675,2.29,129781.0,1859.73,3.015731299,13.29235917
13676,1.49,153295.0,2198.97,3.656379464,16.60132002
13677,1.54,241278.0,1929.87,2.427153682,17.27520249
13678,0.58,243698.0,1852.32,0.526374155,12.20949034
13679,1.7,350845.0,2151.64,1.994934109,12.06260789
13680,2.01,377798.0,1593.89,2.247314817,16.19640849
13681,1.24,377644.0,2140.53,1.301487546,14.46188452
13682,1.88,358303.0,1866.39,2.787253215,12.57697483
13683,0.92,165147.0,1980.33,2.04252504,17.59757091
13684,1.32,355275.0,1690.28,2.973356444,16.0152535
13685,2.78,369120.0,2474.27,2.90647827,16.479529
13686,1.44,363166.0,1409.89,1.398487352,11.84181534
13687,1.43,167350.0,825.77,2.161285678,14.76178507
13688,2.56,160703.0,776.53,2.204835747,15.54727738
13689,1.16,156134.0,1564.66,4.360264669,13.16422301
13690,1.39,170085.0,1844.76,1.71709933,13.75712852
13691,0.75,374091.0,1521.98,1.259555915,16.19731799
13692,1.11,383849.0,622.76,1.348362324,16.2476745
13693,1.82,257868.0,1808.32,0.995722543,15.20163107
13694,1.58,138456.0,1222.3,1.969192475,16.49317921
13695,1.5,364355.0,1441.73,2.635087212,14.83293603
13696,1.74,158909.0,1874.17,1.493891145,15.02868018
13697,1.74,250291.0,1321.05,2.245056426,14.98682175
13698,1.23,391774.0,2588.18,4.307392115,16.06416902
13699,2.57,271195.0,1979.16,4.295780324,16.25236516
13700,1.3,252081.0,989.09,0.613594254,15.94215993
13701,1.39,274012.0,2112.42,0.668572258,15.4979613
13702,1.36,119522.0,1742.66,0.735537545,14.39289874
13703,2.19,381556.0,2326.3,2.745934766,12.79210405
13704,0.85,165161.0,824.83,2.350400516,15.21020087
13705,1.15,147719.0,1761.54,2.084223667,15.79784431
13706,0.76,153187.0,1579.61,0.986497779,15.00805859
13707,2.45,128758.0,1756.56,2.676252748,16.11291641
13708,1.8,262676.0,2026.94,4.044845362,16.09374264
13709,0.76,271075.0,684.46,2.059159681,15.01896655
13710,1.54,164022.0,695.06,1.909062187,12.25224511
13711,0.69,160357.0,2438.07,1.885499371,15.27559536
13712,1.34,249588.0,827.44,3.837325859,13.3899725
13713,1.75,132260.0,1902.7,1.977041884,15.1667797
13714,0.0,270694.0,1546.68,1.660250025,15.29562792
13715,1.32,381702.0,2688.29,1.708846249,15.46017711
13716,1.12,371693.0,1633.27,2.094937664,15.52642252
13717,2.05,132215.0,2189.44,2.317976951,12.51080385
13718,1.45,137896.0,1765.76,3.478416781,17.3995508
13719,1.51,366658.0,1881.39,3.038486604,13.55347473
13720,1.72,382047.0,827.78,0.895838231,11.2583727
13721,0.39,368711.0,1204.44,3.048186182,15.494702
13722,1.42,339596.0,1830.32,1.835955652,15.14949785
13723,1.38,390661.0,1838.78,4.394594909,14.61631754
13724,0.96,167206.0,2160.52,2.678196624,15.57286596
13725,1.01,141051.0,2509.52,2.985453595,15.18667043
13726,1.73,367890.0,690.5,1.902574824,13.17244018
13727,1.48,358891.0,1799.83,1.998335838,14.68455298
13728,0.86,141441.0,2005.37,3.34352808,15.67783278
13729,1.23,367831.0,1917.46,3.463664053,15.37012313
13730,1.46,377492.0,2070.35,2.03665301,15.32476826
13731,1.88,355518.0,1917.92,2.12074707,13.21373477
13732,1.86,128974.0,1593.93,4.33373604,15.87998183
13733,2.1,276467.0,655.07,4.38066152,15.07901608
13734,2.43,256667.0,1316.46,2.055439915,15.67006818
13735,1.81,365696.0,1007.42,2.098362562,14.61248725
13736,1.31,143388.0,2237.23,1.913327409,16.788022
13737,0.99,118447.0,1968.88,3.648913055,15.42252235
13738,2.17,375303.0,1072.88,1.682428669,14.3735657
13739,1.71,374205.0,761.73,2.24133143,15.51771595
13740,0.8,351244.0,2422.6,2.392289114,14.11101763
13741,1.38,351586.0,1263.9,3.454129542,15.53925507
13742,1.52,360967.0,1915.68,1.404960785,16.49533503
13743,2.41,353460.0,2255.04,0.703437307,14.13137963
13744,2.14,350248.0,1002.02,0.991046497,15.41183047
13745,1.05,169711.0,1886.92,2.300948633,16.3144303
13746,1.19,373147.0,2395.54,1.553535191,15.88610284
13747,1.96,376228.0,2361.43,2.467581371,13.50996107
13748,0.99,276317.0,1133.42,3.993712659,17.3373237
13749,0.25,378017.0,1521.86,1.643806712,15.15081062
13750,2.11,368205.0,903.5,3.343694446,15.56123631
13751,1.62,242997.0,2073.12,1.716672978,17.10660501
13752,1.19,351692.0,721.45,1.499090298,15.47551953
13753,1.43,370530.0,2087.48,1.928550973,13.47857082
13754,1.62,258750.0,1364.07,2.011347719,12.22642329
13755,1.63,251247.0,1907.7,2.735185557,15.40642103
13756,1.25,383406.0,2621.31,1.396487767,12.79323086
13757,0.33,378749.0,1509.98,2.087610484,15.74491502
13758,1.33,257269.0,2250.67,1.499410709,16.26103543
13759,0.73,119338.0,1882.08,2.9863134,16.38758396
13760,1.23,363369.0,1559.55,1.729112319,14.91567165
13761,1.59,375841.0,1902.59,1.652593902,14.67680585
13762,1.87,369821.0,827.0,1.528190462,15.45181662
13763,1.14,141667.0,2095.48,1.247908637,15.22249678
13764,1.41,155402.0,1654.0,2.404320146,16.46469457
13765,0.64,388864.0,2202.65,4.080007108,12.896251
13766,1.0,378463.0,1461.12,1.572022815,17.22830454
13767,0.0,374416.0,1340.44,0.338724247,17.05813534
13768,1.41,363424.0,1840.55,1.415391278,13.25785348
13769,0.18,362127.0,2312.02,1.113929414,16.16651918
13770,0.53,247275.0,1281.23,1.052552478,15.70243525
13771,2.79,130489.0,1144.46,3.690898779,13.22285461
13772,2.67,370985.0,2075.37,4.401740708,16.24736049
13773,0.89,392231.0,2476.48,2.193373845,17.62498047
13774,2.65,258860.0,2399.69,2.872728939,16.73895344
13775,2.32,368167.0,1248.4,1.341372387,16.78506111
13776,2.12,176381.0,1864.42,1.325266265,15.56750589
13777,1.14,360888.0,1678.71,1.666014055,13.14829205
13778,0.68,257612.0,1811.88,2.23816384,14.99953921
13779,1.73,114947.0,1876.4,1.110001953,15.1017154
13780,2.18,354432.0,1300.64,3.813535773,15.32623583
13781,2.87,350583.0,1405.18,2.778610641,14.95765401
13782,1.36,124386.0,2469.12,2.419279648,15.76971629
13783,2.96,271028.0,759.05,1.585856094,15.53868242
13784,0.95,140678.0,1918.12,2.93581039,16.00039711
13785,2.49,273244.0,1482.7,0.013814785,15.52823962
13786,1.9,345503.0,1962.48,2.087892666,15.56023423
13787,1.93,374983.0,1269.8,2.194498114,12.30229013
13788,0.97,380131.0,2245.73,0.610226533,15.49711461
13789,1.08,366981.0,1775.34,3.151399654,16.65556418
13790,2.12,350577.0,1823.74,1.353462185,14.92327738
13791,2.72,270051.0,1829.48,3.162464845,14.02647612
13792,1.89,150019.0,2277.13,2.130295287,13.12661224
13793,1.4,357499.0,951.55,-0.326393035,15.8531546
13794,1.72,382416.0,1479.89,2.850893202,15.83799431
13795,0.31,366591.0,1948.16,1.523695249,12.9370959
13796,1.04,261956.0,2080.77,1.421979622,15.24076245
13797,2.34,178931.0,1228.25,2.539317191,14.11755954
13798,1.89,389678.0,2306.55,1.685501411,15.00006525
13799,0.47,374472.0,1709.62,3.038960511,12.98317309
13800,2.32,335100.0,1651.55,1.065285072,14.80678588
13801,0.91,346750.0,1483.59,1.038791531,15.7468981
13802,1.06,381218.0,1858.33,4.789209419,15.0334162
13803,0.87,369596.0,2534.22,4.850497013,14.42707342
13804,1.24,283390.0,2318.72,1.434671966,16.40506138
13805,2.61,360555.0,2146.67,2.190377519,16.77338033
13806,1.51,374835.0,673.95,1.861443826,15.89803613
13807,2.63,361053.0,1961.99,2.529077519,14.9623574
13808,1.57,270086.0,1896.8,0.958405433,15.1271171
13809,0.34,259644.0,773.33,1.191534931,15.52404767
13810,0.95,246304.0,1872.08,1.741986572,17.04233743
13811,2.73,359314.0,1783.73,2.07811042,15.99603201
13812,1.22,354244.0,1828.25,3.969039969,14.72413293
13813,2.25,371934.0,1260.77,1.039637848,16.7554004
13814,1.57,345670.0,1776.46,4.076604343,14.14089085
13815,1.81,243071.0,886.97,3.603730256,14.92293475
13816,2.92,259965.0,1851.72,2.831212157,15.48520273
13817,0.42,368049.0,2096.85,4.601244535,13.96573916
13818,1.87,367685.0,1888.24,1.845773313,17.0081443
13819,1.8,260486.0,865.3,2.002433418,16.8552275
13820,0.82,392458.0,1815.85,2.261612166,14.0694264
13821,2.2,152589.0,827.25,1.995044678,14.34845058
13822,0.87,145525.0,1760.44,0.83395929,14.14611018
13823,1.84,140191.0,2290.09,0.283183747,16.90623632
13824,1.56,159556.0,2095.77,3.224899982,13.8987056
13825,0.36,251921.0,1799.78,2.218558878,11.79258878
13826,1.16,153198.0,1987.79,1.489303331,15.82711644
13827,0.9,122825.0,1872.8,1.688472648,15.38802816
13828,2.13,367923.0,1675.75,2.410055097,15.32745423
13829,2.14,153058.0,1035.67,3.339937458,15.31801795
13830,1.93,389976.0,1184.93,2.40490785,13.80012146
13831,3.63,237596.0,2452.82,3.792214214,15.13756778
13832,1.43,148183.0,1804.64,2.496861563,14.62109666
13833,1.86,137519.0,1410.77,4.554246096,13.95195995
13834,1.53,359466.0,2395.42,1.005814572,15.18668498
13835,1.35,128244.0,1440.4,0.21404723,16.96834946
13836,0.79,360417.0,1728.4,0.536120595,15.92314634
13837,1.58,388766.0,2018.77,1.288412561,13.13199915
13838,1.9,366901.0,1898.14,0.017578822,15.30332298
13839,2.36,376170.0,1822.33,2.803720464,15.80292403
13840,1.71,350769.0,769.45,-0.070480795,16.06734887
13841,2.43,364551.0,1890.23,1.688231651,13.29755945
13842,2.02,378466.0,1921.55,1.588409457,15.93386119
13843,1.75,263792.0,1787.01,1.716702383,16.32441882
13844,1.75,379637.0,1307.09,0.57224197,15.94240563
13845,2.12,259206.0,859.32,1.041010051,13.12917905
13846,1.44,397082.0,1705.48,3.404931686,15.1475907
13847,1.38,387259.0,2096.77,4.277463945,14.92948915
13848,1.55,366730.0,1236.21,1.330333269,16.28273483
13849,0.74,378575.0,1896.27,2.871556734,16.92300031
13850,0.86,401119.0,2416.84,2.77325923,12.31610573
13851,1.41,363496.0,2091.86,3.471424481,14.19383673
13852,2.86,377105.0,586.86,1.308174599,15.93048635
13853,1.29,381188.0,1628.53,1.205584172,15.54149381
13854,1.49,121350.0,2494.77,1.822856885,15.01407332
13855,0.34,368846.0,1458.93,1.270463665,13.33140074
13856,1.82,366359.0,927.37,4.093177684,17.28023118
13857,0.92,376348.0,2170.28,0.807806555,15.28524873
13858,1.1,380528.0,2182.77,4.285000413,16.97422467
13859,1.37,382957.0,2043.6,1.464367185,16.04005588
13860,1.26,247978.0,2324.37,1.553596003,15.55317836
13861,1.7,139205.0,2160.72,1.415673727,14.99548222
13862,2.49,175928.0,1941.14,1.364932086,17.23914939
13863,1.54,366809.0,1483.13,1.077759141,16.24607183
13864,1.74,400095.0,1511.99,1.660007655,15.06672621
13865,0.88,351095.0,2099.64,1.226689504,16.59645738
13866,2.12,370565.0,2136.51,1.781514818,13.88861647
13867,1.98,353946.0,1575.52,3.034930568,15.11315116
13868,1.0,373450.0,2107.47,4.20267636,15.96658948
13869,1.34,340272.0,1157.68,1.736236234,14.83467624
13870,1.86,138693.0,1790.82,0.932187835,14.2681806
13871,1.68,401119.0,2151.23,2.010043235,14.10114257
13872,1.01,357282.0,1219.09,2.709178782,15.38543989
13873,2.32,148611.0,2534.72,1.529474058,15.63860846
13874,1.74,253447.0,2192.21,2.97304632,12.82237106
13875,1.74,256678.0,2336.83,2.74058833,15.71565449
13876,1.18,148026.0,2137.71,1.511767154,13.48488901
13877,2.54,383051.0,1548.52,1.464214635,13.2891351
13878,1.0,343681.0,1780.28,2.048165461,14.71777853
13879,0.61,386426.0,1224.59,1.439050625,14.50305302
13880,1.07,367254.0,1168.4,1.701252053,17.2231903
13881,1.64,383107.0,1905.1,2.253954638,13.76469884
13882,0.31,251268.0,2462.66,2.016790806,16.35051032
13883,2.51,267068.0,1982.48,1.373380036,12.71112313
13884,2.2,239841.0,1778.45,1.840113009,11.64348758
13885,1.09,391313.0,953.67,2.429389749,12.99894188
13886,1.57,361343.0,1901.7,1.409537512,13.83926239
13887,1.43,256530.0,1573.74,1.614557764,16.40862158
13888,0.29,165441.0,2353.65,2.348719046,15.65229485
13889,0.73,381386.0,2606.97,2.885077911,16.03592277
13890,2.18,162871.0,2797.06,1.802173313,17.14616323
13891,1.89,358301.0,1359.87,1.337757024,15.74435387
13892,1.08,385701.0,2162.45,2.248123018,16.17537558
13893,1.69,401119.0,1772.88,1.375314808,15.70206276
13894,0.96,375833.0,2004.41,1.099831853,16.94473302
13895,2.7,364420.0,1792.42,4.103322751,16.60213523
13896,3.45,252602.0,2418.44,1.45761714,13.47483154
13897,1.22,351233.0,1808.35,1.217483593,12.97465247
13898,1.93,138229.0,1762.18,1.32806857,15.61594168
13899,1.82,153187.0,1789.69,1.950465812,13.35733359
13900,2.14,357254.0,1229.0,1.116856699,16.22619256
13901,1.81,354542.0,2304.63,1.525394358,15.09476545
13902,0.54,361070.0,2393.56,1.439720898,15.93825042
13903,0.62,368206.0,1756.52,2.367200566,15.27877251
13904,1.25,342654.0,1154.98,0.852285156,15.51585388
13905,1.19,372365.0,897.68,1.770405301,15.56962513
13906,0.7,264405.0,1282.02,3.769912288,14.16881752
13907,1.06,122624.0,1176.17,0.697289534,14.54513634
13908,0.92,263417.0,2186.74,2.069118093,15.55225547
13909,2.23,260143.0,1055.91,3.061834385,16.02313389
13910,1.74,377380.0,1567.53,2.497362937,13.82766448
13911,1.29,248466.0,833.06,2.248040068,16.1549424
13912,0.66,124990.0,2660.18,2.357127337,16.05437569
13913,0.96,358727.0,1269.3,2.110192858,17.64852183
13914,1.47,153279.0,2015.66,2.04231596,15.98974717
13915,2.81,144682.0,1320.71,3.039115052,14.45298492
13916,0.55,358559.0,2303.51,2.24714997,14.5118593
13917,1.53,376279.0,1787.25,0.693971511,16.2319437
13918,1.52,242278.0,1845.57,1.250779862,14.91310011
13919,1.09,361020.0,1767.14,1.188094101,15.03641416
13920,2.9,136046.0,1021.17,1.648232468,15.67601709
13921,2.91,358991.0,1784.35,1.636134885,13.79867621
13922,1.32,152650.0,1340.04,2.716395066,15.96214001
13923,1.12,139355.0,944.39,0.971923251,14.91265951
13924,0.89,368836.0,2225.45,2.169996128,15.80306961
13925,1.41,239459.0,1483.55,1.551208782,14.3659421
13926,0.75,367162.0,1989.62,1.817780233,15.45556134
13927,1.26,379672.0,2383.26,2.518671052,15.00663289
13928,2.22,375589.0,2334.06,2.063713166,14.30474223
13929,0.42,263822.0,2448.88,2.054399012,16.10972966
13930,1.64,360041.0,1919.13,3.414769204,14.17961156
13931,1.85,119295.0,2530.9,2.320456204,16.24667021
13932,2.41,152180.0,1614.01,1.271586039,15.2942885
13933,0.24,395821.0,1876.55,3.762021611,15.14945509
13934,1.48,142780.0,827.25,2.980009744,14.84100999
13935,1.76,398312.0,1845.7,1.71673192,13.99257729
13936,1.25,389075.0,2426.85,2.011510724,12.81827176
13937,2.01,350598.0,1773.04,4.474033513,14.70353573
13938,0.78,269171.0,753.04,1.721437229,16.84807833
13939,1.93,372452.0,1348.49,1.644749319,14.28669606
13940,2.59,336514.0,2030.22,3.863852446,15.06032284
13941,2.79,377853.0,2536.35,2.068087198,15.13654467
13942,0.56,154594.0,1920.19,2.115005141,15.71835761
13943,1.15,363549.0,1706.54,1.631162093,15.54705298
13944,2.14,389341.0,1782.76,1.111990615,16.26934863
13945,0.51,356266.0,1805.83,2.067093603,13.32878739
13946,1.45,359924.0,1626.19,2.377921404,17.02584007
13947,1.44,381655.0,2481.45,1.441300313,14.93993619
13948,1.27,155148.0,1111.37,2.374398199,16.119802
13949,2.44,129584.0,2614.76,1.306379824,13.47349819
13950,1.19,370158.0,2368.35,1.712694052,11.87100477
13951,2.13,374576.0,901.54,1.448576325,15.63651581
13952,1.22,129689.0,1976.57,3.091661655,13.57593635
13953,2.22,159641.0,2211.33,1.657482602,15.88744435
13954,2.37,358812.0,765.74,2.280766112,15.01680873
13955,1.14,166413.0,586.86,3.099413456,14.06580212
13956,1.28,115090.0,910.54,3.602002127,17.11709189
13957,1.12,373683.0,1704.05,0.272083092,15.9324976
13958,2.07,354001.0,2221.33,4.721960118,13.15120411
13959,0.58,353589.0,1715.5,2.239639219,15.22015963
13960,0.73,387096.0,1000.17,2.140454571,15.44158873
13961,2.4,378730.0,769.39,3.682750711,14.77600247
13962,1.65,372915.0,1873.31,1.470529554,14.82381801
13963,1.2,399302.0,2569.45,3.235717708,14.67887841
13964,0.39,371844.0,778.32,1.496450908,14.77429127
13965,1.61,394012.0,2109.41,1.842832346,15.02268305
13966,1.88,391664.0,2150.66,2.06263768,16.21330653
13967,1.17,376005.0,839.86,1.737032209,15.86630303
13968,1.93,162503.0,2493.69,2.435646375,14.40727651
13969,2.04,388110.0,922.98,2.685600604,13.38780926
13970,2.15,168739.0,2575.48,2.526292364,16.68798417
13971,0.87,369602.0,1768.04,4.534278091,16.24232286
13972,1.11,368612.0,874.7,1.595737516,15.45228961
13973,0.74,172809.0,2490.9,3.345154262,17.57446941
13974,0.96,382394.0,992.37,4.019016565,15.90213108
13975,1.95,369114.0,1360.46,1.281924402,16.0776568
13976,1.63,369543.0,1951.45,2.781315407,15.91899271
13977,1.35,379192.0,1818.9,2.005066727,16.31649816
13978,2.08,141806.0,834.43,1.89781794,12.85732115
13979,2.08,243913.0,2399.22,1.432182555,13.87913485
13980,0.0,351289.0,991.22,3.003830925,16.16907324
13981,2.65,251728.0,2230.92,3.09903607,16.28931039
13982,1.38,261725.0,674.7,4.109249941,13.88882725
13983,1.68,337349.0,914.58,2.823525005,16.05802341
13984,1.3,366071.0,1828.24,1.282366153,15.74544655
13985,0.51,362798.0,907.76,2.43707847,13.69593441
13986,2.36,160605.0,1042.11,1.653671619,14.51415774
13987,2.33,382796.0,1192.56,2.213366209,13.51515183
13988,1.08,249165.0,1664.61,1.455568904,11.27091917
13989,2.22,353847.0,2236.4,0.822271449,14.70669388
13990,2.17,366941.0,1024.09,2.050693564,13.51126837
13991,0.59,384137.0,1876.8,1.663482438,13.77703133
13992,2.15,145290.0,1644.49,2.77807153,14.12173629
13993,2.38,245781.0,1360.33,4.664468759,13.26132917
13994,1.12,146135.0,1839.75,1.204777918,16.06837999
13995,1.93,138545.0,2283.44,4.374701177,14.4760371
13996,1.88,347373.0,2097.03,1.07845297,15.43423189
13997,1.76,393417.0,2124.2,2.493742813,15.9336856
13998,1.41,391189.0,3041.15,3.746748511,15.29959195
13999,1.02,374213.0,1728.94,0.220169541,17.08603695
14000,2.07,149106.0,1827.25,0.188844937,16.08036992
14001,0.82,375659.0,1986.41,3.301884358,13.76937027
14002,0.76,396661.0,1299.41,2.962575464,16.07145092
14003,0.31,136128.0,1395.88,2.468309684,13.27873252
14004,1.75,266037.0,1413.25,2.205190637,15.07797013
14005,1.82,350559.0,757.45,2.915530583,12.32847643
14006,3.12,335821.0,1752.04,1.995800105,15.70902356
14007,1.59,159819.0,1621.83,2.673617838,15.91165401
14008,1.57,138417.0,946.38,0.911022501,15.38609173
14009,1.3,375079.0,2350.28,2.30581027,16.12135158
14010,2.17,148476.0,1944.1,1.795965461,13.53833485
14011,0.0,342515.0,757.27,2.194863229,13.76925113
14012,1.63,146533.0,1413.33,2.953263059,16.04770468
14013,1.78,372765.0,2169.91,2.013805878,17.09932268
14014,0.64,381138.0,1756.81,1.216881968,13.25218967
14015,2.43,384164.0,2383.36,3.023100529,15.2081959
14016,1.23,133833.0,946.29,2.655748446,16.52964692
14017,1.11,155877.0,1443.52,1.721065011,15.61852239
14018,1.55,140852.0,2225.65,1.967763451,15.18858166
14019,0.0,154341.0,2038.56,3.615628769,13.25229779
14020,2.22,114947.0,2116.93,4.02275653,16.48405489
14021,0.97,130282.0,2408.11,1.893106291,16.22378736
14022,1.44,291687.0,1904.16,1.985227944,16.10702712
14023,0.84,154894.0,2732.21,3.740382361,12.32445713
14024,1.24,147643.0,2022.75,1.956632576,14.34525295
14025,1.24,146373.0,2245.19,1.641304736,15.2178938
14026,1.59,261323.0,1841.64,2.327480826,13.43711982
14027,0.98,158566.0,1960.15,1.708391008,14.44546646
14028,0.85,379494.0,2245.69,1.348236503,15.38548827
14029,2.09,390762.0,1684.38,3.190537508,15.43437534
14030,1.86,344446.0,1036.26,0.926050892,15.35049511
14031,1.26,372962.0,1848.75,1.218301777,16.49576902
14032,3.22,144045.0,983.25,1.275966617,15.540298
14033,1.24,142010.0,1692.88,2.641598311,16.23234709
14034,0.84,174539.0,2231.95,0.155924228,16.59575585
14035,0.69,373843.0,1861.31,3.655822314,15.65691515
14036,1.49,366302.0,2289.91,1.67081992,15.71332168
14037,1.21,259779.0,1544.06,1.539675181,13.78164951
14038,1.81,156072.0,1728.5,0.176636914,16.20362249
14039,0.82,357914.0,907.12,2.825186925,14.90982111
14040,1.16,382565.0,1903.72,4.755524474,16.19837622
14041,1.98,383740.0,1741.04,3.580390582,14.61927516
14042,1.99,381810.0,2309.75,2.095336518,14.94305423
14043,0.52,379932.0,1951.88,1.482586707,11.76470969
14044,0.37,357464.0,1483.29,1.819715125,14.1598244
14045,1.4,135971.0,1779.06,1.59482243,15.04652372
14046,1.62,393866.0,1965.97,2.961745072,16.1042485
14047,1.58,258528.0,1781.37,2.304829178,15.1072001
14048,2.48,255184.0,2171.65,1.04709172,15.22677911
14049,1.49,375144.0,2177.09,3.588891373,15.39932475
14050,1.43,360913.0,1259.02,2.770672169,14.0197911
14051,0.67,363868.0,2354.17,3.889893449,13.49575124
14052,0.6,388853.0,2630.14,2.891945434,14.18910694
14053,1.57,376148.0,2051.74,3.138950138,13.16092022
14054,4.32,253046.0,1694.85,1.078953062,15.39887097
14055,1.42,356749.0,970.54,1.944053193,16.33916176
14056,0.53,387855.0,1912.9,3.10939687,15.99106548
14057,1.06,397016.0,1599.45,3.138860265,16.8059526
14058,0.58,176903.0,1370.89,0.74383032,16.9276848
14059,3.24,152501.0,2047.2,0.963530213,16.16714078
14060,2.18,377744.0,1505.9,0.843905417,16.04224287
14061,4.01,374196.0,1403.04,2.798605032,14.3867757
14062,1.27,378472.0,1845.18,3.324825591,14.70782444
14063,2.02,355395.0,1545.64,2.740519879,15.15696762
14064,0.57,367732.0,666.46,3.810135402,13.43950329
14065,0.93,264696.0,1903.8,1.782681872,15.53729604
14066,1.83,377126.0,2491.3,1.330938355,16.90050583
14067,2.44,144080.0,1667.77,-0.326393035,15.52433231
14068,1.29,378788.0,2153.1,2.056242635,15.59933355
14069,0.01,382187.0,2282.19,0.932641091,15.30265662
14070,2.37,265322.0,1726.64,2.886866447,14.8637447
14071,1.91,163799.0,1293.39,4.374475946,15.76740973
14072,1.01,139195.0,1901.72,0.702532348,13.61637991
14073,0.81,359875.0,1769.19,2.729070631,13.2400516
14074,2.42,349742.0,586.86,1.621681281,16.00875374
14075,0.88,248447.0,2275.4,1.644707661,13.80921142
14076,1.15,252980.0,975.71,1.832324281,16.19841859
14077,1.3,346147.0,1886.22,1.342968292,15.29886391
14078,0.95,169626.0,1450.33,1.960901042,13.36676761
14079,1.86,361028.0,1885.72,0.986138419,14.33601584
14080,0.0,142834.0,1354.65,3.851140457,16.12847585
14081,1.9,374903.0,2572.38,1.00488778,15.48547323
14082,1.68,378216.0,2308.54,3.851418559,16.52350238
14083,0.6,367003.0,2294.26,1.480732128,12.56277558
14084,2.13,133740.0,1741.39,2.071738583,13.33106075
14085,0.86,365318.0,1919.3,1.844577159,15.52719492
14086,1.73,155584.0,1437.87,1.077373678,16.72072381
14087,0.74,381632.0,1952.66,3.846753756,16.66626788
14088,1.73,377639.0,1840.96,2.97048418,16.24603532
14089,2.51,155013.0,1291.55,2.195230659,15.26563607
14090,0.7,146979.0,2279.9,1.846805667,15.11692798
14091,1.91,382246.0,1949.84,1.763665929,14.67509391
14092,1.33,150036.0,1139.68,1.32740754,17.19730444
14093,2.11,368703.0,2490.52,1.295160469,15.12523583
14094,1.64,353934.0,2339.76,4.255603584,14.13172869
14095,1.73,356164.0,1520.68,1.763242606,15.6922475
14096,0.99,373374.0,1879.09,2.164920549,16.98603475
14097,0.91,137832.0,1175.27,1.984445525,15.6601145
14098,0.88,350854.0,1878.68,0.903026435,14.47498193
14099,0.87,373708.0,1837.96,2.907296874,15.82633701
14100,2.82,378904.0,711.74,2.427682682,15.45152018
14101,1.67,348470.0,1447.96,0.409183812,17.06367832
14102,2.36,345313.0,1327.89,1.699610591,13.53360503
14103,1.28,153931.0,1783.58,2.093148624,16.1550017
14104,1.25,347200.0,1721.6,2.945512679,13.97988918
14105,1.22,370130.0,1760.14,1.727308075,14.0908248
14106,0.48,162518.0,1847.81,1.369612631,14.0116592
14107,2.47,244367.0,586.86,1.757659001,16.20108979
14108,0.53,381587.0,1828.99,2.33857881,15.68927174
14109,1.17,259383.0,2728.84,1.144655837,15.73302152
14110,1.68,156328.0,771.43,0.668102459,15.92226962
14111,1.01,155331.0,924.68,1.661140621,16.09268313
14112,0.56,397647.0,2077.29,1.94645473,15.52223543
14113,1.38,372761.0,1983.12,1.423864156,16.20865977
14114,0.89,371566.0,1871.28,1.619141155,14.69165293
14115,1.22,163874.0,2328.84,1.403793309,15.7505053
14116,0.35,375444.0,1887.02,0.612768054,15.73413779
14117,2.55,370609.0,869.07,3.192030069,14.0972009
14118,0.72,355894.0,1799.19,1.607689842,12.71142577
14119,1.21,353837.0,1120.9,2.385974115,13.65674924
14120,1.44,147395.0,1350.14,1.333280255,16.92773875
14121,1.43,363920.0,1776.51,3.585137907,15.33771345
14122,0.36,141759.0,1455.64,3.332110459,16.13480466
14123,1.76,251673.0,2288.15,3.71830035,15.89484415
14124,1.32,352047.0,2214.8,3.903902452,16.11992406
14125,2.16,132382.0,2372.7,4.115685025,16.30298794
14126,1.88,149801.0,707.38,1.744720989,15.15876167
14127,1.14,359522.0,999.09,2.323740747,16.12753651
14128,0.79,261962.0,1854.6,1.587313269,14.1202653
14129,0.67,242397.0,1322.16,2.185068119,14.82799067
14130,2.11,127811.0,2280.58,3.460811629,16.47017442
14131,1.64,260047.0,754.93,3.348511281,13.9494682
14132,1.27,351846.0,2412.01,1.93573725,15.26465019
14133,1.75,401119.0,761.32,1.558006376,15.33516651
14134,1.55,367582.0,1405.69,3.042959089,13.20245581
14135,1.52,351994.0,1770.39,1.315107917,15.09107884
14136,2.37,351904.0,1674.17,1.858422636,15.5288123
14137,0.81,355115.0,1687.38,1.888942854,16.2046481
14138,1.06,245425.0,1467.66,2.842797291,15.62028077
14139,1.37,134271.0,1923.66,1.833979196,15.02395284
14140,1.23,352831.0,1855.39,1.765526664,15.8673696
14141,2.57,154928.0,2290.0,2.930402402,13.10432719
14142,1.93,154487.0,2171.61,2.137378542,16.13800428
14143,2.72,125147.0,1951.89,2.499904368,15.84427637
14144,1.86,174151.0,1844.32,2.118311402,15.34118014
14145,2.16,277647.0,938.21,1.610809328,15.33135908
14146,1.31,155096.0,949.57,1.741976869,13.76130954
14147,1.77,261728.0,2245.09,3.952148758,15.85775813
14148,2.33,382640.0,1217.72,4.165830357,13.33574448
14149,1.73,372396.0,1988.85,2.255325399,15.63616718
14150,1.55,371470.0,1601.04,3.805519417,11.2583727
14151,1.68,378452.0,1944.08,1.98308305,16.84899264
14152,1.83,249947.0,1919.19,3.321086855,13.80604592
14153,0.65,391857.0,2343.43,1.373348704,15.617107
14154,2.17,129594.0,1743.02,3.995708318,15.45433042
14155,1.98,251454.0,865.47,2.478018787,15.80727248
14156,1.89,361950.0,960.82,2.989472719,15.32724183
14157,0.99,357249.0,1453.69,1.255957962,14.89727374
14158,1.08,376695.0,1989.64,4.694634488,16.66938639
14159,1.41,235794.0,1986.7,3.049602491,15.41179442
14160,1.35,390633.0,1843.61,2.429737197,16.18443922
14161,1.78,254876.0,2538.87,2.943596026,15.88457144
14162,0.87,122610.0,1801.42,2.647162314,16.46969719
14163,1.84,360943.0,1871.6,1.440708698,15.88368481
14164,0.61,249686.0,1326.12,3.731715174,15.32415656
14165,0.93,146698.0,1084.67,1.185557023,14.7261211
14166,1.76,389008.0,1847.61,0.986603756,14.860321
14167,0.32,371521.0,2449.73,1.552139295,16.11391011
14168,1.35,141846.0,1766.81,4.791428913,14.87162398
14169,1.79,396790.0,1770.76,2.585519952,17.25709184
14170,2.06,269555.0,1911.55,1.362190801,15.73528668
14171,1.81,390376.0,1672.45,1.360131245,16.2901041
14172,0.82,368246.0,2212.74,2.533033893,14.1136346
14173,1.7,364973.0,949.72,2.653429027,15.359692
14174,1.81,361539.0,1795.93,0.432333582,13.28745496
14175,0.08,378703.0,2238.27,4.345902572,16.15462731
14176,1.13,376009.0,1408.38,1.482425705,15.37870126
14177,0.31,265999.0,1890.41,1.288811136,16.40462541
14178,1.57,164283.0,1592.39,2.056482791,17.73027397
14179,2.11,386935.0,1010.36,4.170961384,15.26904859
14180,1.41,339924.0,1782.43,2.74235657,15.42566196
14181,1.69,173797.0,2432.8,1.836758692,14.02114593
14182,1.84,143693.0,1829.12,2.253726358,15.29941352
14183,0.7,246235.0,1723.56,1.513101452,16.17479786
14184,1.35,153809.0,1979.74,2.973181936,15.35879387
14185,1.18,145810.0,862.79,1.748437234,15.50175719
14186,0.88,262751.0,1827.59,3.563604011,16.23566124
14187,1.46,357094.0,1864.31,0.421704303,15.04316958
14188,1.44,254000.0,1510.45,1.631679825,16.55714922
14189,1.35,377658.0,1935.39,1.737070751,16.33177694
14190,1.64,243027.0,1824.2,2.439512888,13.27142454
14191,0.83,248057.0,2252.44,1.615285507,16.06979894
14192,2.12,343284.0,1868.78,3.089778088,14.69678388
14193,1.71,374663.0,2235.96,2.227387497,15.43026009
14194,2.45,151111.0,794.51,3.782037564,14.61698007
14195,1.44,131258.0,2015.18,4.290628021,16.81286117
14196,0.96,275133.0,856.34,1.987320886,17.73027397
14197,1.18,401119.0,2422.8,1.466390307,15.57754889
14198,0.0,136669.0,693.6,1.959344862,16.29865316
14199,0.0,165527.0,683.59,1.947162515,14.31181216
14200,1.45,356359.0,940.46,2.311158449,15.8152046
14201,0.27,172548.0,1441.45,1.8327021,11.49553699
14202,1.26,123523.0,1038.22,1.133548527,12.92107551
14203,2.08,146551.0,586.86,1.593485363,15.65926103
14204,1.56,388076.0,1856.48,1.345267323,16.21445773
14205,1.84,247130.0,1852.57,0.814335706,11.50983671
14206,0.55,257810.0,1740.32,1.184458309,15.52668125
14207,0.68,135131.0,2272.96,4.441451452,15.67351259
14208,2.2,362071.0,2054.08,1.548226091,13.95304035
14209,1.16,398875.0,1854.36,1.879593256,17.18638657
14210,1.39,253614.0,1383.05,1.034187847,15.05256754
14211,3.61,360020.0,2389.63,1.944405521,15.18787017
14212,2.24,344932.0,1718.96,2.060746671,15.48699225
14213,1.07,374888.0,1747.32,0.131684917,15.70427165
14214,1.0,378264.0,2002.49,1.375220718,14.11878278
14215,1.26,254433.0,1649.51,3.75136571,15.69462692
14216,1.32,279442.0,2044.34,4.408515612,15.43728704
14217,1.12,364451.0,897.03,1.199691689,13.62454023
14218,1.04,377724.0,1982.96,4.735920292,13.67701959
14219,0.8,154698.0,1946.48,1.855850604,16.7380332
14220,1.82,154307.0,1884.17,1.735701166,15.96880031
14221,0.5,266398.0,2253.98,1.75962467,14.60925614
14222,1.82,365625.0,1863.1,2.403463177,16.04531746
14223,1.93,367571.0,1303.14,1.809096566,15.70440906
14224,2.7,365610.0,1863.87,0.225715618,13.40067228
14225,0.77,392664.0,1714.58,3.644089271,13.60046337
14226,1.13,365648.0,1383.63,1.275323865,15.50810396
14227,0.14,401119.0,1126.46,1.624897393,13.96492712
14228,0.12,157921.0,2389.04,1.633540691,16.15003343
14229,0.77,378421.0,1862.21,1.217201216,16.24812544
14230,1.83,348470.0,1604.28,2.192613942,16.69464606
14231,1.2,360216.0,1005.81,1.341715214,16.70971879
14232,1.08,140436.0,687.76,1.571324571,14.10649641
14233,1.5,185864.0,881.61,1.434693593,17.42732027
14234,1.3,365410.0,2608.41,2.606481348,15.41567471
14235,0.96,262991.0,1304.17,0.044879017,15.62974922
14236,2.51,356299.0,1883.67,2.456292021,15.74290919
14237,1.46,354568.0,1772.07,3.740562659,12.85897933
14238,0.42,363817.0,1978.24,3.023738077,14.92129816
14239,0.98,393959.0,1807.69,1.364913495,12.81248781
14240,0.72,176870.0,1919.9,3.604145188,16.57622531
14241,2.66,148344.0,1470.15,1.410405365,17.73027397
14242,2.0,130382.0,1819.12,1.553252592,15.79067776
14243,2.04,386474.0,970.25,3.287378612,15.26488761
14244,0.44,355323.0,1063.85,1.392497736,14.92022724
14245,1.08,165276.0,1557.69,0.498776872,13.91941056
14246,1.21,358864.0,1705.61,3.58134739,13.76893904
14247,1.16,359486.0,2076.75,4.603348931,14.62604779
14248,2.03,365142.0,1030.33,2.687948739,15.64257075
14249,2.62,369618.0,1730.99,2.244841591,13.72105537
14250,1.67,362755.0,1949.57,1.871001792,13.38221404
14251,2.43,260721.0,2045.24,0.880170781,14.79313956
14252,1.43,345875.0,1995.97,2.097917259,13.90767705
14253,1.04,147014.0,1701.19,2.88566035,15.08652195
14254,0.43,376855.0,2150.36,3.608295317,16.21377776
14255,0.07,361624.0,2151.62,3.108491398,13.21548756
14256,1.16,145160.0,1523.56,2.524443238,15.93645556
14257,1.82,272910.0,1934.43,2.809447415,13.77058081
14258,1.44,365414.0,1866.12,3.414721371,12.33276057
14259,0.02,138946.0,1785.67,3.057827134,15.27097734
14260,0.0,372126.0,1856.09,1.81084194,16.95079876
14261,2.78,264499.0,2000.64,1.843981893,12.72704962
14262,1.04,393250.0,1848.72,1.99861146,15.59417269
14263,0.78,378556.0,1893.51,2.218042104,15.76560985
14264,1.61,358049.0,1437.19,2.471808497,16.81117147
14265,1.96,364827.0,1918.79,1.703853894,15.84425286
14266,1.58,256731.0,747.23,2.745182708,14.99591494
14267,0.52,141696.0,718.75,1.441796389,13.543845
14268,0.8,250931.0,1836.91,2.068626796,13.3529384
14269,1.86,161809.0,1791.31,2.83712342,17.51862387
14270,2.0,385752.0,706.26,3.358198482,13.68059239
14271,1.86,361348.0,3047.82,1.24583938,15.18312138
14272,2.77,259604.0,1616.12,3.600415114,14.68341114
14273,1.02,362648.0,2230.79,2.744109584,15.46970273
14274,1.73,143367.0,979.27,1.988205544,16.09733015
14275,0.09,380341.0,961.47,2.249621465,15.6826022
14276,1.95,391094.0,2335.91,0.788167171,16.95123762
14277,1.09,400347.0,1494.9,1.126245457,16.59648779
14278,2.24,135072.0,1758.97,2.797993703,16.14009396
14279,2.36,365494.0,1814.18,2.299496169,14.50014629
14280,2.07,381266.0,1332.69,3.076319079,15.43985275
14281,1.36,176777.0,1346.44,1.513813699,15.69411843
14282,1.34,242896.0,2228.36,2.216095861,16.3448796
14283,1.94,373340.0,2526.74,0.603681135,16.26219498
14284,1.61,346307.0,1250.36,1.851609932,13.78958983
14285,1.9,387368.0,1824.41,2.546849201,16.29267449
14286,1.82,260342.0,1207.77,2.520963878,15.93991761
14287,0.76,251926.0,1990.08,0.847130436,15.60725155
14288,0.92,375226.0,2339.29,0.87008403,15.61253816
14289,2.17,401119.0,1561.82,3.336151527,16.08142092
14290,0.99,384697.0,1383.92,2.085737621,15.6675054
14291,1.53,383744.0,916.51,1.762651873,15.01138751
14292,0.52,372030.0,914.08,2.805161639,14.54605226
14293,0.93,153104.0,703.14,1.407414521,15.00206248
14294,1.58,376031.0,2207.89,1.821715309,16.92880473
14295,1.63,144348.0,813.57,2.374573578,17.19066918
14296,2.04,360981.0,1784.65,3.097641,12.16770014
14297,1.91,115235.0,1734.35,2.307902625,14.16324009
14298,0.35,139594.0,2158.27,3.23115325,12.49458549
14299,1.19,179870.0,1917.7,2.055645401,17.73027397
14300,1.88,253668.0,2742.47,1.950679266,15.97109294
14301,1.35,373422.0,772.03,2.780661865,16.04938859
14302,1.07,373993.0,817.72,3.620370157,15.400377
14303,0.64,362339.0,2365.09,3.329906856,16.72370981
14304,0.84,135402.0,853.42,3.749628496,17.01706058
14305,1.38,362362.0,966.66,1.569950022,14.81985712
14306,1.25,364822.0,2124.06,1.642706448,13.53309759
14307,1.26,258278.0,2038.93,4.053587203,15.7934525
14308,2.35,332045.0,1692.04,0.826938348,15.75543708
14309,0.36,265131.0,1770.74,0.95542559,16.80395999
14310,0.7,253739.0,691.86,3.564251267,15.77024053
14311,1.95,376068.0,1856.34,3.589286401,15.61236301
14312,0.89,384525.0,799.49,4.109639713,16.47270082
14313,1.19,359343.0,1096.68,2.0684444,14.65087214
14314,0.59,395156.0,2267.17,4.060646059,13.6966635
14315,1.53,366661.0,1804.33,1.013889345,15.76266306
14316,0.74,360187.0,1622.57,2.934221661,17.00085886
14317,0.28,160021.0,2478.69,1.536140605,16.07827665
14318,2.36,280452.0,2389.9,3.563158166,15.19766583
14319,0.7,148300.0,2047.44,4.301902609,12.31069577
14320,0.29,164062.0,1732.21,4.272495991,15.83183786
14321,0.95,388970.0,2346.41,2.106753656,14.3117725
14322,1.85,253426.0,714.97,3.402324065,13.10857145
14323,1.16,171274.0,1982.03,2.290715657,17.20997471
14324,1.34,366462.0,1533.3,1.938103508,16.21462993
14325,2.21,383665.0,954.55,2.175196796,13.45202755
14326,0.37,359681.0,2203.29,0.659351661,12.55318949
14327,2.03,160210.0,1975.67,3.871548687,15.01297281
14328,1.92,146522.0,913.55,1.338958931,15.14346848
14329,1.79,277227.0,2534.99,2.411076864,16.9562851
14330,1.47,390356.0,1542.55,1.23871737,13.62739257
14331,1.41,357216.0,2363.42,0.868945818,15.23527593
14332,1.66,152603.0,1779.72,2.010832627,15.15535119
14333,2.64,114947.0,697.27,0.186865614,13.01885836
14334,1.75,159660.0,1253.9,1.80862173,12.40598779
14335,2.07,377416.0,2455.43,0.193925391,17.13355175
14336,1.69,361303.0,1484.73,1.678455399,13.22213969
14337,1.4,367023.0,1555.75,1.157343844,15.337198
14338,1.78,362976.0,1933.75,2.691705302,14.22360328
14339,1.19,255063.0,2337.74,0.220087014,15.86069758
14340,0.53,373042.0,2801.89,2.68130106,15.63143393
14341,1.11,374933.0,1803.53,1.27853969,15.39788466
14342,0.68,130740.0,1429.12,3.470363087,16.04385088
14343,0.73,246637.0,1880.32,1.203438479,15.84903599
14344,0.95,357242.0,931.55,1.348238506,14.29760524
14345,1.2,391737.0,681.47,1.634516252,17.30310272
14346,1.74,139690.0,2311.65,2.943356147,15.59982357
14347,3.71,256434.0,2359.84,1.851454158,15.86720206
14348,1.71,171613.0,772.92,1.852413895,14.61203333
14349,2.3,274820.0,1970.46,3.116573644,15.81919836
14350,1.5,370542.0,1449.81,1.517842842,15.38298997
14351,2.01,372649.0,1256.9,0.476212841,14.53893477
14352,1.23,380737.0,1787.99,2.942175115,14.07630245
14353,1.61,364691.0,1466.43,1.842698387,14.97504614
14354,2.69,377061.0,669.93,1.569758192,14.11686373
14355,2.55,364953.0,1366.38,1.464652975,14.03211313
14356,1.21,254805.0,1790.22,3.636730319,12.85375479
14357,1.89,361259.0,1353.7,2.242666113,13.0729284
14358,0.56,381109.0,1847.87,2.10234829,15.43659041
14359,1.31,382521.0,1890.63,1.684371541,15.27806834
14360,1.83,350347.0,586.86,0.86818528,13.85987963
14361,1.26,375229.0,1827.69,1.559355232,13.64967309
14362,2.05,146117.0,622.55,3.788028207,16.14657159
14363,1.65,138205.0,1795.77,1.970893689,13.26142807
14364,1.11,373541.0,2320.79,2.294868757,12.6648455
14365,2.22,141969.0,1815.06,0.563495051,16.13287361
14366,1.06,354897.0,1926.31,2.342152166,14.55763429
14367,1.32,262091.0,1150.49,1.254910097,16.37081788
14368,1.42,248227.0,2178.45,4.032844547,13.73791012
14369,2.27,134995.0,1219.11,2.825964784,14.63766708
14370,2.03,140345.0,967.28,2.220080093,15.47941187
14371,1.25,361764.0,1504.96,2.091424283,16.06747931
14372,1.78,338129.0,1803.11,1.433203428,16.01705617
14373,0.1,253734.0,2328.55,3.553054905,15.96645487
14374,1.01,129449.0,1739.29,-0.326393035,15.48628999
14375,1.43,376380.0,756.61,3.449325327,15.97724078
14376,1.19,370832.0,1826.85,2.781746075,15.47959851
14377,3.54,166098.0,1882.06,1.240651952,14.64073607
14378,0.34,398881.0,1178.88,2.421622953,15.16584044
14379,0.98,375275.0,1719.89,0.915705853,17.73027397
14380,2.21,353101.0,2407.76,1.518751133,15.1899034
14381,0.99,374754.0,1912.83,1.412767901,15.85958833
14382,1.06,351276.0,2245.9,1.669227078,15.71930672
14383,1.65,376648.0,1403.69,2.514066342,14.05012788
14384,1.21,360366.0,2132.75,1.630140983,15.67247407
14385,1.22,162330.0,1734.3,1.140580022,15.88794302
14386,1.83,377335.0,1710.62,2.225323984,15.85993629
14387,2.04,257531.0,2550.71,0.65831162,14.80185871
14388,0.77,253110.0,1762.19,2.858743807,14.16976574
14389,3.28,362290.0,2378.7,1.244421703,16.58619978
14390,1.86,247830.0,2392.81,1.033505962,13.87423365
14391,1.26,401119.0,1811.36,1.879373843,15.9956117
14392,0.52,234087.0,1257.51,3.002475978,14.67433434
14393,2.64,266111.0,1685.02,2.141408059,17.35361651
14394,2.63,256025.0,1711.48,1.999425247,15.70085992
14395,0.58,268397.0,937.73,2.017673453,17.14475615
14396,0.57,159880.0,1864.28,3.388251484,13.84334972
14397,1.07,377820.0,1604.39,3.018915168,16.14247865
14398,1.34,114947.0,1082.4,1.379589578,15.08728231
14399,1.74,358617.0,2567.41,4.252881192,14.39037172
14400,2.17,391671.0,1594.59,0.438973082,16.82084033
14401,1.87,371043.0,806.08,4.052982315,16.71699091
14402,0.93,367100.0,1769.3,1.905887387,15.88568513
14403,2.33,268698.0,1926.91,2.012066535,12.83396951
14404,1.96,373875.0,1792.31,4.328109059,16.17690192
14405,2.26,369393.0,2265.23,1.494521707,14.01534519
14406,2.67,133038.0,3047.82,2.841933081,14.51720999
14407,1.71,375960.0,1784.05,1.628079811,12.94064383
14408,2.88,399561.0,1016.12,1.237521019,15.73046091
14409,2.34,387433.0,1725.81,4.152475006,16.5037142
14410,0.31,114947.0,1894.86,3.044815967,15.74745899
14411,1.21,152030.0,1805.8,0.610665413,16.86265873
14412,1.3,380692.0,1091.52,1.787166298,13.77987911
14413,0.84,373168.0,1022.95,2.172229386,13.57424784
14414,1.11,349388.0,1808.39,2.653777279,13.95844922
14415,1.01,360727.0,760.32,0.9309231,12.94923914
14416,1.71,337345.0,2372.16,2.341413634,14.26129678
14417,1.76,371731.0,975.42,2.24164324,15.91293762
14418,1.67,122594.0,1778.97,0.371518664,15.16218271
14419,1.77,375114.0,1929.76,1.608913937,12.77670818
14420,1.44,358996.0,2379.29,0.919296825,15.84172537
14421,2.09,114947.0,861.05,2.135083231,15.06955626
14422,1.77,363685.0,1890.68,1.267350741,14.02695529
14423,2.51,258928.0,2165.39,1.325729179,14.61648609
14424,2.02,375434.0,2379.09,1.176092709,14.77441202
14425,1.66,380412.0,1864.7,2.276293265,15.48472905
14426,2.08,372282.0,2062.15,1.816863286,15.64033995
14427,1.45,238637.0,1832.11,1.018499029,13.75694948
14428,1.04,368830.0,586.86,2.32440306,15.93537719
14429,2.3,368590.0,1033.42,1.154029259,16.72578116
14430,0.96,396055.0,1938.86,2.054917914,16.30311053
14431,1.94,152392.0,1394.71,1.209145661,17.37957917
14432,1.67,155753.0,905.28,4.847060259,16.60134901
14433,0.68,354998.0,1864.01,2.912227987,14.27464121
14434,1.74,138854.0,1420.37,2.922265156,11.89331229
14435,1.74,342538.0,1852.8,1.726796803,13.20585785
14436,1.57,126075.0,1862.87,3.297068829,17.73027397
14437,1.64,241749.0,1613.8,-0.326393035,15.57224176
14438,2.19,145788.0,1868.39,1.801801413,15.81598807
14439,1.0,159324.0,1692.43,3.293289033,14.20981889
14440,1.73,369430.0,1785.52,1.203739986,15.65691486
14441,0.86,372916.0,1820.72,1.426825441,14.1119952
14442,0.7,163556.0,1213.21,2.118303829,14.43950365
14443,2.11,282244.0,1684.65,1.884683961,15.6389237
14444,0.86,363744.0,1875.9,2.367235191,15.2542548
14445,2.43,153802.0,1761.71,4.714915895,15.10080181
14446,1.4,370619.0,1658.9,4.378203026,16.59264253
14447,1.66,266801.0,843.49,2.517743421,15.62374335
14448,2.64,379596.0,1429.95,3.793506693,16.30851242
14449,1.48,387607.0,1962.11,2.803270847,16.41376487
14450,0.25,377888.0,2294.77,1.05398759,13.49710055
14451,2.05,250025.0,2147.77,3.115511626,14.87460779
14452,1.45,164232.0,1804.16,2.031368145,15.30736398
14453,2.32,369816.0,2203.63,3.615945716,15.62595838
14454,0.0,144979.0,1331.41,2.429280811,16.066941
14455,0.86,263286.0,2318.56,2.082839332,15.21351521
14456,2.08,265758.0,1862.0,2.937582794,15.08351252
14457,1.14,380028.0,2393.89,2.113003944,13.48463752
14458,0.81,170031.0,1834.62,2.628768503,15.56685921
14459,1.46,135728.0,632.83,1.310608969,14.55013752
14460,2.62,364925.0,1862.4,1.250094982,15.23721942
14461,1.82,134941.0,1629.93,-0.218218142,15.35879436
14462,1.11,227362.0,1958.53,2.264142516,16.55714161
14463,1.6,114947.0,1457.01,1.639540263,13.35195206
14464,1.08,132035.0,1395.29,1.312163865,15.62004102
14465,1.21,255365.0,752.37,1.476460237,15.45393261
14466,1.42,155852.0,1066.15,1.794026977,15.40922977
14467,0.03,383383.0,883.49,1.206045955,15.28359034
14468,0.71,377264.0,2632.25,0.670221341,14.91012045
14469,2.23,137732.0,2579.72,-0.006382408,15.70335857
14470,0.24,379236.0,845.54,2.764815948,15.20170916
14471,2.27,237980.0,2246.78,2.172912173,15.79415435
14472,2.41,146877.0,2364.68,1.821355639,15.60934486
14473,1.66,373271.0,1635.76,2.908265271,12.22565119
14474,2.25,365477.0,1525.28,1.161615543,14.9929366
14475,1.25,263228.0,2183.75,1.367165442,15.80447476
14476,0.54,384015.0,1821.53,2.117251402,17.05941137
14477,0.56,181166.0,1900.05,2.182409898,16.50428248
14478,2.79,128541.0,2761.9,1.532966345,13.92340834
14479,1.24,357062.0,883.08,1.924851022,13.72549699
14480,1.67,263215.0,919.94,0.831158049,17.73027397
14481,0.0,378997.0,2253.84,0.971687008,15.94717076
14482,2.25,336123.0,826.8,3.433046956,15.14858433
14483,0.97,249710.0,1743.1,2.852985372,13.82766577
14484,0.85,348492.0,1909.42,1.044100868,16.24513223
14485,1.69,401119.0,2120.92,3.584246364,15.22349808
14486,1.46,248777.0,822.84,1.921097315,16.05577233
14487,1.4,144479.0,784.88,1.811822447,12.34848555
14488,2.08,370403.0,2060.03,2.408671678,16.10278623
14489,1.19,142012.0,2191.23,2.381159768,13.56342647
14490,1.85,367695.0,2181.53,1.450497634,16.8943765
14491,2.01,373362.0,720.38,2.071786752,12.00982821
14492,0.38,267854.0,2466.53,1.951358107,14.30520193
14493,3.92,359970.0,1199.65,1.469738732,15.61649124
14494,1.58,363557.0,1765.12,3.604302006,12.84130919
14495,1.82,253873.0,2250.63,1.470626566,16.72505778
14496,1.13,387070.0,2283.8,2.361720721,15.95030504
14497,1.86,371168.0,1546.04,2.344765466,17.03985987
14498,1.15,254928.0,2408.92,1.406424353,12.04916392
14499,0.79,153849.0,2277.21,4.028067873,13.44715389
14500,1.98,254810.0,887.08,1.382745412,15.03249862
14501,0.03,379537.0,1395.03,1.703620698,13.70029787
14502,2.19,276587.0,1834.15,3.368698793,16.23692589
14503,2.08,361384.0,1856.38,2.485480634,16.22833474
14504,1.03,254409.0,1674.16,2.281340351,14.10404054
14505,2.27,347726.0,1747.15,2.219485226,15.40009619
14506,0.37,374261.0,1554.25,3.220549023,15.04657815
14507,1.54,238809.0,2265.09,0.0484891,16.33642941
14508,1.32,351410.0,2362.37,1.761282395,15.37370346
14509,2.61,370330.0,1826.61,1.857384606,14.9344738
14510,2.56,258856.0,1880.74,2.701870279,15.5559149
14511,2.61,152849.0,2396.56,1.909814604,15.01819843
14512,2.03,134496.0,2005.02,1.534018163,15.97434549
14513,0.15,177497.0,1928.18,1.658227614,14.89005133
14514,1.16,388918.0,2369.2,1.769253365,17.11007119
14515,5.25,366729.0,1438.93,4.564065105,15.97827108
14516,1.97,167651.0,1973.3,1.813469598,15.72707505
14517,3.06,250821.0,2328.59,3.753519582,12.98173091
14518,0.32,254158.0,1549.11,1.059014737,15.46024851
14519,2.26,138904.0,2505.66,3.615846722,16.05877523
14520,1.42,350474.0,1795.61,4.893811607,13.68898339
14521,0.92,263501.0,881.61,1.127886153,13.25574668
14522,1.27,384347.0,2770.13,1.510891727,15.83509376
14523,1.62,160644.0,2086.52,2.538177572,15.01277222
14524,0.02,153740.0,1784.47,2.285757047,15.775698
14525,0.91,142337.0,2146.3,1.063068868,14.25534496
14526,0.71,396419.0,1910.11,4.231503797,15.46885663
14527,1.57,252615.0,1821.17,1.12533604,12.31789708
14528,1.0,368300.0,1488.13,0.998285525,15.12260833
14529,1.5,374162.0,2339.89,3.044775916,15.15249719
14530,2.23,372041.0,1374.08,1.673075065,17.00027789
14531,1.09,384390.0,1801.71,2.10232409,16.35234728
14532,1.01,164811.0,2418.35,1.802522511,14.63288855
14533,1.15,260211.0,1850.05,0.310516421,15.82791675
14534,0.85,151604.0,1048.76,2.854070576,17.19818026
14535,1.16,168144.0,1978.98,2.75328878,13.12009988
14536,2.41,372155.0,1144.48,2.389760331,13.31423113
14537,1.67,353298.0,593.17,1.700190884,12.42096943
14538,1.96,346469.0,599.62,1.620378236,15.87440482
14539,1.43,125569.0,2376.5,3.394890264,15.34239913
14540,0.68,249962.0,2077.21,1.042229389,15.42381384
14541,1.35,376598.0,1881.85,1.950975783,15.63383841
14542,2.85,132966.0,2540.61,2.679632028,15.40949952
14543,2.74,356682.0,766.17,0.82953815,15.31349289
14544,2.15,358922.0,1857.09,1.469380733,14.60560115
14545,1.8,350724.0,1023.06,3.052502079,15.13114658
14546,1.29,395577.0,1654.89,3.553541004,15.8116913
14547,1.05,277291.0,1234.22,2.556010124,15.47492794
14548,2.6,363683.0,2235.7,1.855428379,15.87859062
14549,0.84,361383.0,1835.36,0.841151375,14.00635153
14550,2.21,362876.0,1042.69,2.087812009,15.0212134
14551,1.65,269891.0,692.49,2.597782747,13.9986161
14552,2.14,377073.0,1931.85,2.921365769,15.92171709
14553,0.87,362572.0,1210.44,0.419552774,14.3146408
14554,1.66,155058.0,2235.37,2.001839196,15.97555943
14555,0.9,373664.0,2134.03,0.578758489,13.47294274
14556,1.61,132364.0,1949.48,1.935617702,13.46888194
14557,2.19,401119.0,1940.65,3.615533776,15.57488113
14558,1.37,126554.0,1604.02,2.119467283,13.82031409
14559,0.87,377957.0,1791.57,2.348164124,17.33452986
14560,0.99,279749.0,1849.81,2.351672248,16.76540292
14561,1.13,165603.0,1811.32,1.084735387,16.55090098
14562,1.33,373260.0,1159.36,1.947398228,15.67290825
14563,1.59,365262.0,1942.52,2.461463049,17.12249547
14564,2.32,287749.0,728.03,3.083120463,16.38557118
14565,1.97,253469.0,1896.41,2.118911595,16.34532179
14566,1.78,129342.0,2225.65,3.349586281,11.75020065
14567,0.34,376151.0,840.3,2.02406317,14.51146022
14568,1.08,154024.0,2044.99,4.740368458,16.9630767
14569,1.78,270655.0,1805.14,1.339401921,15.92918124
14570,1.46,134415.0,1603.48,3.743648505,15.38301736
14571,3.61,146166.0,1357.7,2.475093637,14.92795835
14572,0.45,395534.0,947.27,1.514508364,14.1540221
14573,1.6,353620.0,1333.94,1.306026279,15.24855013
14574,1.58,134832.0,1056.5,1.630049252,17.60890181
14575,2.42,392077.0,913.33,1.807812309,12.76997317
14576,1.43,384517.0,1737.39,1.73360401,16.51322278
14577,0.11,347262.0,1789.49,3.560102819,15.069928
14578,2.16,162080.0,1076.19,0.74217554,15.71520993
14579,1.47,348326.0,2399.99,2.095696799,15.67998737
14580,0.64,254575.0,1388.54,1.987511076,15.68512103
14581,2.26,353036.0,2554.5,0.27773047,15.8544662
14582,2.14,384596.0,876.09,1.087535405,14.14835772
14583,1.69,245760.0,2494.01,3.682519926,15.65993693
14584,3.92,242353.0,2229.03,1.795754418,14.10532983
14585,0.69,264306.0,2228.35,1.621992478,15.9459033
14586,1.68,276939.0,1633.53,3.104715035,15.19198834
14587,0.73,390923.0,893.33,1.475230742,15.90449561
14588,0.72,147202.0,633.23,1.240786025,16.88624046
14589,1.27,364020.0,1864.09,2.394940199,13.46365638
14590,0.41,265901.0,1604.78,1.217499556,16.15309478
14591,0.42,367673.0,1559.58,1.792823443,16.05923743
14592,2.03,380928.0,2445.52,1.92408009,13.95777071
14593,1.42,377765.0,1628.4,0.822893561,16.93036833
14594,1.9,351517.0,1783.9,1.168745758,15.37878629
14595,0.66,151224.0,1717.21,1.42220056,15.83210827
14596,1.02,385224.0,2510.2,3.530656349,15.0202168
14597,0.65,118619.0,2138.86,4.011164191,15.18903832
14598,1.53,380760.0,1335.72,1.842150846,15.44796364
14599,2.09,266989.0,2620.67,2.324305502,17.00546676
14600,1.12,270053.0,2191.87,3.86079908,13.5810883
14601,1.36,385922.0,1790.7,1.076646342,15.04164553
14602,0.29,391602.0,849.19,4.255851875,16.94968278
14603,1.53,247664.0,1907.26,2.156781024,15.42573406
14604,1.12,362682.0,1430.3,1.0209506,14.12531154
14605,1.64,351032.0,2433.63,2.083007036,12.20672266
14606,0.91,370951.0,1883.54,3.178474625,13.46220476
14607,0.41,244963.0,1746.05,2.576987421,14.18513891
14608,1.22,118734.0,2300.47,1.480164869,15.47347466
14609,1.05,159949.0,765.49,0.325558213,13.86777241
14610,1.08,367195.0,1459.24,1.450696235,17.59685668
14611,0.65,370876.0,876.56,4.291571202,16.70627258
14612,1.59,381013.0,2417.05,2.048980207,16.07148462
14613,1.26,376381.0,1882.51,1.637106783,14.17643282
14614,1.45,160735.0,1912.23,2.25879803,15.92301867
14615,1.22,145027.0,2325.69,1.739414164,14.06315634
14616,1.4,134481.0,684.42,4.054961113,13.94956758
14617,0.72,365572.0,2714.09,1.195489502,14.932353
14618,1.82,277512.0,1785.63,1.163876234,13.70003398
14619,0.16,252089.0,1740.58,2.88291915,16.44604714
14620,1.83,346288.0,1305.74,3.081855987,15.37930813
14621,1.83,265431.0,710.15,2.036472721,15.61162386
14622,2.15,375514.0,2166.85,1.389173276,15.83833784
14623,0.96,114947.0,655.26,1.772365809,16.64052608
14624,0.51,141480.0,2220.88,2.013424205,15.11710429
14625,2.4,257238.0,1609.93,2.872037575,16.04080129
14626,1.61,347657.0,1999.44,1.370913158,15.93123995
14627,2.26,236740.0,1901.6,1.631172409,15.07560331
14628,0.48,275977.0,1994.8,3.559014479,16.85561654
14629,1.64,372320.0,1792.16,2.272357025,16.36300459
14630,2.65,154894.0,1744.21,2.915015101,14.74063627
14631,1.44,349712.0,1837.39,0.033111018,16.28966093
14632,1.32,282635.0,2872.03,4.605322313,17.06015798
14633,0.68,367901.0,1697.42,2.95774616,15.51053052
14634,1.53,387358.0,1985.8,2.839235179,13.10089117
14635,1.97,155332.0,1774.47,2.429963424,15.07561403
14636,1.38,385384.0,1244.65,2.582036162,16.45382377
14637,1.44,357024.0,1735.63,2.813645153,11.2583727
14638,1.83,137036.0,2359.48,1.539659071,15.24150962
14639,0.0,143781.0,2474.3,1.410099427,13.10011027
14640,1.6,120918.0,998.3,4.498025005,15.36651041
14641,1.62,364453.0,2480.13,1.937082798,12.75025375
14642,0.79,362092.0,1447.87,0.818642043,13.69328982
14643,2.5,233334.0,652.65,4.616815781,15.55295571
14644,1.7,121485.0,1116.39,3.376618571,15.18332397
14645,2.05,157441.0,1585.06,1.846971124,15.17900266
14646,1.32,364772.0,2368.43,2.099806344,15.94189853
14647,1.21,162664.0,1412.39,2.134505455,15.22914647
14648,0.49,252311.0,2139.99,3.937936551,13.84352478
14649,0.54,181585.0,987.07,4.213265027,17.23995742
14650,1.25,177963.0,1929.06,4.833655949,16.06349646
14651,1.97,258799.0,1713.63,1.622218462,14.08030068
14652,2.92,119756.0,2776.8,1.541760995,16.44098075
14653,2.13,370927.0,1906.45,3.498811886,16.10455087
14654,2.29,384521.0,1944.89,3.080394397,14.95664184
14655,0.39,362395.0,1628.28,1.60193972,16.70807172
14656,0.3,380941.0,1616.98,2.966846742,15.03245469
14657,1.76,140233.0,1413.7,4.539437768,15.71912221
14658,1.16,136511.0,1328.68,2.04924512,13.43756556
14659,2.41,373520.0,2596.72,2.373110289,15.169846
14660,3.96,255163.0,1702.48,2.424184011,14.21282009
14661,1.07,260317.0,1753.16,1.518750213,16.78767926
14662,1.32,374685.0,1484.11,3.440955133,12.32531443
14663,2.05,368561.0,1075.23,0.949987814,15.69728252
14664,1.0,354679.0,1843.18,4.509802676,14.23855264
14665,1.86,335161.0,1507.04,1.944710998,14.49616379
14666,1.4,380032.0,1535.74,1.436929923,14.49246889
14667,1.97,373694.0,1380.12,1.250298616,15.35538093
14668,1.62,395518.0,1169.83,1.581747115,15.53271487
14669,1.25,148693.0,1831.26,4.700261634,17.11385112
14670,1.08,115910.0,709.24,2.795136986,12.32531673
14671,1.6,361005.0,1942.85,1.842292997,15.57577663
14672,1.73,236403.0,1825.43,1.617162042,16.47021307
14673,2.09,248844.0,1740.3,4.23913565,15.29299915
14674,1.74,356852.0,2102.41,2.141931967,14.94928151
14675,0.67,146982.0,1546.36,0.942432414,15.60610363
14676,1.41,276978.0,1569.55,0.69960965,13.99357174
14677,1.65,377956.0,2560.33,1.185057118,15.41383764
14678,1.28,343636.0,2221.31,0.824507059,13.5264745
14679,2.18,117118.0,1269.15,1.669577625,16.006294
14680,1.12,385994.0,1362.59,4.212396857,16.14284051
14681,1.57,359557.0,1792.17,2.861655503,15.61309688
14682,1.77,160304.0,3003.73,2.994711977,16.01222722
14683,1.13,370368.0,1228.73,0.923701837,15.38556246
14684,1.41,338420.0,2381.46,2.850111057,14.29540426
14685,0.76,132961.0,1605.29,2.695136461,17.12855351
14686,1.88,344214.0,1859.72,2.663991718,13.06844239
14687,1.69,241759.0,1395.41,2.922803857,16.06451145
14688,2.03,144949.0,890.66,3.846883997,14.11564204
14689,2.41,359354.0,1757.05,0.415164684,15.68757698
14690,1.1,383372.0,2815.67,1.418225866,15.85913789
14691,1.72,151342.0,649.74,2.886702135,13.52641759
14692,1.19,150744.0,1284.83,4.436658792,15.8015837
14693,1.6,358127.0,1120.85,2.278689544,15.78959941
14694,2.44,372464.0,1824.57,4.93924406,16.60098939
14695,2.32,344168.0,2497.58,2.086367211,13.66693325
14696,0.25,375837.0,1526.37,1.04937102,13.47261914
14697,1.57,369775.0,1320.49,3.497247309,16.15028249
14698,1.87,376087.0,1916.79,2.817966726,17.1551035
14699,1.71,359117.0,1857.45,0.822716636,13.66485326
14700,5.42,353745.0,2178.47,2.598415152,15.27025569
14701,0.71,369007.0,1050.35,3.75782874,15.09904307
14702,1.19,372177.0,1047.96,3.017296948,16.04830132
14703,0.96,394223.0,1561.6,0.975542842,14.88454376
14704,1.21,255121.0,2555.31,4.246238804,15.3233942
14705,0.18,368876.0,1857.72,3.638081284,15.54239378
14706,0.52,149906.0,740.4,1.446217834,16.08665607
14707,1.63,258920.0,1903.13,3.434961165,14.13512688
14708,0.43,390494.0,782.74,1.248634268,12.21477315
14709,1.55,237339.0,793.03,1.249963103,14.40329892
14710,3.61,153219.0,814.93,2.793471409,16.91346747
14711,1.15,164075.0,1360.92,1.982310048,16.08239567
14712,0.63,246460.0,1437.98,1.764555081,13.6820345
14713,1.99,143786.0,1921.18,3.831757174,16.0700382
14714,1.12,363787.0,1266.49,3.486408901,16.16220927
14715,1.9,362171.0,1779.45,1.528490437,13.53901897
14716,1.73,161564.0,1577.57,1.408538267,15.58979407
14717,1.66,146624.0,2118.63,1.627915614,15.87760439
14718,1.62,136513.0,1576.56,2.775880115,15.97005282
14719,1.5,372450.0,1262.38,1.458278258,15.80712164
14720,2.53,132355.0,2173.04,1.967567795,16.01356772
14721,0.92,251234.0,1714.75,1.357244855,14.93394037
14722,1.57,358475.0,1770.1,0.83276463,16.14906107
14723,1.63,384378.0,1509.2,2.071930554,15.30049526
14724,2.14,175989.0,1056.91,1.823350071,13.82378886
14725,2.1,359176.0,1745.42,0.482529363,15.22811069
14726,1.93,256930.0,1876.05,2.345192853,14.12960838
14727,1.0,135936.0,2288.9,1.49047691,15.59513789
14728,1.77,342510.0,2362.86,0.513110677,11.86067421
14729,0.68,386354.0,1771.96,1.870817386,13.71658918
14730,2.48,347607.0,1716.46,1.209726942,14.86330587
14731,1.15,371448.0,2412.92,1.924537662,15.27134034
14732,1.21,167568.0,882.27,2.678522235,15.51480805
14733,1.94,352263.0,1340.14,3.445177873,13.15181788
14734,0.17,401119.0,1515.81,3.962588504,15.10209451
14735,0.86,248439.0,1776.48,2.939582292,15.53625362
14736,1.16,401119.0,1891.31,-0.326393035,15.21711224
14737,2.09,337008.0,1956.13,1.645558768,13.52695582
14738,2.61,242424.0,1856.57,2.61118564,15.02049257
14739,1.21,379897.0,2018.94,3.178384937,15.40935725
14740,1.51,362378.0,1154.88,1.312225014,13.01102909
14741,0.98,254340.0,1942.67,2.742477973,15.88863285
14742,1.0,266264.0,1244.26,1.990048429,15.11067034
14743,1.94,266283.0,1747.81,3.632231083,13.8730501
14744,1.45,156461.0,1897.05,2.271321392,17.73027397
14745,1.94,166824.0,2466.11,1.386460514,15.84398683
14746,0.98,265786.0,1493.07,2.76651184,16.17652609
14747,1.17,355826.0,1270.72,1.273595349,15.41874567
14748,1.58,378987.0,844.62,2.330262599,15.38736634
14749,1.44,375485.0,2431.2,2.658752683,15.97673412
14750,1.66,352399.0,1800.71,1.537692247,14.98844025
14751,1.6,129124.0,2393.94,1.233914894,12.41327914
14752,2.73,352359.0,2779.59,2.364415734,13.52724752
14753,0.61,362403.0,912.77,1.021726146,12.53221355
14754,0.57,263908.0,1977.49,1.720952007,13.81696278
14755,1.98,240482.0,2179.97,1.827370365,15.19921164
14756,2.54,363007.0,1868.85,3.068669841,15.41994647
14757,2.15,349785.0,2247.83,1.330547022,16.79689474
14758,2.23,262367.0,1615.04,1.464707622,16.86124875
14759,0.64,382528.0,2456.31,1.525569729,15.60391651
14760,0.61,265370.0,2344.58,3.434348014,15.69645496
14761,1.45,130809.0,1478.17,1.066400623,15.66311272
14762,1.66,379752.0,2463.85,1.587508935,16.31162034
14763,1.01,261310.0,2125.87,1.934762254,15.83422683
14764,1.62,167506.0,1875.3,3.44743763,15.29696198
14765,0.28,360447.0,1125.62,1.746681452,16.61908243
14766,2.06,127116.0,1751.79,1.714473644,17.73027397
14767,0.29,171206.0,1520.6,1.962803095,14.39754873
14768,2.56,144639.0,1746.72,1.478314682,12.54663045
14769,1.32,346523.0,1757.46,2.193877348,17.06857961
14770,1.77,152995.0,1798.64,1.572465878,16.07190976
14771,1.45,246655.0,2205.36,2.194258912,13.67282286
14772,2.73,122520.0,1922.62,2.794527057,15.36012059
14773,1.47,248279.0,1914.49,1.220472564,13.84933042
14774,1.66,153943.0,1925.0,1.994674287,15.06162103
14775,2.12,143067.0,2366.67,2.336059915,15.99292233
14776,0.82,375090.0,2270.9,0.383478178,14.55504278
14777,0.76,162878.0,1839.47,1.741791235,12.28933543
14778,1.83,366651.0,1902.13,-0.261165741,15.79513878
14779,0.74,401119.0,2090.34,2.207949376,13.94300356
14780,2.04,348526.0,2041.16,2.896132508,14.01342971
14781,1.24,368399.0,1760.01,1.686392493,16.23460968
14782,3.01,356025.0,1349.57,1.192249596,13.24407382
14783,2.17,365139.0,1992.45,1.739090792,16.32154174
14784,0.61,166128.0,2435.26,1.509434331,15.56390565
14785,2.18,150595.0,2385.01,3.448071509,15.69370557
14786,1.72,382806.0,1739.68,4.398564407,13.26088759
14787,4.48,377894.0,1511.9,2.462485299,14.43086433
14788,2.12,257674.0,1353.42,1.941513733,15.53180435
14789,1.21,264527.0,1235.05,2.417776963,13.43632092
14790,1.05,377387.0,742.02,2.059764798,16.15487514
14791,0.81,383652.0,1833.61,2.124132366,12.38365112
14792,1.93,328183.0,1754.29,1.539048924,16.35350779
14793,1.9,352732.0,1320.14,1.825114032,16.00004517
14794,0.7,135247.0,1118.38,2.015181441,15.88747565
14795,2.05,135773.0,1416.8,1.180262344,15.66878241
14796,1.89,255354.0,1881.81,0.629848381,14.99938302
14797,1.62,361525.0,760.12,1.531428147,11.2583727
14798,1.46,141367.0,1839.76,2.795832874,14.93521716
14799,1.16,137842.0,1889.36,1.69061941,16.50236925
14800,2.22,270457.0,1344.98,1.115787255,15.14944286
14801,2.51,361967.0,1929.09,1.469254277,14.09648833
14802,2.09,158613.0,2104.61,1.652412732,15.87990063
14803,3.37,397309.0,2543.36,3.03207775,16.77141846
14804,2.02,129627.0,785.67,1.613448928,15.31094371
14805,0.74,256054.0,1854.0,4.634129652,11.54922913
14806,2.42,396476.0,1948.3,1.393330052,16.44185636
14807,1.22,378545.0,1883.24,1.442640323,12.38545546
14808,0.17,255477.0,1338.65,2.027318422,13.7388157
14809,2.1,262830.0,1918.9,0.169607759,12.3105842
14810,0.74,155109.0,2089.67,4.162353076,15.21703959
14811,0.65,371829.0,1347.88,1.638439642,15.26676951
14812,2.39,258082.0,1520.93,1.307464332,14.56277578
14813,1.26,362316.0,954.1,1.729413335,17.4119289
14814,2.36,373078.0,1228.63,1.648133343,16.05501523
14815,1.44,363200.0,2273.88,0.049190797,16.8076079
14816,2.58,374121.0,1145.85,3.002708393,15.67571849
14817,0.96,335662.0,1868.11,1.383140966,14.87988028
14818,1.84,386237.0,1036.15,4.344110945,15.59023626
14819,0.0,380100.0,1833.03,0.264969755,15.27728802
14820,2.2,352760.0,1857.2,1.76234897,15.09402519
14821,1.84,339045.0,1663.84,0.751120432,13.77845377
14822,1.26,358144.0,1918.56,3.730347895,13.96968048
14823,2.38,138873.0,1842.56,1.952205175,16.88633327
14824,1.65,139586.0,1882.17,1.929200162,16.20877928
14825,1.67,352360.0,1850.04,2.820869617,11.55808035
14826,1.99,365566.0,1800.58,2.879340349,15.18654872
14827,2.7,362835.0,1233.5,4.433520259,15.88929797
14828,1.98,257001.0,1971.22,0.656914989,15.33890716
14829,2.72,137176.0,1972.38,1.22959522,14.41735884
14830,1.95,124655.0,1904.15,2.30003433,14.03952441
14831,2.46,163416.0,1863.71,3.943257445,12.44724001
14832,2.26,352566.0,1610.64,1.261987455,15.47668758
14833,1.37,374606.0,2004.46,3.168417662,15.20490038
14834,0.71,158371.0,2040.79,3.086079631,13.86094647
14835,0.58,366623.0,1925.93,2.253097834,15.41213095
14836,2.12,124664.0,2244.51,4.609482443,17.15716908
14837,1.57,372175.0,1849.71,1.421977028,15.98693213
14838,0.02,170519.0,1478.84,2.110033075,13.65499074
14839,1.6,378324.0,2619.34,2.903359795,16.27004561
14840,0.41,389998.0,1979.34,3.830685034,14.68725507
14841,1.62,356674.0,1503.63,1.584711334,13.92553891
14842,1.96,360679.0,1665.59,1.890049179,16.49718709
14843,2.16,150735.0,1344.84,0.835355341,14.68030805
14844,3.01,282414.0,1248.79,4.93924406,17.64781746
14845,1.38,153622.0,1929.67,1.733617418,15.14901617
14846,1.02,248125.0,1951.75,1.46999865,15.92530216
14847,2.38,359718.0,1461.7,2.631732655,15.89805687
14848,1.55,152348.0,1903.07,1.500021097,15.77996785
14849,2.14,356377.0,1271.8,2.393634429,15.4094207
14850,2.57,145336.0,1805.54,3.815054671,15.0534024
14851,0.64,370414.0,2481.32,2.689477271,11.5481763
14852,0.8,371693.0,1934.02,1.670427471,16.88154749
14853,0.31,353121.0,1445.26,1.4543985,14.63677474
14854,2.08,369707.0,1488.37,0.832255695,15.86099035
14855,1.85,130488.0,2213.09,2.875490089,14.60391139
14856,1.63,386943.0,641.34,3.364139898,16.26698411
14857,1.09,364287.0,3047.82,3.801236713,13.96213964
14858,1.8,374104.0,1510.45,2.020873203,16.03425761
14859,1.14,389145.0,1440.98,1.516771798,15.08265443
14860,2.11,351095.0,1188.06,1.812790357,14.50747133
14861,0.94,359519.0,1408.79,2.701058703,12.83911844
14862,1.74,361100.0,586.86,0.928639057,16.8415975
14863,1.43,157131.0,1768.76,3.890342745,16.61773339
14864,2.15,260948.0,586.86,2.085763035,15.49515821
14865,1.54,383391.0,1838.45,3.073152373,16.26101204
14866,1.61,114947.0,2320.04,1.726450201,14.09767486
14867,2.45,145827.0,2376.96,1.379703784,16.04122208
14868,1.43,362475.0,1219.66,0.889409294,14.04155065
14869,1.93,242172.0,787.73,0.669527664,15.6347126
14870,2.6,153213.0,1721.59,2.281368562,15.74383477
14871,1.3,349263.0,1145.45,0.728174511,16.4212136
14872,1.68,259149.0,1012.5,3.631503337,16.25356333
14873,1.35,255085.0,2337.59,1.604808532,14.85660013
14874,2.08,366306.0,766.46,1.926280931,16.03160181
14875,1.21,271251.0,1889.37,3.573570016,15.12548351
14876,0.77,258997.0,1466.13,3.959358153,16.87276788
14877,0.76,375649.0,1201.54,3.959579737,11.85653811
14878,1.12,369233.0,1726.7,1.106091747,11.95637228
14879,1.97,276142.0,1892.19,2.219051603,15.69659962
14880,0.61,134332.0,1853.27,3.29954652,15.61750855
14881,0.87,376773.0,2392.44,1.611667604,15.87249233
14882,1.67,364974.0,2342.31,3.439471765,14.18091212
14883,2.02,353137.0,2163.48,2.645842612,16.04851717
14884,1.26,355223.0,3032.89,1.992008414,16.71866978
14885,2.22,237759.0,1713.95,3.676735462,13.86796947
14886,0.71,385029.0,1706.32,4.669775388,15.23476848
14887,1.27,351853.0,1337.3,2.586849488,12.96808803
14888,1.78,360792.0,2278.58,1.332819716,14.36729687
14889,0.92,135505.0,1394.85,2.288637411,15.50927473
14890,0.95,356841.0,1986.67,3.988194832,15.3059022
14891,1.29,160841.0,2409.88,0.874641752,15.90920729
14892,1.61,260755.0,1721.73,2.077109793,11.35650787
14893,1.7,361754.0,1842.88,1.737604382,16.87029422
14894,2.33,372384.0,1947.63,1.405126512,16.99786817
14895,1.29,172957.0,1546.39,1.950254184,15.89100861
14896,2.07,280878.0,1901.82,1.766662781,15.51039345
14897,1.86,128718.0,1962.31,1.273972509,14.48913699
14898,1.18,134100.0,1698.25,0.09458391,15.95497646
14899,0.84,142689.0,2198.71,1.600597663,17.35318644
14900,0.6,345979.0,1383.13,2.202760761,15.34037594
14901,1.53,366659.0,2036.7,1.383755298,13.76181987
14902,2.39,363938.0,1777.19,2.162274641,13.93581923
14903,0.03,264789.0,1877.17,4.198290646,16.13722871
14904,1.7,161420.0,1754.76,4.548440707,13.57182656
14905,1.44,256782.0,2377.53,3.926363724,13.31433792
14906,6.51,372802.0,1899.04,1.042590856,14.3547878
14907,2.1,381596.0,2021.68,2.84447972,15.75420202
14908,0.25,122544.0,1292.22,2.207021659,13.54957694
14909,1.47,336386.0,2235.27,4.055007781,16.35603155
14910,0.78,356750.0,2334.93,3.498275707,15.54668142
14911,0.74,115987.0,774.16,2.282703817,15.34897332
14912,1.06,251161.0,1909.4,1.663811936,17.4654725
14913,2.36,161657.0,2211.51,4.136592081,16.23491458
14914,0.6,278535.0,2358.09,2.036708503,14.1126925
14915,1.22,140634.0,1864.91,2.24344795,11.5868555
14916,1.12,155995.0,993.04,0.289647978,15.66160695
14917,1.9,373036.0,2539.56,1.250316703,17.06281534
14918,4.48,150572.0,1436.14,0.832248308,16.21776353
14919,1.2,251231.0,1425.67,1.218887031,15.51939349
14920,0.97,367939.0,2324.39,1.59882706,15.56708732
14921,1.81,271410.0,1795.97,3.678725153,16.19600975
14922,1.68,354938.0,815.67,2.316918686,13.84755941
14923,1.28,261833.0,752.11,2.363257985,15.35979576
14924,0.14,370604.0,1834.13,2.204597941,15.36368789
14925,1.03,371011.0,1287.19,1.568508745,15.5926279
14926,0.03,273232.0,1817.54,1.452431208,13.13669036
14927,1.91,236257.0,1471.27,0.283057021,15.74761801
14928,1.28,264253.0,1293.27,2.018443113,15.21111008
14929,2.59,225770.0,1720.81,0.300783761,13.09685632
14930,2.44,269219.0,2117.67,1.441561473,13.9302932
14931,1.75,165350.0,1966.34,1.875873712,15.71819247
14932,1.62,360470.0,755.24,1.136010644,15.44058619
14933,0.15,356649.0,1689.95,3.557712844,16.53362277
14934,1.52,377868.0,1066.66,0.668166063,13.76244683
14935,2.26,155517.0,1791.31,2.162038795,16.46153002
14936,1.18,157332.0,2278.27,4.270233696,14.17352438
14937,0.58,385430.0,1556.14,2.052870657,15.00978295
14938,3.04,273028.0,2243.3,1.362907381,15.57270677
14939,1.53,149867.0,1445.12,2.941340988,15.21556634
14940,1.4,389627.0,1933.54,2.805563597,16.42980565
14941,2.06,386022.0,1478.3,1.201066882,16.08809684
14942,1.57,388281.0,894.03,1.770423438,15.1732522
14943,1.81,352955.0,1778.68,1.676572681,14.44089521
14944,2.18,378752.0,2514.47,1.534847124,15.97605656
14945,0.63,151442.0,1840.03,1.627471516,14.16517816
14946,2.86,351613.0,1715.69,4.367665182,12.43742423
14947,1.75,152299.0,875.65,2.715690436,15.41103834
14948,0.57,353592.0,1140.08,1.7137848,15.78550849
14949,1.83,247091.0,1804.4,2.354243943,11.80267657
14950,1.12,116228.0,1799.36,1.961148921,15.92960182
14951,1.35,371265.0,2319.18,1.943009007,13.92156617
14952,1.22,153707.0,2295.44,1.736047471,15.52347899
14953,1.64,262338.0,1963.88,2.799340771,16.69222055
14954,1.13,132467.0,1375.24,3.780530766,17.44337504
14955,1.15,383567.0,1775.23,1.21413406,15.93339571
14956,1.78,121419.0,2225.9,0.28083755,15.22549887
14957,0.33,148879.0,2462.71,3.485901831,15.18454815
14958,1.68,130284.0,2307.28,0.682946828,13.49595912
14959,1.94,360209.0,1348.02,3.3889984,15.01786788
14960,1.7,160653.0,1968.87,2.116542291,15.53102255
14961,1.83,158264.0,734.16,1.815184198,15.09842276
14962,2.2,123195.0,622.34,4.617516934,14.02362147
14963,2.19,158320.0,1754.46,1.913100777,16.2468595
14964,1.38,385460.0,1695.91,0.964414803,13.33622786
14965,2.23,377060.0,2381.32,4.882328243,16.54730893
14966,0.47,254189.0,2097.68,1.615581516,15.413749
14967,1.38,151108.0,788.81,1.33614015,16.32047737
14968,1.12,149416.0,1231.75,2.364426845,16.2936012
14969,1.31,382827.0,1521.99,2.334384147,17.37456861
14970,1.98,114947.0,1891.22,3.939278101,16.47902157
14971,0.31,279550.0,1830.16,4.398203935,15.51260366
14972,1.87,229176.0,1787.62,2.42023326,14.1517266
14973,2.12,131220.0,2153.5,3.60377564,15.46697378
14974,0.77,144290.0,1623.44,1.591822393,15.91676961
14975,1.6,389195.0,1811.94,2.621338676,13.81779374
14976,1.9,359879.0,2409.0,1.310760884,13.66384525
14977,2.22,379541.0,1887.33,4.73870769,16.16058723
14978,2.09,133198.0,660.68,1.595730452,14.12296597
14979,1.78,368234.0,2115.66,2.127327894,16.83805941
14980,1.4,356691.0,2142.03,1.78279366,15.201335
14981,1.89,364338.0,1484.11,1.256268345,15.73101098
14982,1.79,366241.0,2342.26,2.656987187,15.87487201
14983,0.2,151698.0,946.48,2.914760724,17.44399799
14984,2.1,241852.0,1858.85,2.382235718,15.96583178
14985,0.47,370507.0,1803.19,1.980094624,14.93587566
14986,1.14,375498.0,1804.68,1.629872549,15.53269533
14987,1.25,383929.0,1910.34,1.138438961,15.50810543
14988,1.23,262396.0,1739.65,1.712812458,13.83695714
14989,0.68,361902.0,923.79,2.024010301,15.94203248
14990,2.0,131870.0,1936.34,1.693015137,15.40780986
14991,2.05,348752.0,960.65,3.204715327,15.92877634
14992,2.31,277856.0,1765.03,0.973171634,16.55120862
14993,6.03,382033.0,841.65,0.938570857,13.96818164
14994,2.06,140000.0,2360.29,2.037569197,15.58331569
14995,0.0,283029.0,2303.68,3.498556112,16.94779148
14996,1.16,161457.0,907.85,1.574963398,13.9982958
14997,2.83,342973.0,2072.7,1.376266689,17.73027397
14998,1.99,156585.0,2340.4,2.068358143,14.47760245
14999,3.23,247944.0,2023.3,1.855049962,16.05870111
15000,0.0,387787.0,1802.99,2.141887804,16.82834991
15001,1.07,384774.0,1466.17,2.379742935,15.30615073
15002,1.28,390018.0,2494.01,0.577983366,13.66870279
15003,2.0,367151.0,1453.4,2.36698671,15.1004931
15004,0.09,387853.0,1891.05,2.151151401,14.30768801
15005,1.32,180201.0,2235.06,1.960032386,12.62436596
15006,0.41,152930.0,2251.27,2.864121329,15.42928957
15007,1.27,260964.0,990.36,1.770816117,14.24307132
15008,1.6,152481.0,2434.82,1.205714375,15.5008286
15009,1.12,370374.0,1048.33,0.033262654,12.96009699
15010,0.55,261693.0,1849.29,2.055912402,13.65161384
15011,1.92,370219.0,928.43,3.68835218,16.86267617
15012,0.93,151491.0,979.11,1.708272886,13.65742888
15013,1.55,162540.0,1806.4,1.566143684,14.66592643
15014,2.25,367235.0,1387.42,0.776001961,12.89093242
15015,1.66,379871.0,1321.86,0.126631934,12.11217385
15016,2.19,339699.0,2319.82,1.082440372,15.1921428
15017,1.19,117456.0,690.53,0.84179643,16.08091487
15018,1.43,390318.0,1966.89,2.205587568,16.93921309
15019,0.69,377377.0,1843.37,1.122136394,14.97071064
15020,1.86,129099.0,651.1,0.529078236,15.89991504
15021,1.87,248286.0,1019.1,1.213393532,15.02167673
15022,0.06,253470.0,1626.71,2.450431414,16.03986748
15023,1.31,151272.0,936.9,1.452390488,15.94702752
15024,2.48,162485.0,1308.29,2.38038481,15.35115666
15025,1.3,259127.0,1913.04,4.30699531,13.94233642
15026,2.43,355053.0,1823.56,2.451435408,15.50763742
15027,1.36,253415.0,2134.43,2.898202434,15.01626205
15028,1.42,363872.0,813.72,1.760961332,13.94490917
15029,1.85,171817.0,823.91,1.811295201,13.60815744
15030,1.18,364144.0,1215.91,1.840092028,16.91570493
15031,1.57,340267.0,2493.51,1.748732022,15.10825589
15032,1.25,384162.0,2518.74,3.955716449,15.93783673
15033,1.22,364133.0,787.97,2.035600526,15.18421694
15034,1.42,375058.0,1715.31,3.218552208,15.05315646
15035,1.8,370260.0,1933.35,4.20534024,15.0700479
15036,1.79,233336.0,636.27,1.555179658,16.63938808
15037,2.11,376102.0,1928.54,1.694443794,15.71173913
15038,1.62,171184.0,1547.89,1.495016015,16.443519
15039,0.67,278650.0,2199.86,1.241004084,14.2185135
15040,2.36,132079.0,1782.61,0.114482243,15.18934213
15041,2.33,125299.0,2028.14,3.775541355,15.65637856
15042,1.76,349568.0,973.02,4.382790125,15.87670897
15043,1.12,368532.0,2436.51,1.390539158,15.3856666
15044,0.57,240511.0,1847.72,3.013286426,16.81179255
15045,1.73,146563.0,1712.18,2.242427976,15.02169457
15046,1.97,401119.0,2187.7,1.61887612,13.55467944
15047,1.94,267506.0,2035.86,1.504575311,16.8587644
15048,2.06,159916.0,1545.72,1.672571668,16.32655354
15049,2.39,264947.0,1853.8,3.099004432,13.20581968
15050,1.28,263572.0,1736.16,2.884378458,16.04702442
15051,3.01,367657.0,1923.56,2.257645887,14.69479792
15052,0.5,384948.0,944.86,1.93717842,16.43330202
15053,1.72,374994.0,977.27,0.721931031,15.96191845
15054,1.8,356746.0,1633.47,1.455252949,16.18491719
15055,1.51,279011.0,1803.15,1.736250553,15.49524997
15056,2.15,401119.0,1996.39,2.416560817,15.72306251
15057,1.73,378713.0,2039.16,1.440108008,15.16120711
15058,1.88,162411.0,1805.54,1.433876955,16.47905863
15059,0.05,392958.0,2492.37,4.834701813,15.66690208
15060,1.82,246793.0,1790.68,-0.032232769,12.81632453
15061,2.36,121212.0,1390.09,2.052589525,15.66754442
15062,2.26,234674.0,1743.51,0.300591785,16.05458553
15063,1.28,363044.0,2122.9,1.792555534,14.64138069
15064,0.55,381697.0,1128.09,3.686240379,15.09471261
15065,0.7,266562.0,1883.89,1.535652193,14.11624494
15066,1.21,366076.0,1597.85,0.116570642,14.0883657
15067,1.31,369008.0,1879.87,2.09206299,15.39690902
15068,1.46,171290.0,1768.68,2.986450296,16.89306971
15069,2.44,384656.0,1035.72,2.000614405,15.96609289
15070,0.99,375137.0,1422.38,2.817211848,15.55608158
15071,2.05,126680.0,732.96,-0.227989126,12.89731503
15072,1.4,258021.0,1748.77,1.697230567,16.25982128
15073,0.33,369673.0,1681.35,2.201097226,16.24531915
15074,1.23,365173.0,2118.91,2.645821287,16.39102572
15075,2.04,390121.0,826.52,0.829754612,12.24261979
15076,1.76,350889.0,2135.0,3.718742519,15.51254108
15077,2.1,240894.0,924.17,0.355279615,13.26328625
15078,1.5,175957.0,974.74,3.351804097,16.81262957
15079,1.99,251960.0,2215.45,1.846202262,12.37713603
15080,0.98,369808.0,1040.9,2.196623603,16.24552407
15081,1.96,358192.0,1725.24,3.448690066,14.80982883
15082,0.72,383764.0,1305.16,1.607070846,15.74319068
15083,0.0,396053.0,1934.94,0.57302456,13.80684036
15084,0.69,271593.0,1605.25,2.438986456,16.49989072
15085,1.29,351520.0,2105.85,2.79739222,12.02111918
15086,2.34,349317.0,1796.88,1.363613348,14.98915714
15087,1.13,369592.0,862.09,2.332593888,16.139727
15088,1.34,394365.0,1718.54,1.290935947,16.36160883
15089,2.25,400672.0,1907.36,0.490983738,15.08391421
15090,0.81,384890.0,1383.28,3.192740389,15.3448584
15091,1.76,149249.0,609.1,1.977128758,15.44373243
15092,1.18,375404.0,2094.89,1.656207146,14.90500327
15093,0.82,137344.0,2499.3,4.291391517,12.12138263
15094,1.59,126595.0,1362.01,2.747633289,15.69825226
15095,1.71,353392.0,1866.77,3.488336321,15.01546364
15096,1.99,377948.0,828.84,4.279188376,13.41333213
15097,1.75,238391.0,635.59,2.588423321,12.1231198
15098,2.18,375203.0,1757.35,4.320156777,14.27778164
15099,1.25,354720.0,2341.68,0.598014152,13.24687414
15100,1.51,260496.0,2340.41,3.690223558,15.89413495
15101,1.16,361526.0,2294.14,0.601891002,15.42064537
15102,1.76,288068.0,951.33,2.039582801,12.62163881
15103,2.07,377876.0,1825.82,2.250612678,13.49717555
15104,0.37,374874.0,943.72,1.203382932,15.7592166
15105,1.58,384433.0,1722.75,1.151245269,15.09461173
15106,1.67,272499.0,2043.44,1.839825349,15.60727787
15107,0.64,380178.0,657.48,3.010247892,15.97696335
15108,1.27,237439.0,2254.32,1.898475017,15.90602146
15109,0.92,280748.0,1468.29,2.849838527,12.84210659
15110,1.33,368754.0,1988.3,1.030479423,16.41792436
15111,1.15,357315.0,765.91,0.228639834,16.42544216
15112,1.02,156886.0,1772.48,3.459033234,12.56890814
15113,0.0,377171.0,2395.39,2.109342002,17.21441789
15114,0.78,370571.0,1641.28,1.457047778,13.63161383
15115,1.17,150221.0,1859.98,2.039186363,16.18256365
15116,1.39,377026.0,1524.55,1.951660982,15.92641814
15117,0.92,395851.0,1721.05,1.878591058,15.33939665
15118,2.82,126821.0,1013.77,4.479220302,15.94892402
15119,2.71,171661.0,1904.64,1.55292178,16.32633284
15120,0.61,133053.0,1338.77,1.618805353,17.16272135
15121,1.51,369301.0,2412.1,1.222898337,13.74755048
15122,0.93,263373.0,2309.48,1.309741547,16.07053176
15123,0.61,380138.0,1512.42,0.038363882,12.15139988
15124,0.82,261165.0,964.38,0.639454896,12.88887788
15125,1.28,143005.0,1689.47,1.403599228,14.20099143
15126,1.6,372043.0,1916.32,1.028958188,17.57325979
15127,0.34,155421.0,1637.48,0.307382442,14.02711714
15128,0.78,124363.0,2241.83,2.806452772,14.2409558
15129,1.59,370464.0,1620.36,1.27638393,14.40198994
15130,1.98,136714.0,1120.04,0.207599397,17.57833056
15131,2.6,349116.0,1876.24,2.874847695,14.66528408
15132,1.23,159385.0,741.29,1.336394695,15.69559074
15133,0.12,149806.0,1069.71,1.69468956,16.28225968
15134,1.01,387198.0,1821.84,1.493444222,16.80479445
15135,0.9,161223.0,1465.65,3.556445003,15.03144049
15136,2.13,271484.0,1316.94,0.1487067,14.48424615
15137,1.36,261358.0,1872.36,3.594343134,15.01499801
15138,1.31,141458.0,1846.78,2.79292366,13.66900138
15139,0.71,368123.0,2005.43,1.596284409,14.27013601
15140,0.81,147140.0,1933.67,1.481809182,15.79832175
15141,1.57,257446.0,1655.62,2.235619881,15.59652891
15142,1.7,371727.0,2063.08,0.631658204,15.43724083
15143,1.99,389936.0,2239.96,1.711851975,15.93594422
15144,1.41,270834.0,2251.0,3.495982953,17.30549271
15145,2.11,148392.0,714.3,0.898638647,16.91104065
15146,1.98,242880.0,2821.09,3.051423186,15.47999482
15147,1.6,142120.0,1918.48,1.291437729,14.58831301
15148,2.07,246449.0,910.98,1.847108049,17.28612129
15149,1.08,120031.0,2227.82,1.50321614,14.53722246
15150,1.04,334192.0,2403.59,4.297779726,15.83766381
15151,0.85,161362.0,1790.11,1.886522554,12.3793223
15152,0.22,385475.0,598.63,1.60846522,15.92288312
15153,1.22,364316.0,1834.48,1.700277409,16.52712766
15154,2.06,144461.0,1810.33,2.238785013,15.48858201
15155,1.76,344234.0,1796.23,-0.183891538,15.39518304
15156,0.59,363079.0,1381.83,1.219830332,16.23683543
15157,1.32,362275.0,799.05,0.796414911,16.74594059
15158,1.49,142202.0,1824.17,2.556987487,15.5765045
15159,4.32,366145.0,747.68,3.812253932,14.48727974
15160,2.11,386594.0,2017.08,2.024609188,14.05362997
15161,1.51,138067.0,753.07,2.381298443,13.85758682
15162,2.02,354487.0,1331.7,2.438430046,13.90083673
15163,1.7,364642.0,1085.81,1.462270421,16.23917745
15164,1.47,148500.0,1142.93,0.51479474,17.46185611
15165,0.87,377865.0,2334.33,1.909403474,16.67174755
15166,1.35,369709.0,1901.45,1.22470929,16.57727208
15167,1.3,163314.0,1375.95,1.9055213,16.1273162
15168,0.75,364579.0,1166.4,4.214881482,13.01614516
15169,1.54,389751.0,740.48,1.858858284,15.61507512
15170,1.19,149974.0,2879.12,1.562800285,14.16089563
15171,4.81,391764.0,675.05,1.432684854,12.78193172
15172,0.99,367452.0,1383.59,1.892397293,15.82004469
15173,1.77,139964.0,1991.41,1.712090007,13.91645565
15174,1.44,386537.0,1655.1,2.787293277,15.30124064
15175,2.06,363298.0,1827.18,1.510953691,15.14713144
15176,2.09,360133.0,2166.8,3.01412572,15.57597238
15177,1.67,132734.0,1732.52,1.626171333,13.3825099
15178,1.9,363284.0,1899.21,-0.043397845,16.7990706
15179,1.53,173139.0,1689.75,1.229683169,15.09778953
15180,2.17,176976.0,2290.77,1.799697751,16.41055003
15181,1.53,254122.0,2207.25,3.351102615,15.17891757
15182,1.3,164688.0,1894.53,1.795090054,15.45032977
15183,0.57,371766.0,1966.08,1.482506453,14.12394708
15184,1.5,357713.0,1895.84,0.920571776,15.14428783
15185,1.11,376822.0,2372.36,3.303452321,16.34503084
15186,1.72,147552.0,2434.56,1.547698682,15.98224026
15187,1.4,140235.0,1919.49,2.27544388,16.05463125
15188,1.76,362639.0,1862.68,4.050018781,16.36809821
15189,1.16,145575.0,2385.57,3.735456773,15.81066066
15190,2.59,252715.0,1961.37,2.993703123,15.46588757
15191,0.54,263808.0,1933.84,2.465096435,14.24017992
15192,0.86,391804.0,1784.87,2.040579567,15.67394693
15193,1.68,363653.0,2255.85,2.752328783,15.45180317
15194,0.98,374889.0,1931.17,1.038355727,15.6317429
15195,1.25,138299.0,1894.87,2.000851214,16.42676442
15196,1.58,160072.0,1964.21,1.428966939,17.73027397
15197,0.84,143563.0,2426.0,1.269785025,15.61174995
15198,0.51,140513.0,1458.35,4.237164623,14.28574271
15199,0.76,387143.0,2499.8,1.50166389,12.40768598
15200,0.62,398379.0,1997.14,1.578431812,16.04246616
15201,0.96,372738.0,784.93,3.426787009,14.86062771
15202,1.83,381556.0,1299.84,1.380796576,15.35771506
15203,5.06,359705.0,831.49,1.644999814,15.50784155
15204,0.32,264096.0,1014.7,2.599531634,13.83558864
15205,2.27,258487.0,1890.18,0.344733952,15.16879141
15206,0.97,344151.0,1553.01,2.477715286,16.95885305
15207,0.94,373263.0,1737.15,0.459270469,14.94119205
15208,0.74,364944.0,1817.71,1.073379789,16.2537405
15209,2.77,377897.0,2059.49,0.386710686,14.13193233
15210,1.19,115376.0,718.39,3.045237659,15.36345746
15211,1.79,116543.0,2788.21,1.305332385,16.1719096
15212,1.87,245039.0,2310.02,0.924733015,14.2617107
15213,0.86,368909.0,2585.09,2.630258564,14.99373629
15214,1.07,284271.0,2004.66,2.556837099,16.29384775
15215,1.18,148851.0,1899.54,0.138665632,17.61351344
15216,2.26,360973.0,1956.59,2.148574539,15.64549165
15217,1.37,156882.0,1052.06,2.577570946,16.57859251
15218,0.5,374674.0,2150.14,1.336382865,16.23450407
15219,1.49,264970.0,2400.92,1.061187186,14.89307636
15220,0.48,252858.0,1082.71,0.581876005,15.75443413
15221,2.28,371180.0,1325.27,1.512144148,15.81997696
15222,1.46,357541.0,1767.68,1.370661046,15.47230043
15223,1.73,254067.0,1762.32,2.979080799,13.51899606
15224,1.68,373079.0,1363.67,1.993928797,14.01095654
15225,2.07,369540.0,2204.65,4.565780587,14.2740657
15226,2.51,149578.0,836.27,2.211381189,16.47573425
15227,1.5,260048.0,2259.25,2.154835547,13.46549659
15228,1.14,270171.0,1456.76,1.53284758,13.59254233
15229,1.55,245833.0,2466.71,1.346217565,15.11040483
15230,1.76,346115.0,987.02,0.999407462,14.57447593
15231,1.31,144525.0,1918.91,0.825306555,15.53461136
15232,1.85,347460.0,2375.57,1.537158649,13.4617805
15233,1.23,375718.0,1120.1,1.811267461,15.98091643
15234,1.04,395047.0,1915.21,1.772824482,15.36849299
15235,2.73,127835.0,1282.01,1.126684641,16.57583965
15236,2.23,351716.0,1423.38,2.843548117,17.30253246
15237,0.97,351196.0,2002.35,2.135020711,15.36534258
15238,0.08,150332.0,2224.62,2.014962073,16.10023638
15239,0.97,369030.0,2169.09,1.841459734,12.49292568
15240,1.88,382721.0,1340.48,2.443482808,15.64153307
15241,1.69,377493.0,2374.28,2.586403994,15.68906187
15242,2.1,268472.0,916.99,2.270262648,13.88691544
15243,0.97,381465.0,2064.95,1.536272566,16.14050236
15244,2.21,353372.0,1729.87,1.565948523,11.41933152
15245,2.04,126509.0,2454.35,1.637511675,15.48573616
15246,2.24,338594.0,1060.78,0.57723256,15.02783243
15247,1.11,268037.0,2713.03,3.819452316,16.27600018
15248,1.81,364807.0,1901.91,0.939413154,12.90771664
15249,1.5,165821.0,1570.98,1.736841026,15.52702706
15250,0.52,376199.0,1883.61,3.000852546,15.27551311
15251,1.94,267311.0,2757.7,1.956929965,16.25504964
15252,1.72,376510.0,2597.43,1.448470597,15.25487823
15253,1.27,365281.0,1867.95,1.99268424,14.02765925
15254,1.26,377360.0,793.35,2.379962978,15.40144278
15255,4.44,377260.0,1260.36,0.347990436,15.42295834
15256,1.59,158213.0,2016.79,1.647069811,15.77027456
15257,2.0,343761.0,1522.55,4.326656121,13.50529496
15258,2.27,129083.0,1554.11,1.127700552,15.38108101
15259,0.97,177350.0,1740.75,1.883211849,15.29334426
15260,1.87,355476.0,1439.34,2.018412284,16.47736808
15261,1.82,376513.0,1515.76,4.749714417,13.81658314
15262,1.97,365668.0,1599.78,1.820224415,16.29431535
15263,1.3,382939.0,1859.63,2.418093446,13.70532362
15264,2.22,138840.0,1240.06,2.127682243,15.56069294
15265,0.42,376911.0,1678.89,3.976907213,13.38484441
15266,2.35,237090.0,1851.22,1.986169259,16.68655449
15267,3.0,381011.0,2022.74,1.340997853,13.73946744
15268,0.37,373752.0,2032.28,2.100522498,16.10567803
15269,2.22,348589.0,1459.74,1.617113641,14.47245524
15270,1.52,244037.0,1272.29,2.222628283,12.34373006
15271,2.38,140463.0,667.51,2.592720832,13.77030381
15272,0.92,391597.0,1987.1,2.285482557,15.97169767
15273,1.8,140682.0,1859.28,1.732218146,13.78939382
15274,1.89,387711.0,2331.17,2.008438435,14.9088856
15275,0.35,372986.0,2413.5,1.059973097,14.07664851
15276,0.26,384181.0,1742.95,2.892329101,14.92145884
15277,0.62,385722.0,1764.5,2.003520857,14.07579492
15278,1.98,166980.0,1625.2,0.135875133,16.30623635
15279,0.96,138575.0,1706.56,3.301671131,17.60383483
15280,2.56,135379.0,2206.56,3.250231207,15.52063108
15281,1.48,254236.0,1654.63,3.126571455,14.07547479
15282,1.39,163735.0,1725.94,1.853453235,13.38994776
15283,0.95,375267.0,1855.65,1.800246849,14.0715855
15284,1.92,161509.0,1788.29,-0.177745362,13.88493733
15285,2.41,129357.0,1053.33,2.390350248,13.24542369
15286,0.68,375508.0,630.96,0.956492306,15.31326089
15287,2.09,173391.0,2453.99,2.91370538,15.71637042
15288,1.29,255277.0,1478.13,1.727851952,14.32224604
15289,0.74,391482.0,973.54,3.405107155,11.93546918
15290,1.08,265273.0,2187.5,2.513724403,17.02575396
15291,1.05,254621.0,1598.04,1.966681464,13.88295372
15292,2.2,344021.0,1509.59,2.54983475,13.21285048
15293,1.45,162251.0,2764.93,4.084891129,13.27323117
15294,1.2,377372.0,1204.02,2.302978407,13.63597476
15295,1.42,241640.0,1246.23,1.137007842,16.48823834
15296,0.95,144460.0,749.94,2.03606063,15.24517365
15297,1.15,150010.0,1971.99,3.334357301,14.38343854
15298,1.46,366071.0,739.59,2.086442476,14.78813175
15299,1.01,257837.0,741.76,2.788475513,13.69454464
15300,1.74,368032.0,1944.93,1.624400229,13.23788191
15301,1.05,362591.0,1118.33,2.47297183,16.33958185
15302,0.53,388963.0,2581.39,1.373136185,13.9985672
15303,2.2,388322.0,1015.05,1.69978835,14.54279158
15304,5.06,144369.0,2134.74,1.761207857,12.04310858
15305,0.42,388516.0,2077.58,1.751616887,16.28367887
15306,1.77,384958.0,1308.67,3.150947374,15.70569357
15307,1.72,372625.0,1749.69,1.761358931,14.22110631
15308,1.99,141386.0,2160.92,1.645160571,16.65380232
15309,5.28,364829.0,1260.82,2.672925167,13.60860056
15310,2.46,375188.0,2423.8,3.59490269,12.79306366
15311,1.29,391786.0,1895.87,-0.144037638,15.49185149
15312,1.77,356571.0,1494.48,2.905829662,15.923744
15313,0.79,145527.0,1130.33,0.549407119,13.30160026
15314,2.26,258703.0,799.6,1.377419173,13.03913587
15315,1.73,357680.0,1214.76,3.973313546,16.80918828
15316,1.32,370577.0,868.93,0.366024821,15.13412781
15317,1.23,152980.0,708.96,4.425165302,15.86268655
15318,0.76,371387.0,1841.79,2.128081631,15.11204403
15319,1.51,244188.0,1463.31,2.048198418,14.44974154
15320,4.63,270070.0,619.06,3.694418049,15.37077129
15321,0.71,141583.0,2697.97,1.899046847,15.69395608
15322,1.12,283200.0,2518.21,1.131294293,16.40083171
15323,1.39,368341.0,1980.02,2.911247985,15.75924873
15324,1.1,349162.0,2314.69,4.293778852,15.35436202
15325,1.55,163993.0,1732.91,2.739070712,13.34262252
15326,2.24,389029.0,1166.23,2.371240066,15.66350594
15327,0.74,144027.0,1822.02,3.928426921,13.30225074
15328,1.59,253554.0,1134.76,2.206852821,14.46427751
15329,1.68,166076.0,1895.07,2.052187111,15.2173819
15330,1.59,274613.0,2478.31,1.341706223,15.9479635
15331,0.68,146144.0,957.17,2.318800199,14.77597967
15332,1.24,343258.0,1149.94,3.092717221,15.5569934
15333,1.2,377887.0,857.04,0.682839686,15.51001308
15334,1.45,373895.0,2598.44,3.642924629,15.87911124
15335,1.25,374855.0,2162.81,2.797815552,15.71689591
15336,6.89,235993.0,1354.15,1.062536664,13.62902726
15337,2.28,361975.0,1757.81,1.556049522,15.94069044
15338,2.45,136656.0,1452.97,1.35788166,13.01447935
15339,0.56,247833.0,2753.29,0.251804116,15.78364678
15340,1.95,264189.0,1621.45,3.488741317,15.34937972
15341,2.11,369289.0,1929.16,2.460032263,16.32557704
15342,1.42,382357.0,958.32,1.887315996,15.33542167
15343,1.04,356713.0,1445.65,2.021757924,13.87928272
15344,0.51,172087.0,2308.12,2.727065806,16.32865898
15345,1.51,365136.0,1462.72,0.518690726,14.25628026
15346,1.88,346973.0,2322.13,1.779711962,15.94514033
15347,2.86,358868.0,1982.15,1.470743623,14.91016175
15348,1.68,148805.0,1862.17,1.069522489,17.72357438
15349,1.75,230446.0,2754.67,1.419661384,13.34650155
15350,2.12,387768.0,810.23,4.276720031,15.67468255
15351,1.43,346646.0,876.84,1.85333925,15.99433495
15352,1.9,363983.0,1894.12,0.586295793,15.14489602
15353,0.54,173278.0,2011.88,1.149680876,13.79005436
15354,0.64,258734.0,2214.85,1.729773128,13.81395476
15355,1.8,244297.0,1865.96,3.26853134,17.73027397
15356,0.81,369374.0,1175.83,2.559904333,15.86487269
15357,1.13,367887.0,2241.55,1.791619031,11.2583727
15358,0.7,382667.0,2252.8,1.726586288,17.31528017
15359,1.19,123086.0,2194.53,1.564958399,14.3513394
15360,1.44,366747.0,1727.66,1.507369175,16.70777652
15361,1.2,136563.0,1769.62,3.505068751,14.80297738
15362,2.25,122276.0,2365.35,1.401941486,15.74926704
15363,1.28,166121.0,1932.77,1.964768283,16.53309114
15364,0.84,387465.0,1775.2,2.443947659,15.77971372
15365,2.65,174492.0,781.34,4.519837698,15.81493983
15366,1.07,371740.0,1756.82,3.240301274,16.63855905
15367,2.05,272521.0,1568.58,4.098461346,14.26809688
15368,1.12,270405.0,2567.56,1.390975562,17.73027397
15369,0.45,127218.0,1867.64,2.176900937,15.36747313
15370,0.32,374319.0,838.84,1.117926403,16.82788465
15371,1.41,161177.0,758.44,2.019337715,13.83377663
15372,2.61,119772.0,2369.8,3.541422136,15.22741406
15373,2.12,376347.0,1858.84,2.767154425,13.20736234
15374,1.43,361676.0,940.03,4.93924406,16.66694041
15375,1.4,379822.0,1782.97,1.287962109,14.86715296
15376,1.26,146570.0,1441.7,3.82197152,15.02782117
15377,0.95,369020.0,2284.16,2.918684042,15.07409599
15378,2.61,151904.0,693.29,1.529400094,14.9388616
15379,1.24,368401.0,1799.14,0.957943338,15.68180282
15380,1.51,137885.0,1779.17,3.509098855,16.86952563
15381,1.99,363473.0,1857.65,1.841535903,16.47165961
15382,0.42,272128.0,1531.47,1.871471613,16.14395656
15383,2.97,265030.0,1871.52,3.46502705,14.60635668
15384,1.98,366829.0,2357.89,0.954885887,13.16042191
15385,2.69,359372.0,1747.34,1.429707729,16.12382288
15386,0.23,142279.0,1700.99,3.016819142,11.98490316
15387,1.05,375451.0,2081.71,1.321638799,14.84214769
15388,1.01,139198.0,2554.56,0.878529818,12.64093266
15389,1.64,147265.0,1922.28,1.363280231,16.57056968
15390,0.98,228398.0,1621.13,1.867882094,15.56962573
15391,0.34,170894.0,1567.68,0.532336025,14.02946888
15392,1.83,259222.0,1986.76,2.344820117,11.99641463
15393,1.38,376212.0,1467.38,2.010819608,15.9577973
15394,1.02,377863.0,1674.55,1.476892025,13.42568142
15395,2.12,245537.0,1857.53,2.717396556,15.52060926
15396,0.91,359196.0,1143.81,0.811713369,15.95755472
15397,1.24,370805.0,2374.27,3.841164253,16.14721864
15398,1.48,362309.0,2398.21,1.313006157,15.66178093
15399,1.84,135526.0,2502.24,1.799176069,16.40425336
15400,1.12,395095.0,1465.86,1.691127461,15.18917208
15401,0.47,145195.0,2603.26,0.769499985,14.62349847
15402,1.61,349128.0,1803.8,1.432743731,15.8918448
15403,1.68,364409.0,1861.49,1.483028768,15.08368333
15404,1.12,362731.0,1809.63,1.583552973,13.73079877
15405,1.46,142461.0,1890.97,1.439915733,15.740522
15406,1.06,383158.0,2007.69,0.147673686,15.63922202
15407,0.38,125691.0,1778.65,4.464857152,15.88520675
15408,2.71,139929.0,2240.51,2.886712734,15.15576515
15409,0.62,156229.0,2028.41,1.63480698,16.76022914
15410,0.61,391480.0,1817.31,0.250147035,16.15204123
15411,1.23,372282.0,1558.2,0.618847743,15.50508419
15412,1.23,364412.0,1838.15,2.246811255,16.20753816
15413,2.07,263964.0,1952.31,3.016961045,15.98462528
15414,1.49,267918.0,1820.37,2.688510752,15.21854389
15415,1.59,386242.0,2246.08,0.997878579,13.46984117
15416,1.64,159095.0,1178.53,2.207285214,13.72144592
15417,1.32,368858.0,1444.58,2.15780469,17.00046274
15418,1.47,359808.0,1217.63,1.391138135,16.96305532
15419,1.01,390973.0,1715.48,3.399567428,14.18532553
15420,1.44,382730.0,2501.43,2.372404247,15.16683444
15421,1.05,377278.0,2521.31,3.203997318,16.67607931
15422,0.94,382194.0,1100.82,1.441859215,16.02216222
15423,0.7,293148.0,2085.56,2.010805619,14.84201647
15424,1.83,365038.0,1934.99,1.495843555,15.15793722
15425,1.46,370263.0,2081.66,1.136172742,17.19901474
15426,0.93,385157.0,1856.66,0.01693085,15.72301642
15427,2.44,138189.0,2121.96,1.594469608,15.51539154
15428,1.44,155677.0,862.4,3.040521913,16.3609526
15429,0.38,255001.0,2477.47,1.032301942,13.38569513
15430,2.72,255738.0,1524.83,1.692268078,13.7947448
15431,1.83,159358.0,2114.08,1.704673777,14.1868394
15432,1.85,278855.0,1425.91,2.707968739,16.22477863
15433,1.83,350864.0,2280.05,1.995023138,13.50718118
15434,2.01,254219.0,1933.21,1.91990814,16.6893099
15435,1.51,366222.0,1812.93,1.020969692,13.96380563
15436,1.72,141482.0,1100.87,4.023415883,16.05083231
15437,1.71,367812.0,2129.78,2.174352723,13.43682781
15438,2.54,366414.0,1496.28,1.971982128,15.58361725
15439,0.62,180600.0,1465.63,1.672374061,16.49414327
15440,1.24,258126.0,953.07,1.448104722,15.43604053
15441,0.81,155504.0,1885.2,3.345032571,13.48444776
15442,0.74,282859.0,847.35,1.973011622,12.00656627
15443,0.98,151189.0,2204.54,0.597398379,16.34700281
15444,0.2,128360.0,1724.1,1.697752631,12.87262109
15445,1.78,362066.0,794.59,1.790830048,13.58224389
15446,2.01,118519.0,2384.37,0.158037857,13.20151231
15447,1.42,269390.0,1847.81,2.114370424,16.22655059
15448,0.9,132316.0,2461.02,2.444944449,14.18169023
15449,1.35,156314.0,1519.39,2.855066166,16.08557072
15450,0.48,359444.0,1305.22,1.778933921,16.24456067
15451,0.02,260015.0,1829.19,1.097330266,16.04072773
15452,0.94,372271.0,1448.79,1.725700329,14.28772993
15453,1.38,244160.0,1321.72,3.707753442,15.64970999
15454,1.76,339938.0,1657.97,3.55988853,12.42314131
15455,1.38,381304.0,1407.02,1.691258494,14.13044253
15456,0.3,181101.0,2533.86,1.908852566,15.35598607
15457,1.77,128745.0,1732.38,1.643600216,16.23262203
15458,1.25,248654.0,1148.63,2.386409074,12.85911231
15459,1.77,250333.0,1716.99,0.993853003,16.88226129
15460,2.84,363339.0,1829.85,2.283789047,15.94188398
15461,1.26,267566.0,1813.38,1.593078162,14.4880161
15462,2.41,390938.0,1878.51,1.550647157,16.75476812
15463,0.98,253527.0,2653.36,3.864719853,15.88994361
15464,1.05,263110.0,1776.79,0.875592741,14.73476708
15465,1.37,377125.0,1930.34,0.774729631,11.94666918
15466,1.67,151633.0,1885.99,1.334347106,16.03584086
15467,1.2,370371.0,1835.02,1.88347186,15.49865998
15468,2.57,367344.0,1608.72,2.021265913,16.91517127
15469,1.02,387223.0,2033.95,3.75932175,13.77379143
15470,1.84,358050.0,2011.74,2.367725737,13.6991698
15471,1.52,261383.0,1791.87,1.774117602,15.52045051
15472,1.27,166136.0,2680.53,1.439824215,15.21121247
15473,1.54,138783.0,2216.82,1.149302169,12.14005339
15474,1.43,379119.0,1338.18,4.685490063,15.85849896
15475,1.04,238621.0,2124.18,2.456067672,15.31144783
15476,1.52,371250.0,2290.74,2.16461347,14.92904886
15477,1.42,366963.0,1887.52,1.401565699,14.75451289
15478,0.99,352115.0,1908.02,4.305604263,15.51108625
15479,1.05,358919.0,1359.19,2.17815029,15.84110823
15480,0.95,145313.0,2309.73,-0.227754947,15.76664686
15481,1.21,387580.0,2044.02,1.50450543,15.47403172
15482,2.59,255338.0,1871.29,0.895972432,15.56733593
15483,1.84,372238.0,2154.05,1.550047816,13.06641386
15484,1.68,259675.0,1543.3,1.287510406,13.82115031
15485,4.97,161183.0,1382.61,1.763736266,13.61836636
15486,1.88,380069.0,1726.44,2.780242163,15.46529528
15487,0.78,153626.0,1784.39,1.290774007,15.68462635
15488,1.49,266604.0,1430.37,2.72672444,15.16007725
15489,1.26,366103.0,2032.59,3.668829834,16.11832744
15490,2.15,137331.0,2064.91,2.855150726,15.6658548
15491,1.23,264217.0,1994.59,1.070460764,15.7948544
15492,0.78,347903.0,886.29,1.781793618,13.87370719
15493,1.12,128921.0,1470.64,1.820043829,13.1107763
15494,0.81,380962.0,1630.86,3.008114378,16.18853547
15495,1.83,118979.0,1910.05,2.989463611,16.38436192
15496,0.69,364036.0,1884.64,1.234224247,13.89754362
15497,1.45,161726.0,2377.95,1.820703208,15.97173837
15498,1.22,363791.0,2198.74,1.189685185,14.79763788
15499,0.92,378880.0,3047.82,2.459726911,16.01153938
15500,2.58,355044.0,1558.69,2.074265193,14.70467232
15501,1.52,362538.0,1412.32,1.488997698,11.2583727
15502,0.78,341863.0,2043.14,1.498300772,16.60045191
15503,2.34,357193.0,828.84,1.31819418,15.74022094
15504,1.79,251931.0,1467.62,3.653736378,16.11676794
15505,2.05,155301.0,2332.76,-0.111379364,15.34576769
15506,0.28,137301.0,1888.44,0.360041241,17.2198391
15507,1.46,350941.0,960.75,1.177634361,12.39633208
15508,1.69,150542.0,730.72,3.743155512,15.99930499
15509,1.57,370843.0,1426.63,0.741289765,17.29158747
15510,1.04,257393.0,1789.18,2.045094289,16.41986289
15511,0.47,354031.0,2163.71,1.866035372,16.6130511
15512,2.58,353020.0,2055.98,0.579226631,15.59195398
15513,1.79,369877.0,1692.87,1.200212175,11.52651359
15514,0.75,359742.0,1735.34,4.157103155,14.77478354
15515,2.63,384690.0,1866.03,4.476158919,17.08613538
15516,1.04,362354.0,1692.97,2.059436331,15.79765032
15517,1.42,145307.0,1728.91,1.478853419,14.4475144
15518,1.13,253138.0,2192.82,2.051544449,14.12048607
15519,0.59,366892.0,2264.92,4.289033008,16.96039606
15520,1.86,139709.0,1703.7,2.66403617,13.7239792
15521,2.89,365448.0,2320.62,1.537146459,13.52743219
15522,0.0,375391.0,1681.54,1.973223363,16.99492224
15523,1.08,259485.0,2055.18,1.88172398,13.51291333
15524,1.81,254516.0,819.6,3.211851492,16.23764824
15525,4.49,378657.0,1772.67,1.129941968,15.62302839
15526,1.94,401119.0,1867.55,3.327733683,14.50389133
15527,0.69,283176.0,2341.13,3.89620372,15.99497202
15528,0.82,376262.0,1550.23,1.664168789,13.63084545
15529,0.84,384160.0,1669.68,0.445613283,15.51344059
15530,1.69,372001.0,2639.87,2.075929912,15.31177708
15531,1.88,142802.0,1860.84,1.746222861,17.03484035
15532,1.69,257545.0,812.93,0.755488991,14.21912369
15533,2.63,353609.0,1948.63,0.56285038,14.97769206
15534,1.54,340127.0,1841.58,1.413151089,14.83233736
15535,1.62,349211.0,1790.75,1.945173168,14.43685941
15536,0.87,267494.0,1967.7,1.271983597,16.84572353
15537,2.18,136606.0,1799.67,0.80178114,13.90243791
15538,1.52,122333.0,1301.67,1.498980006,14.42711054
15539,1.34,135714.0,1882.86,3.176274695,17.28760467
15540,2.11,355392.0,888.21,1.915030173,15.83375254
15541,1.81,371162.0,1395.76,2.437832357,14.99192159
15542,0.7,367644.0,742.28,1.180975986,14.27405354
15543,0.75,369656.0,2441.06,2.156373517,12.46163546
15544,1.27,267939.0,2358.47,1.586989392,16.78684188
15545,1.68,356039.0,2035.1,1.881457341,16.65229641
15546,1.5,146429.0,1288.27,1.222738673,16.55484144
15547,0.46,259787.0,2630.71,0.701222915,15.13572104
15548,1.44,365255.0,1928.9,2.914192597,15.48129278
15549,1.75,255418.0,1824.1,1.797893815,16.75873194
15550,1.9,138007.0,2432.52,1.544021862,14.94732438
15551,0.19,163458.0,1496.17,1.912597467,14.05163398
15552,0.82,152676.0,1144.59,4.226545467,16.87645862
15553,1.46,387708.0,1738.57,3.076968534,15.15876966
15554,1.22,390938.0,1479.37,3.823876598,16.86764858
15555,1.51,384268.0,1958.49,1.773238153,15.48159308
15556,0.73,374189.0,1406.37,1.35562001,15.46554766
15557,2.29,156606.0,1823.26,1.345835323,15.37432718
15558,1.42,359610.0,2128.71,3.915531388,16.51575546
15559,1.43,380800.0,1611.35,0.677967028,17.41355722
15560,2.6,120535.0,883.2,0.39339439,15.22269493
15561,2.44,133755.0,1370.32,1.517919524,15.23487178
15562,0.49,158976.0,918.83,2.607040386,15.71137441
15563,0.99,244826.0,1760.1,1.882753968,17.73027397
15564,1.9,152465.0,986.41,1.055137069,14.39145635
15565,1.32,381733.0,2038.96,3.429744467,16.01555978
15566,1.6,373611.0,1613.21,-0.051947719,16.06060664
15567,2.68,270935.0,1925.67,3.625346497,17.32829246
15568,1.43,253901.0,2361.13,0.947862797,15.28181478
15569,1.7,272612.0,1877.48,4.423825899,16.86320498
15570,1.15,268777.0,1900.45,1.606935291,14.68063581
15571,2.22,346030.0,2274.69,1.686207371,13.49669369
15572,2.47,162229.0,1936.7,1.099354546,14.99615256
15573,2.67,151191.0,1699.5,2.058418902,14.0517701
15574,1.81,376813.0,1716.02,2.111544779,12.63265418
15575,1.29,146196.0,1524.24,2.356342186,14.42325915
15576,1.17,120518.0,1885.91,1.43149345,14.06395537
15577,2.37,138745.0,1908.64,2.947567151,16.1655492
15578,0.0,244048.0,1892.23,0.843760423,13.90438988
15579,1.58,368493.0,2355.4,1.938539623,13.42831638
15580,1.37,368826.0,2416.95,3.241087154,15.33766711
15581,1.36,267547.0,2380.98,4.10366013,15.56420681
15582,1.31,376297.0,1749.69,2.168444369,15.82379532
15583,0.52,372733.0,1971.01,2.352287832,15.67347935
15584,3.29,117360.0,1714.37,0.277988165,14.01133856
15585,0.69,149069.0,2505.09,1.500162349,15.7266329
15586,1.2,241820.0,861.97,3.076838688,15.38823797
15587,1.57,134360.0,1009.34,3.070609071,15.85714121
15588,0.72,353791.0,1898.16,1.914268679,16.0676859
15589,0.1,383844.0,1905.28,1.641497647,13.65556163
15590,0.64,363214.0,2556.37,3.458397293,16.50458762
15591,2.57,120951.0,662.41,3.959041814,13.11037915
15592,2.41,132480.0,1333.53,2.195492021,15.89218949
15593,1.6,278584.0,780.54,4.267957606,16.21070081
15594,0.92,394852.0,1769.04,1.958783211,13.50108631
15595,1.83,121627.0,2530.58,-0.054124733,16.74136742
15596,1.42,264396.0,1104.34,1.597443468,16.03417723
15597,1.01,356034.0,1854.71,1.168506009,16.23520226
15598,1.58,159917.0,1427.8,1.704935232,13.7739982
15599,2.33,268768.0,2167.47,0.049751746,16.65482388
15600,1.65,250427.0,2272.47,1.763986813,15.56814922
15601,2.33,362147.0,772.67,0.938895401,11.43504153
15602,0.66,370538.0,1784.87,1.101365214,15.73784284
15603,1.76,155277.0,2006.96,3.245359913,15.28580546
15604,2.94,263003.0,846.05,2.99915569,15.94972316
15605,1.38,173598.0,1645.69,1.707781683,15.95138572
15606,0.72,395297.0,2017.56,1.56982789,15.94552856
15607,1.33,152905.0,1740.1,3.613378874,12.83440435
15608,1.82,173551.0,1063.2,1.383972512,16.52535453
15609,1.61,140242.0,1949.15,3.076403739,16.19233804
15610,1.09,153037.0,1622.19,-0.076411833,12.50718279
15611,0.7,134665.0,2528.87,3.030141014,13.94070667
15612,1.95,123112.0,2001.37,1.61980441,16.04734755
15613,1.01,268988.0,2356.84,1.499015248,16.11567577
15614,2.09,386784.0,2346.33,4.089027047,15.60781235
15615,1.98,271286.0,2255.8,1.216970293,15.59026026
15616,0.69,380029.0,2067.5,1.81847245,13.92274696
15617,0.58,125953.0,1828.69,0.143778709,14.69719602
15618,0.69,128353.0,2592.11,2.244712953,12.60979593
15619,1.76,364698.0,1215.65,3.676291373,15.28922372
15620,1.82,340354.0,1687.67,0.63282765,15.35014164
15621,0.86,127369.0,1354.38,0.773968638,15.39239238
15622,1.11,358998.0,1644.27,0.932564909,11.95306214
15623,0.9,355570.0,1309.54,1.414521111,15.10968684
15624,0.44,368427.0,2331.07,2.371390886,15.13736755
15625,5.19,152839.0,1391.76,3.470109393,14.90002109
15626,1.89,263723.0,1703.21,4.752935439,15.68086635
15627,0.86,378904.0,2708.61,2.448048786,15.69286546
15628,0.61,381782.0,753.38,1.731090835,16.89145975
15629,1.84,360136.0,2157.33,1.660554946,15.42092748
15630,1.67,368005.0,996.73,2.150285188,15.74155282
15631,0.64,139988.0,2833.94,4.291221011,16.94453469
15632,0.0,245963.0,1819.63,0.895737554,16.05369191
15633,1.44,358029.0,1826.44,4.401307636,15.53734595
15634,1.38,164164.0,1101.6,1.45074558,14.0309959
15635,1.2,362274.0,2534.86,1.939379021,15.59338109
15636,1.29,353909.0,1986.49,0.291443367,15.78975468
15637,1.79,242472.0,2129.58,0.60405105,14.10773948
15638,0.11,385141.0,1942.73,1.903584908,14.11718085
15639,0.78,377035.0,2307.57,1.976272948,13.38463468
15640,0.67,263378.0,1793.25,1.385284369,14.92580421
15641,0.97,261467.0,1991.02,2.230750271,17.25243318
15642,1.7,369245.0,1929.81,1.723825433,17.31168316
15643,0.42,370659.0,1948.35,2.396529159,15.14133366
15644,2.56,258434.0,1850.06,1.388740489,13.77825853
15645,0.92,374871.0,1932.28,0.625823831,16.3247129
15646,0.55,146419.0,1807.33,2.17955415,13.46604277
15647,2.42,361436.0,1255.61,0.812546417,13.81189153
15648,2.61,161234.0,1299.4,4.097763935,16.17807876
15649,2.08,381129.0,1524.3,4.560725893,16.36692981
15650,1.03,366227.0,1969.08,3.836245058,17.2920382
15651,2.53,381361.0,1661.19,1.207678311,15.62965434
15652,1.21,163953.0,1717.68,4.055692446,15.66191547
15653,1.92,143913.0,1255.0,0.62193646,16.13696866
15654,1.59,262087.0,1810.49,3.14217602,16.7310419
15655,2.05,259867.0,1515.62,3.467234662,15.91336022
15656,1.18,372863.0,2258.89,4.250375676,14.34360416
15657,2.0,256832.0,1803.65,2.710815547,14.83747166
15658,1.33,387414.0,1620.37,-0.326393035,13.73903868
15659,1.26,348891.0,2290.18,1.194118861,14.36958672
15660,1.62,139882.0,1934.64,2.487204587,13.52336916
15661,1.52,257444.0,1607.42,-0.326393035,16.68542222
15662,1.07,141228.0,1246.12,1.147673416,15.20715011
15663,1.22,376976.0,1758.94,1.639641171,14.12808384
15664,1.1,391010.0,1780.61,1.65875471,13.56760268
15665,2.59,119737.0,1319.07,2.115882652,16.57003552
15666,2.39,389255.0,2330.71,1.89603269,15.73034998
15667,0.26,264820.0,1754.9,2.829933609,11.81777516
15668,1.82,150180.0,1256.51,0.885303688,15.93206921
15669,2.3,150812.0,2170.27,1.266723398,13.25800003
15670,0.86,367733.0,719.14,3.835925537,12.11375796
15671,2.35,351342.0,2396.06,1.235078954,13.27691924
15672,2.12,259410.0,956.48,1.242475169,13.38039046
15673,2.55,359778.0,2202.01,2.375456547,13.49751343
15674,2.36,393747.0,1406.52,1.835952005,13.66869887
15675,2.03,163038.0,1490.14,2.214873977,15.80842044
15676,2.22,140342.0,1422.59,1.902422354,14.40608774
15677,2.05,375655.0,2030.67,0.93277217,15.31873851
15678,0.93,256543.0,2170.77,1.746028527,16.05399672
15679,1.86,401119.0,996.33,3.171712133,15.44521448
15680,0.83,123128.0,1850.78,2.000442825,15.43307117
15681,0.87,392117.0,1859.51,3.088139201,16.47110446
15682,0.13,280837.0,1421.59,1.872010407,15.67603993
15683,1.87,132304.0,1206.03,1.949859308,13.35522337
15684,0.77,380305.0,1916.92,0.572959983,16.1033038
15685,1.43,155521.0,1878.47,1.839815159,15.8071646
15686,1.78,349634.0,824.04,0.445499133,12.36580955
15687,0.73,266655.0,2397.98,2.773837054,15.75252449
15688,1.15,401119.0,865.05,1.678280202,15.55491162
15689,0.51,152846.0,2102.33,2.849715075,16.12520595
15690,1.71,166551.0,1549.51,1.429244789,15.0389566
15691,1.73,397928.0,2516.01,3.797717171,16.41520296
15692,1.27,132660.0,1761.89,1.68790077,15.57820849
15693,0.74,367643.0,1780.91,3.216296156,15.06545286
15694,1.47,383659.0,2387.11,3.487580538,14.11074045
15695,4.17,145620.0,1055.96,3.680252757,12.18772533
15696,1.02,365142.0,1908.4,3.863273688,14.39277803
15697,2.1,247639.0,1526.55,2.59102845,15.23396751
15698,1.52,361607.0,1465.54,3.901998696,15.42674183
15699,2.27,351309.0,1845.5,4.450926377,13.59662985
15700,2.48,130950.0,949.98,2.252417679,14.93093895
15701,2.4,141084.0,1180.74,2.784297573,16.22606499
15702,1.5,136034.0,2151.31,2.938244593,16.18557322
15703,0.75,271887.0,2440.8,3.904244165,15.84662337
15704,1.66,370334.0,2224.32,2.679094859,13.85514416
15705,2.0,365057.0,586.86,1.376960082,15.04889702
15706,2.03,377036.0,793.56,1.900736909,14.51724669
15707,2.06,145245.0,1164.62,0.979956143,16.32136931
15708,2.1,356909.0,2435.06,0.714792903,14.92195448
15709,1.24,369617.0,1889.34,3.194144372,16.76902376
15710,0.94,392840.0,1906.37,3.022633846,13.7446344
15711,1.86,235008.0,818.48,1.954906237,15.39432128
15712,2.18,376255.0,1948.58,4.552425962,13.68491507
15713,0.53,365928.0,1942.65,0.662447802,14.07669036
15714,1.8,365499.0,1831.17,2.087178882,15.79288116
15715,1.02,235103.0,822.48,2.144050911,14.43970884
15716,1.93,384188.0,2453.6,2.360343199,13.69910428
15717,0.82,379951.0,1907.57,2.483662278,16.238873
15718,0.74,137856.0,1679.38,2.054814801,16.1808882
15719,1.63,401119.0,1722.83,1.564530701,15.46727554
15720,1.3,153386.0,1501.74,2.841182234,14.80742524
15721,1.74,150328.0,2095.72,3.113563406,13.48957644
15722,1.08,372517.0,1821.72,4.66446319,16.58409192
15723,1.38,119663.0,2373.3,1.478447952,14.92483135
15724,1.15,358723.0,1899.73,1.90171671,17.18096278
15725,0.98,153149.0,1858.8,1.183907764,17.43280404
15726,2.48,267785.0,1885.52,3.007127775,15.12787057
15727,1.48,389057.0,1880.36,4.609051594,16.1209218
15728,1.08,368923.0,1842.79,2.822503082,15.48994189
15729,1.08,243122.0,1355.71,1.093069125,14.22711358
15730,0.96,262080.0,2059.73,4.165219459,15.74540056
15731,1.29,247829.0,2265.76,0.23690984,13.44403238
15732,2.0,388053.0,2312.52,1.800291278,16.74139834
15733,0.65,364172.0,1854.97,4.411251293,11.48700955
15734,1.43,368660.0,763.47,0.554429053,15.34403889
15735,0.84,372473.0,1019.05,1.218878173,14.82126451
15736,1.4,156278.0,586.86,1.909353201,15.97411287
15737,1.85,386372.0,1738.68,4.15809383,15.22850496
15738,1.1,280722.0,1854.94,3.697617233,16.72790976
15739,1.26,245671.0,1882.45,1.463286548,14.22648207
15740,1.46,381498.0,2224.19,2.483122275,13.37987513
15741,1.77,134213.0,1384.61,1.407096697,14.00037667
15742,1.73,260469.0,2060.74,-0.234161056,13.34134806
15743,1.7,144119.0,754.15,0.884646476,12.32486425
15744,0.89,352317.0,2418.28,2.022616939,15.48229449
15745,2.04,371566.0,2258.36,3.538896757,15.13869805
15746,2.1,375467.0,2164.9,0.533894153,14.85291531
15747,1.81,382590.0,2370.83,3.300074272,15.663622
15748,2.18,338649.0,2266.72,0.892205694,13.91539161
15749,1.88,125221.0,1865.07,0.436258259,12.45285688
15750,1.33,134573.0,2124.85,2.289306141,14.32102969
15751,0.19,144108.0,1409.02,3.744164071,16.41080686
15752,2.5,381213.0,2041.18,2.612742106,15.97433742
15753,0.8,139731.0,821.22,2.314987778,15.83248938
15754,1.36,383901.0,1465.63,2.941618049,14.35206213
15755,1.42,267148.0,2313.69,1.204861859,15.58067494
15756,2.91,259266.0,1340.33,1.757098984,15.37580007
15757,0.69,341047.0,2060.44,4.240660924,14.35003667
15758,2.12,368839.0,2331.24,-0.023291144,15.89230972
15759,1.72,372211.0,1842.72,3.642907026,13.94054894
15760,1.67,375885.0,855.65,3.449308623,15.22421098
15761,2.17,347984.0,1955.35,1.580644471,16.30144387
15762,2.12,142452.0,2020.96,4.211050553,15.68741093
15763,1.5,250466.0,929.15,2.297155155,17.32916436
15764,0.92,169174.0,586.86,2.160185854,17.48169699
15765,2.0,376980.0,1397.57,0.861416584,15.38715374
15766,1.6,156674.0,827.34,2.671034485,16.00826421
15767,0.66,262230.0,2009.83,1.877398535,13.21281649
15768,2.82,148872.0,651.83,1.275504449,15.58017034
15769,2.19,141503.0,1719.14,0.967665939,14.80507786
15770,1.49,267500.0,1030.59,2.783750641,13.68418057
15771,3.18,366255.0,821.68,2.183969344,12.07022192
15772,0.51,260215.0,863.28,3.001372063,15.64644122
15773,0.33,258662.0,1607.8,0.360472661,15.01480194
15774,2.41,167036.0,1901.5,3.060400632,14.58124424
15775,1.35,379785.0,1883.91,1.688109981,14.67314013
15776,1.62,152715.0,1804.03,1.972670412,15.81536527
15777,0.79,155146.0,1020.68,1.750214567,15.21619648
15778,1.42,368200.0,2412.07,2.054533675,15.72498112
15779,1.12,379045.0,1858.38,2.880094725,16.71596766
15780,1.58,142218.0,893.75,3.617943699,15.40160424
15781,2.35,373649.0,770.62,2.646662535,16.02256157
15782,1.67,363002.0,2063.96,2.67939893,15.11959603
15783,0.7,365271.0,1454.96,1.259918918,16.05686757
15784,1.18,353687.0,1787.45,1.691022782,15.24074563
15785,1.07,132773.0,1819.56,0.861131407,14.95814893
15786,0.92,360332.0,1736.42,3.052358114,14.85699524
15787,1.72,373897.0,1993.09,1.65667049,16.88760701
15788,0.72,362126.0,1458.57,2.991970263,15.24942725
15789,0.52,135791.0,1745.51,1.734877757,11.70201228
15790,0.64,389300.0,1987.85,0.202909007,15.29291914
15791,4.69,168924.0,877.62,1.913479707,17.36273634
15792,1.7,384863.0,1802.56,3.81187213,15.00521237
15793,0.88,381303.0,836.07,1.981737917,15.73251205
15794,2.15,355555.0,1459.17,2.763310796,13.17433426
15795,1.91,367199.0,2514.27,1.148403053,15.46599742
15796,2.36,288057.0,1909.5,2.961237335,16.10800104
15797,2.57,181049.0,1749.47,1.757927776,13.20849741
15798,1.82,351069.0,844.73,1.30414167,16.94083406
15799,0.36,265369.0,1900.06,1.660620821,16.03070292
15800,1.52,362471.0,1424.38,1.859730055,15.92334114
15801,2.6,145629.0,941.26,1.47634285,16.12569152
15802,0.95,172226.0,1492.76,2.30872356,15.93409084
15803,1.09,252535.0,2014.25,1.954323297,16.03120548
15804,1.75,246309.0,2244.88,3.221939596,15.37665722
15805,0.01,365147.0,2205.41,1.163832538,12.15505219
15806,0.94,271317.0,1791.13,2.111331587,16.14635451
15807,1.67,353359.0,1785.97,3.832306108,15.75345702
15808,2.52,141024.0,1199.52,2.471203392,14.71048158
15809,2.56,386829.0,1940.85,2.096440647,13.38009248
15810,2.25,248758.0,1944.27,0.787598285,15.67170799
15811,1.67,365256.0,1866.03,4.553419675,11.56423886
15812,3.35,152855.0,1346.13,3.454699432,14.6343802
15813,1.84,382978.0,1433.04,4.93924406,13.71524059
15814,2.52,363611.0,1229.5,2.782087727,14.81676375
15815,1.45,165597.0,2573.95,3.363254579,15.41000771
15816,1.66,372103.0,781.05,4.84847956,11.2583727
15817,1.01,173349.0,1809.84,2.838483781,13.98287307
15818,1.63,130335.0,861.27,2.174391948,13.65474189
15819,2.59,359814.0,1800.87,1.266582799,13.08209533
15820,2.14,354081.0,1792.46,2.867627623,15.49227666
15821,1.21,378148.0,2438.08,3.416411998,14.82393084
15822,2.18,141106.0,1816.84,2.995753921,15.03687374
15823,1.75,359116.0,1967.17,0.73281991,14.84575659
15824,0.97,285670.0,2095.38,3.33728016,16.26710363
15825,1.5,264034.0,946.11,2.422453157,13.4641153
15826,1.65,382912.0,938.09,2.482580931,15.54930221
15827,1.08,128719.0,1812.5,1.401006622,13.57342225
15828,2.6,365740.0,1762.22,1.755551592,15.60341166
15829,2.06,175223.0,1255.48,1.486326566,15.76547661
15830,0.53,350234.0,2363.75,2.269773198,15.51921123
15831,1.93,254426.0,2039.48,1.504863736,13.63854437
15832,2.45,265489.0,1209.61,2.86428127,13.93859338
15833,1.46,168780.0,1666.3,3.273316934,15.94439027
15834,2.22,137385.0,2014.92,1.643686288,16.3646977
15835,0.71,129568.0,1694.4,3.276196844,13.71881486
15836,0.89,360612.0,2140.43,0.348423521,16.14410437
15837,2.16,378168.0,804.28,1.929122816,12.68222505
15838,0.57,400721.0,1871.51,2.009730934,16.69119337
15839,1.67,261177.0,1527.31,1.968316278,16.3290613
15840,1.45,396423.0,767.52,3.667587429,15.83669005
15841,2.36,390932.0,1892.79,0.296238091,16.86731423
15842,1.81,353037.0,1540.45,0.357236424,15.13267153
15843,0.66,137026.0,1806.71,1.530297284,15.68661575
15844,2.44,279315.0,1268.18,3.137013142,15.96133156
15845,1.3,365260.0,2675.04,4.376108844,15.64071549
15846,2.21,375286.0,1585.19,1.9963495,15.1983065
15847,1.7,360961.0,989.77,2.940879791,16.60448737
15848,1.39,380984.0,1829.16,1.934071571,13.17316533
15849,1.64,357341.0,992.8,2.960729212,15.36044643
15850,1.48,383232.0,862.97,1.28594423,13.55307843
15851,0.96,156824.0,2675.58,1.83571969,15.91384958
15852,1.57,152179.0,1440.68,1.685825369,13.59279426
15853,2.03,357115.0,1100.57,1.159636482,15.19413928
15854,2.63,351707.0,1807.76,4.289990619,16.92723751
15855,0.9,240349.0,1779.4,1.89024182,17.05096677
15856,1.69,141771.0,2219.47,1.705436199,15.15388226
15857,2.13,158266.0,2007.44,3.369518717,17.03851701
15858,1.74,149956.0,999.89,2.593356956,14.871299
15859,3.1,370474.0,2630.77,2.668217692,15.9140748
15860,1.13,166386.0,977.12,1.453926789,15.39173344
15861,1.87,368294.0,2101.03,2.769135718,15.37389368
15862,1.0,338748.0,1722.17,0.888103426,13.15397075
15863,2.41,150809.0,1957.35,0.786525702,13.19279251
15864,1.8,343790.0,1300.61,1.378436901,13.98476872
15865,0.91,344673.0,586.86,1.431001886,15.25919112
15866,1.69,139888.0,2148.26,1.844063929,16.33761038
15867,1.75,137350.0,1805.47,0.74227687,16.40180613
15868,0.9,146258.0,2445.43,2.043749498,15.33130396
15869,1.32,381878.0,1251.01,3.267904031,15.37727488
15870,1.92,248112.0,620.96,1.013262618,16.386734
15871,1.96,123820.0,1994.63,2.394642375,16.52588425
15872,2.2,130922.0,2314.49,3.764075286,14.37111816
15873,2.16,345288.0,2073.37,1.696815373,16.27033142
15874,2.17,370621.0,2392.48,0.870365844,14.90806186
15875,1.93,357979.0,1089.16,0.222457989,15.14747615
15876,1.99,139806.0,2112.15,1.810958912,15.26951669
15877,1.39,343823.0,1975.08,2.798840737,14.77145474
15878,1.64,263748.0,2309.44,2.294002398,14.69993965
15879,0.96,148813.0,1312.02,4.457699655,15.06317137
15880,1.26,375399.0,1158.31,1.739194235,14.89315316
15881,1.8,388963.0,1758.35,3.818620181,16.33503559
15882,2.26,350139.0,1825.11,3.308357987,14.04447868
15883,1.91,349284.0,2148.01,2.611434339,13.83792657
15884,0.3,280474.0,882.11,1.774781825,16.7577448
15885,2.11,384446.0,1880.32,2.513474073,15.76600269
15886,0.75,356338.0,1193.01,1.303038434,14.3994662
15887,1.44,376083.0,972.98,2.219651455,15.61282016
15888,1.87,381970.0,1277.2,2.995334489,14.2404311
15889,1.38,253074.0,1931.33,1.463201801,15.18986339
15890,0.9,143059.0,2016.47,2.096788781,14.9537357
15891,1.64,378391.0,2199.76,3.315473026,15.85683546
15892,0.84,241820.0,668.24,2.695020506,14.95194836
15893,2.12,380053.0,1758.4,1.452871581,13.65311404
15894,0.6,163580.0,2288.81,1.92019839,15.50691791
15895,1.72,359482.0,1382.45,0.920176977,14.76527075
15896,0.03,142173.0,1432.45,4.649948385,11.40889028
15897,1.69,364857.0,1456.21,1.063456269,14.5893491
15898,0.71,399166.0,956.87,1.709746527,15.45148682
15899,0.52,361829.0,2286.68,2.014213811,14.75470599
15900,0.48,134168.0,2314.12,2.365581739,15.36934282
15901,2.2,348269.0,1554.3,2.890582791,16.47857705
15902,0.86,280296.0,1852.99,1.517338713,15.18032751
15903,2.38,136177.0,2449.07,1.102534044,16.77314423
15904,0.67,376089.0,795.2,2.345740503,15.11750169
15905,2.78,114947.0,1170.37,4.251463344,13.01996871
15906,1.53,153269.0,845.57,2.932339712,15.94298534
15907,0.54,262962.0,1319.79,2.549889004,15.65536747
15908,1.39,375932.0,1930.29,1.302503726,16.33314957
15909,1.55,129529.0,2086.34,1.838376539,15.11863923
15910,0.76,162202.0,2166.51,1.910023269,13.09405051
15911,1.58,390211.0,2511.51,1.221978286,13.39071307
15912,1.59,359774.0,2461.04,2.181604691,15.18828578
15913,2.06,347285.0,1285.55,1.638731729,14.71882051
15914,1.38,163666.0,1827.85,2.310615572,16.61921556
15915,0.58,360990.0,2298.91,2.458188437,15.15267928
15916,2.08,136137.0,2443.39,-0.092810978,15.44431524
15917,2.03,127206.0,1791.28,0.775729286,16.41837198
15918,1.3,392868.0,2286.0,1.696092715,15.01746528
15919,2.48,128037.0,1805.73,1.779338568,15.81060037
15920,1.22,183812.0,2352.59,1.580812085,16.49930864
15921,1.84,241828.0,2206.86,2.918299654,15.63813877
15922,1.47,366337.0,2422.85,1.378958503,15.76308689
15923,1.0,356962.0,1983.26,2.39353493,13.51094569
15924,1.42,238380.0,1344.69,2.149544005,15.63493152
15925,1.57,359436.0,893.33,2.479696713,14.81613971
15926,2.63,229916.0,2002.83,1.079876433,15.83742267
15927,1.0,349410.0,646.34,1.525365565,14.3962358
15928,1.55,348339.0,1353.61,1.057919217,14.12938443
15929,2.03,353203.0,1778.51,0.949262205,16.0025265
15930,1.57,139311.0,1539.58,1.486360244,14.54575338
15931,1.72,250052.0,1113.69,1.441581141,15.03184829
15932,0.41,352508.0,1972.03,1.344613669,16.14684072
15933,2.0,377141.0,2071.22,0.914556342,16.28643241
15934,1.24,373224.0,1905.91,1.862351537,16.56465355
15935,1.34,137849.0,1465.73,1.004687816,15.09617552
15936,1.81,138799.0,744.98,1.828063505,15.23931701
15937,1.17,377031.0,2411.93,3.867087419,14.16178968
15938,1.44,258995.0,1953.87,1.581846188,16.24141569
15939,0.17,149909.0,1827.29,3.378273817,15.17971745
15940,2.09,140999.0,2171.49,1.115925435,14.81969111
15941,1.99,372168.0,1689.97,4.308763503,12.48467315
15942,2.02,349441.0,607.75,1.889530277,14.60588058
15943,1.59,137209.0,2448.51,1.237547301,15.26628092
15944,2.72,394078.0,1993.15,0.203015037,15.88361909
15945,2.26,378813.0,896.83,1.616557666,14.0538856
15946,1.79,269424.0,1912.87,1.01185098,15.79517114
15947,0.43,261101.0,1950.07,-0.326393035,12.6934548
15948,1.69,342146.0,1362.09,2.073939498,15.23503767
15949,1.08,371823.0,2009.38,2.091570224,16.90176285
15950,1.75,389851.0,2610.93,1.241439017,15.840195
15951,2.15,346242.0,2373.95,2.901456303,16.47584033
15952,0.21,287105.0,1672.39,2.564323518,15.26203225
15953,2.06,367290.0,2125.31,1.804177632,15.25771222
15954,1.4,379612.0,1746.67,1.528187048,14.88804398
15955,2.15,392071.0,1789.64,2.194758337,15.78863713
15956,0.66,346577.0,1871.26,3.531261437,13.53339748
15957,1.63,245202.0,1844.46,1.141684081,13.83404159
15958,2.35,233383.0,1944.04,1.705297812,15.60756183
15959,0.67,375446.0,865.53,1.681833554,16.35669138
15960,1.43,148337.0,1388.35,3.041323086,16.508245
15961,1.73,358980.0,937.75,0.679543331,15.73689967
15962,0.94,365130.0,2314.12,1.007959227,15.47058602
15963,1.81,350001.0,1117.02,1.230804918,14.39240102
15964,1.64,168031.0,1858.57,1.581388193,15.58912905
15965,2.02,373132.0,1875.98,2.652290907,16.77274454
15966,1.88,155916.0,2170.08,0.972785888,16.90167475
15967,1.79,159123.0,1916.79,1.948863223,17.16663511
15968,1.47,362236.0,1557.79,1.280524099,15.57982203
15969,0.81,340175.0,1207.33,1.753543161,13.42494017
15970,2.64,348974.0,2415.89,3.250305637,13.58720159
15971,1.55,379762.0,1787.23,1.82546405,15.45271182
15972,1.95,156564.0,1826.28,4.588054791,13.2926304
15973,1.28,256241.0,775.17,1.831130123,15.5631182
15974,1.72,250689.0,2484.34,3.685247676,15.3641887
15975,1.5,254474.0,1620.48,1.469349684,14.60575939
15976,2.02,136162.0,2598.01,3.530675361,15.55924545
15977,0.63,355523.0,1390.95,4.93924406,15.8836999
15978,0.59,347331.0,1766.6,0.576901028,15.01607403
15979,1.14,250969.0,1823.11,1.415493576,17.17635535
15980,1.33,364608.0,2347.6,1.866016604,15.74020641
15981,1.96,358085.0,2339.53,1.315399051,15.78588169
15982,2.08,384115.0,1369.79,2.904762971,16.74260506
15983,1.38,263771.0,1946.88,-0.326393035,15.58083164
15984,0.48,361752.0,1296.18,3.607769726,15.8539261
15985,0.08,379730.0,1993.08,1.460707851,15.44290633
15986,2.06,128310.0,1338.61,2.346982177,11.89878963
15987,0.45,360828.0,1748.41,1.956018662,13.5564425
15988,1.56,255537.0,1521.93,2.134840717,15.20597287
15989,2.08,363732.0,870.18,1.690777853,15.5672623
15990,1.86,277507.0,1772.37,2.509137634,15.94162958
15991,1.8,131291.0,2454.97,1.055048243,13.19880934
15992,0.93,401119.0,1526.89,1.332748739,15.7495535
15993,1.08,139940.0,2233.32,1.711957207,15.96747383
15994,2.17,365167.0,1727.71,1.279541121,12.92249298
15995,2.09,246725.0,1378.08,1.111416908,16.90010228
15996,1.68,368631.0,1989.76,0.993695185,16.06567581
15997,1.74,114947.0,1702.92,0.974825274,16.52404391
15998,0.56,370650.0,1592.35,2.876646183,14.91741463
15999,1.03,354432.0,2334.25,1.281245907,13.83101326
16000,2.02,366802.0,2402.75,2.468744742,13.69066654
16001,0.36,372458.0,1408.99,3.646993315,15.41917297
16002,1.0,400714.0,1761.5,1.901769415,15.69910403
16003,2.4,357513.0,715.08,2.024427135,15.22456509
16004,0.91,354292.0,586.86,1.904356909,16.59407768
16005,2.21,352899.0,2454.81,1.192828483,15.42234769
16006,2.43,270050.0,1888.03,1.297584917,14.71704863
16007,1.44,268382.0,1810.05,1.777933956,13.66432959
16008,0.89,354156.0,1865.97,2.745978029,16.43664638
16009,1.83,146580.0,734.7,2.152934755,12.69911488
16010,1.48,386695.0,1529.94,2.487930898,12.63450559
16011,1.51,167519.0,2513.29,4.12007728,13.11843917
16012,1.16,352913.0,1855.37,2.259859762,17.43938642
16013,0.91,159036.0,2245.61,3.808990794,13.35420271
16014,0.36,375065.0,2111.0,1.804132749,14.0051292
16015,2.33,379757.0,896.72,3.473396439,16.11791596
16016,2.14,132450.0,1788.11,0.772008738,12.94139436
16017,2.52,235305.0,1059.08,1.478358335,14.2671691
16018,2.33,254460.0,2137.15,2.954085675,15.33243973
16019,0.8,154076.0,1630.03,4.464470016,16.243543
16020,1.1,379157.0,922.62,4.900426764,17.54772213
16021,1.57,273918.0,2003.95,1.927888677,15.77464507
16022,1.01,264129.0,1782.27,1.830295212,15.72386745
16023,1.15,144812.0,959.88,2.233038822,17.2789037
16024,0.8,386890.0,1922.72,2.237911822,14.72372794
16025,1.9,360804.0,1719.81,1.222086517,16.4216458
16026,1.94,269157.0,1736.99,2.646704538,14.20963314
16027,1.21,364921.0,1343.89,2.47396927,15.1879376
16028,1.69,351112.0,1824.34,2.15902409,14.26387842
16029,0.11,390066.0,1238.68,4.077876614,13.87328385
16030,1.72,348552.0,2262.85,2.004520852,15.48451834
16031,2.04,139620.0,2563.95,1.559752911,16.1620379
16032,1.49,146615.0,1920.04,3.590252191,16.57140137
16033,0.86,264319.0,2409.96,1.771578348,14.21629848
16034,1.64,362969.0,1790.25,1.543061209,11.2583727
16035,1.4,391752.0,1667.09,4.215942226,14.09924549
16036,0.65,360813.0,2014.71,2.930166873,12.70973354
16037,2.36,174890.0,812.52,2.840555718,15.03145758
16038,1.55,338227.0,693.8,1.091056869,15.63046687
16039,0.4,266872.0,1020.76,1.753351925,15.78417468
16040,0.7,385652.0,1630.67,3.033875845,15.28770274
16041,1.0,361937.0,1896.08,1.209702611,14.32560112
16042,2.35,369778.0,622.06,3.735762604,13.90153891
16043,1.76,155557.0,1823.24,2.02308304,15.91695907
16044,1.46,354825.0,2139.72,2.335324206,17.45736734
16045,5.81,355653.0,1281.68,1.872671041,16.53423523
16046,1.29,250229.0,2047.76,1.231657935,13.61164071
16047,1.16,359168.0,890.6,2.689452784,13.17366693
16048,1.4,275683.0,1309.77,3.422794897,12.61195846
16049,1.48,381359.0,749.74,0.912918492,15.16355742
16050,2.1,155812.0,2451.97,1.528372034,15.61130299
16051,1.54,273678.0,1948.17,0.927972825,11.96761772
16052,0.92,256157.0,1909.88,3.677890096,15.22586764
16053,1.98,383892.0,2086.66,1.038690248,15.21783095
16054,1.09,148943.0,1727.12,0.498356337,15.5115086
16055,1.63,175245.0,1939.87,1.781649489,16.64547195
16056,1.01,129724.0,2341.19,2.116699923,15.47758522
16057,2.93,350332.0,910.56,2.985270799,16.15907502
16058,1.38,373574.0,1889.42,1.354776195,15.94237641
16059,1.5,380226.0,1969.66,4.544730088,13.56429033
16060,1.04,368652.0,2592.42,2.180517213,14.64919621
16061,0.88,147044.0,1458.43,1.413484507,16.21108631
16062,1.51,272382.0,1147.68,1.732557493,15.23483934
16063,1.47,349818.0,1373.1,1.726228324,13.66930235
16064,0.23,353049.0,2160.6,1.378793189,15.14879508
16065,1.77,270164.0,1749.06,1.648977881,15.11559861
16066,0.68,364050.0,1488.43,1.05670209,11.72866833
16067,2.53,366244.0,1388.41,2.803812004,15.85841357
16068,1.5,375770.0,2536.62,2.222303449,12.61371797
16069,2.6,256516.0,1993.72,2.085957118,16.12366303
16070,0.51,389460.0,1669.49,1.603062599,13.54568471
16071,1.0,368288.0,699.73,1.570007143,15.15910158
16072,0.62,371624.0,1821.68,3.949085442,16.17184333
16073,1.43,364021.0,1380.34,2.883578849,14.17652759
16074,1.1,367225.0,956.41,1.829722765,15.49867019
16075,1.11,130150.0,2186.03,1.850205688,15.0848265
16076,2.13,377116.0,2112.92,4.365668427,14.38875391
16077,2.37,141470.0,1916.17,1.200536395,17.73027397
16078,2.77,272117.0,1831.86,1.288969667,13.94584717
16079,2.59,259125.0,2234.47,1.147785215,15.52165365
16080,1.38,401119.0,3047.82,1.961375902,15.45603243
16081,1.35,387979.0,2466.92,1.991255531,17.18505909
16082,1.51,384244.0,2506.73,1.731433827,13.81236625
16083,1.86,366632.0,1294.2,3.743197847,13.12570476
16084,2.39,125594.0,600.07,2.075574282,15.99348741
16085,1.76,393860.0,901.32,0.743456738,14.51894441
16086,1.42,243877.0,1993.69,1.898292253,15.68464533
16087,1.01,364267.0,1912.45,1.96110358,12.97616007
16088,0.94,376660.0,1650.4,1.316318382,16.17165749
16089,4.74,150829.0,1882.94,1.009081464,15.41842954
16090,1.14,360149.0,2124.28,0.995044036,14.61250283
16091,2.06,393093.0,1681.36,3.820551804,15.41701824
16092,1.45,366024.0,2387.24,1.016528998,15.2970153
16093,0.43,157610.0,737.68,3.659293427,12.41275566
16094,3.18,163129.0,2239.86,0.890769272,16.17584613
16095,0.72,152222.0,2325.6,4.07943495,16.28007616
16096,1.85,354402.0,1927.93,3.093522246,15.84103963
16097,1.82,369654.0,1140.03,1.867447643,14.38270734
16098,1.73,139570.0,2441.04,1.093976352,17.20043867
16099,1.82,368466.0,1843.34,1.382021721,14.62981154
16100,1.01,144537.0,1827.0,3.44589252,16.28706242
16101,1.2,374348.0,930.11,4.132050027,15.30781503
16102,1.71,364120.0,1948.03,2.130976715,15.25829422
16103,2.24,151272.0,1849.11,4.354322642,16.19679468
16104,1.77,364276.0,1746.02,2.72236427,15.62770281
16105,1.94,355643.0,2195.26,1.725279282,16.63904352
16106,1.86,379184.0,1456.48,1.94280612,16.65235632
16107,1.23,141590.0,1604.14,3.91533699,14.21637971
16108,1.95,137274.0,2072.59,1.666922152,15.43958029
16109,2.74,389860.0,2539.8,1.527297234,15.96145624
16110,1.83,381293.0,1744.6,1.584044145,14.28555041
16111,1.54,354999.0,2283.62,3.203160237,16.57386713
16112,1.51,142759.0,1927.44,1.763412048,17.01920731
16113,2.13,171511.0,1873.04,4.090003325,15.40832997
16114,0.69,264496.0,1491.18,2.258611327,14.88321442
16115,1.66,358900.0,2382.62,1.818551917,15.52499989
16116,2.35,149843.0,1719.8,1.044005219,15.81934175
16117,2.12,262684.0,1010.44,1.362616853,12.69024812
16118,1.54,165518.0,1629.42,2.971908441,15.14739549
16119,1.86,382202.0,1869.0,1.214057504,13.34026994
16120,1.66,377921.0,1917.0,2.139785591,14.14589774
16121,1.24,250191.0,912.77,2.934965446,16.68729723
16122,0.76,148805.0,1815.23,2.15538675,15.64040714
16123,1.23,144882.0,2417.43,2.220128987,14.47010389
16124,0.0,178214.0,2477.19,2.099885154,15.92827999
16125,0.76,266580.0,952.18,2.137242197,12.20664619
16126,0.68,151354.0,2924.74,1.555987699,15.70575239
16127,0.31,257817.0,2470.88,3.427988925,15.97042358
16128,2.04,381014.0,1277.87,2.511740127,16.83110742
16129,2.26,366294.0,1912.14,2.188278529,16.61732916
16130,1.75,250676.0,793.37,1.239186457,13.4833441
16131,1.37,142638.0,1764.95,1.602347463,15.4207793
16132,2.31,364750.0,616.32,0.202684701,15.87929801
16133,2.01,343557.0,1278.51,3.867883737,15.44722838
16134,1.29,388920.0,1658.01,4.591957627,15.7905144
16135,0.88,353526.0,769.8,2.179982574,15.20508676
16136,0.88,150109.0,1901.74,2.828300654,14.40037474
16137,1.08,347875.0,2211.44,2.027657498,15.04940576
16138,0.94,137628.0,952.42,1.287369013,16.62767045
16139,1.41,388644.0,1911.39,2.146505602,14.35737629
16140,1.07,345670.0,1897.15,1.896382376,16.42366097
16141,0.62,130706.0,2057.88,2.24981506,15.56618596
16142,2.02,148788.0,1186.18,1.74415337,14.03753846
16143,1.6,373229.0,677.8,2.454343989,13.30998387
16144,1.28,375050.0,907.08,2.41684954,13.61321892
16145,1.75,364690.0,1315.24,2.763091745,16.99332316
16146,1.03,386483.0,936.04,1.765062583,16.04511874
16147,1.65,285099.0,891.05,0.997990002,16.53376915
16148,1.33,261990.0,1219.83,1.5886953,15.45491647
16149,0.93,374980.0,1889.31,1.713001003,15.89872553
16150,1.43,384268.0,1906.65,1.308003736,15.1681015
16151,2.57,114947.0,2321.65,3.41596503,15.40481154
16152,2.48,165574.0,669.76,1.168317966,15.09012635
16153,1.94,368069.0,1865.65,2.077566839,12.62647109
16154,0.19,259422.0,964.09,2.444791053,14.96475373
16155,0.22,184073.0,1937.19,1.670862002,15.88772034
16156,1.23,364365.0,2348.52,4.116230853,15.42766427
16157,2.8,393795.0,1556.04,-0.326393035,17.03551709
16158,1.49,380257.0,955.22,3.782595659,15.66676629
16159,0.4,340000.0,856.57,4.671765478,13.79994605
16160,0.41,277166.0,2213.74,1.634880094,15.62813133
16161,0.81,232763.0,1524.93,2.694262284,13.76130338
16162,0.68,348329.0,1588.27,2.111629391,16.18474517
16163,1.27,356735.0,1217.83,3.033550505,16.54668437
16164,1.84,132623.0,1322.7,2.76399773,16.15995796
16165,1.23,354520.0,961.22,1.627851264,13.21563056
16166,1.62,258629.0,1040.97,1.336366878,15.63790044
16167,0.4,167462.0,1211.65,4.223751244,17.24533091
16168,2.78,378490.0,1854.04,-0.326393035,16.69247398
16169,1.36,137367.0,645.66,1.562700357,12.01595022
16170,1.1,378679.0,2232.6,1.456535886,14.93168003
16171,1.07,247994.0,1965.77,1.841962225,16.64027573
16172,2.47,360367.0,1869.22,3.754709212,15.13021117
16173,1.06,262240.0,2016.75,-0.051806983,12.50695983
16174,0.87,376910.0,1423.1,1.57771293,13.69844149
16175,1.19,358132.0,2194.24,2.354043244,13.41175251
16176,1.65,376846.0,1720.27,3.344338985,14.97236918
16177,1.18,363016.0,1487.18,1.931797315,15.36305227
16178,1.41,366810.0,1941.07,3.039106047,16.60479425
16179,1.76,152010.0,2367.95,0.762630072,12.26084111
16180,2.43,253181.0,2441.09,3.29408126,16.45450271
16181,1.37,363939.0,1829.65,0.936944669,17.02861278
16182,2.1,370514.0,2359.93,1.975638561,17.05394545
16183,0.83,129353.0,1452.99,1.073418186,15.70079041
16184,1.9,337592.0,2135.03,0.984112624,13.60144906
16185,1.04,266578.0,2293.22,1.915153631,16.51430615
16186,1.25,368047.0,1709.84,2.311594785,16.20777416
16187,1.19,114947.0,2527.07,1.730762868,15.39498292
16188,1.06,139943.0,1625.32,1.762011734,14.46099718
16189,1.6,365621.0,1096.37,3.077787208,14.5493622
16190,0.93,252982.0,944.94,3.493476654,13.56519577
16191,0.0,160428.0,1359.07,2.444451348,16.66310015
16192,1.1,249030.0,2011.86,1.318394131,13.84304635
16193,1.76,360254.0,955.04,1.916467219,15.24828028
16194,0.4,194247.0,1773.62,3.243625767,16.9913069
16195,1.46,125576.0,2593.4,3.737667346,15.57875176
16196,1.82,145270.0,894.16,1.554912676,15.87824541
16197,0.27,383865.0,1675.73,1.246507556,16.34502786
16198,1.06,251524.0,1805.01,2.196540342,16.74634984
16199,1.76,386432.0,1252.22,4.313115482,11.2583727
16200,1.01,266087.0,2367.99,3.298126974,14.04067961
16201,0.0,364259.0,1880.11,2.630695181,16.40129703
16202,0.99,149458.0,1934.47,1.903003244,13.42041596
16203,1.21,373278.0,2005.06,0.262140123,15.08452206
16204,3.0,352320.0,2254.81,3.40295436,16.11034457
16205,1.85,368893.0,1802.9,1.172262176,15.63530912
16206,1.03,342143.0,1922.01,2.018109246,14.84152249
16207,1.53,139056.0,2083.45,1.274004708,16.267067
16208,1.7,134942.0,2150.2,1.692927007,16.16876782
16209,0.76,269782.0,793.94,2.53348532,16.54016857
16210,1.55,145881.0,1839.03,1.897942066,15.05643893
16211,2.38,114947.0,1992.01,1.793068799,13.60344063
16212,1.21,361916.0,2367.94,0.803860351,15.00078701
16213,2.11,164874.0,895.89,1.025815422,15.7942904
16214,1.43,240484.0,1769.8,0.913572684,15.95484772
16215,1.18,354355.0,799.79,1.610056061,15.97856136
16216,1.89,155234.0,1911.77,2.37025183,15.51033388
16217,1.2,144897.0,1839.12,1.367706285,16.04093655
16218,0.48,367947.0,1764.87,0.969760009,15.9597288
16219,0.78,269015.0,702.94,0.916224442,15.25259342
16220,1.66,143340.0,2462.23,3.372681216,15.85430832
16221,1.43,355026.0,1344.55,3.789291135,14.90315389
16222,1.21,160782.0,695.74,3.023316537,15.12203816
16223,0.77,378668.0,1756.96,1.275907963,15.88586512
16224,1.85,132065.0,1958.51,2.97630504,15.50324703
16225,1.01,277036.0,2615.73,1.557749852,16.20337179
16226,0.89,368008.0,892.25,1.678173788,13.79478269
16227,1.2,380514.0,2355.15,0.864447683,15.83536618
16228,1.27,131508.0,2081.68,3.77969943,15.94586469
16229,1.49,388056.0,1903.06,3.749107798,15.72766486
16230,1.87,343417.0,2130.19,1.447240806,13.38965937
16231,0.13,390852.0,1690.67,2.176751251,17.49929595
16232,1.01,359224.0,1342.86,0.29375605,16.87798292
16233,1.4,146482.0,1898.64,0.402122114,17.1632557
16234,1.23,393180.0,1561.35,2.997002052,17.67500187
16235,1.82,378279.0,2216.61,0.705917161,13.61688947
16236,1.77,249986.0,1360.39,3.202692758,16.26241874
16237,1.4,366529.0,1813.46,1.30391346,16.07674438
16238,2.06,393629.0,2230.15,3.794756116,13.80619375
16239,1.16,372385.0,849.56,4.620657705,15.37494441
16240,0.68,356436.0,1574.71,1.706123896,15.64651485
16241,0.18,349336.0,1781.3,2.00281388,14.65749747
16242,2.13,387619.0,1920.38,2.373367843,15.80166903
16243,1.87,263212.0,824.09,2.385957238,15.40297269
16244,1.63,382104.0,2523.49,2.497480115,15.25760478
16245,1.39,146900.0,1739.8,1.496405807,15.68016462
16246,0.65,138596.0,1747.28,2.311470592,15.826652
16247,1.99,338860.0,867.48,-0.176267219,11.51531881
16248,2.66,149435.0,1084.04,3.195810534,15.29650295
16249,1.5,162233.0,1968.73,1.024109357,15.69760855
16250,2.31,372296.0,1019.14,3.964334884,16.03402615
16251,1.24,125185.0,2441.43,3.850029082,15.43929224
16252,1.5,114947.0,1094.99,0.092236084,15.28640287
16253,1.17,398861.0,905.63,1.21114576,12.8676608
16254,1.33,382199.0,2602.64,1.57142529,17.42343317
16255,1.92,352207.0,1537.32,1.221239134,12.55804307
16256,2.37,365458.0,2083.93,3.490458123,15.61547543
16257,0.82,352755.0,1815.21,3.026654833,16.3036664
16258,0.86,273694.0,1739.89,1.580090733,16.06770809
16259,0.58,400872.0,2380.96,1.492323507,15.40202359
16260,2.06,165937.0,1826.9,1.669949318,15.69680552
16261,0.32,345804.0,1895.49,1.305166689,15.79598575
16262,1.72,142444.0,1961.82,3.340273044,12.85877739
16263,0.07,377480.0,731.39,1.809646765,16.9838489
16264,0.74,156180.0,2372.18,1.8825776,16.43641121
16265,0.91,278302.0,766.38,2.234181447,15.88012381
16266,2.61,363580.0,2113.01,2.530649473,15.32782063
16267,1.52,149800.0,1680.54,1.579903349,15.53067692
16268,2.01,348401.0,1152.56,0.355157517,15.71057115
16269,2.55,396665.0,1641.41,4.162930711,15.46615747
16270,1.97,256271.0,1737.85,2.322561878,15.54545652
16271,0.43,352486.0,2025.77,1.266080662,14.03700857
16272,1.18,346070.0,1065.63,2.002879723,12.83858776
16273,1.79,147883.0,1474.61,1.782131717,15.8231746
16274,0.45,137733.0,2407.72,2.944596279,16.07045491
16275,1.14,356461.0,673.6,2.197725625,12.98629351
16276,2.27,380118.0,1125.37,1.372394529,15.38133963
16277,2.38,123329.0,2267.34,1.626752563,13.93228303
16278,1.38,383625.0,1716.02,1.027185873,15.30591973
16279,0.0,374766.0,2191.14,1.611487652,12.98150226
16280,2.0,376508.0,1918.26,2.124097116,15.32571264
16281,2.36,153172.0,1714.51,3.297718834,16.74010414
16282,1.44,131633.0,1861.11,1.814715695,16.40785955
16283,0.54,274509.0,2271.86,2.066940976,13.8276038
16284,0.0,395754.0,2573.9,3.096981593,15.84383808
16285,1.87,244163.0,1835.02,3.363446668,17.31935379
16286,1.8,152039.0,2161.63,1.368019836,15.67310441
16287,0.64,365438.0,2230.68,0.806308946,15.36758502
16288,2.28,235388.0,986.22,3.632733453,15.13513364
16289,1.55,154075.0,1872.47,2.188946006,15.95448402
16290,1.34,358284.0,1434.79,1.470017366,13.69396562
16291,1.14,153882.0,845.54,1.896779227,15.68483373
16292,0.88,371704.0,1859.79,1.353398915,16.64067015
16293,1.75,369613.0,1801.01,1.704283606,15.50463628
16294,1.11,266444.0,598.93,1.635844159,15.5831401
16295,0.46,344186.0,1779.11,1.743878176,11.80268068
16296,1.51,377060.0,1869.27,1.256859087,13.06264526
16297,2.25,374637.0,1869.8,2.243924161,16.40833686
16298,1.76,364558.0,1026.14,2.17006472,16.05522772
16299,2.22,160733.0,832.66,2.271220917,16.46133895
16300,0.89,377185.0,865.7,1.316200326,12.62499499
16301,1.95,343225.0,2314.0,1.129547729,15.10034304
16302,1.17,272032.0,1630.18,1.149388151,13.46808254
16303,0.31,347029.0,1785.51,1.260080428,16.9038616
16304,3.09,114947.0,644.82,1.618518124,15.18923909
16305,3.02,372214.0,1441.25,1.134725728,13.24979888
16306,2.0,140841.0,2068.47,2.208438417,16.98235844
16307,1.65,259123.0,1216.03,0.393333411,14.65497209
16308,1.01,260729.0,1763.6,2.879619745,14.56834709
16309,1.08,247535.0,755.53,2.938743004,14.93928079
16310,1.27,244559.0,1331.97,1.223943849,13.17794536
16311,1.58,351873.0,1480.92,1.994967228,15.83851507
16312,1.09,360863.0,1579.67,1.850099367,15.49028684
16313,1.81,347021.0,1232.42,-0.120690041,16.75768124
16314,1.53,359686.0,1180.79,1.386116296,15.75677589
16315,1.75,368733.0,892.2,3.808304967,15.0436675
16316,1.1,392712.0,1910.78,3.616794047,17.30612829
16317,0.96,360315.0,2374.91,2.290004166,15.77890214
16318,1.43,164126.0,1822.55,3.03386867,15.66498855
16319,0.84,141979.0,1830.56,1.868738421,15.09333239
16320,0.52,394342.0,2015.97,2.336131988,13.90018867
16321,6.49,135492.0,1818.54,1.448058486,15.48421546
16322,2.55,357014.0,1531.09,1.709526778,15.61437354
16323,1.34,261694.0,647.13,3.013433843,15.51728558
16324,1.14,381284.0,1751.99,2.1763741,15.35063867
16325,1.92,228911.0,1954.93,1.940666086,16.14317882
16326,0.71,259815.0,1929.76,2.1480602,15.66767638
16327,1.32,396901.0,1959.31,1.51757217,14.11974285
16328,1.23,373626.0,898.97,2.304274501,16.2655965
16329,2.28,157634.0,1806.7,1.606651849,15.17359342
16330,0.2,121283.0,1923.18,1.761014195,13.33119982
16331,1.16,356662.0,2278.9,1.243845466,16.06195944
16332,1.37,361728.0,833.32,0.556942309,14.41536035
16333,1.61,389043.0,3047.82,0.633852562,12.95918179
16334,1.91,357776.0,1752.6,2.16173584,13.33387108
16335,2.67,354610.0,2149.97,1.328955452,15.20874523
16336,2.42,164052.0,2161.01,1.099056629,13.74811811
16337,1.05,156651.0,2323.93,3.31897366,15.67793852
16338,1.4,128498.0,823.61,2.69899022,13.46336081
16339,1.59,372800.0,1956.48,1.435013092,14.15954093
16340,1.99,370676.0,2351.65,3.297408242,13.51509501
16341,0.93,141340.0,1160.66,0.739858703,15.92852675
16342,1.35,277950.0,1824.73,1.825702432,15.30235063
16343,1.09,145096.0,1135.01,3.183020854,15.98484204
16344,2.74,380883.0,2129.01,1.640044393,13.45433914
16345,1.59,333967.0,1938.37,1.330859608,16.20819694
16346,1.13,358411.0,817.94,2.557281256,16.36739044
16347,1.99,148183.0,2371.2,2.998205009,12.05271342
16348,1.22,227709.0,1898.83,1.214845726,16.22013471
16349,1.77,267641.0,1597.52,2.733076403,15.96197872
16350,2.59,352234.0,1550.21,1.680325375,15.38755251
16351,1.37,377278.0,2306.24,1.213635667,12.24336736
16352,1.08,361977.0,586.86,2.382249341,15.82933215
16353,1.73,265824.0,2029.55,1.953936596,15.58404211
16354,1.27,363557.0,1994.6,1.829259817,14.84238714
16355,1.62,136846.0,615.88,0.585284998,16.29488917
16356,2.23,362600.0,1229.99,4.294370114,15.44931667
16357,2.21,151882.0,1942.41,4.431662769,15.8889277
16358,2.47,384993.0,1480.61,3.538267768,15.17304021
16359,1.28,168751.0,2230.23,3.079247666,12.61960521
16360,2.69,393315.0,2237.89,3.105890745,12.38089882
16361,1.28,363713.0,1838.22,1.893191452,13.38857107
16362,1.34,133674.0,1943.51,1.816450243,16.395509
16363,0.67,149584.0,1189.8,1.833881068,13.64233928
16364,2.11,350006.0,1908.42,1.075517708,13.81926212
16365,1.7,264520.0,1677.87,2.887306896,17.18412337
16366,2.54,168530.0,864.04,4.842386652,16.50709208
16367,1.12,367751.0,2575.33,4.422017772,13.54812206
16368,1.08,142530.0,1426.6,3.414375459,16.07124896
16369,2.4,285592.0,1984.67,3.011834839,14.51157471
16370,0.96,355102.0,1882.81,1.241612637,14.97309482
16371,0.73,134217.0,2302.6,1.288573515,14.40268856
16372,1.5,387398.0,1527.18,1.336332512,13.85267936
16373,0.45,375592.0,1912.27,3.246485449,16.06615179
16374,1.64,250941.0,1656.12,2.080863696,12.73632354
16375,1.25,396368.0,2522.92,1.595720147,15.7004775
16376,1.62,125262.0,2196.03,1.372168489,14.20800484
16377,0.3,158293.0,1122.7,4.169550316,12.51492482
16378,0.35,257647.0,1790.62,1.916343072,14.33053434
16379,1.85,370378.0,1029.07,1.613837016,13.75630691
16380,0.97,386230.0,1701.69,2.19520847,15.24071883
16381,2.05,375374.0,1905.84,4.498065928,17.73027397
16382,0.0,127626.0,2450.11,2.17207505,16.06315128
16383,1.17,270065.0,2503.1,2.104721254,16.64720193
16384,0.92,383224.0,1591.3,1.972972812,16.53029037
16385,2.0,147211.0,1396.62,2.953199799,15.48493344
16386,1.62,366720.0,1878.81,2.754260641,11.83053359
16387,2.3,137046.0,1466.65,1.091143398,14.92830827
16388,1.42,374843.0,2467.76,2.006901492,16.25181363
16389,1.32,370392.0,832.45,1.500600313,11.2583727
16390,1.66,355065.0,1960.21,0.603267395,15.59836741
16391,1.55,159198.0,2277.29,0.701211647,16.67095844
16392,0.68,378301.0,2160.83,4.022470269,12.76026186
16393,2.51,366782.0,1033.46,0.154011709,13.14452649
16394,1.16,378528.0,1226.2,1.693307169,14.76485554
16395,1.33,236493.0,1502.67,3.559837812,16.18697962
16396,2.29,332290.0,2245.69,1.049659344,14.61816078
16397,0.34,368591.0,2318.07,1.201802779,15.9143854
16398,1.64,361969.0,2011.15,2.019266911,16.67686781
16399,0.55,379473.0,1556.95,2.022094202,13.48657012
16400,1.8,359584.0,2153.07,0.428114361,12.88866813
16401,2.58,391087.0,1270.29,1.360726156,16.02888942
16402,1.05,256390.0,1686.07,1.606275639,15.55338271
16403,1.33,389689.0,1127.18,3.665856298,13.7067969
16404,1.5,167127.0,2207.05,2.915425112,12.88493164
16405,1.48,386649.0,2443.21,4.519117772,15.95970924
16406,2.19,374312.0,1522.06,2.839016748,15.67281151
16407,0.27,367400.0,2449.98,1.362578668,16.65665733
16408,0.66,277247.0,2299.69,1.668602198,16.23948305
16409,1.98,150563.0,1791.18,3.691984307,15.41300678
16410,1.19,400444.0,1846.61,3.240180919,15.91152892
16411,1.57,363625.0,1889.82,2.712662868,14.53061407
16412,2.11,140354.0,1694.02,1.495632727,15.87175363
16413,1.83,363812.0,1433.26,2.725882446,14.94999023
16414,1.35,357741.0,1661.18,1.181947521,15.72372538
16415,1.9,394572.0,1756.84,4.505374509,15.49828601
16416,2.16,349475.0,2023.76,3.586030674,14.70366243
16417,1.51,365569.0,1816.73,2.036351305,15.09200568
16418,0.52,136084.0,1417.81,1.704583279,14.23878696
16419,1.09,356091.0,2220.48,1.588135866,14.95549825
16420,0.37,131126.0,2418.68,3.725690164,15.00757745
16421,1.47,244815.0,2341.89,0.921090651,15.02834079
16422,0.81,144392.0,1660.28,4.609741751,15.28890699
16423,1.83,277864.0,2352.17,1.973756925,16.01720772
16424,3.27,125276.0,758.09,1.775318697,15.1385574
16425,2.11,376214.0,1695.72,1.828778473,15.24061087
16426,2.15,376107.0,1717.74,0.999086203,14.01788733
16427,1.7,234273.0,2300.27,1.928863581,15.47112395
16428,0.72,132740.0,1835.5,1.664715499,12.35975196
16429,1.58,381390.0,1363.05,2.110536865,15.75125763
16430,0.66,372599.0,1986.94,1.974729922,13.69459038
16431,1.1,168029.0,1451.19,1.35279571,15.78366997
16432,2.0,148723.0,2343.37,1.80143564,16.19893334
16433,2.32,390689.0,2161.89,1.652921988,14.83755752
16434,1.81,371177.0,864.16,1.828269007,15.67516803
16435,0.5,366378.0,1605.94,1.870003944,16.65347252
16436,1.28,152084.0,779.8,1.182346455,14.75439721
16437,0.0,394358.0,1432.21,1.695452921,12.002742
16438,1.5,387215.0,1260.41,0.488124008,12.52704639
16439,1.15,397610.0,1621.16,2.672166438,14.03712625
16440,1.67,275811.0,1887.0,1.457308305,17.15851846
16441,2.17,148851.0,1201.12,1.620775987,15.43547733
16442,1.11,271480.0,634.88,1.289133262,15.06397256
16443,1.47,259409.0,1619.4,1.72018279,16.00846114
16444,2.03,357673.0,1653.99,4.915557068,16.44147366
16445,1.2,367468.0,1723.47,2.049896604,15.79370698
16446,2.62,260638.0,2155.32,3.297470713,13.71634098
16447,1.89,141133.0,1953.74,1.40818168,15.41029287
16448,1.27,385388.0,1777.71,2.686472331,15.71928271
16449,0.2,172328.0,1907.05,1.627998616,14.26518802
16450,1.92,135211.0,2249.43,1.864102363,14.4923926
16451,2.32,149548.0,969.03,1.545314696,15.42414368
16452,1.13,365857.0,1604.39,1.862561329,16.10807322
16453,0.84,114947.0,2102.53,2.611805369,12.01635336
16454,1.99,158338.0,2059.99,2.323115334,15.5361569
16455,2.31,132255.0,1327.87,2.705252578,16.16767046
16456,1.81,354170.0,2378.82,2.14435754,15.82525142
16457,0.9,375808.0,1142.64,1.71779723,13.68421812
16458,1.89,367493.0,1229.57,0.728733856,12.29483205
16459,1.29,250902.0,1903.45,2.137139592,16.78441253
16460,0.94,379930.0,2259.41,0.535439733,13.76344304
16461,1.56,383342.0,2474.14,4.254297081,15.28176144
16462,1.29,365706.0,714.56,3.192521848,12.60652827
16463,0.51,137428.0,586.86,2.880997941,14.29102771
16464,1.4,355215.0,857.56,0.516400304,14.49212076
16465,1.57,133387.0,1257.8,1.819064012,15.77896999
16466,0.56,139786.0,2749.05,0.595358424,14.60378707
16467,1.64,130792.0,1213.42,1.949884729,17.19151399
16468,0.88,278258.0,980.96,3.766422794,14.72984896
16469,1.91,278310.0,2013.39,1.733601427,16.32997492
16470,1.6,353230.0,1715.04,3.214118732,15.87557608
16471,0.91,140740.0,1823.15,4.361413446,12.1250038
16472,0.87,346928.0,1776.97,2.907264886,15.52091248
16473,1.52,150556.0,1533.99,2.013221663,15.77710175
16474,1.3,258578.0,2656.45,-0.238206994,12.42831151
16475,2.52,282172.0,768.42,0.946328835,15.51147122
16476,1.64,273618.0,1779.26,3.064217827,13.0049683
16477,1.85,261675.0,2221.52,2.256595664,16.25262322
16478,0.72,388077.0,1959.53,1.073978269,15.96844704
16479,1.47,275065.0,1624.12,1.664828398,14.48260621
16480,1.97,367491.0,1881.19,1.847210055,13.7485685
16481,0.83,385230.0,1647.44,4.601852879,15.81966592
16482,1.43,135393.0,647.17,4.216306286,15.82696838
16483,1.47,375432.0,1022.96,2.152814706,14.5266003
16484,2.16,144206.0,1274.15,3.931964894,17.24062724
16485,1.02,386126.0,1801.69,1.821349723,15.55234336
16486,1.83,269895.0,1842.76,2.043114291,15.74845608
16487,7.22,239201.0,1777.88,1.79261508,14.08054958
16488,0.44,360789.0,1688.16,2.098823312,16.1312046
16489,3.01,363379.0,2293.57,1.276080054,15.90111795
16490,1.08,269910.0,1498.97,1.599128584,16.26639846
16491,0.97,338390.0,2491.28,2.802059671,14.20726504
16492,0.99,362934.0,975.99,-0.326393035,12.38182086
16493,1.84,248549.0,2308.56,4.272360348,11.38423237
16494,1.59,368147.0,2270.51,2.315453241,15.78600773
16495,2.28,124750.0,757.79,1.007698195,15.16519135
16496,1.42,359191.0,1954.59,2.557225108,14.12693774
16497,2.39,376720.0,2477.08,1.791680482,13.82178036
16498,0.67,365985.0,1897.92,3.539189461,14.96865954
16499,1.79,345116.0,1435.58,1.666222161,14.11178502
16500,2.62,365459.0,1980.16,2.186426375,15.95184162
16501,2.11,361354.0,2131.88,3.448351184,15.62068607
16502,1.11,375042.0,1904.21,2.072109677,15.10634757
16503,3.16,132640.0,1698.71,1.698263114,16.06253602
16504,1.38,349087.0,1754.15,4.522798717,13.04230313
16505,1.44,264151.0,921.25,1.598337714,15.55534443
16506,0.99,147021.0,1130.6,1.221463421,14.84193008
16507,0.49,149842.0,1812.32,1.535878483,15.89879636
16508,2.6,258883.0,1791.86,-0.181750555,15.17380318
16509,1.52,366378.0,636.31,3.062240672,15.68412601
16510,1.27,366987.0,1439.29,4.01441776,13.39119825
16511,1.07,378336.0,1307.2,2.0509789,16.2608346
16512,1.73,248485.0,815.68,1.834485063,15.42149364
16513,1.77,155523.0,1463.53,1.321276372,15.33824606
16514,2.17,369382.0,736.24,1.587270987,17.40264395
16515,1.07,358687.0,1493.33,1.894810209,16.10091675
16516,2.55,372235.0,1811.87,1.570623009,15.53098585
16517,0.66,147961.0,2081.32,3.103063247,15.92644246
16518,1.13,373872.0,1875.42,0.633528409,14.90267931
16519,0.66,159630.0,991.79,1.566909534,16.00769898
16520,0.46,133854.0,1197.91,1.512443557,13.85299137
16521,0.97,253344.0,1737.05,3.303644405,13.13072708
16522,1.47,339822.0,2305.41,1.70849661,15.74532068
16523,1.34,260245.0,2271.0,2.334859484,17.1582936
16524,1.57,343458.0,1362.26,4.554242376,15.31015682
16525,1.05,392002.0,2623.15,1.696411337,15.48349594
16526,2.39,129924.0,1871.52,0.602118936,17.41685285
16527,0.79,392068.0,1797.11,4.93924406,16.22212551
16528,1.33,367449.0,1686.88,1.462673523,15.17623167
16529,1.32,385770.0,1892.02,2.964553104,15.967481
16530,1.78,123825.0,1171.59,1.971073771,12.99342489
16531,1.71,382528.0,2218.41,0.804145968,15.70789236
16532,1.01,368596.0,2495.2,0.983603365,15.10459977
16533,0.32,391335.0,1993.04,2.280402264,16.25747949
16534,0.62,380427.0,2240.06,2.208794474,15.85955326
16535,1.76,374967.0,1494.81,2.571560735,16.09277993
16536,2.18,247519.0,2074.08,1.424252015,15.99818177
16537,1.72,401119.0,1849.69,3.375934522,15.93992188
16538,1.58,137981.0,757.01,2.252263721,14.30706803
16539,1.3,160712.0,2351.3,1.817747069,15.76345357
16540,1.17,144696.0,1744.28,1.049532834,15.4265384
16541,1.68,373066.0,1835.15,1.470346895,16.13092485
16542,1.78,363579.0,1401.11,0.446004269,14.13901045
16543,1.72,356269.0,2290.69,2.315403995,16.19857806
16544,1.64,366355.0,2594.34,1.617319429,14.10758092
16545,0.13,148344.0,1511.07,1.969347271,16.4416021
16546,1.98,261002.0,1181.76,3.039476388,17.32044543
16547,2.57,233095.0,2975.3,4.436302669,16.05269936
16548,0.98,395342.0,1893.1,1.100135764,13.20922276
16549,0.31,170744.0,1927.9,4.128626063,14.41753557
16550,1.61,359511.0,1444.91,1.428058409,13.85192623
16551,0.75,392842.0,2597.39,1.287385038,16.30143898
16552,0.96,372917.0,2484.22,1.728801714,17.48952626
16553,0.4,374145.0,674.03,2.152184399,13.57258634
16554,1.77,139198.0,1213.93,2.10597815,13.45776588
16555,1.49,364411.0,2325.42,3.012978127,16.72679801
16556,1.62,137498.0,1007.82,1.211835165,15.85692444
16557,1.89,132834.0,2513.91,1.388144514,15.98323581
16558,2.07,265733.0,2402.35,3.157679465,16.38758845
16559,1.24,136107.0,806.55,2.984066829,13.31630147
16560,2.31,375053.0,2390.49,0.754528427,15.51382151
16561,2.0,337234.0,745.54,1.708669096,15.35349138
16562,0.75,357142.0,1236.22,1.990565205,15.62457426
16563,0.81,393208.0,2395.78,3.9112058,13.83295244
16564,1.92,148968.0,1784.61,4.068263764,15.77458392
16565,0.66,365272.0,1933.34,1.646761075,16.23871641
16566,1.48,386617.0,1443.32,2.347609483,13.82320863
16567,1.89,342040.0,2088.84,4.888177241,15.66005663
16568,0.84,156025.0,1465.1,1.418552721,15.82922101
16569,0.64,140202.0,2013.07,2.259040159,15.30866427
16570,2.36,251790.0,1828.29,0.907948258,14.84953648
16571,1.47,378895.0,1441.76,2.303725708,11.48244266
16572,1.58,256162.0,1781.47,3.417267683,15.11881101
16573,0.46,277108.0,2585.2,1.992050682,16.3841143
16574,0.43,352004.0,2015.0,2.135311477,15.56596777
16575,2.14,129453.0,2249.46,1.460757121,15.00448013
16576,1.65,168010.0,1402.63,2.916319539,15.57544197
16577,1.58,147056.0,1927.81,0.826433356,12.03762055
16578,1.82,259036.0,1854.96,1.28582736,15.91560487
16579,1.86,166873.0,877.76,1.663104442,15.17170173
16580,1.99,349398.0,734.26,2.982115788,14.67278503
16581,1.41,368217.0,683.32,3.211550704,15.56211615
16582,1.44,375479.0,1585.31,1.937270383,16.37588151
16583,0.46,157235.0,1914.0,1.816651485,17.58968304
16584,1.57,259610.0,860.18,1.594028988,14.87399378
16585,2.04,335288.0,1313.96,2.858323048,14.90223157
16586,1.44,257475.0,1897.97,1.613655233,15.72837231
16587,0.99,239273.0,1651.06,0.946761473,14.81272687
16588,1.17,132049.0,1233.65,1.150074095,15.72330007
16589,1.95,140917.0,2184.21,2.434440136,12.72243833
16590,2.7,275622.0,2172.47,3.838568524,15.87802855
16591,1.46,279952.0,1961.25,1.658241175,16.49676464
16592,1.07,238212.0,2112.42,2.301615451,16.85250044
16593,0.47,234195.0,1023.32,0.334859278,13.87483843
16594,1.15,337756.0,1241.33,1.249747433,14.61412916
16595,2.47,143590.0,1945.18,0.727613562,15.17652151
16596,0.95,387432.0,2426.72,2.163097811,16.44651718
16597,1.02,395100.0,644.81,1.545830782,16.16971972
16598,1.81,129202.0,2164.81,1.996690359,16.58002098
16599,1.89,372536.0,2243.76,2.675072939,16.38610797
16600,0.22,370852.0,1543.29,1.070346902,13.4882685
16601,0.92,383183.0,1935.82,3.673027416,15.04246778
16602,2.37,149971.0,1839.95,1.259039923,14.97180021
16603,1.86,144121.0,2342.41,3.187428675,15.30501019
16604,2.0,177999.0,1955.79,0.951014715,15.94424527
16605,1.17,378970.0,2852.86,2.778626492,15.47102752
16606,2.45,123499.0,752.35,2.839363949,15.67891957
16607,1.79,246639.0,600.27,1.488349821,13.67142316
16608,0.83,242227.0,811.16,1.527210505,15.5231194
16609,1.56,365365.0,1868.2,2.212548636,15.07877073
16610,1.54,374532.0,1751.79,2.468858544,15.75642864
16611,1.45,387369.0,2625.23,0.456670122,17.49030222
16612,4.38,357917.0,832.92,2.983907708,15.43366622
16613,2.22,380330.0,1917.16,1.490160197,14.23622931
16614,1.92,241611.0,1862.87,1.430665472,15.61458394
16615,0.62,391725.0,1743.53,1.508046309,12.56513202
16616,1.25,383281.0,795.71,3.741129914,11.42668953
16617,2.24,361380.0,1843.54,1.091339996,15.78085219
16618,1.39,274942.0,2032.53,2.307312849,16.48395413
16619,0.83,150190.0,1957.97,1.480387904,15.66280341
16620,1.44,263158.0,1646.78,1.198545063,15.16679217
16621,1.49,380049.0,1937.08,4.263982709,12.42191233
16622,0.94,158397.0,2016.57,1.669464887,16.11164532
16623,1.72,369370.0,1603.69,0.225605979,15.22888348
16624,1.94,335523.0,650.04,4.00621458,16.86792094
16625,2.06,240822.0,1743.75,2.984691481,13.58279959
16626,1.66,242786.0,1811.07,1.988527291,15.4049247
16627,0.89,396455.0,1829.06,3.754121759,15.87249395
16628,1.49,143306.0,1890.43,1.172209532,17.09483275
16629,0.75,393114.0,2269.01,2.258611083,16.10831718
16630,1.68,395324.0,1944.42,1.81186703,14.34725256
16631,1.72,356190.0,2177.28,0.623716296,14.17816523
16632,2.41,376834.0,2565.63,3.501969405,16.06561605
16633,0.73,171363.0,1847.87,3.086981535,14.98190857
16634,2.24,367194.0,2300.17,1.685693696,15.7478008
16635,1.63,368725.0,1859.87,1.773321158,15.23274924
16636,1.51,358713.0,1837.04,3.813663371,15.02037779
16637,1.43,374350.0,2298.15,1.361032195,13.86177726
16638,2.39,264351.0,2271.1,1.676780178,13.70101901
16639,0.76,364411.0,1974.36,2.247306679,13.7797407
16640,1.66,139109.0,1607.74,2.058118472,16.15337397
16641,1.46,136511.0,929.14,2.756494168,16.30242629
16642,0.58,388638.0,2062.98,1.296652294,15.7206809
16643,2.11,369770.0,3047.82,2.185111655,15.18796483
16644,1.75,153116.0,2427.61,2.339810166,15.95358581
16645,1.47,148310.0,1354.91,1.980124001,16.73788922
16646,2.8,368226.0,2235.06,4.294886992,15.06538992
16647,2.1,153627.0,1297.2,1.557603749,14.72731466
16648,1.91,353919.0,1773.82,1.448594227,15.62354482
16649,1.64,141247.0,2464.04,1.299332346,16.22571045
16650,1.46,369468.0,1722.64,3.179032116,16.08763576
16651,1.63,369327.0,1578.73,1.711071248,16.43204962
16652,1.19,370947.0,2871.15,3.035005749,16.50337858
16653,1.94,258666.0,2196.67,1.686776946,16.83189192
16654,1.68,381421.0,1976.2,2.367637192,13.06715083
16655,2.15,357969.0,2042.77,0.91130177,15.07306093
16656,0.97,262722.0,1722.3,4.63357206,16.29265424
16657,1.26,244218.0,1408.19,0.419325441,16.05145608
16658,2.39,258119.0,1080.66,3.235157454,16.00905015
16659,2.41,372167.0,1797.2,0.965726093,16.60447817
16660,2.71,360291.0,699.71,0.72531296,14.88778739
16661,1.57,128120.0,1718.38,-0.246928704,15.58714257
16662,1.49,384276.0,1572.95,2.307987851,16.89697514
16663,0.93,240663.0,1871.48,1.508051819,15.23788415
16664,0.38,164276.0,1865.88,1.100362056,14.53100421
16665,3.94,248622.0,2333.59,1.452380848,15.38140895
16666,1.7,258020.0,2130.32,2.88756017,15.22430993
16667,2.43,249380.0,2049.54,2.54745166,15.23402944
16668,1.98,381939.0,1728.63,3.686771765,15.06496796
16669,1.3,372132.0,1683.46,2.065855336,15.83421973
16670,0.49,262596.0,1724.77,4.375325052,14.78987383
16671,0.57,341929.0,1051.04,1.232990887,14.8620428
16672,0.44,140573.0,1305.77,1.285044766,15.26577341
16673,1.14,377252.0,2107.86,1.705074605,13.38025441
16674,1.88,255700.0,1317.27,0.731946645,15.65916625
16675,1.17,144849.0,1886.72,1.824177451,15.26297398
16676,2.62,357180.0,2037.82,1.968349165,15.24310848
16677,2.33,360544.0,1425.15,4.621741828,14.96434455
16678,1.71,140793.0,1718.92,2.285703718,13.48491864
16679,0.77,345428.0,1763.6,1.443005736,16.29305166
16680,1.43,263953.0,1695.82,1.39591766,16.03267704
16681,1.85,262212.0,1220.52,1.826063398,15.28403253
16682,1.48,143210.0,1859.51,2.861148987,15.25304298
16683,1.5,340610.0,1370.31,1.108964399,13.4750919
16684,2.33,156528.0,1110.44,3.790917947,15.45199215
16685,1.84,378142.0,2370.51,1.972849405,15.63616534
16686,2.63,342785.0,867.73,1.320521057,15.27486815
16687,0.88,264996.0,1278.86,1.261226741,16.26067469
16688,1.34,397435.0,2005.52,0.885377706,16.59882481
16689,0.39,379946.0,1690.16,1.987632195,15.92701552
16690,0.02,365569.0,1868.74,1.041544008,15.52752187
16691,1.8,149855.0,1960.67,0.497580161,15.48028726
16692,1.65,371237.0,1798.36,1.132512099,13.04040706
16693,0.97,131683.0,630.96,2.420318643,14.74060056
16694,0.97,356180.0,2058.06,1.291109906,11.88645691
16695,2.51,164650.0,1904.93,1.746505912,12.81011324
16696,0.0,160841.0,586.86,2.326737274,16.22366122
16697,1.11,158508.0,2025.05,1.721610909,13.9227746
16698,2.08,373535.0,1359.07,2.582778379,15.84477981
16699,2.48,133649.0,890.94,3.666834136,15.37003455
16700,1.41,352163.0,2128.4,4.510296087,13.20462047
16701,1.29,369359.0,1879.58,1.820936157,15.20453716
16702,0.35,151786.0,1766.96,0.642185026,16.22009473
16703,1.65,147915.0,1773.91,1.098159747,15.09774241
16704,1.53,277800.0,1881.73,4.260894099,16.83706872
16705,0.1,382082.0,2212.0,2.177434007,16.96680641
16706,1.3,370825.0,2539.35,2.894692722,16.1100016
16707,0.38,376605.0,1777.2,4.162628598,13.82534257
16708,0.64,351974.0,1792.33,0.956498649,15.88683146
16709,1.8,139960.0,785.92,3.669696768,16.97824557
16710,0.75,352194.0,2424.97,1.735266128,13.46354173
16711,1.48,163718.0,1842.5,2.25636269,13.56042611
16712,1.17,267973.0,2260.28,0.937724979,14.74040523
16713,1.99,384215.0,1778.18,1.245825641,15.78067163
16714,1.65,173577.0,2289.66,2.929603717,16.71130481
16715,1.58,249682.0,2443.63,1.430033237,15.47888375
16716,2.02,347995.0,1309.28,3.520611018,13.95824518
16717,1.4,144220.0,2046.06,1.751213926,15.99607229
16718,1.73,382007.0,1215.09,2.852059296,15.7967012
16719,2.59,358912.0,1482.03,1.611384819,15.15768728
16720,1.69,368841.0,1558.82,4.717642228,15.78015182
16721,1.38,257671.0,1931.05,2.603039797,16.38897804
16722,1.41,279895.0,1888.0,2.823914635,15.17591201
16723,1.94,361676.0,1177.23,1.41881882,13.24394078
16724,1.33,260722.0,1388.5,3.694604295,13.8292189
16725,0.85,163902.0,1769.29,3.698425121,13.99125703
16726,2.47,241260.0,1758.17,4.59581801,14.78173053
16727,1.35,381249.0,2146.49,1.436364101,13.68266391
16728,1.32,376468.0,1965.07,1.343858116,16.19008231
16729,1.33,146632.0,1830.04,1.410860788,13.89768737
16730,1.63,364299.0,2001.97,1.436328377,17.07630225
16731,1.42,134871.0,2371.53,1.242137205,13.74380885
16732,2.06,160098.0,1799.97,1.326066524,15.31868168
16733,1.24,159185.0,1133.17,1.557223907,17.36385403
16734,3.33,122760.0,2233.56,1.232069263,15.00276229
16735,0.78,379497.0,1756.74,0.043416383,15.75231859
16736,1.37,120759.0,2376.28,2.255015354,15.58761838
16737,0.78,136927.0,805.14,3.347526843,14.83712154
16738,2.5,140424.0,2234.12,2.660990323,16.49893495
16739,1.42,357356.0,1836.41,1.051335143,12.45954538
16740,0.97,350750.0,1488.46,3.35731968,16.32988494
16741,1.09,375142.0,1727.73,2.795787891,16.5461007
16742,1.82,256311.0,2267.76,2.734765074,11.68242685
16743,1.27,136764.0,1039.58,1.260485238,15.15287905
16744,1.46,360233.0,1335.54,1.230290524,14.71751983
16745,1.18,145212.0,1988.95,1.563798616,15.90073446
16746,0.88,273060.0,2520.12,2.250139601,13.59602185
16747,2.09,363436.0,824.69,1.10191873,13.47756757
16748,1.04,396865.0,1696.73,2.997227103,16.81958785
16749,1.38,165244.0,859.11,4.2525369,17.28742503
16750,0.74,162152.0,1947.34,1.612132704,14.18574872
16751,0.37,138288.0,1884.35,2.144894684,15.35640869
16752,0.87,401119.0,1976.57,2.877893647,14.03040015
16753,2.1,353268.0,760.29,3.555795598,14.59765768
16754,1.25,373471.0,1931.11,1.653260178,12.44331223
16755,2.09,147147.0,2416.4,0.27350536,12.8889107
16756,1.56,372853.0,1464.28,1.36928623,13.95319512
16757,1.15,382541.0,2213.32,1.668657096,15.77273162
16758,1.67,371248.0,1940.5,1.766827052,15.60592511
16759,1.15,334441.0,2225.3,3.566912642,15.14183126
16760,1.63,338830.0,1851.44,1.062887711,12.53305464
16761,1.27,361296.0,2629.03,1.807983266,14.71468857
16762,1.48,358466.0,2181.6,3.937093829,13.4971477
16763,1.69,254627.0,889.6,1.387673279,13.47412287
16764,0.12,373655.0,1368.88,3.706578059,13.41021654
16765,1.17,399409.0,1650.88,1.889472781,16.21410792
16766,1.63,369720.0,1820.35,4.714773269,15.38763719
16767,1.21,251789.0,1660.93,1.115017775,15.44251931
16768,1.72,257234.0,1295.41,1.513376725,15.13336841
16769,1.47,357038.0,1516.03,1.565547066,14.87199981
16770,1.25,257254.0,1178.28,1.689153321,14.10979518
16771,0.77,263934.0,836.23,1.179239519,17.22343314
16772,1.75,368569.0,1917.84,2.037217272,17.20704799
16773,1.41,377438.0,587.06,1.620505787,15.45820483
16774,1.28,348057.0,1456.22,3.025615839,16.07844298
16775,0.33,381602.0,1893.53,1.637082179,15.9892848
16776,1.41,342220.0,2653.14,2.108695401,15.61443997
16777,1.78,259555.0,1969.31,0.965130999,17.09895024
16778,0.37,343817.0,1820.23,2.055077427,15.68477164
16779,2.0,276221.0,1848.99,1.855162295,16.56882155
16780,0.97,366816.0,1772.48,3.536231168,15.6660888
16781,1.86,373402.0,1429.54,2.02794925,14.10081733
16782,2.68,159095.0,1096.94,1.802371897,14.02957941
16783,1.6,364053.0,1269.5,2.809638644,11.2583727
16784,1.54,142990.0,1399.27,1.712514287,13.70777164
16785,1.62,172623.0,1973.71,0.478554249,14.29286415
16786,1.49,173075.0,1972.5,1.893955692,15.29421456
16787,2.02,274263.0,821.21,3.821045073,16.17842785
16788,1.95,142998.0,2474.58,1.073793151,15.42440806
16789,1.15,389487.0,2468.45,3.508344864,16.51892792
16790,1.89,264271.0,2086.6,2.867043026,16.51937509
16791,0.57,385553.0,1927.18,1.999378328,15.08770067
16792,1.83,131294.0,1946.72,2.523914226,15.26531116
16793,2.32,234204.0,2226.93,1.878913584,15.38551522
16794,1.39,159478.0,1932.86,2.538965246,16.17951969
16795,1.1,259801.0,1816.74,1.477373675,16.42161989
16796,1.18,149843.0,1867.47,3.471115408,16.51801426
16797,1.45,288008.0,1429.07,1.248442782,15.51569963
16798,0.86,149266.0,1804.01,0.19247444,15.54454188
16799,1.62,356642.0,1949.45,2.552719545,15.30318752
16800,1.22,137806.0,1527.44,1.517014238,11.77658209
16801,1.54,343477.0,634.39,2.780534493,14.23779407
16802,1.53,364764.0,1453.16,1.254470114,15.2556604
16803,0.24,345695.0,1993.81,1.906787007,14.32612582
16804,1.35,374792.0,1842.69,2.958956474,14.54632502
16805,1.52,380119.0,1852.56,3.742879253,14.59496278
16806,1.06,379085.0,586.86,2.277517643,15.95434614
16807,1.49,244444.0,751.23,2.329496122,13.19931269
16808,0.98,381094.0,1247.81,3.803093144,15.15712412
16809,1.63,165682.0,619.9,1.529577913,15.58341838
16810,0.76,384329.0,2582.19,3.150209716,16.97382528
16811,1.14,251114.0,1534.39,1.31125499,15.88372241
16812,0.89,389727.0,2619.84,1.756272059,15.10722558
16813,0.8,164124.0,1628.06,4.695649621,12.83651349
16814,1.79,394592.0,1334.6,1.549525262,12.85898475
16815,1.1,281271.0,1090.85,-0.326393035,16.6010614
16816,1.05,352024.0,1579.4,1.095892651,15.43622452
16817,1.51,374832.0,744.25,3.122286898,15.60577951
16818,1.56,134031.0,1830.9,2.864696564,12.29436431
16819,2.29,127420.0,671.74,1.571117776,15.95005973
16820,2.72,380039.0,1865.88,1.744687046,13.93099174
16821,2.05,372060.0,1577.95,0.933510758,12.86185207
16822,1.96,264070.0,1758.09,3.597210289,16.53599951
16823,0.61,134233.0,1344.47,1.586163761,14.05827786
16824,1.16,374553.0,1859.82,1.91465146,13.23374734
16825,5.67,388643.0,1342.35,2.184540042,17.43258155
16826,0.43,384807.0,2527.62,2.265029194,13.3318119
16827,1.13,364392.0,1780.83,1.687944137,15.66140504
16828,2.04,375413.0,1604.94,1.843407681,15.81215408
16829,1.32,116592.0,1944.46,1.364584416,16.79355234
16830,2.74,285374.0,1990.75,-0.051124537,17.73027397
16831,2.05,159267.0,1842.31,2.30144312,15.98762274
16832,0.35,389988.0,1791.38,3.303186888,15.33447541
16833,5.06,241042.0,866.12,1.226221837,14.88749709
16834,1.9,251768.0,1678.22,1.099728531,15.92121021
16835,2.48,231210.0,1842.28,4.205248202,15.42876823
16836,0.09,387567.0,1769.3,1.991725756,14.68204457
16837,1.09,239996.0,1944.18,1.909250959,15.5844762
16838,2.33,376176.0,2312.08,2.088599274,16.04620658
16839,1.39,384749.0,1961.11,3.658097884,13.25329297
16840,2.26,370885.0,1747.06,4.387637028,15.11136221
16841,1.26,139125.0,912.25,2.529821242,17.64147768
16842,1.37,372248.0,1677.58,2.985119098,16.61581364
16843,1.45,347310.0,1338.98,1.130519431,15.473823
16844,1.26,137565.0,620.46,2.995050184,15.52118176
16845,2.03,253895.0,1828.17,2.705315636,15.78024638
16846,1.33,365088.0,683.29,3.683501292,14.9098068
16847,0.84,383827.0,1930.78,1.56965553,15.45181311
16848,1.7,360257.0,983.48,4.437792456,11.65056682
16849,2.39,390408.0,1417.01,2.08004679,17.62352509
16850,1.85,392782.0,1839.27,4.126377159,17.3502676
16851,0.4,357782.0,2173.31,0.208908548,15.51755814
16852,1.34,144263.0,1805.03,2.688579205,16.00151838
16853,1.5,375464.0,2526.45,1.61535147,12.00438197
16854,0.95,245021.0,1833.21,2.617130221,15.985697
16855,1.74,285387.0,1967.66,3.547145737,15.17041409
16856,1.3,347752.0,2068.52,0.661825087,16.96057823
16857,1.64,368850.0,2239.88,1.547075935,15.74584977
16858,1.84,163182.0,1384.74,2.11177084,15.61180573
16859,1.22,255939.0,2465.68,0.721874752,14.43569569
16860,1.76,153354.0,1984.69,1.90652195,16.75345273
16861,1.75,365722.0,2284.82,1.701076498,15.00420841
16862,1.18,364622.0,662.44,2.051149878,15.53026383
16863,1.77,398002.0,1889.5,1.543752481,14.30735162
16864,1.24,372415.0,1799.81,1.668677817,12.17736623
16865,1.46,382884.0,1236.69,2.040607314,13.73653536
16866,2.07,117582.0,1636.87,0.358806469,16.34822559
16867,2.25,366947.0,2850.69,3.742296191,15.47825021
16868,2.0,367875.0,1746.49,3.144235275,15.78933296
16869,2.03,143193.0,1014.37,-0.326393035,16.0408961
16870,2.18,364950.0,1449.55,3.400365547,16.30681278
16871,1.55,370150.0,1210.4,1.907178324,15.67399436
16872,0.11,371120.0,2526.04,0.91605418,15.49603709
16873,1.19,275191.0,1147.62,3.372915826,14.03721249
16874,1.34,153390.0,1448.27,1.298535604,15.23581585
16875,2.12,126085.0,2155.15,1.038136072,13.74172975
16876,0.76,370089.0,2540.15,1.826267246,15.40853022
16877,1.12,235179.0,1781.09,1.78506107,16.44922784
16878,4.3,351146.0,1891.63,3.884295934,13.99994832
16879,0.24,283373.0,1373.23,2.27652536,15.58543867
16880,0.3,127187.0,769.74,1.360984559,13.61140323
16881,1.36,167977.0,1893.45,2.883771277,15.39267892
16882,2.26,269299.0,1142.33,3.134952076,15.58621661
16883,0.69,133176.0,2503.03,1.863554016,16.85452247
16884,1.52,262377.0,2305.35,4.08514749,14.54685595
16885,1.59,363332.0,1267.63,2.12963535,15.42828927
16886,1.58,157259.0,1130.36,3.356244163,16.88199398
16887,2.07,384152.0,875.5,0.274899879,15.78397932
16888,2.22,137850.0,1871.85,1.937975413,16.58007154
16889,1.35,353598.0,1544.62,2.79462543,13.11381948
16890,1.12,355831.0,2142.07,3.619787289,13.04813045
16891,1.27,386132.0,814.69,3.82516861,12.86939365
16892,0.8,156220.0,1593.76,1.764523967,12.89670104
16893,1.68,400616.0,1874.74,1.849988397,15.61254334
16894,1.49,137204.0,678.35,0.676115533,15.78079754
16895,1.8,134750.0,1877.14,3.13024117,16.17281053
16896,2.11,369241.0,2451.08,3.415740263,16.14343904
16897,1.29,358759.0,1802.27,2.927698119,15.67557904
16898,0.89,356580.0,1673.05,2.477808931,16.60965087
16899,2.0,148255.0,1683.1,1.595587699,15.11972196
16900,1.83,255793.0,2371.08,2.881964842,15.91633746
16901,0.78,162337.0,1853.46,3.003798843,14.78663204
16902,0.7,365751.0,2485.75,2.086069591,15.9171942
16903,0.0,390943.0,1390.08,1.979290578,15.53496909
16904,1.99,365665.0,1919.84,1.362087778,15.92262263
16905,0.98,377459.0,1489.9,1.607944801,12.33181082
16906,1.41,143699.0,2005.36,2.281294259,14.88085352
16907,1.17,357183.0,2353.14,1.896655503,16.006433
16908,0.14,380177.0,1834.74,1.715131764,13.99187757
16909,1.5,143284.0,2318.92,4.801956603,15.06285075
16910,1.45,342609.0,1790.5,1.411882761,13.97227872
16911,2.95,154626.0,948.82,4.248636122,14.311399
16912,1.03,376872.0,1011.93,1.169098808,14.79578177
16913,0.97,243480.0,1285.85,1.927853177,16.93217414
16914,2.07,342288.0,1411.37,1.056502697,16.78031483
16915,0.85,174351.0,2287.95,0.689139367,12.62278318
16916,1.66,385929.0,797.92,3.091634679,15.52712766
16917,2.25,127154.0,1494.1,2.322082475,13.91691546
16918,2.25,358875.0,2443.74,2.360245897,17.34405608
16919,0.53,141642.0,1873.51,2.029633343,16.94408004
16920,2.37,270901.0,2259.65,2.060775684,13.65430822
16921,1.9,361394.0,1817.64,2.688272119,15.19399881
16922,1.9,159321.0,1307.61,1.666063604,15.63479347
16923,0.7,137553.0,862.55,2.458126179,15.03943127
16924,2.36,130127.0,1220.32,1.060075891,14.7443045
16925,1.77,353406.0,1794.99,0.420367093,15.34552181
16926,1.11,136854.0,2412.74,1.408251383,15.72276556
16927,0.19,377141.0,859.74,2.992663831,16.77726478
16928,1.74,142525.0,2270.02,1.900377622,15.68855245
16929,2.18,364527.0,2446.93,2.081587019,15.36732129
16930,2.42,397291.0,2507.39,2.189215207,16.65654707
16931,1.45,355399.0,2365.99,2.204226071,15.19269218
16932,0.64,394287.0,2289.66,1.819510529,16.71642298
16933,1.09,282577.0,1816.18,3.995599481,15.79294028
16934,0.76,376091.0,1499.13,1.363446969,14.73859453
16935,1.99,135355.0,1845.57,1.325130537,15.90238978
16936,1.88,155765.0,2447.65,2.185073424,12.826302
16937,1.46,367038.0,1715.03,0.711796584,14.55354951
16938,0.9,149285.0,1857.23,1.474646925,14.62380228
16939,2.08,264935.0,1754.47,4.141700808,15.94506071
16940,1.39,268811.0,2253.16,2.183280984,15.34129916
16941,1.4,136214.0,2003.62,2.139887888,16.84170572
16942,1.15,384488.0,1861.71,2.071674483,12.5756452
16943,2.05,372965.0,862.31,0.536785811,15.4740027
16944,1.51,360477.0,2298.67,2.027603586,12.98245441
16945,1.03,251063.0,2251.13,1.334248868,15.85520212
16946,1.21,347501.0,869.83,2.887549499,15.29927651
16947,2.5,389918.0,2072.43,1.693979594,16.29400413
16948,2.71,374045.0,1844.67,1.596495895,15.97137551
16949,0.41,363159.0,1011.97,1.86628791,12.84518358
16950,0.76,364846.0,1820.88,1.43150888,15.42324228
16951,1.86,258274.0,2633.29,3.056500708,14.90166356
16952,2.06,377163.0,2587.9,4.222800435,14.01078162
16953,1.22,343106.0,2529.92,0.902997577,14.71719403
16954,0.41,381573.0,1844.74,2.10843512,15.21625098
16955,0.68,268563.0,887.33,1.712990835,11.30949516
16956,0.82,246339.0,1000.18,1.689757658,15.90216005
16957,0.8,343623.0,1889.87,1.194865279,15.60101891
16958,1.59,382954.0,2235.34,2.943428521,14.28526981
16959,1.94,261310.0,894.99,2.153413357,16.68112547
16960,2.05,357612.0,2050.1,1.322573568,16.31912991
16961,1.92,142202.0,1837.65,1.672156311,15.88327969
16962,1.87,376770.0,716.67,3.865818329,15.08944636
16963,2.09,159182.0,777.19,4.155855823,15.94820823
16964,2.24,141813.0,888.99,2.75459353,16.79817715
16965,0.96,380508.0,1661.78,1.772869246,15.76276137
16966,1.21,359648.0,2372.22,1.187406029,15.6347023
16967,0.81,144339.0,1266.62,1.707706511,15.8921548
16968,1.63,370264.0,834.57,1.067807128,13.39771176
16969,1.18,172438.0,2114.82,1.60876821,15.9539699
16970,3.14,252406.0,2309.57,1.305560928,15.18636078
16971,0.6,267752.0,998.1,0.512358581,13.2539533
16972,1.1,157345.0,1927.0,3.911738349,14.13640688
16973,0.51,369038.0,618.78,2.593320786,14.02269898
16974,1.71,237903.0,717.46,3.830263526,17.26568333
16975,2.19,366428.0,2619.46,0.223216769,16.75236561
16976,2.46,157840.0,641.42,2.118663311,15.92876449
16977,0.95,142972.0,2018.61,1.800699062,12.5292513
16978,2.1,123845.0,2606.9,1.32886118,11.60276134
16979,1.39,269060.0,1250.72,3.792220751,13.55762846
16980,2.2,375635.0,1910.36,2.886261632,15.84723055
16981,1.69,151054.0,1017.37,2.888360182,17.40625602
16982,1.01,375486.0,2364.82,3.580451762,15.44308419
16983,2.35,358908.0,1251.55,2.682735293,15.50154375
16984,1.98,247970.0,2074.14,1.144069925,15.27814553
16985,1.5,270106.0,1946.41,1.295157527,13.74694635
16986,2.24,129600.0,1935.57,2.29992804,12.8648547
16987,1.5,265427.0,1771.75,1.968762614,16.01962839
16988,2.89,378218.0,1375.82,0.059425917,13.23556022
16989,2.01,161375.0,2587.89,0.415127134,15.3836565
16990,0.89,137238.0,1295.72,2.04906602,17.44517004
16991,1.94,377934.0,1632.72,1.086887115,15.09370015
16992,1.71,153450.0,1870.67,1.643525443,16.70972348
16993,1.59,364919.0,727.49,2.751439393,16.45409931
16994,2.72,393663.0,1789.69,2.57117053,15.61329894
16995,0.96,365070.0,2358.35,1.223827504,14.02140751
16996,1.02,280270.0,1420.3,2.060535379,17.73027397
16997,2.88,159991.0,1784.47,1.319991169,15.90382299
16998,1.31,375278.0,2583.1,1.720080668,15.78139433
16999,1.2,371584.0,1437.45,0.356838831,17.19244868
17000,1.81,131553.0,1839.05,0.821214176,13.64670744
17001,0.0,152073.0,1679.21,4.581915699,16.05232863
17002,1.99,350883.0,2123.32,2.665135122,15.42505053
17003,0.55,401119.0,1803.29,2.532424705,14.74742808
17004,1.26,342160.0,977.4,1.075089415,11.50085038
17005,1.23,362422.0,1805.93,1.967015759,16.01318153
17006,0.9,251717.0,2347.21,0.2928858,15.23857498
17007,2.44,114947.0,745.66,2.782053089,15.32664023
17008,1.55,261786.0,1180.03,2.716546891,15.39005451
17009,0.63,353262.0,2225.47,2.575508294,15.85726649
17010,2.18,149573.0,1301.62,2.098882431,15.57629198
17011,1.25,268345.0,2482.53,3.689552927,13.98827935
17012,1.19,375148.0,1608.71,1.652397865,12.95252914
17013,2.29,350080.0,1896.54,3.527589423,15.20712774
17014,1.3,361289.0,586.86,1.595443255,15.46622052
17015,1.82,366827.0,1995.04,2.837230854,13.5171758
17016,2.54,156104.0,1921.04,1.484508107,15.07307357
17017,0.13,378432.0,831.78,4.826385184,15.25291068
17018,1.54,353723.0,2107.6,1.88343468,17.02535871
17019,1.34,260656.0,2700.63,2.209985923,15.88818884
17020,1.44,168489.0,2136.62,1.237573968,15.33812159
17021,1.0,367954.0,1409.17,1.399513963,15.35881781
17022,1.17,269408.0,586.86,1.105963346,16.24220382
17023,1.76,260264.0,1213.3,2.341070944,16.36025258
17024,0.72,375843.0,1796.8,3.841010233,16.45157559
17025,0.98,160245.0,3047.82,1.259689351,17.3886769
17026,1.04,369593.0,2110.1,1.14176202,15.42892697
17027,2.21,372703.0,1080.14,1.756523245,13.41606521
17028,1.09,253232.0,811.55,-0.289929447,16.31775727
17029,1.8,151194.0,1914.81,1.80745726,16.02155177
17030,1.92,367547.0,2181.29,1.490447732,13.97395914
17031,2.13,385414.0,1456.04,1.865903572,14.34739356
17032,1.5,374464.0,1941.98,4.37827567,17.20186053
17033,2.38,248459.0,1270.24,2.693819563,16.84104005
17034,2.44,377763.0,1393.78,1.733966744,15.8262107
17035,1.56,371198.0,2462.12,2.133572548,13.85008373
17036,1.83,136311.0,1765.82,1.456376669,14.93563236
17037,1.42,161396.0,1778.1,1.825791897,15.64652044
17038,1.01,261378.0,2363.42,1.015205458,15.66412195
17039,2.26,154558.0,823.98,4.122653348,15.22036237
17040,1.35,369918.0,1271.22,1.931315157,15.84798761
17041,1.5,247204.0,2695.82,2.121747689,15.16521553
17042,2.01,375644.0,1875.66,0.98728177,16.76780503
17043,0.83,233082.0,1747.17,4.388710227,17.02997574
17044,0.77,349322.0,747.26,1.936704859,13.77825065
17045,1.65,157928.0,1991.44,0.305141998,16.12785013
17046,1.04,386818.0,661.21,2.982784247,16.03871477
17047,0.71,161678.0,1314.66,1.687658574,15.132194
17048,0.24,266182.0,1358.7,1.945226396,15.67170878
17049,1.05,122285.0,967.05,1.252984799,14.51554266
17050,2.25,270554.0,1427.01,1.454511105,15.2223233
17051,1.36,168990.0,1018.59,2.102446875,14.86056822
17052,0.86,234535.0,1779.16,4.355231702,15.14960303
17053,0.44,244867.0,1204.07,2.416726328,12.52821097
17054,1.12,256489.0,2031.31,0.522376968,16.00040469
17055,4.0,256739.0,1605.06,1.974703128,14.79879744
17056,1.77,249076.0,765.23,4.248630421,15.77002711
17057,1.62,371166.0,2232.61,0.059575449,15.49346687
17058,0.59,378359.0,1858.54,3.706476353,15.98847688
17059,1.79,247720.0,1845.99,1.476954898,16.51670329
17060,0.0,360314.0,1757.86,4.44786052,15.26585484
17061,0.66,356786.0,2223.47,1.13055724,14.3172617
17062,1.59,252026.0,1768.7,1.91868971,14.523446
17063,1.85,361826.0,801.05,1.492235619,13.97901913
17064,2.71,393628.0,1893.88,1.933649122,13.13964003
17065,1.16,142148.0,1020.45,2.784822455,13.7458012
17066,1.86,232366.0,869.85,1.230298503,16.15928508
17067,0.96,385752.0,2158.93,2.045465769,15.92893417
17068,0.88,373681.0,2168.32,1.165804368,15.45090443
17069,1.19,266506.0,1523.92,3.418174176,15.28880615
17070,1.63,155485.0,1009.03,2.196691829,12.61034865
17071,1.34,358403.0,2365.54,2.950942581,14.27213537
17072,1.87,343589.0,1896.69,3.350336081,14.88610593
17073,3.0,136927.0,1771.89,1.65291514,16.67056503
17074,3.62,374787.0,2041.87,3.62328857,14.83667535
17075,0.61,251819.0,1361.06,3.552126044,13.29571536
17076,0.3,372068.0,1766.75,2.963619732,15.28729554
17077,1.09,362121.0,2078.02,2.802745071,14.93051692
17078,1.3,164607.0,1778.64,4.345284322,15.08726873
17079,2.15,364829.0,1171.76,3.654923456,15.17047955
17080,1.32,258562.0,2074.46,4.196567095,14.2222089
17081,1.95,146491.0,1716.68,1.297891159,15.29958357
17082,2.64,128671.0,678.17,0.734707101,12.99242679
17083,0.47,367291.0,1850.11,2.170093162,15.7541159
17084,0.57,349206.0,917.89,2.004958183,12.76742518
17085,2.11,389145.0,1912.21,3.577621334,14.81062998
17086,1.81,279619.0,885.4,2.374948575,15.2461403
17087,1.19,142150.0,905.31,2.095003092,14.94646821
17088,0.33,381140.0,812.7,1.098820965,15.15874511
17089,1.84,361157.0,1210.42,2.471368503,15.8454423
17090,1.83,144972.0,706.65,1.502350261,15.9305881
17091,1.12,158244.0,1322.98,0.564355728,16.14007108
17092,1.01,361837.0,1916.29,-0.119901794,12.88684584
17093,1.19,164298.0,762.55,0.638661652,16.30016757
17094,1.74,370897.0,2289.64,4.207469588,15.31455168
17095,1.3,360273.0,911.71,3.494891994,16.58308333
17096,1.71,260278.0,1794.73,1.246738751,17.52867894
17097,0.96,152142.0,2443.64,1.091112576,15.04239103
17098,1.34,361006.0,1914.08,2.269208998,14.41645556
17099,1.93,365593.0,861.28,1.304908286,13.43007717
17100,1.85,230333.0,2374.3,2.78102621,12.00228469
17101,2.26,135978.0,1479.48,1.842228054,13.96068929
17102,1.05,369495.0,2229.91,3.581331021,14.58346621
17103,1.56,251560.0,1687.14,2.914497944,15.58783681
17104,2.36,376014.0,1408.97,3.637846721,16.18063536
17105,1.52,388739.0,2596.82,3.417450782,15.83631655
17106,1.38,374812.0,2370.36,1.697485498,17.41308941
17107,1.52,135401.0,2319.89,1.81289346,14.8603355
17108,1.46,139318.0,1323.68,1.552769819,17.14817794
17109,1.07,357723.0,1116.53,2.066730344,15.731184
17110,1.71,361073.0,1835.61,2.022492879,15.61244701
17111,0.44,272581.0,2082.97,-0.26164884,15.59195727
17112,1.3,381140.0,919.35,2.273352185,16.27467444
17113,1.82,274157.0,1315.33,1.613824904,14.79204002
17114,2.39,135235.0,3047.82,1.319825911,16.41454536
17115,1.39,364090.0,915.05,1.75256656,15.58393989
17116,0.23,376271.0,728.45,0.3420268,15.6324233
17117,1.53,266263.0,1533.72,4.440472479,12.78732553
17118,1.48,396302.0,2124.63,1.971888114,15.56213428
17119,1.85,128073.0,1796.67,1.26493098,16.04888076
17120,1.91,242045.0,2236.34,3.438215108,15.4994365
17121,1.75,234336.0,1692.69,1.341892247,16.41712814
17122,1.25,348455.0,2387.84,1.872425418,15.57641653
17123,1.36,383425.0,1868.25,1.249626314,15.720088
17124,2.49,251543.0,1813.92,1.100971817,15.31286704
17125,1.39,381041.0,1193.2,2.326087476,16.00719782
17126,2.39,352030.0,1042.12,1.116430034,16.08727785
17127,0.83,386256.0,1523.67,0.783717127,15.78215764
17128,0.37,154379.0,1806.31,2.751699148,13.74101921
17129,0.75,382440.0,755.7,3.421578207,15.54576031
17130,1.97,249435.0,1754.23,1.353683305,17.03828232
17131,1.95,371661.0,1258.21,1.679663751,15.73176086
17132,0.97,393096.0,1924.3,4.790063082,16.36007652
17133,0.54,384253.0,874.87,2.458579148,17.1117032
17134,2.08,354647.0,1230.2,1.101294507,13.51249926
17135,3.01,240956.0,1542.55,1.671867228,16.14647945
17136,1.35,363218.0,1038.16,4.208107541,12.43889214
17137,0.77,151009.0,729.64,1.545073093,13.44748329
17138,1.31,353060.0,2000.32,1.286356623,16.25821625
17139,1.61,132347.0,1140.45,3.075103636,14.10274233
17140,1.21,359875.0,2295.66,1.716551347,13.41631981
17141,1.55,367819.0,1817.68,2.557936189,13.72499812
17142,1.78,379211.0,2373.73,3.872618965,16.58111863
17143,1.55,152873.0,1512.67,4.707019791,15.50213366
17144,2.62,368284.0,1823.83,2.00692582,14.19009858
17145,1.88,351678.0,1547.88,0.813589168,14.24110068
17146,1.51,350856.0,2328.52,1.818186569,13.43158666
17147,1.73,383161.0,1691.35,1.649466881,15.39529805
17148,0.24,370501.0,2500.41,0.460811781,16.29594961
17149,1.83,156169.0,1305.29,0.76416351,13.29577582
17150,2.17,374220.0,975.77,3.006087873,15.36524037
17151,1.74,389570.0,1964.05,1.521749086,16.00378514
17152,1.47,359254.0,1761.9,1.699252515,15.54911696
17153,1.2,134216.0,1825.5,3.571505719,15.46072119
17154,0.96,354694.0,2445.93,-0.097092577,15.75088745
17155,2.01,153124.0,1669.6,1.458538833,13.59610412
17156,2.19,365991.0,1735.83,1.745451546,15.23684846
17157,0.85,366298.0,787.81,2.564422233,13.72631283
17158,1.18,343930.0,1768.74,2.517248525,15.7108014
17159,1.36,254341.0,1048.86,1.348983778,13.95233086
17160,1.54,370848.0,1836.82,1.879509228,13.36973756
17161,1.49,367188.0,2009.35,1.407483655,15.93907824
17162,3.02,141607.0,2913.16,3.878525392,15.48163323
17163,0.85,134502.0,1358.69,1.313695481,14.31408211
17164,1.55,370409.0,1138.19,1.783371765,17.28919297
17165,0.6,368217.0,2413.25,1.072523996,15.53392283
17166,0.89,363979.0,1742.81,0.440491256,14.93995308
17167,1.09,336192.0,2208.27,1.93697736,15.15038012
17168,1.47,383768.0,1273.78,3.499202989,14.07361774
17169,1.66,386849.0,902.27,3.179795085,17.202543
17170,0.38,259822.0,1942.82,2.199678922,16.46640179
17171,2.45,253161.0,1634.89,0.150634489,14.93054388
17172,1.81,381845.0,1290.79,1.566893728,15.05525602
17173,1.36,274664.0,1294.33,0.679461732,15.18626687
17174,0.75,267512.0,1412.33,3.041709949,14.04004011
17175,1.57,159581.0,656.26,1.863707074,14.48263263
17176,2.0,376758.0,1181.58,1.58928885,16.65011757
17177,0.57,259024.0,1016.39,2.442720463,13.95043633
17178,0.91,149490.0,951.27,0.869008416,16.55089869
17179,0.66,147039.0,1432.47,3.847241207,15.47429205
17180,1.44,144534.0,1652.83,2.144352161,15.69547962
17181,0.91,385837.0,2032.41,3.508281785,16.10936009
17182,1.57,159091.0,2482.9,1.73832912,15.15408972
17183,1.82,126252.0,1818.74,0.836487945,16.38567989
17184,1.06,271463.0,2276.57,1.04543044,16.90016279
17185,1.84,138831.0,2387.86,3.126791499,15.73359028
17186,0.49,162338.0,1516.6,0.753514718,16.75341666
17187,0.15,164431.0,1150.79,3.482839598,17.48661642
17188,1.85,128485.0,1718.42,1.841134544,17.2028687
17189,1.63,188253.0,2371.94,-0.193523252,13.04379056
17190,1.36,389937.0,1394.73,0.719475237,14.80763524
17191,1.35,150421.0,2525.24,3.87937146,14.06652661
17192,1.75,362238.0,965.96,3.368227726,15.72232873
17193,0.68,395398.0,2126.8,3.09114247,16.77355766
17194,2.44,186209.0,2411.94,3.789991425,16.26563898
17195,2.68,370601.0,2373.8,1.043874591,15.76988868
17196,1.64,382827.0,2373.83,1.795816202,15.32552314
17197,2.46,362680.0,1934.81,1.598920236,16.81043555
17198,0.27,150748.0,1800.67,0.460788078,13.68895094
17199,2.72,123961.0,2349.66,2.022849734,16.00701828
17200,0.98,362069.0,1835.65,3.77206962,16.63325587
17201,1.21,253301.0,2260.62,0.982085652,16.3877624
17202,2.26,135572.0,2371.39,1.398722194,15.09265038
17203,1.77,129381.0,1240.19,1.562927406,14.98689772
17204,3.74,254242.0,1784.55,0.946602372,15.8962194
17205,1.35,252357.0,1130.42,3.471491234,15.86545811
17206,2.3,379864.0,821.66,0.903772097,15.6748701
17207,2.02,135859.0,1870.82,1.517324551,13.25221508
17208,2.35,249775.0,586.86,2.77366891,13.32729762
17209,1.55,355952.0,1204.36,-0.169490075,16.32079163
17210,0.82,149131.0,2421.97,0.671268354,14.2372473
17211,1.61,257199.0,1977.86,1.951990796,16.27471856
17212,0.92,143560.0,1485.19,1.523475684,15.91776794
17213,2.55,263576.0,1911.64,0.734048199,13.61099918
17214,1.82,140422.0,1814.62,1.639518104,12.60619125
17215,0.31,144302.0,878.04,2.081183241,17.41872115
17216,1.69,148877.0,1415.45,1.414104442,14.21378197
17217,0.84,153653.0,1220.17,2.651489578,17.0385392
17218,0.61,153489.0,1802.91,0.069972275,15.7350743
17219,1.79,374531.0,1484.49,1.96019167,15.94628548
17220,1.61,146249.0,1658.05,3.280141417,12.87108844
17221,0.88,384145.0,2234.69,4.028742984,15.63150676
17222,1.9,390607.0,1278.07,1.45416009,15.43151979
17223,1.16,368506.0,1784.33,1.419547738,16.19407247
17224,0.0,153970.0,1878.06,0.490020565,15.25893217
17225,1.83,386373.0,1702.3,1.952992193,15.39242428
17226,2.61,375706.0,705.56,1.529105487,12.06420198
17227,1.34,251223.0,2174.71,0.375271479,12.89965153
17228,1.65,136711.0,792.22,3.108615921,16.39539391
17229,1.23,166246.0,1846.66,1.585820476,13.22127939
17230,0.93,375023.0,2412.83,3.996141325,15.00316729
17231,1.0,371050.0,2237.63,0.980188531,15.98893764
17232,2.16,114947.0,1832.68,1.462283093,16.23735375
17233,2.21,249082.0,1951.46,1.749850801,13.60080626
17234,1.96,140854.0,2058.49,-0.326393035,16.18414336
17235,2.63,164542.0,1850.32,2.306394868,14.20003046
17236,2.26,381284.0,851.36,2.344981869,14.21539169
17237,1.17,167529.0,915.66,-0.326393035,13.1949445
17238,2.23,142337.0,900.34,1.591368811,14.56005687
17239,0.84,259888.0,1842.25,1.805774628,14.95135826
17240,0.34,354974.0,1716.48,1.163189616,16.29111144
17241,3.02,352336.0,2228.91,1.904101532,12.80016982
17242,1.16,355334.0,1750.73,2.640440489,16.40766701
17243,1.97,248693.0,746.48,2.819418511,14.94533187
17244,2.08,375899.0,1953.92,3.463940904,15.77521729
17245,0.93,393885.0,2417.75,1.31770732,15.81240769
17246,1.36,357030.0,2738.69,2.743946281,16.64958147
17247,1.5,366384.0,1670.15,1.592299433,15.842661
17248,1.66,343341.0,851.95,2.152066902,14.82666633
17249,1.15,371302.0,1967.92,2.820955067,17.2126273
17250,1.4,140569.0,914.34,1.770958701,14.55876483
17251,1.03,381735.0,2444.74,2.94428619,16.01388952
17252,1.56,270933.0,1593.55,2.882700018,15.14210673
17253,1.26,361991.0,1329.97,2.558987702,15.48396905
17254,1.19,139348.0,1415.43,2.061278703,14.91881076
17255,1.22,362602.0,766.84,1.570431961,12.75205863
17256,2.18,147445.0,1390.05,3.860389786,14.50953243
17257,1.58,163657.0,1672.86,3.875773189,16.44499838
17258,1.78,116333.0,1882.91,1.490912971,13.63464703
17259,1.19,365208.0,920.72,1.22953579,15.33365324
17260,0.72,379557.0,1733.12,0.579958803,16.08998976
17261,1.62,247607.0,992.6,0.86875575,15.00405257
17262,1.38,382675.0,1837.67,1.205829455,15.4728605
17263,1.64,252665.0,2375.04,1.124988287,16.60018946
17264,0.86,281274.0,2312.54,4.721118144,16.27951043
17265,1.73,356673.0,1810.26,1.292457944,13.10371888
17266,2.18,256213.0,586.86,1.766800244,15.51680671
17267,2.17,155419.0,2137.55,1.320972494,14.95500894
17268,2.07,379285.0,916.23,3.742123432,17.00611409
17269,1.82,250232.0,586.86,1.3860311,15.34065125
17270,0.0,385114.0,1838.63,0.041149087,11.2583727
17271,0.58,385982.0,1902.42,3.749134493,16.35770085
17272,0.48,387231.0,1340.59,2.403171265,15.18830306
17273,1.95,365103.0,1922.94,2.501279324,16.47035689
17274,1.63,372921.0,1282.12,1.676838001,13.74711484
17275,1.59,257109.0,1923.2,2.59705666,13.88212245
17276,0.71,168470.0,1987.52,1.94641077,14.01760546
17277,0.94,359529.0,887.46,-0.326393035,14.65286499
17278,2.4,365649.0,1433.11,4.617486765,15.8153109
17279,1.46,351436.0,1444.7,2.023121334,16.3303656
17280,2.18,141416.0,2363.39,1.166973106,15.71095143
17281,0.58,261042.0,2413.55,1.422162753,15.37763627
17282,1.58,361924.0,766.18,1.720379818,15.60880425
17283,1.33,144066.0,2362.19,0.98860162,15.5681247
17284,2.2,281822.0,1696.8,0.925020651,17.33574017
17285,2.64,364721.0,1443.06,1.110654765,15.44713866
17286,1.16,354740.0,1175.06,2.772319502,16.65745488
17287,1.27,130280.0,955.24,4.775303311,15.45152208
17288,2.55,120254.0,2201.93,2.033904821,15.87202954
17289,0.52,369752.0,1886.04,2.759856627,14.12682288
17290,2.16,263711.0,1986.68,1.671750433,17.66532901
17291,1.09,239991.0,1717.28,0.00959312,14.35194775
17292,1.18,260115.0,1317.85,2.738977602,15.46511352
17293,2.66,386271.0,2176.87,2.689365402,13.17148827
17294,1.43,260395.0,2825.65,1.096692485,15.27061033
17295,1.35,390186.0,2488.48,1.192179405,12.19540938
17296,1.46,372583.0,1878.23,1.24630762,14.31331427
17297,0.07,157852.0,2205.78,1.784083588,15.39143475
17298,0.72,266079.0,1807.78,2.016572605,16.18460686
17299,1.56,155866.0,1872.68,0.965961272,15.52388272
17300,1.27,127807.0,1225.9,2.192929402,15.51600382
17301,2.18,386902.0,834.13,1.544308778,16.54925597
17302,1.43,168792.0,1860.78,2.506539184,16.38430541
17303,1.97,268324.0,1154.51,3.657072724,15.89413148
17304,1.79,401119.0,2845.24,2.999840746,17.18638339
17305,0.92,374828.0,765.82,3.966033619,16.28391687
17306,0.65,374633.0,1539.42,3.654196674,14.93785838
17307,2.92,144780.0,1671.33,1.974945042,16.1146641
17308,0.6,353977.0,1434.45,0.718377585,15.58142641
17309,1.39,354810.0,1822.62,1.740533823,13.80809257
17310,2.55,369776.0,2225.17,4.353232476,15.01970028
17311,1.5,376744.0,892.76,1.995790386,16.65659164
17312,1.37,366687.0,1339.72,3.456388828,16.63298015
17313,2.29,363012.0,1874.53,2.783441246,15.57060798
17314,2.53,372559.0,1777.81,1.925272053,17.36380954
17315,2.42,383432.0,1896.76,3.059460413,16.13587909
17316,1.13,371841.0,1294.91,0.170040144,13.67289764
17317,3.14,360573.0,1914.39,3.077106877,15.12154949
17318,2.31,156593.0,846.63,4.477204841,16.13202315
17319,2.76,393584.0,1871.58,1.257131824,13.69881509
17320,1.75,380221.0,1788.98,3.38080833,11.95437309
17321,1.18,150561.0,1897.53,1.788511927,15.65406708
17322,1.28,272262.0,2908.75,2.208890827,12.88336715
17323,1.47,374890.0,1649.72,1.865241131,14.63890512
17324,0.82,146483.0,1780.81,3.436806496,15.89216952
17325,1.27,151418.0,2403.6,0.522883713,14.31690514
17326,1.68,136288.0,691.59,1.744079912,16.47554771
17327,0.34,401119.0,2492.22,2.206399552,16.55131383
17328,1.54,357786.0,999.05,2.797661408,15.27689021
17329,1.67,361618.0,1639.14,1.593611306,13.93204108
17330,1.86,251964.0,2488.1,2.176321871,15.52871088
17331,0.26,373463.0,2456.32,2.00122681,15.75946227
17332,0.93,387032.0,1978.67,3.589808891,15.29114864
17333,1.65,276659.0,1455.9,1.265989163,14.45137261
17334,2.29,364040.0,2019.3,1.812234517,13.32421194
17335,2.4,135165.0,1888.44,2.665666555,13.54450829
17336,0.79,401119.0,958.06,3.677365205,14.38522352
17337,1.99,356351.0,2265.85,1.90015719,15.41816371
17338,1.17,394728.0,1894.16,1.179589909,15.2280139
17339,2.61,370030.0,1786.31,1.402758068,12.48068334
17340,1.97,363130.0,1894.67,2.846340964,15.63659748
17341,0.83,146968.0,1743.61,1.359033915,16.12454481
17342,1.91,370847.0,2093.95,2.907929528,15.31632874
17343,2.17,381878.0,1780.83,1.434266835,13.82708004
17344,2.52,251911.0,1756.11,2.96030047,13.23255999
17345,2.17,376621.0,1798.96,3.720763824,14.73400939
17346,0.94,173146.0,709.85,1.79323719,16.20964766
17347,1.8,363226.0,1129.63,2.888176826,15.58552215
17348,1.68,162606.0,1870.42,1.946160904,15.84780014
17349,0.9,346263.0,1875.96,1.275581943,15.26960537
17350,1.25,254331.0,966.82,1.574620901,16.42962097
17351,1.57,380348.0,1131.8,1.891133784,16.26021639
17352,0.77,358287.0,2198.28,2.860586908,16.86408409
17353,1.72,136345.0,1765.92,2.012341753,14.83858651
17354,1.15,369647.0,1327.22,3.928488603,13.85959873
17355,1.91,387688.0,1543.09,1.673966387,15.30675997
17356,2.1,265986.0,1743.27,1.932677202,17.49322519
17357,0.04,357996.0,2392.36,-0.326393035,15.67190337
17358,0.34,392281.0,1565.08,1.797896952,15.59830748
17359,2.54,252336.0,2427.22,4.183916881,16.87384474
17360,1.9,385621.0,1658.05,1.314896291,16.25360984
17361,0.24,148733.0,2057.3,0.536811728,13.80255208
17362,2.62,129958.0,1835.3,1.811863982,16.02515389
17363,1.51,257114.0,907.58,1.499491378,15.32732256
17364,1.82,359429.0,1863.94,3.150363721,15.90015773
17365,1.33,398633.0,2405.74,0.030897118,16.12872468
17366,2.08,383926.0,1564.33,3.530115873,13.96646413
17367,1.41,145724.0,2292.67,1.677183636,15.51646533
17368,1.02,357902.0,1644.59,2.09906691,16.42193448
17369,0.98,157720.0,2457.83,2.43254091,14.06414721
17370,1.37,389380.0,586.86,1.762885031,14.63740714
17371,0.35,396384.0,1366.95,0.794559024,14.1347858
17372,1.87,344511.0,1859.04,1.107091086,15.28002864
17373,1.1,148250.0,1837.3,3.057506322,13.34302161
17374,1.83,391254.0,2328.44,2.853678156,15.63657815
17375,0.26,359058.0,1232.82,3.462566169,14.49922136
17376,1.45,136839.0,2103.07,2.021356085,15.06306141
17377,1.43,154403.0,872.76,2.239948486,16.05732478
17378,1.5,125466.0,1811.82,2.556294067,14.25363256
17379,2.19,350785.0,1885.82,4.5426396,15.25885421
17380,0.91,359881.0,1730.33,1.933730718,13.30564526
17381,1.37,365409.0,1915.2,4.612967396,15.05982654
17382,1.46,370895.0,1896.32,0.781944615,15.14168556
17383,2.51,373620.0,2443.27,0.898965606,16.01368992
17384,1.19,378216.0,1838.81,1.491046769,13.43655214
17385,0.89,351673.0,1785.86,1.513757757,16.06802403
17386,0.94,374666.0,1665.04,0.428855735,15.07306403
17387,0.91,401119.0,853.82,1.788488077,15.18297836
17388,1.84,381094.0,2315.23,1.747148114,11.2583727
17389,0.44,365991.0,1360.63,3.018339011,16.22807801
17390,0.64,356058.0,1914.17,1.732492884,12.25421286
17391,1.91,399087.0,2281.39,3.808662193,16.31885059
17392,1.09,279932.0,1524.96,1.888727369,15.88074007
17393,0.33,374794.0,2323.46,1.877440809,15.66137165
17394,1.8,356440.0,1774.84,1.634569649,13.85238624
17395,4.28,152534.0,2975.07,4.536749689,14.33549643
17396,1.6,140813.0,1762.59,2.864787361,15.38975217
17397,0.36,390330.0,819.63,2.365693227,15.81715188
17398,0.49,364186.0,2418.32,1.197140851,15.51402691
17399,1.54,400886.0,914.48,4.93924406,16.66810594
17400,1.77,335651.0,1815.32,1.478902558,14.77682251
17401,0.82,356246.0,937.55,1.360653793,12.94659273
17402,1.93,387603.0,1777.66,1.336967377,15.01765997
17403,1.26,265793.0,1707.57,1.543869749,15.81963924
17404,1.04,370216.0,841.26,0.73301246,15.52145381
17405,1.46,383226.0,1843.94,1.592224147,15.54974494
17406,1.17,374150.0,2042.1,2.313271367,13.8888525
17407,2.26,350935.0,1657.9,0.607555766,14.92148606
17408,1.42,372784.0,1649.82,4.385538906,16.89636777
17409,1.89,389350.0,1824.2,4.512534551,15.65990544
17410,2.15,378250.0,1865.22,1.135041228,13.90270472
17411,1.87,142092.0,2086.47,1.764383071,13.36762846
17412,1.87,256816.0,1080.06,3.780060254,16.69121981
17413,2.11,139744.0,2193.35,4.235129868,15.46816409
17414,1.69,365531.0,2528.91,1.609856688,16.07926841
17415,1.75,401119.0,1559.0,1.712263041,14.05223109
17416,1.19,169136.0,1753.9,2.803685685,15.5450793
17417,1.54,371513.0,2248.11,1.404203543,16.2124429
17418,1.17,131165.0,1885.56,3.885217112,13.29574251
17419,2.4,357040.0,2589.83,2.263554662,15.40308176
17420,1.07,146453.0,1006.99,2.907693325,16.79821506
17421,2.9,347778.0,1337.04,3.566975826,12.09874623
17422,2.05,360628.0,1253.09,-0.014841139,15.61213776
17423,1.46,140163.0,1788.34,1.789493505,15.63462963
17424,1.69,369968.0,1426.36,1.932871323,13.72526216
17425,1.98,383040.0,2015.59,3.119569443,15.37583747
17426,0.96,358741.0,2580.33,0.887934789,15.56330704
17427,2.26,370679.0,1145.3,1.548415792,16.14518838
17428,1.4,255810.0,2311.04,1.04150839,14.96578631
17429,1.61,265081.0,749.18,1.443829332,16.34348757
17430,0.8,155341.0,2559.33,1.721031349,15.19503545
17431,1.87,134622.0,828.41,4.383622028,17.04812951
17432,1.05,381878.0,2259.75,0.7903094,13.97860381
17433,0.33,370645.0,1351.42,1.316225959,16.31309935
17434,0.81,367168.0,812.0,3.912491847,15.2435974
17435,1.79,377494.0,1640.05,2.384948782,13.55816174
17436,1.58,366058.0,2110.37,2.519844383,14.98144504
17437,2.3,350377.0,1086.46,1.668758431,13.71562263
17438,0.87,349583.0,766.09,3.098802042,13.58195151
17439,0.81,237061.0,1008.88,1.857400473,16.02898511
17440,1.67,383130.0,625.48,4.040800329,15.15719076
17441,0.5,382669.0,1870.64,1.50829299,16.09521645
17442,2.37,382657.0,1793.3,1.724893422,16.63695265
17443,2.3,372372.0,1063.74,2.755663961,15.8756691
17444,1.93,380513.0,1690.62,3.385414154,12.57908691
17445,1.83,371127.0,977.08,3.70240473,13.29746946
17446,2.14,366018.0,1793.82,1.049775406,13.39026974
17447,1.37,359774.0,2351.61,2.537079487,15.25296687
17448,1.98,161215.0,782.02,2.745716497,15.37554299
17449,1.69,401119.0,1698.18,1.58975511,12.36683891
17450,1.91,117090.0,2445.26,1.118908585,13.06513762
17451,1.78,151958.0,862.86,0.725394939,12.25871048
17452,1.62,273329.0,766.27,3.428138116,14.289915
17453,1.28,238825.0,1444.48,1.565994389,15.90951038
17454,0.53,178932.0,2254.31,1.724767062,14.23088783
17455,1.26,386115.0,1776.38,2.55330843,14.99514317
17456,1.89,126906.0,1410.28,2.067687785,15.49597208
17457,1.13,124582.0,1490.14,2.142090887,15.23638172
17458,1.0,272696.0,1890.47,2.605046771,15.15663875
17459,0.69,363887.0,2390.36,2.018398231,13.81086662
17460,2.77,378891.0,1068.32,4.789391251,15.20595595
17461,1.04,242278.0,1921.9,4.054002775,15.98274205
17462,1.48,379895.0,1328.1,4.154343031,15.80111165
17463,2.25,256659.0,1933.96,3.081844335,17.22915073
17464,1.83,371679.0,1930.75,3.408723683,15.17160275
17465,2.18,376461.0,2244.71,1.215669015,17.15464331
17466,0.0,374582.0,2641.7,2.759234922,16.1401163
17467,1.22,375260.0,2249.9,0.254983745,12.80722727
17468,0.82,374247.0,1441.04,2.356788619,17.04664172
17469,1.66,143624.0,802.71,0.189330883,15.31228713
17470,2.0,226885.0,1557.27,3.574258348,16.95370165
17471,1.72,247592.0,2230.2,1.064757941,15.45326189
17472,0.89,122972.0,2537.46,3.940271836,16.1423646
17473,0.1,139616.0,1767.57,3.379574465,15.38232551
17474,0.94,144740.0,1574.79,1.923819889,15.51079523
17475,0.79,366148.0,1813.56,2.95670821,15.39497866
17476,0.61,349592.0,1925.71,1.34897434,12.5758491
17477,1.66,158383.0,1880.71,4.681552831,15.98928999
17478,0.13,369602.0,1901.99,2.480576342,15.76650373
17479,1.16,393957.0,1501.86,0.864824145,14.20214695
17480,0.2,275777.0,2656.44,3.639786885,14.31145139
17481,0.85,365633.0,1288.21,3.993135111,12.54919831
17482,1.49,389523.0,1925.95,3.101188603,17.73027397
17483,1.69,127335.0,1076.47,1.698828465,12.92945258
17484,1.33,385813.0,1031.09,1.868070583,17.73027397
17485,1.66,352546.0,1701.48,0.95780193,11.79330422
17486,1.65,381924.0,1405.51,4.244499007,15.91615196
17487,1.67,282095.0,1804.77,0.201776499,16.80844359
17488,1.41,248295.0,2355.24,4.70604272,15.87714707
17489,2.08,349073.0,1839.27,1.62228469,16.43952875
17490,1.77,246397.0,1295.67,2.054962421,15.98861619
17491,1.36,357932.0,2593.21,1.67249381,15.29897035
17492,1.38,130545.0,1203.91,1.766248609,14.78028892
17493,1.36,150805.0,732.5,1.84217487,14.64240143
17494,0.98,256371.0,1991.58,3.291203356,13.18395568
17495,1.83,386061.0,2351.69,1.246388455,14.51284123
17496,1.98,134962.0,746.08,1.591044086,15.88908353
17497,1.2,385262.0,1375.15,2.749537929,14.03190843
17498,1.28,159627.0,2264.98,1.665977655,15.04921082
17499,2.07,283783.0,1748.72,1.079496284,15.97458337
17500,1.0,164513.0,2445.47,1.739714984,14.15764879
17501,0.87,363493.0,1141.76,3.718034167,15.8911746
17502,1.14,155639.0,1923.38,2.550675118,14.80675438
17503,0.86,376911.0,1896.92,1.518803153,13.27325538
17504,1.01,350272.0,2483.65,1.789745592,14.81209156
17505,0.75,149645.0,2308.87,2.009088659,13.22070981
17506,1.64,132597.0,1836.24,2.910648649,15.20180138
17507,2.35,367952.0,1406.36,-0.326393035,14.79460252
17508,0.46,169925.0,1974.35,3.573610742,15.52608341
17509,1.44,129281.0,2116.71,2.822954969,14.09887973
17510,1.45,368927.0,838.26,0.941186033,15.73745064
17511,0.55,383953.0,1440.88,1.038311595,16.540942
17512,1.68,369677.0,1804.26,2.624017946,15.16559779
17513,1.7,279439.0,2487.79,0.628042023,16.10299624
17514,0.81,147283.0,1837.8,1.691644726,14.23514739
17515,1.46,379975.0,1777.85,2.092128315,16.20997535
17516,0.8,379194.0,1504.68,2.266978489,16.7903853
17517,1.3,348276.0,2115.25,1.857854916,16.26416026
17518,1.3,371963.0,2533.49,1.804124148,15.33387143
17519,1.35,127863.0,1922.18,2.66700514,13.57541751
17520,1.61,358537.0,1501.12,1.836084347,16.02945852
17521,1.11,378254.0,1536.57,4.197883967,15.63584856
17522,2.42,391169.0,2126.76,3.624004468,15.34212932
17523,1.51,387906.0,659.99,0.884352372,14.94259209
17524,1.1,258284.0,1136.61,2.016444397,15.73389879
17525,0.0,261656.0,1858.31,3.736758578,16.33006391
17526,1.5,264715.0,1057.55,3.572890863,16.65817919
17527,2.44,247567.0,776.76,1.735088617,13.79356303
17528,0.55,277393.0,1222.89,3.186383292,16.13833302
17529,1.3,282868.0,2002.19,0.893354651,16.57194673
17530,0.34,366920.0,2627.85,0.589540218,14.90871667
17531,2.11,267160.0,1937.4,3.712139469,13.08568562
17532,2.09,373153.0,983.24,0.263782099,15.58425385
17533,1.71,161427.0,623.65,0.829969582,14.54617705
17534,1.21,368310.0,1957.8,1.254580933,15.19352385
17535,2.34,374412.0,1552.61,1.770249135,13.66819644
17536,1.18,141100.0,1712.64,1.343791022,15.43416605
17537,0.75,367063.0,1440.58,0.44433622,13.28080799
17538,1.54,384248.0,1897.94,2.31275274,15.28404881
17539,1.02,165610.0,2184.79,1.408485936,14.19005881
17540,1.83,143302.0,2127.01,1.439414257,16.09199112
17541,0.79,137334.0,2645.42,2.164071207,15.12570891
17542,2.34,129224.0,1458.55,0.867267828,15.4469545
17543,1.84,373948.0,2062.62,3.463852847,14.76455797
17544,6.09,235818.0,908.86,1.61923255,15.99482845
17545,3.17,379576.0,905.26,1.20706955,13.68886107
17546,0.91,394060.0,2339.83,2.589470498,16.28202836
17547,2.1,251840.0,1382.24,1.876615681,12.23040673
17548,1.16,380448.0,2419.17,1.971963023,16.93368592
17549,1.34,260471.0,2338.78,1.104053808,13.47055463
17550,1.08,253832.0,1998.18,0.667651948,16.28804526
17551,1.57,129985.0,2014.95,2.226897593,16.57223009
17552,1.23,114947.0,1779.27,1.774282391,16.85955267
17553,1.88,379482.0,914.66,1.932642191,16.41969865
17554,2.13,152217.0,1698.67,1.869764999,15.00249548
17555,1.47,272716.0,2471.93,2.306900168,17.10529727
17556,1.49,340543.0,1290.4,0.527358558,15.85083405
17557,0.64,373307.0,2165.23,2.260611576,15.60144017
17558,1.92,362071.0,880.54,2.230381523,17.73027397
17559,2.52,122610.0,2490.09,0.89680715,14.28728747
17560,1.01,151150.0,1754.65,2.815944247,16.92560387
17561,1.43,119925.0,1724.45,2.109586947,14.15648064
17562,2.39,357244.0,1746.29,4.076202205,14.96152166
17563,2.39,135159.0,980.58,1.155642796,14.98585588
17564,1.41,270835.0,1863.49,2.792891576,15.50802462
17565,1.01,370472.0,1984.46,2.337735104,15.97546673
17566,1.26,387678.0,1802.14,2.855219295,14.11231179
17567,1.76,126800.0,2197.85,2.301247792,17.73027397
17568,2.2,345607.0,1425.79,1.342455457,12.00497925
17569,1.22,150315.0,2443.87,1.726702187,17.18969141
17570,2.06,259135.0,744.72,2.243235938,13.19304537
17571,1.45,340432.0,1845.12,1.962185344,15.91690469
17572,1.88,382234.0,2410.47,2.371595004,15.13616631
17573,1.57,362658.0,1808.58,0.740509394,15.40930606
17574,2.01,138904.0,1301.69,2.159694808,11.99703673
17575,2.43,133853.0,586.86,0.990138077,13.60115108
17576,1.24,336832.0,1704.78,0.621400608,15.87016689
17577,1.11,115382.0,1513.27,2.727543799,12.94768308
17578,1.97,374657.0,2218.16,3.175163449,15.49526458
17579,1.8,253458.0,2043.63,3.603497347,14.24417852
17580,0.61,147863.0,1817.75,2.742823607,12.82650905
17581,1.35,364828.0,2228.78,1.707306646,15.67814837
17582,0.91,381950.0,1729.46,3.017515473,16.82447827
17583,2.75,369749.0,794.9,2.53012089,14.44319343
17584,1.64,355068.0,1096.78,0.572183059,15.68334111
17585,1.93,360674.0,2176.81,1.289523558,15.28850359
17586,1.61,392674.0,2408.79,1.71277336,13.10717207
17587,1.75,379869.0,825.18,2.575118843,15.48224553
17588,1.26,130355.0,1831.53,2.668062564,17.23695092
17589,2.11,157188.0,2430.62,2.611099546,15.65950859
17590,2.05,164238.0,2083.36,2.116064917,16.05544079
17591,1.97,369116.0,2078.84,0.076222018,15.54281262
17592,2.13,378212.0,2480.49,2.631891226,13.78656615
17593,2.02,265216.0,1818.8,0.969973334,17.29404574
17594,1.02,382640.0,832.76,1.794402772,14.7357433
17595,1.45,151705.0,2438.26,1.970602344,15.84433564
17596,0.8,370659.0,874.84,1.868447686,15.32849217
17597,2.43,148697.0,2887.87,1.362142288,15.76790817
17598,1.21,227636.0,1394.59,-0.002900075,15.2235996
17599,2.07,372655.0,837.36,1.905933833,15.07065712
17600,1.0,356923.0,767.16,2.574679283,16.07048468
17601,1.12,350319.0,2215.33,2.596134977,14.06341809
17602,0.44,252485.0,838.6,0.756464621,12.14732692
17603,2.55,380533.0,1814.17,2.360537158,15.48948523
17604,2.3,151540.0,1826.35,2.982387024,14.49712818
17605,1.17,345630.0,924.54,1.739441088,13.47037031
17606,2.3,164803.0,971.43,2.957991538,16.04043073
17607,1.14,273248.0,1920.74,1.916852693,15.62725198
17608,1.37,166633.0,1989.97,2.373412862,16.63584034
17609,1.6,378837.0,2002.04,2.395687153,13.35598396
17610,1.96,156266.0,1812.5,0.580395639,16.30443588
17611,2.0,143219.0,925.85,1.383791292,15.91526874
17612,2.15,130019.0,1052.67,4.554177535,13.81462744
17613,0.18,376345.0,2062.64,2.156998731,14.87766696
17614,0.76,137721.0,1981.54,3.729930754,15.82301263
17615,1.81,162463.0,1280.89,3.379326192,15.4940232
17616,1.65,164634.0,2058.72,4.247090662,15.65370446
17617,0.72,376261.0,1586.23,4.239447692,12.32380404
17618,1.91,359751.0,2073.41,1.734325882,15.22589021
17619,1.67,384280.0,638.67,4.161699516,16.65909056
17620,1.42,280764.0,1410.65,1.696019288,14.25716645
17621,0.25,357248.0,1868.7,2.770024638,14.82849009
17622,1.22,375420.0,2500.0,-0.326393035,17.51116886
17623,1.09,352885.0,1442.52,1.556011173,15.18164043
17624,1.66,153814.0,1691.38,0.992804921,15.89470964
17625,1.54,236785.0,3047.82,1.827096237,13.29283072
17626,1.25,370674.0,2198.38,1.629953343,16.89115532
17627,1.29,356809.0,720.59,1.619322002,13.05450656
17628,0.53,381116.0,895.84,3.790864086,13.47111638
17629,1.96,262444.0,1034.47,1.762131504,14.75412055
17630,0.59,375378.0,2386.33,4.924861576,12.58376531
17631,1.09,268929.0,1448.23,1.210844183,17.54334836
17632,0.86,363503.0,2563.17,2.760171946,14.62941294
17633,1.17,372812.0,1631.4,-0.063822278,15.27514512
17634,0.66,334764.0,2376.6,2.764176885,12.79946851
17635,0.76,262447.0,1872.78,3.683095761,15.32680385
17636,1.17,395162.0,1034.98,2.517760823,17.10263032
17637,2.12,364629.0,2369.43,1.140449344,16.63344446
17638,1.23,387678.0,1968.94,2.041822207,13.84608144
17639,1.92,267083.0,1951.24,1.732250697,16.35198179
17640,1.04,185404.0,1946.91,3.058310585,16.42251089
17641,1.19,350705.0,1240.5,-0.025871592,15.74146316
17642,1.59,381407.0,2123.56,1.92530429,15.04487612
17643,0.29,388928.0,2121.51,1.108420676,13.92391384
17644,0.91,353435.0,1872.79,2.070538625,16.56150356
17645,2.14,247833.0,1779.37,0.024864618,15.77240509
17646,2.19,169142.0,1762.49,1.421623497,16.01985747
17647,0.85,357483.0,1769.1,1.594327551,15.66898521
17648,1.17,360626.0,2001.81,1.619375932,16.96380511
17649,0.48,361352.0,2274.4,1.577086708,13.44499322
17650,0.56,381500.0,2545.62,2.090753398,16.33687165
17651,0.67,393064.0,1478.24,2.09657005,15.69005026
17652,1.6,122328.0,2374.8,0.424174329,15.84037879
17653,2.32,264254.0,1848.82,1.769610165,15.8582009
17654,1.18,249206.0,1140.03,1.61379079,16.82789486
17655,0.93,141021.0,1152.37,1.724031681,14.91872088
17656,2.32,165261.0,2222.14,1.028703728,13.15969163
17657,0.3,248654.0,1263.87,1.878802716,12.16547794
17658,1.14,369239.0,1779.27,1.263670578,14.9659777
17659,0.96,350414.0,2167.21,1.387030089,12.65690059
17660,0.54,161276.0,790.03,1.717922253,15.77095294
17661,1.04,372151.0,2234.41,4.664633707,15.35860108
17662,2.61,398604.0,1855.87,2.193135192,15.13684451
17663,1.14,370056.0,1883.47,1.630883709,15.37948999
17664,1.17,374244.0,1813.2,1.929564688,14.39486676
17665,0.83,364174.0,1985.24,3.050785647,15.62600004
17666,2.87,370396.0,808.51,3.750277689,15.7593422
17667,0.3,397854.0,1957.65,4.589719136,17.0259311
17668,2.26,118770.0,766.83,-0.326393035,15.67890406
17669,1.12,367056.0,2230.41,1.465118387,15.584954
17670,1.19,355540.0,947.15,3.944295603,14.10456835
17671,0.16,289678.0,1907.05,2.444703366,16.17251795
17672,1.95,138854.0,981.32,0.611744005,11.60821079
17673,0.43,349639.0,1190.72,2.630222007,14.92590149
17674,1.25,364642.0,1218.75,2.974534061,15.38399582
17675,0.69,366837.0,2135.87,1.209321184,14.90938506
17676,1.8,364490.0,2268.76,2.172034759,13.55061934
17677,1.74,363922.0,776.23,2.533094324,16.30494693
17678,1.22,150406.0,1048.45,3.377959975,15.74419874
17679,1.62,232573.0,783.4,2.661595906,15.57318617
17680,1.87,382954.0,2577.08,0.070034307,13.83495877
17681,0.18,157611.0,1878.13,0.596948324,16.62129723
17682,1.47,340933.0,1957.16,2.109993596,14.70612904
17683,2.49,371622.0,1699.78,4.254001637,17.09345235
17684,1.85,357274.0,1389.9,1.37284085,15.37052834
17685,2.47,371153.0,1738.59,1.935655721,13.93025659
17686,1.9,253417.0,1238.96,1.131135684,16.11597
17687,0.84,387002.0,809.27,2.909771282,15.7183428
17688,1.54,149705.0,2302.63,2.386610222,13.2738642
17689,1.06,153817.0,1336.8,3.046574854,16.22766682
17690,0.82,142305.0,1240.7,2.729944209,15.10331401
17691,0.12,284989.0,2192.9,3.313749873,15.04066581
17692,1.24,374478.0,1945.54,2.998394451,14.51082339
17693,1.68,162451.0,1169.99,1.421036609,16.90376054
17694,1.09,340094.0,2299.28,1.696452761,16.75710445
17695,2.3,177976.0,1346.94,2.9481126,16.00537354
17696,0.86,246665.0,2187.37,1.289799801,13.58062043
17697,2.52,262332.0,2029.52,1.110929556,15.52141104
17698,1.45,355718.0,2471.6,1.208475491,15.39144718
17699,1.36,173936.0,2962.91,0.986807936,14.65118117
17700,2.1,136001.0,1858.75,1.411677034,14.93727402
17701,1.14,369751.0,1499.43,2.253936234,17.17500346
17702,2.05,245579.0,1246.23,1.601241602,15.34384243
17703,0.89,395648.0,1582.65,2.421591752,11.98808412
17704,0.53,135073.0,2144.12,4.359596723,16.06774177
17705,2.03,152058.0,2427.56,2.670349139,15.55230245
17706,1.42,254539.0,1924.13,-0.326393035,15.48808169
17707,2.41,365275.0,1321.79,1.624790588,15.66433694
17708,0.17,151727.0,1805.79,2.615282352,16.11914562
17709,2.37,353598.0,1765.89,1.94155734,15.76396065
17710,1.26,271781.0,2088.4,3.732716064,16.44787656
17711,0.81,167552.0,2326.82,1.280932381,13.08386951
17712,0.31,247784.0,684.0,4.057258578,16.67963967
17713,1.92,277526.0,2537.53,1.380230617,13.19564158
17714,1.63,148694.0,971.95,0.999596798,15.33765925
17715,1.65,130359.0,741.46,3.007496991,15.66972221
17716,1.24,258566.0,2189.58,0.56732533,14.94194371
17717,1.3,361640.0,883.49,1.522880926,16.47328224
17718,2.27,178027.0,754.17,3.003934652,16.56955274
17719,1.53,352433.0,1763.49,3.676495556,16.71621988
17720,0.69,264566.0,911.81,1.689823958,15.84650203
17721,2.91,375190.0,2012.0,1.663128492,15.35444388
17722,0.8,145909.0,2193.81,2.913114751,17.24471605
17723,0.81,369610.0,1581.2,2.867192659,15.24023731
17724,1.13,373637.0,1952.34,1.75857795,15.71667214
17725,1.18,397648.0,2366.81,3.473627416,13.77895533
17726,1.86,351686.0,2274.13,1.325830958,14.74517976
17727,2.33,123118.0,1087.05,4.860949043,13.29690414
17728,1.65,369601.0,1063.17,2.960539224,14.00516863
17729,2.18,391667.0,1466.31,1.804107757,16.86124163
17730,1.21,384090.0,1137.37,3.796579457,16.35965519
17731,1.64,369412.0,1887.3,1.634669703,14.62424226
17732,0.56,375874.0,1833.72,4.168602148,15.20751805
17733,0.75,362118.0,898.45,2.392882413,15.93363
17734,1.85,386248.0,1444.32,1.878218353,14.33589877
17735,1.44,130646.0,2426.55,2.679819904,11.63457267
17736,1.3,152712.0,2358.17,2.270020177,15.50961481
17737,0.76,356795.0,1097.69,1.145281,16.74151384
17738,2.85,373029.0,2452.53,1.095445454,15.52974076
17739,1.29,381888.0,1827.0,1.631039452,13.48284932
17740,1.36,140703.0,2375.57,2.977634732,17.44271277
17741,0.2,359693.0,938.03,2.181627131,15.84631854
17742,2.55,249122.0,1867.41,3.941527973,13.73595258
17743,0.76,359979.0,1680.13,3.919866779,13.04952881
17744,2.11,147243.0,1794.59,2.361330707,13.54342451
17745,0.9,385312.0,1806.23,2.174641327,16.06636658
17746,1.66,129534.0,1737.06,2.460252319,15.74438512
17747,0.32,143109.0,1448.05,4.553759388,16.02225222
17748,4.64,363714.0,1678.65,0.130297871,15.74737433
17749,1.44,136396.0,1803.83,0.999351812,15.48583498
17750,2.05,120175.0,1876.79,1.176168264,14.09524771
17751,1.66,270901.0,1815.88,0.10049395,16.36423619
17752,2.68,140903.0,1463.89,1.897427536,14.6994363
17753,0.67,367661.0,1739.34,1.487236891,12.86206802
17754,0.72,255811.0,1427.73,2.139172041,15.85092531
17755,0.96,385976.0,1972.06,2.10798686,15.96858483
17756,1.48,367109.0,896.65,2.19985607,14.93380098
17757,1.15,378412.0,1356.9,3.552728277,15.51403796
17758,0.82,346417.0,1094.95,2.407270807,14.06723742
17759,1.4,248505.0,1895.56,2.191961723,13.65990063
17760,1.69,148408.0,1848.05,0.445255346,16.60668676
17761,1.67,163865.0,1178.41,2.938858356,16.14066318
17762,1.5,383363.0,898.75,1.745650406,16.93328662
17763,1.47,294114.0,2515.97,2.002874401,16.09201795
17764,1.05,364156.0,2188.07,2.770728523,13.33361455
17765,2.21,151333.0,1146.96,2.068498205,13.06267981
17766,1.44,364961.0,2053.22,1.981233745,13.28148821
17767,1.79,376778.0,1822.31,3.135792871,13.7781255
17768,2.18,251986.0,1427.43,2.138500698,16.50603806
17769,1.34,384312.0,1514.57,3.235769522,16.36268064
17770,3.16,351472.0,2609.36,1.108193528,12.39338085
17771,0.76,134909.0,1847.24,2.144896572,14.99236267
17772,1.77,358383.0,954.18,1.57531265,14.62349791
17773,0.91,139131.0,2209.96,1.467375155,16.13006637
17774,1.54,156506.0,1929.96,2.813903923,15.67279433
17775,1.94,372492.0,1741.03,0.335673861,16.4911811
17776,0.12,366777.0,2397.46,4.33280512,15.33233215
17777,2.27,250773.0,2239.08,2.858515646,15.94612309
17778,4.77,163442.0,1722.54,3.719517986,15.99451744
17779,0.89,136812.0,2025.34,0.711668832,14.34179425
17780,1.12,373572.0,1833.04,1.945775001,13.61241292
17781,2.46,368189.0,792.46,1.502569413,15.19378316
17782,1.53,356523.0,1723.17,2.52504336,15.74661769
17783,1.91,283194.0,1941.21,1.221618726,16.587673
17784,1.54,362296.0,1694.54,1.727266035,17.10637843
17785,2.11,357628.0,866.45,0.730445209,15.07448298
17786,0.49,363777.0,1796.4,0.405275113,13.21208922
17787,0.75,368749.0,1625.26,2.375705048,13.26417253
17788,0.63,165690.0,1670.89,3.981389082,14.52373879
17789,1.83,371358.0,2033.24,2.299140052,15.78065973
17790,0.58,380341.0,1472.07,2.970807478,17.33371464
17791,1.32,277054.0,2468.79,2.126342995,16.53504568
17792,0.0,255000.0,1826.22,1.686704615,16.41086198
17793,1.37,162330.0,1458.95,3.077961727,14.53579508
17794,2.02,373739.0,867.65,1.22532272,15.69560565
17795,0.78,141428.0,1830.79,3.458138615,14.49386417
17796,0.58,391121.0,2261.39,1.949699804,13.60608761
17797,0.7,159146.0,1819.51,1.424905839,14.4062374
17798,1.3,138776.0,2753.34,2.870281931,16.17558186
17799,0.74,352606.0,696.94,2.936544271,13.58512867
17800,0.78,380141.0,1938.98,1.392743932,15.52829777
17801,0.87,377895.0,1870.18,0.994157967,14.21180519
17802,0.71,356315.0,1881.8,2.164707939,14.1145713
17803,1.38,156823.0,2432.69,1.833887939,15.5207784
17804,2.25,375198.0,3047.82,1.769381813,15.52370004
17805,0.95,379872.0,1145.51,1.294787247,16.08510762
17806,2.71,144786.0,1939.28,1.919710394,16.89371113
17807,0.98,156354.0,1815.58,0.677044189,16.93205255
17808,2.17,133301.0,1415.12,1.567855852,16.15274488
17809,1.73,381349.0,1346.22,3.124216224,13.91845128
17810,1.08,367271.0,1793.71,1.506504327,13.94107497
17811,1.56,379574.0,1882.98,1.294893555,15.75111269
17812,1.58,376571.0,2655.24,-0.326393035,16.79224681
17813,2.59,272747.0,1995.4,0.838582496,15.57537335
17814,1.62,357620.0,2028.9,2.83875262,15.29953341
17815,1.13,366939.0,1771.45,0.48845985,15.86458047
17816,0.78,168219.0,2502.82,1.395491397,15.93069133
17817,1.58,178491.0,928.54,1.580185882,13.73242437
17818,0.99,127052.0,1769.76,1.415048257,15.86220514
17819,0.93,372608.0,1274.75,1.81719233,15.72937028
17820,1.94,266752.0,2032.97,1.765141002,14.94297491
17821,1.92,361790.0,943.96,2.931781995,13.73898263
17822,1.98,397043.0,970.28,3.940016259,17.73027397
17823,2.24,274526.0,2186.51,0.731127272,16.24835833
17824,2.41,241807.0,2435.28,2.9148287,13.03603982
17825,1.44,376399.0,2265.53,1.373961158,16.83121373
17826,2.18,377414.0,1692.05,0.719606316,13.62020849
17827,1.77,254976.0,1588.55,2.655693798,11.92198248
17828,1.66,370725.0,1832.09,2.483660465,15.65172369
17829,1.37,158750.0,871.67,2.435340159,15.54409171
17830,1.51,354379.0,1805.32,2.142214441,15.58552806
17831,0.44,350791.0,1896.85,1.746758086,13.41343785
17832,1.66,369962.0,2020.08,2.402745704,15.10353839
17833,0.64,335906.0,1489.92,2.201383206,13.01413042
17834,0.33,370977.0,1021.63,2.945366748,15.60652734
17835,2.52,378766.0,1310.71,1.770639254,15.02606534
17836,1.77,359896.0,1802.21,2.10472551,16.17952413
17837,1.1,142791.0,1465.78,1.221391809,12.63045853
17838,0.44,369419.0,1788.23,4.171713762,13.62471949
17839,1.29,366095.0,1997.73,-0.140822181,17.19494902
17840,1.71,133284.0,1792.36,3.934958559,14.7041317
17841,1.85,145677.0,1125.37,4.354911845,16.89966591
17842,0.97,364778.0,1726.02,3.661246172,15.62904757
17843,1.03,370202.0,586.86,2.976002294,16.73224522
17844,1.28,143745.0,1027.26,3.828719709,14.80805826
17845,3.0,342113.0,2029.79,2.734136303,16.73583458
17846,2.51,366054.0,1947.2,3.016072668,13.48234441
17847,2.4,234423.0,2018.54,1.392288848,12.64091662
17848,1.66,371292.0,2827.02,1.061843071,12.22435027
17849,3.79,257587.0,2227.12,3.082970876,15.23983864
17850,0.61,383687.0,1744.57,2.216414377,14.06624856
17851,1.44,159227.0,1851.85,1.484563506,15.60851683
17852,2.47,356479.0,2488.01,0.781119547,15.16104017
17853,1.35,272511.0,1954.43,1.870575483,16.74673966
17854,1.26,145202.0,1424.47,1.593120259,13.87382668
17855,1.46,363603.0,1672.11,1.477187792,13.36382847
17856,1.98,154888.0,1684.84,3.773598811,12.79947875
17857,2.57,255069.0,2197.62,1.849682639,16.33531075
17858,1.39,396152.0,747.13,1.625851835,13.80454639
17859,1.68,366105.0,1663.53,0.696803026,15.88083946
17860,1.58,380824.0,1822.64,4.353266729,17.19399408
17861,0.73,267987.0,2036.85,0.863704274,17.1923277
17862,1.39,150810.0,2140.5,2.098449322,15.63156381
17863,2.41,345497.0,1689.7,1.72360029,16.95351486
17864,0.87,137743.0,1324.72,1.889503291,15.97048609
17865,1.9,148260.0,1781.75,2.344923789,16.70339605
17866,2.68,364510.0,2321.64,1.986150933,12.75443276
17867,1.98,377834.0,2084.02,1.755937298,16.61013747
17868,2.73,382508.0,1517.37,1.08494753,16.61837792
17869,1.33,153515.0,2986.94,2.011554405,15.7047836
17870,1.26,330501.0,1856.54,3.603271653,15.02001876
17871,1.49,375704.0,991.36,-0.0186738,15.42479808
17872,2.35,357709.0,949.18,3.052012051,15.85408374
17873,1.91,364645.0,923.64,2.900543309,16.0076062
17874,1.38,375832.0,1862.58,4.261768125,15.72941785
17875,0.84,171945.0,766.47,1.802119243,16.04835812
17876,2.61,360299.0,1897.16,3.274842744,14.98075422
17877,0.99,163535.0,787.12,1.829586123,14.4932492
17878,1.0,130927.0,1898.53,2.404448095,14.00339094
17879,0.91,346496.0,1954.7,4.255558545,16.39815726
17880,1.68,163107.0,819.43,1.589162247,15.14421103
17881,1.62,135583.0,1498.35,1.076939681,13.9452306
17882,0.54,371779.0,1835.37,3.861012298,13.18017178
17883,1.29,358012.0,807.79,1.077908391,14.98718787
17884,1.96,343935.0,1208.76,2.02737012,17.27813006
17885,0.35,158035.0,1396.71,3.264905082,16.7472811
17886,1.99,256346.0,1929.99,2.181969242,16.19087501
17887,0.86,362295.0,1384.72,1.586546536,13.37285706
17888,1.27,397646.0,1446.45,0.510962147,16.5067822
17889,1.3,257818.0,1775.24,3.465714137,12.97001448
17890,1.74,172912.0,651.05,4.161519203,17.18051095
17891,1.35,386698.0,637.99,3.20559123,15.07835497
17892,1.97,360615.0,678.24,2.388818548,15.28612599
17893,1.2,349191.0,1777.65,1.601201792,14.97403529
17894,3.18,390059.0,1964.89,2.691431573,15.3369424
17895,1.16,377468.0,2067.01,0.714020435,16.91088557
17896,1.63,388156.0,1932.18,0.647349575,15.0494108
17897,1.84,359692.0,1047.32,3.403492544,15.20895699
17898,1.11,247478.0,2396.45,1.634358257,16.86218675
17899,0.29,346683.0,1414.02,1.946444269,14.40653918
17900,1.95,130458.0,1791.26,3.600057722,15.86942162
17901,2.17,114947.0,2434.12,3.553730291,16.1873385
17902,0.99,257899.0,1462.79,1.234891662,16.24937712
17903,1.54,265582.0,1777.82,4.589845538,15.67394016
17904,2.28,380432.0,1805.55,0.299900039,15.36198608
17905,1.02,388024.0,790.38,1.128276059,12.90761199
17906,1.42,253761.0,630.99,2.33114512,16.11000208
17907,0.65,238590.0,1158.96,4.434132902,15.19969987
17908,2.11,120781.0,1708.04,1.448557494,15.36212025
17909,0.98,117026.0,1937.06,2.854616475,13.82285578
17910,1.83,125804.0,875.99,2.363021999,15.52280206
17911,0.0,356540.0,781.58,2.571928127,13.47550185
17912,2.48,247961.0,1961.49,4.393559617,13.79846752
17913,0.93,259328.0,1344.39,2.371063461,16.08873875
17914,2.34,247665.0,1901.13,1.271380031,13.37345375
17915,2.74,114947.0,2061.96,3.25212132,12.88712212
17916,1.9,360070.0,1921.15,2.906748142,17.47001473
17917,2.09,156238.0,1879.73,1.417058985,13.29542921
17918,1.68,141022.0,1192.76,4.303409392,16.24021383
17919,1.98,188235.0,915.89,4.077079791,15.87425303
17920,1.01,135104.0,1944.56,2.712370734,13.45814668
17921,1.94,386692.0,1746.79,0.357736649,14.74155229
17922,1.8,347641.0,1476.44,4.228535183,15.95895235
17923,1.83,268423.0,1713.97,1.737127169,13.75716461
17924,1.31,358956.0,1876.61,1.693543602,16.2001203
17925,1.19,387181.0,794.71,2.270610034,13.08321226
17926,2.14,368352.0,1933.75,2.825902781,15.15553034
17927,2.39,374133.0,1101.33,1.246105768,16.30167318
17928,1.72,374049.0,1918.38,3.217843808,16.10305994
17929,3.24,259724.0,2513.34,1.551876354,16.36944066
17930,1.72,362803.0,1857.73,4.06484647,16.09130384
17931,0.75,373223.0,1193.47,1.686822583,15.34092428
17932,1.17,396903.0,2056.31,3.813027565,14.19229827
17933,2.13,368444.0,586.86,2.834568959,14.55682108
17934,1.22,138243.0,1851.19,1.843372555,15.76514863
17935,0.92,150336.0,1908.42,3.74155866,17.27037883
17936,1.26,267900.0,2535.85,1.776787661,17.51078333
17937,1.01,381215.0,1091.36,1.018375421,15.98621469
17938,1.5,138406.0,1832.42,2.27288846,15.73149936
17939,1.09,135150.0,1882.35,3.352382915,15.8669286
17940,1.48,378425.0,2038.78,2.202635686,15.03993772
17941,1.35,126793.0,2347.56,3.093260086,16.25777856
17942,1.42,368108.0,1903.82,3.33270762,16.74350144
17943,0.89,354811.0,1928.98,1.1297138,16.61322562
17944,1.88,262284.0,626.73,1.939630988,11.73762095
17945,1.9,371569.0,2456.65,2.314425635,14.37608768
17946,1.12,401119.0,1956.61,2.052113669,16.36168806
17947,0.61,379767.0,1926.27,1.192917107,15.77189705
17948,1.26,384893.0,1490.46,0.782129511,14.30117694
17949,2.26,391804.0,2247.0,2.758093356,16.08735894
17950,1.33,373243.0,752.53,1.648095096,15.60733188
17951,0.95,154707.0,1942.0,2.479942569,16.81884711
17952,0.77,254949.0,1816.75,0.198646606,14.58330576
17953,1.47,144279.0,2254.16,1.224037485,15.85583263
17954,2.39,267942.0,881.61,3.644534973,16.43134773
17955,1.16,158174.0,1390.72,1.82156225,13.08499205
17956,0.97,362706.0,1820.31,-0.001036451,17.51443248
17957,1.3,127294.0,903.17,2.241053875,15.89995011
17958,1.43,368442.0,1684.72,2.566863119,15.74053714
17959,0.61,249864.0,1488.28,4.089606553,16.21211123
17960,2.31,355257.0,1906.09,2.45617371,13.97157987
17961,0.42,246661.0,1564.98,2.772170958,13.52156135
17962,2.28,251908.0,2229.58,2.258462883,16.43697454
17963,2.0,251130.0,1395.33,2.861195861,13.55374225
17964,0.89,368533.0,1084.62,2.062606413,15.26753351
17965,1.49,262026.0,1884.52,2.755606542,13.05005922
17966,2.31,364658.0,1863.47,1.32987754,14.93749531
17967,1.76,137242.0,673.52,3.091462177,14.88885406
17968,1.08,281873.0,1967.58,1.645415762,16.37810315
17969,0.85,147301.0,1026.74,4.543478635,14.05405849
17970,0.92,114947.0,1568.84,0.964381126,12.89218674
17971,0.68,132883.0,2315.17,1.592439542,11.8668278
17972,2.5,376136.0,893.5,1.980932526,16.2427249
17973,2.33,264266.0,1883.91,2.249712426,15.73332936
17974,0.76,349003.0,1869.78,2.412840435,14.00532309
17975,1.01,370114.0,1979.34,3.404814633,13.79441419
17976,1.95,133442.0,1688.29,1.480287166,17.20724821
17977,2.7,264200.0,1884.71,1.403360291,15.51089629
17978,1.48,362771.0,2024.95,3.615179591,12.40303666
17979,1.39,377462.0,2054.36,1.549089789,14.68933156
17980,1.16,130487.0,2138.64,2.444392983,15.28351105
17981,3.1,163367.0,840.78,1.523586767,16.06753718
17982,0.69,358136.0,1684.31,1.168327419,11.86879144
17983,2.44,264864.0,1793.74,1.062845591,13.06805487
17984,1.18,370610.0,933.49,2.027532506,12.79542603
17985,2.36,370044.0,858.71,1.953763808,15.5919349
17986,0.0,142794.0,2036.67,2.473247366,15.81678654
17987,1.68,369118.0,2172.26,2.168429808,13.63666401
17988,1.77,159639.0,2458.98,2.798112065,16.64610652
17989,1.01,387360.0,749.01,2.402683752,15.49547658
17990,0.74,122227.0,691.79,4.180826004,15.88511858
17991,4.0,165708.0,665.55,3.064042348,16.04287808
17992,1.85,268541.0,1841.23,3.144511039,14.30566276
17993,0.82,158074.0,2239.7,1.678693348,15.93523405
17994,1.75,376068.0,2127.15,2.036736837,15.29698442
17995,0.75,269880.0,1004.77,2.893694406,15.08110131
17996,2.1,386317.0,2169.28,2.171974466,15.74755045
17997,2.1,242922.0,2211.95,2.589532414,14.66229159
17998,1.93,365451.0,1875.16,2.110847737,16.40212148
17999,0.91,372067.0,1013.69,2.674396505,16.21542383
18000,2.11,124960.0,1839.3,3.353328422,12.12815808
18001,2.44,138117.0,2343.81,2.212407396,15.41799038
18002,1.04,135913.0,1700.71,1.867574055,15.31173788
18003,1.68,165953.0,2485.13,-0.042551062,16.75250978
18004,1.75,360093.0,2459.8,0.896356978,12.9390116
18005,1.43,374452.0,745.47,2.795201365,15.42551855
18006,0.59,380445.0,1792.85,3.724574818,14.82044996
18007,1.31,375374.0,1819.15,2.120806004,15.06343652
18008,1.11,398408.0,2211.84,1.646304274,16.79818672
18009,2.55,339896.0,2299.47,1.896901997,16.1657095
18010,0.89,370311.0,1485.96,2.957486498,14.30955776
18011,1.49,382113.0,1830.99,1.902938022,15.47772082
18012,1.09,246595.0,1892.63,0.472605083,16.56748555
18013,1.11,363292.0,1726.1,4.131615039,12.47116537
18014,1.57,362458.0,1928.55,0.911665587,15.08608371
18015,1.26,375906.0,1929.0,2.053539572,15.28691129
18016,1.13,325393.0,1886.02,2.815636036,16.06758277
18017,1.31,356769.0,1347.89,2.722840165,15.85228503
18018,1.42,142993.0,1970.06,3.036154436,15.29463497
18019,1.03,340233.0,992.88,-0.204491693,15.96867702
18020,1.67,364036.0,1955.73,4.319687515,17.32377142
18021,2.63,238884.0,2103.49,2.31936095,15.54958048
18022,1.8,342722.0,1385.15,2.307622751,14.505949
18023,0.9,178667.0,1400.29,3.375112957,13.42293223
18024,2.4,176906.0,1906.91,1.571443886,16.35071348
18025,5.32,368406.0,2613.66,0.21019626,14.08749068
18026,1.34,143464.0,1314.88,2.340434577,15.7782071
18027,1.15,167932.0,1851.59,2.897397542,15.73307461
18028,1.53,385081.0,2543.71,1.296370292,14.83696798
18029,2.78,258882.0,2195.76,1.572808634,15.9067257
18030,1.85,356568.0,965.04,0.687626626,15.41529422
18031,1.28,384291.0,2225.23,1.090593996,12.91850298
18032,1.29,353013.0,1850.78,1.59775563,14.99758569
18033,1.24,357473.0,1604.33,0.797447139,15.46651661
18034,1.31,361030.0,1757.81,0.489825727,12.93610032
18035,1.69,254937.0,1907.16,2.07426945,14.54844687
18036,1.2,253101.0,1955.09,1.834918188,13.57723007
18037,1.64,262448.0,1150.6,1.624124925,15.92748889
18038,2.61,149790.0,728.6,1.641828129,15.05498047
18039,1.14,170714.0,2141.99,3.710683256,16.24447722
18040,0.34,154511.0,1280.65,-0.006292812,15.55738921
18041,0.75,362553.0,1791.93,3.562812368,16.19143538
18042,1.66,384924.0,685.86,2.223000613,15.95895734
18043,1.3,386282.0,1419.96,2.256906173,13.47220616
18044,2.11,379185.0,1476.25,1.653465122,16.63655102
18045,0.38,265188.0,1449.22,2.228109451,13.3203157
18046,2.45,361726.0,680.03,1.011767413,14.9379245
18047,1.74,361521.0,2432.48,2.019135975,16.0716037
18048,1.79,363984.0,1920.55,1.655020233,15.77399966
18049,0.53,160024.0,1693.13,3.44963317,16.89567609
18050,1.49,272420.0,1095.69,3.010831067,16.65025155
18051,1.09,392545.0,1860.89,4.238336294,15.3197241
18052,1.69,135652.0,1881.33,3.471076702,15.5792094
18053,1.0,378056.0,1874.71,1.255617715,16.87374891
18054,0.87,375956.0,2312.01,2.691589462,13.97563408
18055,1.85,373308.0,2388.94,0.24153451,13.89509413
18056,3.02,154522.0,771.03,1.672126547,15.47135917
18057,1.52,120678.0,2019.81,4.359528426,15.7632122
18058,1.61,352121.0,1726.37,4.002204429,17.04611441
18059,0.08,280728.0,2643.7,1.946365536,15.68626658
18060,2.33,246478.0,682.58,1.389281134,15.17174288
18061,1.78,161302.0,2176.91,4.286439152,15.46851717
18062,1.1,340850.0,1682.48,1.814687927,16.02709779
18063,1.66,264215.0,2112.62,1.274629754,15.85640828
18064,0.35,237346.0,726.37,1.93274716,16.47714964
18065,0.75,355929.0,2266.33,-0.049449396,15.57648566
18066,1.52,181271.0,1840.01,1.64102502,17.73027397
18067,1.51,390777.0,911.16,4.10673463,15.50405575
18068,1.86,359664.0,728.51,1.262209739,11.2583727
18069,3.94,151235.0,1229.37,2.742091689,15.70555074
18070,2.01,136536.0,1239.09,3.909276593,15.03145312
18071,0.4,381135.0,1922.32,1.970448687,14.02061533
18072,2.94,358440.0,1770.54,1.480046998,16.35032668
18073,0.66,375808.0,808.84,2.937856343,15.36388774
18074,2.32,234338.0,1725.77,1.045786737,13.64521523
18075,1.52,151233.0,921.4,2.282595025,14.39930717
18076,1.6,154373.0,928.62,0.967479548,15.35321674
18077,0.93,150231.0,1265.35,2.13665125,15.78518673
18078,0.47,379120.0,2115.0,0.08920859,14.18780829
18079,1.13,356312.0,1952.29,0.370941683,14.14318148
18080,2.05,372736.0,854.38,2.162668458,11.46160712
18081,1.98,247899.0,1733.19,2.775759229,15.90568765
18082,1.55,376249.0,1966.9,3.116184076,15.80201432
18083,2.05,365993.0,2002.08,1.521496906,15.31245169
18084,1.17,146524.0,586.86,2.512550641,15.50007642
18085,0.22,377782.0,2016.35,3.710543942,16.09395268
18086,1.95,373342.0,1794.65,1.011490982,17.09269863
18087,0.6,255858.0,813.32,2.253529037,13.62996379
18088,1.46,369230.0,1805.7,1.51340955,16.2681932
18089,0.81,385330.0,1792.19,1.617697126,14.10606262
18090,1.13,267670.0,2590.32,2.683636223,16.97066657
18091,1.99,256262.0,1788.27,1.670328936,15.88032718
18092,1.82,349750.0,2230.83,1.498661071,13.37590159
18093,2.03,369910.0,902.16,1.87691448,15.00770544
18094,1.59,154171.0,2191.4,1.122956713,13.49839314
18095,2.33,146445.0,1840.7,1.737199548,15.22266177
18096,1.63,245747.0,1373.45,1.447179303,15.99680755
18097,1.88,353127.0,928.18,1.109516286,15.35333053
18098,0.87,159150.0,2233.68,2.412204062,12.9969135
18099,1.14,366859.0,1787.13,4.087468378,16.30077355
18100,0.84,156367.0,1789.81,2.061959252,14.82744785
18101,1.51,401119.0,1983.48,0.283606087,15.72360338
18102,1.12,131222.0,1547.52,1.387363609,16.00701842
18103,1.06,396621.0,1427.95,1.5826598,16.32104082
18104,2.58,263089.0,1019.08,1.58334239,15.06851556
18105,2.64,371314.0,2189.96,1.871001471,15.69534756
18106,0.48,269155.0,1535.05,3.902341579,16.03347163
18107,1.51,357565.0,1997.09,2.678121525,16.34019716
18108,1.76,154652.0,1830.24,4.127599197,11.50210833
18109,1.26,153261.0,1738.18,3.127163068,16.46222999
18110,0.05,379043.0,643.32,0.122543916,13.91841851
18111,1.43,118400.0,1602.36,2.36482747,15.90213355
18112,1.62,139454.0,1171.14,1.375033198,15.21732143
18113,1.4,136276.0,629.31,0.997041424,17.26348574
18114,2.06,128616.0,612.72,4.050571876,16.30260254
18115,1.6,129237.0,859.6,1.575670263,14.54382245
18116,0.78,360822.0,746.33,1.476631393,15.00647138
18117,0.43,257914.0,1752.93,2.386851451,17.09560757
18118,1.21,275875.0,2141.48,3.71574623,17.63518738
18119,1.01,236653.0,1556.9,1.614260676,13.78377118
18120,4.2,392284.0,1863.3,1.07056918,13.56608466
18121,1.27,132867.0,837.72,2.177360857,15.65744858
18122,1.61,371525.0,1853.51,1.125354474,13.99397186
18123,0.23,284409.0,2113.38,1.406777836,15.91840918
18124,1.11,258341.0,2288.81,1.380594998,15.31009511
18125,1.33,139179.0,1157.31,2.460033632,16.77190072
18126,1.41,363035.0,748.38,1.790184956,15.25336076
18127,0.64,373682.0,1776.71,1.19061678,15.7942029
18128,2.35,156961.0,1892.8,-0.326393035,15.79549019
18129,1.42,277755.0,1270.85,3.883155589,15.15636555
18130,1.0,255091.0,1477.66,1.809403575,16.62348753
18131,0.85,350029.0,1552.55,-0.103359267,12.71322729
18132,1.86,259546.0,1193.47,0.109518801,14.99468195
18133,2.38,152836.0,993.51,1.703411732,13.88339751
18134,2.97,367616.0,1768.86,2.169010436,13.75825109
18135,1.67,347212.0,2359.51,1.2931591,13.89968431
18136,1.59,149934.0,972.87,1.638467427,14.76658081
18137,1.58,378191.0,942.58,1.546785357,12.97122262
18138,2.07,260276.0,821.96,4.526986265,15.26563653
18139,2.18,373495.0,974.95,1.99950437,16.49882582
18140,2.31,339883.0,813.67,2.589847549,13.10178936
18141,1.3,369892.0,1344.16,4.19160368,15.31924827
18142,1.14,365831.0,2452.72,1.225904608,15.38531106
18143,1.5,260736.0,2581.55,1.503462962,15.52041076
18144,1.44,166229.0,770.75,1.713913396,16.01096871
18145,2.86,121131.0,952.14,3.851912706,14.97960635
18146,0.29,370972.0,1905.55,1.859332589,15.49958559
18147,1.03,259096.0,2118.91,0.845396047,15.80940139
18148,1.53,138803.0,1758.49,1.644220714,14.99780677
18149,6.29,247890.0,1986.81,1.617034562,15.30378476
18150,1.89,373675.0,2479.49,2.061549641,13.72359973
18151,1.59,365681.0,1887.49,1.291163615,13.77252545
18152,2.07,114947.0,1762.88,3.956144788,13.55796571
18153,1.08,266730.0,1224.38,4.752341998,14.65253707
18154,0.71,370991.0,784.94,1.497271969,15.60914707
18155,0.75,389912.0,1747.59,1.969521762,16.02963493
18156,1.47,373600.0,1901.01,1.708486061,13.07155415
18157,1.44,367396.0,2302.85,2.070978946,15.1829762
18158,1.16,379222.0,2382.97,2.795702946,16.12358308
18159,1.69,135557.0,675.16,2.435903964,12.93378524
18160,1.5,401119.0,1164.84,3.815941047,13.24243465
18161,1.0,383077.0,1111.29,2.793275816,13.13030631
18162,0.73,382233.0,1595.21,4.255082238,14.29976739
18163,2.32,372039.0,1036.3,1.708082699,16.11722458
18164,1.53,284690.0,1481.68,4.039909397,16.60048842
18165,2.91,138418.0,1483.36,2.196230297,15.39231404
18166,1.56,388849.0,1969.74,2.824537564,16.79008893
18167,1.34,248234.0,2347.19,0.23681903,15.05230822
18168,2.21,151342.0,2660.51,3.40435696,15.90302114
18169,0.37,155907.0,1089.13,1.531508072,15.57940336
18170,1.68,356984.0,1366.88,1.264755448,15.47959728
18171,1.58,366399.0,650.73,1.35262021,15.52110417
18172,1.31,245655.0,1570.15,2.146822057,15.70364201
18173,1.7,143628.0,1161.77,2.88121284,14.82835733
18174,2.03,254107.0,1547.12,0.464787181,12.91104367
18175,2.05,263818.0,1518.04,3.93453557,13.19487114
18176,1.52,133270.0,1343.59,3.403768514,15.77119837
18177,1.24,398607.0,924.48,2.3325475,16.0075124
18178,1.76,370710.0,2792.11,1.527932194,15.43772262
18179,0.57,169576.0,773.95,2.125186726,16.33070217
18180,1.73,366621.0,988.39,3.330704488,16.67655354
18181,2.15,124835.0,1502.54,1.374047042,14.80105812
18182,0.92,251146.0,2359.05,3.534210376,17.02548644
18183,1.25,392419.0,2005.29,3.99474861,15.46476489
18184,1.3,145936.0,1454.42,0.860459248,12.71010798
18185,0.87,358712.0,2260.66,3.166289128,13.76146098
18186,1.72,158307.0,1686.07,1.994958066,15.29091561
18187,2.25,376997.0,1831.74,1.318445572,13.63656234
18188,2.1,382032.0,1340.99,2.263844573,16.02112444
18189,1.63,373361.0,1825.74,1.874078639,11.2583727
18190,1.89,262941.0,1835.2,0.964191227,15.74484452
18191,1.02,385806.0,1211.67,3.63382092,17.13757375
18192,1.63,172454.0,1855.24,0.511086148,13.57984361
18193,1.54,382908.0,1912.33,2.081358496,14.29937616
18194,2.1,137747.0,1694.91,2.469444872,15.54959574
18195,1.81,270003.0,586.86,2.456371561,16.66331157
18196,0.53,146333.0,2082.42,1.681693617,15.00411051
18197,1.62,149984.0,1710.83,1.430301573,12.26258269
18198,2.03,148431.0,903.09,1.045803272,14.3502626
18199,1.0,139084.0,1913.57,2.337103479,16.88450522
18200,2.29,345268.0,1829.12,2.317024779,15.10408632
18201,0.0,380914.0,2164.97,1.21153839,16.24026107
18202,2.08,364329.0,2524.4,3.297423154,15.12762364
18203,0.44,387014.0,2509.11,2.50153998,16.67454264
18204,1.9,164812.0,1512.71,1.825491499,14.23826576
18205,1.83,362013.0,1956.6,1.430320488,16.77188474
18206,1.95,374130.0,2051.16,2.127923376,16.15344997
18207,1.58,269157.0,2456.52,0.728789774,15.75947708
18208,0.58,378818.0,969.6,1.960010752,16.43494358
18209,1.8,377304.0,634.87,4.699133044,14.41084215
18210,1.89,125516.0,2074.51,2.953541664,12.30465052
18211,0.99,382850.0,1421.55,4.263254149,14.55636364
18212,1.5,385281.0,1889.73,1.742546529,12.62448991
18213,1.9,242437.0,2804.65,1.889530906,15.47836578
18214,1.62,379876.0,1423.04,0.549292157,15.94708594
18215,2.59,362731.0,1933.54,2.196070958,13.2035388
18216,1.29,389570.0,962.94,2.04159308,16.33950297
18217,0.91,128556.0,1511.73,1.464168688,13.50361085
18218,6.41,155748.0,1776.31,1.393013602,14.88605035
18219,2.33,147806.0,1545.06,3.891793174,16.47852106
18220,2.23,357099.0,880.58,4.669335425,14.93156309
18221,2.19,387194.0,1154.9,3.082450275,16.76055459
18222,1.33,157362.0,1954.28,3.078247324,14.37102501
18223,1.33,257157.0,1800.2,3.987004672,14.11235089
18224,3.04,359869.0,1382.7,3.76952303,16.70625774
18225,1.56,156310.0,2379.23,2.966931177,16.00747096
18226,2.04,351728.0,1916.54,1.478821077,16.64728211
18227,0.92,365414.0,804.87,1.403561354,16.24040159
18228,1.22,144089.0,918.57,2.158610446,15.11937339
18229,1.31,375291.0,2598.01,3.149776342,11.96485515
18230,0.07,352503.0,1731.91,0.89622834,15.52520563
18231,1.75,378743.0,1599.71,0.040587716,15.45322716
18232,2.08,150527.0,824.77,1.935345779,16.16802881
18233,0.74,366062.0,1929.17,2.097604095,14.60079588
18234,2.62,367501.0,2299.13,2.509390716,15.68203519
18235,1.14,370491.0,2384.43,1.806422522,13.73912252
18236,1.22,375753.0,2266.17,1.3692486,16.45610116
18237,2.16,358934.0,1810.33,3.793396777,13.31886078
18238,2.5,248034.0,1775.74,4.235992689,14.41034858
18239,1.77,149992.0,1292.75,4.270163869,11.76578599
18240,0.45,356592.0,1113.93,-0.087908515,16.57110972
18241,1.56,235079.0,2262.57,1.4100474,15.01955848
18242,1.04,377554.0,1752.9,1.578017001,15.76241243
18243,2.01,357757.0,657.37,-0.076810993,15.97221801
18244,0.99,146341.0,2436.07,2.150756392,15.39748362
18245,1.38,250005.0,2245.92,1.268078949,13.50090841
18246,1.82,130120.0,2180.95,1.058628448,15.67350312
18247,1.83,392824.0,655.39,2.052621851,16.2056208
18248,1.58,114947.0,2390.11,2.985417008,13.50859611
18249,0.91,170182.0,949.17,2.360837626,16.284204
18250,0.63,152829.0,1866.54,2.442470669,15.3691893
18251,1.49,362254.0,1735.32,2.874886961,15.1210045
18252,0.0,256438.0,1728.28,4.387710928,15.71930058
18253,1.46,381985.0,1859.82,1.240825535,13.67861814
18254,1.28,390436.0,1969.92,1.335821085,14.79711379
18255,1.93,362159.0,1879.29,2.239872061,14.35545599
18256,1.95,133600.0,1790.72,1.864208548,12.96533312
18257,2.24,150206.0,1907.37,2.119670233,16.22887546
18258,1.25,264332.0,775.28,3.741069585,16.4075149
18259,1.65,146016.0,1068.67,1.629536829,14.90444615
18260,0.93,235540.0,2230.94,1.859426251,16.65501568
18261,1.48,269834.0,1789.29,3.906443054,16.53537529
18262,1.15,380026.0,1998.12,1.777024226,15.1236836
18263,0.0,236719.0,1719.76,3.104253747,13.30834194
18264,1.6,279416.0,2237.63,1.733301318,12.00894053
18265,1.65,348206.0,1951.78,2.950499265,14.69488711
18266,1.26,143836.0,977.62,2.276874544,16.40191809
18267,0.92,144418.0,1480.21,1.570837827,15.15191697
18268,2.39,281738.0,1957.18,0.920758321,17.30642513
18269,2.42,380164.0,1687.2,1.656192404,13.13586348
18270,2.3,352093.0,2255.54,0.963420801,14.21726838
18271,1.91,134524.0,1817.88,2.439183764,13.72793888
18272,0.91,259168.0,2578.01,1.230039663,13.9369223
18273,2.1,361538.0,2540.13,2.891466926,16.48836841
18274,1.27,371449.0,1735.78,1.249988801,15.93710869
18275,0.87,382847.0,2319.77,1.339439861,14.53670279
18276,1.57,253089.0,2347.15,4.626058189,16.90519854
18277,2.4,366683.0,1850.36,2.093089387,15.38809619
18278,2.5,255597.0,1565.96,1.165080921,16.05789597
18279,1.99,386147.0,1838.03,3.396512863,15.10143487
18280,1.92,371513.0,2171.74,1.425543145,15.25112755
18281,2.19,378715.0,982.0,1.354542018,16.56738088
18282,1.93,265386.0,1826.6,1.541675145,15.02154751
18283,2.04,266315.0,753.23,4.089527238,15.40888207
18284,1.56,252404.0,2600.43,1.400995637,14.97086569
18285,1.11,359556.0,971.98,2.218911499,15.43788043
18286,0.77,280030.0,2667.6,4.85262766,17.56111566
18287,1.72,134136.0,2209.83,1.395974185,16.41941649
18288,0.79,362913.0,1958.54,2.92593224,15.68080322
18289,1.23,136177.0,1884.58,1.961690833,16.28286972
18290,1.61,263765.0,1714.68,1.174989498,15.87671483
18291,1.81,135628.0,2238.41,1.95169728,13.81669751
18292,0.0,347212.0,1898.91,4.184432086,14.42359413
18293,2.12,119054.0,877.71,3.297000757,14.05358328
18294,1.78,257452.0,1294.25,1.446510949,14.8073511
18295,2.41,362353.0,800.94,1.832623702,13.18023443
18296,1.22,260230.0,1983.92,1.528286118,13.98249525
18297,1.6,355999.0,2430.87,1.929755298,15.60342091
18298,0.58,353069.0,1960.55,-0.326393035,15.769125
18299,1.22,238906.0,1935.35,2.849638747,14.74399063
18300,0.69,360028.0,2309.32,2.431705452,15.68310485
18301,0.58,381043.0,1648.15,1.176257801,14.16009054
18302,1.8,247513.0,1895.54,1.703102375,16.4231291
18303,0.8,370834.0,2351.56,0.057106358,16.3085856
18304,0.77,398950.0,2985.92,3.599984349,16.22259647
18305,0.65,252143.0,2069.76,1.967812798,15.22072907
18306,1.97,164603.0,1337.39,0.90842429,15.23795358
18307,2.37,372578.0,1997.49,1.117322237,13.93584959
18308,2.11,145882.0,666.4,1.877546254,15.36066976
18309,1.68,390889.0,1741.28,4.598884672,16.84945576
18310,1.3,367678.0,1113.09,4.368137058,15.23551704
18311,1.1,399001.0,1211.75,-0.01444032,14.30383446
18312,1.42,377872.0,2243.2,4.255036824,16.4775491
18313,2.01,351145.0,760.45,1.641985166,15.62335956
18314,1.62,140274.0,2240.76,3.796262899,15.21066856
18315,1.27,125975.0,1126.42,3.76574416,15.70567443
18316,1.95,248709.0,1843.5,1.212419266,15.28661315
18317,2.6,247914.0,851.41,1.265278897,15.41789304
18318,1.45,385089.0,1281.85,1.562052432,14.98264318
18319,1.95,146052.0,2360.57,4.397678197,15.87788762
18320,1.77,153240.0,1507.05,2.659507307,16.93186502
18321,1.64,369281.0,839.6,1.542662118,15.19720199
18322,1.69,376190.0,2245.69,3.980825448,15.90589848
18323,1.77,387477.0,1713.66,4.264351062,13.31775023
18324,1.72,356819.0,2507.66,3.55005051,15.90111864
18325,1.01,372973.0,2341.88,4.086028084,13.91297686
18326,1.17,135305.0,1822.72,1.227772441,15.77773201
18327,1.01,358237.0,1230.54,1.158269242,15.23755709
18328,1.78,126893.0,1914.3,2.161534718,13.35576377
18329,0.4,148256.0,2157.22,1.594237077,15.76890566
18330,1.77,160853.0,2337.62,3.252577511,13.82901078
18331,1.09,345542.0,1700.04,2.878522087,15.13544829
18332,1.67,149467.0,2373.85,3.462637721,12.50918165
18333,2.14,382386.0,2468.1,2.244057087,15.00979261
18334,1.99,376318.0,1911.85,1.008191102,15.18178574
18335,1.89,378456.0,2312.24,0.49809446,13.71427365
18336,4.84,356200.0,1890.39,1.455421368,15.29553025
18337,2.24,360763.0,1978.75,1.646425354,14.60040772
18338,1.31,363506.0,2083.59,3.780196379,13.40137028
18339,2.5,234498.0,1767.01,2.340799902,17.03650032
18340,1.47,144521.0,1060.59,1.361917874,15.26766379
18341,1.09,377315.0,2134.75,1.547866924,16.24535669
18342,0.58,372829.0,1726.01,1.470127914,13.79996417
18343,0.67,387892.0,1900.58,2.038998337,15.81469034
18344,0.1,271043.0,2364.82,1.695245066,14.67914986
18345,0.8,371464.0,1707.31,1.720526898,12.87236233
18346,1.67,397677.0,1369.98,1.44527759,15.3192086
18347,0.6,371920.0,1265.07,1.228204803,14.06151344
18348,0.38,351383.0,1809.51,4.209618836,16.40014624
18349,1.44,344458.0,1838.93,1.689609875,14.57541377
18350,0.72,347673.0,790.7,2.248524225,15.45386912
18351,0.92,249271.0,1596.27,0.950932974,15.16660527
18352,1.69,167100.0,1768.16,3.571680566,15.92478844
18353,1.68,138063.0,2125.59,1.54504239,15.3500371
18354,1.17,373713.0,1609.67,1.647174787,15.70536246
18355,0.53,377286.0,1975.46,2.112155121,13.31449952
18356,0.83,387526.0,1761.25,3.664535004,14.86400907
18357,1.07,225358.0,1266.21,1.254712455,12.12373528
18358,1.61,372486.0,1196.17,1.289359424,14.97545072
18359,1.78,125356.0,1362.35,2.24276235,12.09447872
18360,1.94,155332.0,1886.16,1.915863264,16.40391243
18361,1.83,354720.0,1000.79,4.327317309,12.80310897
18362,2.43,153292.0,668.22,1.194883704,15.88345955
18363,1.75,383320.0,1632.16,2.954165725,16.83191248
18364,1.98,377561.0,1599.34,1.470705033,15.70634818
18365,2.22,132802.0,586.86,2.39248639,14.00439608
18366,0.11,398806.0,1465.69,4.289747491,14.64036803
18367,2.42,351193.0,824.83,2.450968702,12.68856853
18368,1.47,267481.0,1828.21,2.844245299,13.0126787
18369,2.01,383213.0,1929.59,0.875728036,11.91105008
18370,1.89,136808.0,2491.84,4.62485484,15.55712039
18371,1.15,387045.0,625.02,2.211312866,14.92285596
18372,1.93,366987.0,840.98,0.143178915,15.52689863
18373,1.8,134720.0,1740.59,2.624958584,15.55066064
18374,2.65,361959.0,1424.14,3.693935807,14.78612848
18375,1.38,362219.0,1913.37,1.070414622,15.0410655
18376,2.14,387615.0,1835.98,3.786576606,15.50287848
18377,1.18,287169.0,1009.85,2.41728576,16.91860388
18378,1.82,143917.0,838.19,2.268553491,15.03363124
18379,0.81,144910.0,1346.23,2.719333245,16.03075583
18380,1.32,381454.0,897.63,1.028191072,15.58624954
18381,1.16,384477.0,1316.63,1.500939717,13.43830081
18382,1.91,243475.0,2120.4,2.320616729,14.75867332
18383,2.5,127135.0,1056.48,-0.326393035,11.2583727
18384,2.29,167589.0,1320.5,3.516504928,14.16307665
18385,0.24,384449.0,1882.64,1.977018105,16.03820166
18386,1.24,153238.0,884.6,1.554067832,13.86687607
18387,0.74,341180.0,1814.18,3.71059294,14.16279834
18388,0.56,146424.0,1773.02,4.730257264,16.26061512
18389,0.73,370187.0,2728.53,2.515355199,15.76916101
18390,1.63,347899.0,1809.09,1.110815091,16.58849957
18391,1.28,379977.0,1570.56,3.952332307,15.58977743
18392,0.85,236204.0,1722.82,3.64318029,13.7936472
18393,1.0,372408.0,1968.83,3.687188855,14.50122273
18394,1.53,130594.0,1451.53,3.673398189,13.02249975
18395,1.98,361060.0,2028.94,1.610111084,15.13750583
18396,0.91,343800.0,2461.34,0.648682027,15.75910861
18397,0.05,267583.0,1988.08,3.461378573,17.35451052
18398,1.19,385042.0,2432.92,2.232932724,15.34186104
18399,2.1,389562.0,1834.14,2.821578704,15.56040072
18400,2.8,362294.0,1877.77,1.06560889,16.7813814
18401,1.04,369106.0,1283.73,4.667772045,15.7602332
18402,1.38,372440.0,1754.46,0.868897341,13.27497018
18403,2.36,398061.0,2307.09,0.706412017,16.93853295
18404,3.0,356476.0,1064.18,1.388860505,15.79023086
18405,0.81,392303.0,1595.43,2.310109533,13.16039744
18406,0.3,337400.0,1388.63,3.385388067,16.33238342
18407,2.29,375066.0,1522.18,1.347065365,14.92836709
18408,2.13,340236.0,1454.1,1.58565575,16.29721904
18409,1.65,381167.0,586.86,0.278017094,13.77747236
18410,1.61,340917.0,1434.43,3.900033195,13.17248479
18411,1.27,153181.0,1955.06,1.758482572,15.45438598
18412,1.35,391287.0,1880.45,1.075166016,15.48919138
18413,6.03,163683.0,1702.15,3.57993858,15.97175099
18414,0.84,367297.0,1708.01,4.081709436,15.9291167
18415,0.51,248941.0,1161.11,3.367944103,15.67503268
18416,1.94,358145.0,1989.71,1.569025582,14.95058685
18417,1.12,351256.0,2071.43,2.111443449,14.39163387
18418,1.66,371925.0,1875.07,0.647682165,16.71590755
18419,1.93,356675.0,2044.53,2.319635348,12.44693764
18420,0.28,387193.0,1754.53,1.835873485,13.50885877
18421,1.96,374765.0,908.37,1.811205648,17.73027397
18422,0.89,362468.0,973.25,1.133448717,13.06005144
18423,1.47,159230.0,1830.56,1.231066771,16.08248124
18424,0.69,346863.0,2215.2,1.308952214,13.15141198
18425,1.1,260869.0,1965.81,1.901743482,13.54063891
18426,0.94,351297.0,1975.01,-0.025487288,12.65521078
18427,2.01,154029.0,895.35,2.779870216,15.41934244
18428,5.04,253017.0,806.44,2.668326302,14.79037221
18429,1.49,143230.0,1870.85,1.297907938,15.3573783
18430,1.69,269695.0,1017.32,2.09866794,15.42457584
18431,1.6,361014.0,2480.76,1.65653747,11.27898365
18432,1.77,146827.0,1946.55,-0.061376752,14.37758849
18433,1.47,379174.0,2079.22,1.340909396,16.5223896
18434,0.44,247465.0,1975.25,2.704176927,15.47440028
18435,0.36,378266.0,792.16,1.465038141,15.58244519
18436,3.06,254045.0,1431.68,1.894509583,16.41151222
18437,0.6,370535.0,2068.88,3.784199424,13.73263803
18438,0.72,375426.0,1963.85,4.257660244,14.15363621
18439,0.81,157891.0,658.81,3.040322934,15.68688103
18440,2.69,373747.0,1770.47,2.032837352,15.77356331
18441,1.65,180144.0,2635.76,4.169798122,13.17173395
18442,1.45,388039.0,756.98,2.175889093,15.05262648
18443,2.63,382423.0,696.94,1.523559456,17.06631234
18444,1.58,365450.0,1791.24,1.87530841,14.55669009
18445,2.43,381418.0,2556.42,2.560355048,15.9908054
18446,1.69,232434.0,1196.14,0.346165435,15.73982579
18447,0.79,282407.0,1970.85,-0.210978348,15.90225567
18448,0.68,376267.0,2223.47,0.675435496,13.32093981
18449,2.77,356533.0,1122.26,3.211923601,16.06814957
18450,1.19,256319.0,1875.69,2.039106459,16.03024243
18451,2.13,161988.0,726.21,3.002234179,13.34537098
18452,1.23,330893.0,997.08,1.487715912,15.75955751
18453,1.58,354760.0,2408.3,1.751571416,14.68502553
18454,0.51,248261.0,1938.01,1.782296443,12.46529278
18455,2.4,150500.0,1527.52,1.489789043,15.0555521
18456,0.32,150033.0,1915.87,2.200745741,12.98610306
18457,1.24,374438.0,2177.01,1.614720393,15.70884847
18458,1.25,367242.0,1845.31,2.770189367,15.56410982
18459,2.24,366719.0,1038.22,2.934079332,15.75760329
18460,0.73,400986.0,2260.36,3.802145393,17.30492967
18461,2.98,369662.0,1821.24,1.103801039,14.85707182
18462,1.83,145357.0,1849.05,2.157016477,13.34526554
18463,0.92,360935.0,1868.31,1.703868663,14.98422202
18464,1.32,288247.0,1934.93,0.776044336,14.55441659
18465,1.56,379160.0,1460.74,4.100327941,13.26744075
18466,0.64,400736.0,1644.62,1.188385934,16.15254049
18467,3.04,138724.0,2286.79,1.55145054,13.20958186
18468,2.4,128467.0,1800.35,1.147271164,14.55128975
18469,0.26,246126.0,1760.1,2.146802292,13.91149975
18470,0.0,356155.0,1931.38,3.511674761,13.48110733
18471,0.84,129649.0,1546.02,1.446456203,15.29272707
18472,0.38,163221.0,2278.96,1.101720184,15.97938581
18473,2.67,381360.0,1871.97,1.756307515,14.90344365
18474,2.18,384197.0,764.05,2.465927462,13.61647096
18475,2.0,381032.0,1809.38,1.415874184,15.64534127
18476,2.07,251587.0,2544.48,1.832233028,15.46608428
18477,1.93,149921.0,938.98,1.729659625,15.60781184
18478,1.37,277971.0,2376.0,4.93924406,15.74777906
18479,0.98,370462.0,1106.3,3.742168812,12.79136907
18480,2.95,372436.0,2037.6,1.246374308,15.52776541
18481,0.29,149809.0,1301.86,0.786484209,14.81020224
18482,2.14,378942.0,2249.13,2.001354887,14.87783115
18483,2.01,374161.0,1377.65,3.533533281,16.17892687
18484,0.89,152338.0,869.62,3.610741833,14.87601309
18485,1.81,369849.0,1616.41,1.252669307,15.84933398
18486,1.66,353291.0,1886.89,2.655171001,16.09690812
18487,0.24,351858.0,1929.93,1.94413294,13.07446717
18488,1.86,355524.0,2538.92,3.150829373,15.46257635
18489,1.54,352114.0,1166.16,4.548933579,17.07086226
18490,2.01,360592.0,1197.82,2.82949895,13.61119439
18491,0.32,355583.0,813.84,1.980497692,14.65135779
18492,0.44,263122.0,1972.96,1.768886496,15.4218417
18493,0.28,374332.0,2094.73,1.206392913,15.44207345
18494,0.24,183891.0,1953.78,3.534002586,16.19540318
18495,2.83,114947.0,2046.52,3.840077948,13.70662054
18496,0.93,265861.0,2220.95,2.916084036,15.71579636
18497,0.5,360307.0,1405.69,1.914169542,15.92270059
18498,1.43,259941.0,1814.13,1.055327803,15.91758281
18499,1.91,369157.0,2502.17,2.33734207,13.65727652
18500,1.18,360324.0,2028.02,1.488124087,15.57568492
18501,1.51,360004.0,1780.17,1.675868534,16.28198747
18502,1.74,364187.0,1547.18,2.141205601,16.10449037
18503,1.54,147775.0,1869.41,2.249837878,15.2555243
18504,0.24,374870.0,1828.49,3.686743875,13.46003972
18505,1.41,387494.0,879.98,1.986436331,15.63559892
18506,0.53,265363.0,845.26,2.901249192,13.91843796
18507,2.65,353632.0,586.86,1.064550365,14.8168013
18508,2.17,374144.0,2299.08,2.74208753,15.56569169
18509,2.14,377125.0,855.69,2.843728088,15.52595354
18510,1.71,148996.0,1714.16,0.536782613,16.62238705
18511,1.19,136004.0,2420.87,0.698036397,15.23016834
18512,0.0,376512.0,2137.13,1.29031066,15.82561693
18513,0.27,150770.0,2060.62,1.77340399,14.84915296
18514,1.01,359617.0,2317.45,1.174185987,15.90970182
18515,1.81,378693.0,1828.5,2.488885417,15.71378046
18516,0.77,374432.0,1622.72,2.853960659,14.77738039
18517,0.97,238416.0,1736.15,0.948049605,15.546787
18518,0.81,262566.0,852.42,4.79497765,14.60383375
18519,1.72,381474.0,978.29,2.558510473,15.78014129
18520,2.04,361648.0,2298.28,1.214964041,15.77473551
18521,1.56,236241.0,738.54,1.362489467,16.05748687
18522,0.53,375270.0,2610.84,0.962750267,15.18399016
18523,1.42,148915.0,2197.84,3.166425303,15.63571079
18524,1.05,148523.0,2003.2,2.047692653,15.78178303
18525,1.57,361327.0,2467.4,1.499648642,15.7792197
18526,1.47,158062.0,1871.22,1.648355627,15.76427785
18527,1.22,155139.0,1222.17,1.577376546,16.99334853
18528,2.3,373365.0,1963.93,3.90618369,14.74350426
18529,1.65,368865.0,1960.42,1.857831167,13.69621889
18530,0.31,373675.0,1827.93,1.681178549,15.89324846
18531,1.12,117892.0,1983.18,3.051642489,14.27745451
18532,2.05,133723.0,1652.82,-0.326393035,13.34791346
18533,1.65,376883.0,1776.68,1.210201056,15.29856553
18534,1.08,354960.0,1807.06,0.72210717,12.59594139
18535,2.66,271093.0,861.19,2.023669149,16.19212083
18536,1.21,399804.0,2405.67,1.852141542,14.82702953
18537,2.25,229198.0,2250.38,1.725126999,14.73882942
18538,1.06,153243.0,2221.33,2.957713634,16.88938533
18539,2.31,248505.0,1673.78,1.61679209,15.4794817
18540,1.23,373307.0,822.57,2.210936561,16.35673804
18541,1.62,352804.0,2889.28,1.686202427,15.97657817
18542,1.1,158259.0,1725.26,3.477461256,15.41174911
18543,0.93,372194.0,901.43,1.571936279,16.29342729
18544,0.7,401119.0,1126.62,2.293990849,14.49759283
18545,1.46,369377.0,736.48,1.949705093,15.46749149
18546,1.15,380927.0,2650.7,2.372505668,15.80665548
18547,1.21,151018.0,1989.14,1.193055271,17.34264994
18548,2.2,375704.0,1437.78,2.835373928,11.78437676
18549,1.3,388122.0,2356.68,1.306404799,13.52516836
18550,1.18,244958.0,2175.19,1.305434669,15.67622101
18551,2.52,364376.0,1414.88,0.11302368,13.42685933
18552,1.42,163420.0,3047.82,0.791675139,14.96369887
18553,2.38,268822.0,1990.64,1.546922946,11.2583727
18554,1.41,252275.0,1394.13,2.115874739,13.60104882
18555,2.14,237734.0,1841.47,1.418485051,13.59983187
18556,1.22,267295.0,1243.93,0.029344034,13.9534212
18557,1.21,346828.0,845.82,1.2368812,13.05853914
18558,1.99,229994.0,2480.81,3.443837912,15.89027947
18559,1.74,144583.0,2257.41,2.103772828,13.80692477
18560,1.0,359522.0,721.29,0.984076568,17.06737438
18561,1.11,349332.0,829.43,1.873234735,13.41430352
18562,2.49,260677.0,1849.66,0.35324924,15.32582539
18563,1.38,364479.0,1979.04,1.157610591,13.7318463
18564,0.9,362979.0,1593.65,2.209335231,13.50764732
18565,1.08,164961.0,2709.94,3.108917334,15.41679398
18566,1.76,241323.0,2002.03,1.519428157,16.09975829
18567,1.47,377697.0,1731.05,3.166815813,13.93507631
18568,0.63,393076.0,1904.46,1.71920023,14.00477761
18569,0.97,141585.0,1834.19,1.391711886,16.14462741
18570,2.29,155896.0,2519.81,3.990160289,14.47787633
18571,1.4,171162.0,1966.95,4.629891429,16.13574959
18572,1.21,154828.0,2070.29,1.735208523,16.03392938
18573,4.35,356055.0,1846.71,4.201258159,15.73842321
18574,2.05,361344.0,1964.75,0.888224943,14.31601406
18575,1.85,121060.0,2120.43,1.595389233,15.82324126
18576,2.95,352891.0,1979.19,0.990290409,11.65149508
18577,1.04,356350.0,1279.97,3.727246747,15.69211398
18578,1.23,363107.0,2004.01,1.714009244,15.62492741
18579,1.05,368495.0,1303.19,4.455514248,15.95307583
18580,1.06,372505.0,1803.59,1.261174187,14.61416619
18581,1.46,131366.0,1735.97,2.009872694,15.27157696
18582,0.7,266525.0,1714.64,4.35590251,16.08095968
18583,1.47,250627.0,1483.75,1.303334511,15.43043068
18584,2.04,276641.0,1916.97,2.169105932,16.04544412
18585,2.0,378142.0,2128.34,3.301083858,13.62719571
18586,1.25,159197.0,1097.53,1.865815733,14.61691257
18587,1.84,158566.0,1917.91,3.485375583,13.91760484
18588,0.34,177900.0,680.35,2.666757229,15.5597071
18589,0.52,367527.0,1197.94,3.353885927,16.33975823
18590,1.26,382229.0,1675.45,1.663155623,15.0030595
18591,1.39,391375.0,1669.87,0.015231239,13.84105882
18592,1.46,255077.0,1730.67,1.66023195,16.05756217
18593,2.0,120759.0,2010.65,2.657606797,15.13966415
18594,1.5,114947.0,1847.19,2.887469468,14.16500241
18595,1.55,362937.0,1624.91,0.519571427,14.80504464
18596,1.54,261964.0,1698.61,3.050906417,16.90978549
18597,1.61,135028.0,2084.62,2.702368064,15.24863823
18598,1.48,154434.0,2294.5,2.893273998,15.1899949
18599,0.19,375077.0,1392.43,2.37116131,12.3820199
18600,2.15,248145.0,2188.75,1.997300372,16.12048571
18601,1.56,372980.0,1173.68,1.166354782,17.28973897
18602,0.86,149713.0,2081.29,4.339955911,15.33050251
18603,1.42,372171.0,2206.34,1.428147798,15.77647776
18604,1.23,134123.0,1234.89,2.612408569,17.01608224
18605,1.27,355255.0,1813.66,2.684048023,16.97589936
18606,1.65,337552.0,892.62,2.794687624,15.33377159
18607,0.4,379823.0,1825.31,4.772305881,11.71085687
18608,1.36,255500.0,2002.37,1.640489837,15.64628618
18609,1.39,370000.0,2114.93,1.414142721,13.86764166
18610,2.08,132972.0,2540.8,2.881124641,15.80035475
18611,1.01,254951.0,1871.07,1.013589628,15.29416705
18612,1.8,254543.0,808.33,1.059775548,14.16430898
18613,1.47,348421.0,1873.09,3.702385005,13.23069778
18614,0.99,399371.0,1330.6,3.860297447,15.17999071
18615,1.61,135428.0,2410.65,1.072058395,13.23641255
18616,1.16,133053.0,2246.94,3.404838534,14.10479503
18617,1.58,365683.0,1884.89,0.395529449,14.97515718
18618,0.02,358756.0,1287.46,1.887103438,11.8898154
18619,2.21,369704.0,2237.61,2.950036239,13.10788692
18620,1.14,265421.0,2439.27,1.83075026,16.60251223
18621,0.21,387313.0,1979.27,4.520735162,16.16185587
18622,1.07,366565.0,1909.47,3.454838222,15.47916186
18623,1.34,165224.0,734.02,2.187784696,13.26220694
18624,0.27,370745.0,1574.2,0.966995447,16.2827801
18625,1.69,253620.0,2800.71,2.289608049,14.00284449
18626,2.08,130913.0,2058.65,2.942872643,14.74574389
18627,0.0,156289.0,2202.78,3.122967691,15.50067148
18628,0.38,387374.0,1767.62,1.296077583,15.74824298
18629,1.67,258230.0,2627.3,0.386342705,16.27458608
18630,1.86,245508.0,1795.28,1.420434829,15.54371687
18631,2.6,387500.0,2500.01,2.898194175,15.6051534
18632,0.8,340931.0,1199.83,2.084299879,13.28421047
18633,0.38,384866.0,1369.36,0.523320485,16.86318353
18634,1.56,346007.0,1157.71,2.716136976,14.40381438
18635,0.79,357339.0,1919.23,2.986540606,15.90699099
18636,0.5,358276.0,1680.87,1.620845313,15.40761254
18637,1.25,273088.0,2535.1,1.372811554,15.37249621
18638,1.42,370510.0,1999.7,1.98018524,16.62282086
18639,0.8,364065.0,1863.92,1.216620373,16.38041197
18640,0.69,378994.0,1340.41,0.919854526,15.70816356
18641,0.45,397292.0,2218.67,2.113844126,17.43214093
18642,0.35,385513.0,1771.67,2.395721082,13.48527591
18643,1.52,334640.0,1909.49,2.676172914,13.24629956
18644,2.66,386915.0,1894.71,1.250218487,14.93927026
18645,2.81,261526.0,1959.13,2.759659271,15.48313241
18646,1.09,260674.0,2344.31,1.677277954,13.92677088
18647,2.33,268263.0,1114.61,2.695263251,15.77658497
18648,0.0,283100.0,3036.39,4.588195623,14.49098221
18649,2.41,136894.0,991.14,1.484284446,15.74432951
18650,1.48,374622.0,1833.26,2.83059878,13.88238426
18651,1.44,345624.0,1819.48,1.393610524,14.4851942
18652,1.17,251133.0,1328.01,2.694804601,17.29537663
18653,1.82,364892.0,2127.06,2.247337673,15.77590049
18654,0.91,401119.0,2449.72,4.664905156,16.59289281
18655,0.87,358814.0,2105.13,1.39852458,15.05450336
18656,0.81,381713.0,1890.37,2.079097254,16.42723408
18657,1.09,352430.0,1608.78,2.211755149,12.89341729
18658,1.62,255849.0,1123.62,2.392236194,17.5073175
18659,0.52,253283.0,1796.0,2.124480002,14.13343187
18660,2.11,341025.0,1749.02,2.789216492,13.34214101
18661,1.53,384989.0,2499.34,1.281617048,13.37837862
18662,0.47,267948.0,2153.97,2.383383484,13.53889593
18663,0.81,160369.0,1419.73,1.446912472,16.15289833
18664,2.49,124463.0,2172.59,4.291528892,15.69117128
18665,1.02,141191.0,693.02,2.562979549,15.0821896
18666,2.27,242326.0,845.66,2.033337061,15.90371722
18667,2.21,148554.0,830.32,1.814565525,16.20224027
18668,2.61,254102.0,1830.39,1.368806187,15.77470765
18669,1.14,350811.0,2391.89,2.1183613,13.94698426
18670,0.93,369140.0,2445.63,1.889444303,12.32923862
18671,0.41,378508.0,991.05,1.349127892,14.24401685
18672,1.16,401119.0,1958.68,1.01776224,14.42733791
18673,1.97,262877.0,1674.67,0.769863741,14.68917566
18674,2.0,361098.0,1409.21,1.960966249,14.95248501
18675,2.11,155020.0,1283.61,0.568074316,16.60826009
18676,0.95,335037.0,1796.15,0.59627689,16.56412392
18677,2.19,129233.0,1067.47,1.964271881,15.78776179
18678,1.7,265722.0,1895.25,3.504705619,16.52582312
18679,2.6,371930.0,1851.37,2.83388712,12.6093797
18680,1.3,385305.0,2354.75,2.933658367,15.37583622
18681,1.13,177528.0,924.63,1.738908007,15.71308307
18682,1.11,249589.0,1990.7,3.549382845,16.49641491
18683,0.92,368591.0,2152.45,2.112865031,16.06312403
18684,1.55,122613.0,1944.62,1.021692131,16.72211712
18685,0.94,357110.0,997.68,1.840617026,13.12796742
18686,1.18,161667.0,1971.25,2.596659209,15.57597432
18687,0.77,250966.0,1776.32,1.101609436,15.39237099
18688,1.73,147179.0,2153.99,1.137400905,15.79539943
18689,0.84,379343.0,2313.06,1.614926157,15.66003755
18690,1.74,247471.0,2494.34,2.219160973,14.10231292
18691,0.6,353390.0,1747.62,1.236851529,15.27747798
18692,2.04,378051.0,1194.24,2.052277815,15.40522201
18693,0.96,371404.0,1965.8,1.325773118,15.22979384
18694,2.2,262893.0,1904.52,2.856632535,15.17482049
18695,1.09,371046.0,2651.24,1.094065616,15.54005579
18696,1.79,141441.0,1775.51,4.65484642,17.1636382
18697,1.29,372382.0,2130.35,0.593809255,15.92731342
18698,1.73,376383.0,2336.42,2.918477797,13.4442346
18699,1.11,163559.0,1862.5,2.639713169,15.60597896
18700,1.79,374740.0,1321.67,0.496099846,15.20925521
18701,2.07,132287.0,2433.12,1.184565038,15.64628611
18702,2.13,347775.0,755.26,1.647368339,15.02770546
18703,1.65,364118.0,1259.05,2.987505173,16.68006345
18704,1.2,361378.0,1731.83,1.948908669,15.16775555
18705,1.94,151586.0,1875.22,2.322138343,15.66228533
18706,1.17,372706.0,1925.23,3.777190861,15.90533348
18707,0.46,373571.0,1433.0,1.404211919,15.30201672
18708,1.0,251304.0,770.32,1.088841501,15.11799205
18709,0.58,373296.0,1930.36,2.341428939,16.27022927
18710,1.84,146214.0,921.01,1.190233686,15.69433541
18711,2.03,370062.0,2699.7,2.935099096,16.63019383
18712,1.4,369515.0,946.93,-0.069178462,13.404856
18713,1.64,259096.0,2234.92,1.720747579,12.95973335
18714,1.81,370676.0,904.96,3.002696269,15.29470884
18715,1.14,367319.0,1887.39,0.986677046,15.22928253
18716,1.09,131144.0,1637.69,2.054123301,15.11327996
18717,1.77,150060.0,756.39,1.834777135,16.17761487
18718,2.33,369708.0,1714.77,1.816933317,16.08508511
18719,1.98,143075.0,1799.82,4.325631831,14.54877245
18720,2.23,145061.0,2991.4,3.557923747,17.52927687
18721,0.14,372005.0,1578.71,1.346549844,16.46077228
18722,1.01,143300.0,2333.12,2.910009894,13.31819043
18723,1.84,376313.0,1852.18,2.047198299,12.6455489
18724,1.42,264920.0,1836.37,1.832880488,15.49795025
18725,1.06,388403.0,1389.28,1.986330239,15.17402425
18726,2.35,373783.0,1868.85,3.597333945,16.0167671
18727,0.07,383642.0,2324.5,4.653722541,15.31572571
18728,0.68,247033.0,1737.4,3.476062422,17.38375442
18729,1.32,343467.0,2308.03,2.032163263,14.18944906
18730,1.56,245670.0,1845.54,2.517376349,12.62888728
18731,0.87,383425.0,1642.11,2.336271026,11.87238568
18732,4.53,133616.0,1743.87,3.941252803,12.12316674
18733,1.28,345865.0,2051.89,1.248146633,13.34730306
18734,1.55,259763.0,1956.86,1.813021868,16.42404579
18735,1.14,276036.0,1864.16,1.246234591,15.96697626
18736,2.23,244412.0,1376.1,0.997398518,15.30795337
18737,0.4,129526.0,1795.0,1.891202764,16.06611344
18738,1.16,259484.0,1323.84,2.809390894,16.01830193
18739,1.36,377929.0,2415.69,-0.326393035,12.58362685
18740,1.42,362784.0,2169.87,0.6700062,13.90682799
18741,1.83,359840.0,586.86,3.373542109,14.11295932
18742,1.56,374703.0,2686.79,1.58012301,13.38786173
18743,1.36,158544.0,1890.72,3.989154975,14.43445041
18744,0.5,374532.0,875.88,2.813965501,16.13101245
18745,0.64,365447.0,2320.76,4.482453109,16.80225741
18746,1.75,364657.0,2591.21,3.787193105,16.42330421
18747,0.51,145150.0,2525.73,3.758188478,13.47144454
18748,1.33,368057.0,1297.74,3.691335143,13.85788216
18749,1.33,376263.0,2003.76,2.083745898,11.62891425
18750,1.01,370359.0,1919.45,1.86979288,15.62176882
18751,2.13,261938.0,1458.31,4.706474186,15.0613822
18752,1.03,132649.0,2175.19,2.348662203,15.73750559
18753,0.6,382985.0,1167.68,2.10148372,15.08729814
18754,1.34,361162.0,1462.45,2.086471749,12.15892079
18755,1.26,372678.0,2282.05,3.821997501,14.84927081
18756,1.61,266315.0,1318.39,0.942716235,14.55058068
18757,2.11,378826.0,1983.07,4.030245056,15.21877413
18758,3.74,244506.0,1900.97,1.356459193,15.61008232
18759,1.75,142303.0,1936.65,2.34151998,13.07180484
18760,2.04,149559.0,1575.56,2.316104752,14.54250788
18761,2.26,256487.0,2161.56,0.97297402,14.74346696
18762,2.3,385698.0,2347.89,2.7789618,15.29609172
18763,2.18,139045.0,1288.41,2.158607363,16.50378644
18764,2.33,258735.0,1608.43,2.063795375,17.43899775
18765,2.59,373871.0,2381.58,1.851846801,15.95504888
18766,1.98,368314.0,2164.1,1.800098391,13.68022952
18767,1.09,379117.0,1534.8,0.851159129,15.92884
18768,0.79,375072.0,1317.58,1.608580751,15.51400508
18769,1.62,368471.0,1703.41,1.318991047,15.71543619
18770,1.83,158570.0,893.72,2.251622847,14.05242541
18771,1.81,166556.0,1892.19,0.597978295,12.97505363
18772,1.65,354809.0,1906.54,1.156452974,13.25609471
18773,0.93,391185.0,869.05,1.755393598,15.69392353
18774,2.01,148664.0,2150.51,1.572087666,15.25608468
18775,2.05,131357.0,1802.19,1.627668115,13.74958311
18776,1.42,388457.0,887.76,3.752520848,14.20426191
18777,2.43,253201.0,1452.3,2.341896011,13.88514986
18778,2.49,130811.0,1755.49,1.790055768,15.69582982
18779,1.54,278574.0,962.39,1.322969192,15.81691649
18780,1.57,269361.0,1889.78,1.034788417,14.57627072
18781,1.96,259052.0,663.88,1.83909936,14.00336045
18782,2.5,155882.0,1924.51,1.579685821,16.36536391
18783,1.8,358478.0,1891.74,1.733380315,12.81316311
18784,1.81,121279.0,1449.56,2.675758882,13.14237877
18785,1.14,272078.0,1959.58,0.730044084,15.30216443
18786,2.66,353872.0,1944.59,1.083015596,14.86590709
18787,1.77,139166.0,1211.73,3.041749239,15.7132562
18788,0.65,384350.0,946.45,2.56900808,16.64050632
18789,1.88,262568.0,1821.09,3.601915952,13.55216184
18790,1.77,138229.0,1909.88,1.215122789,17.12716365
18791,0.36,258502.0,2171.0,1.315864362,16.27783512
18792,1.25,360942.0,1766.01,1.131369568,15.87073586
18793,2.42,385582.0,2257.54,0.777259141,16.0248139
18794,1.3,352211.0,2440.72,4.32497957,16.35543552
18795,1.82,371752.0,1739.43,0.221208213,15.28755069
18796,1.7,132879.0,2149.72,3.379792885,15.96104915
18797,2.73,151862.0,921.52,3.436053309,16.32413339
18798,2.05,156576.0,2260.28,2.908394349,15.66382023
18799,1.76,147437.0,1442.1,1.062097323,17.23988831
18800,0.83,382021.0,1890.26,1.482113031,11.98657858
18801,2.57,264397.0,1963.91,3.925899337,14.87835736
18802,1.95,332786.0,1557.78,2.951687831,12.71928413
18803,1.52,385082.0,2327.04,1.330908872,15.09599449
18804,1.6,366721.0,1939.46,2.335734251,14.87397194
18805,1.16,372108.0,2305.1,1.767415297,15.00475568
18806,2.24,271392.0,2464.0,2.484211034,15.7212454
18807,2.21,133392.0,2391.29,0.184857849,15.46632338
18808,0.94,372588.0,1944.76,1.495750504,16.66358827
18809,0.36,249474.0,1903.42,3.282100612,15.51906974
18810,1.55,364406.0,1065.74,2.761564041,15.44013946
18811,0.97,271548.0,2037.16,1.502709671,15.85766205
18812,2.63,386539.0,1573.09,1.90869273,15.45965997
18813,1.65,255857.0,1078.07,2.60143065,14.63424648
18814,1.04,264744.0,2593.32,4.692597003,16.80081958
18815,1.03,243006.0,1607.79,2.090573687,14.13338134
18816,2.15,153972.0,1745.86,2.477154787,15.3444095
18817,2.27,244084.0,704.02,2.991625239,15.46338881
18818,1.2,125702.0,1895.79,1.499736278,15.155314
18819,1.13,371042.0,803.85,2.056572305,13.72626776
18820,2.94,142361.0,824.24,0.60879369,16.29355406
18821,3.4,375396.0,2455.13,1.527228658,13.27520878
18822,1.8,347132.0,827.05,1.969005958,15.26819323
18823,0.89,361392.0,1732.95,3.174754081,15.33696709
18824,1.28,253670.0,2669.7,2.289038505,14.68319364
18825,1.94,144153.0,725.95,1.370258631,17.13301616
18826,1.6,130657.0,1203.24,1.312828943,15.50700387
18827,0.71,375854.0,1666.6,1.765906304,16.14132416
18828,1.12,288369.0,2114.01,1.841591099,15.1547266
18829,1.44,143279.0,1494.19,1.749065172,15.66659936
18830,0.38,139552.0,1899.18,2.419914137,12.84636194
18831,0.96,391602.0,2343.73,1.196897232,16.9275967
18832,2.34,243036.0,1159.31,2.129602548,15.59571717
18833,1.08,122641.0,2333.92,1.830612389,13.69871979
18834,1.92,256162.0,745.38,3.397216896,16.31172171
18835,1.09,375135.0,2665.41,1.911631272,15.25378212
18836,2.57,361621.0,883.8,1.200639894,11.76297242
18837,2.05,368015.0,1389.77,4.621638772,11.69095811
18838,0.19,129329.0,1756.53,3.727656822,15.71330263
18839,1.01,377673.0,1990.25,3.054871227,15.93492788
18840,1.91,381639.0,1897.58,2.38714513,15.15739305
18841,1.52,382222.0,2521.59,1.580418238,15.77155806
18842,1.05,156289.0,2022.9,0.169551956,15.92718322
18843,2.55,254580.0,1411.37,3.883494024,15.3751467
18844,1.61,371090.0,1864.55,3.16765839,13.12768754
18845,2.36,164720.0,1746.01,1.474299259,13.71672954
18846,0.81,360955.0,1766.76,3.824577325,15.71016695
18847,1.56,355099.0,823.59,1.095645641,15.60666148
18848,2.34,265015.0,1439.08,1.869335126,16.14782838
18849,2.17,134941.0,1029.43,2.036534349,15.51550784
18850,1.39,153713.0,1828.05,1.258318048,11.50587573
18851,1.4,252843.0,884.44,0.883271646,15.48509234
18852,1.47,123582.0,1238.83,3.179765701,15.13618663
18853,1.09,401119.0,1273.13,1.216270431,13.25123182
18854,1.82,137201.0,2199.22,4.383393731,14.73610903
18855,2.86,394924.0,1946.73,2.530034547,13.54871241
18856,1.25,247817.0,798.07,1.718948149,16.29582556
18857,1.37,162904.0,1974.09,3.592702078,15.97496609
18858,2.5,349948.0,681.72,2.835199324,13.7825997
18859,0.67,371169.0,1343.47,2.805003619,13.17920057
18860,1.22,169277.0,1679.69,2.299255147,16.79870093
18861,1.96,371024.0,1063.44,1.982103997,16.81233887
18862,1.56,369268.0,743.31,4.405147122,16.92262698
18863,1.78,377803.0,1031.2,1.795580987,15.48467866
18864,2.32,238067.0,1378.2,1.62753452,16.01331763
18865,1.54,372731.0,1524.69,0.57934666,16.35272987
18866,1.05,376550.0,1900.97,1.733604038,13.8824038
18867,0.7,363205.0,1905.57,2.958009346,17.55624614
18868,1.47,384191.0,892.41,1.145542783,15.36185741
18869,2.24,260864.0,2009.91,0.965644998,15.62911494
18870,0.83,380158.0,1978.68,2.095891383,16.31118824
18871,1.51,240601.0,2338.87,4.068749118,16.49357654
18872,1.29,388131.0,669.39,1.908807671,15.12066089
18873,1.64,379552.0,728.18,3.876366304,14.80740724
18874,2.34,261166.0,977.66,3.715416623,15.75020641
18875,1.37,164944.0,1502.01,4.334106098,14.55940373
18876,1.36,366513.0,1278.04,1.99147192,15.72318139
18877,2.41,358223.0,1874.22,0.917242216,15.42489005
18878,1.33,369940.0,1805.3,1.892459036,14.93906575
18879,1.24,147913.0,2176.67,1.146081034,16.0328888
18880,1.48,122572.0,854.72,0.938486764,13.08177433
18881,1.51,153484.0,1109.66,2.237773575,15.15032218
18882,1.24,341187.0,1046.22,1.555241079,14.21176895
18883,0.14,246838.0,1736.51,3.081904715,15.15126855
18884,1.62,385115.0,1534.88,1.273601368,15.69779555
18885,1.78,148791.0,1736.38,2.264338313,15.98653204
18886,1.34,351502.0,2016.34,4.357744933,15.44432948
18887,2.25,140788.0,2270.18,1.878145097,15.4786319
18888,2.31,380553.0,2350.74,0.531108278,16.68533593
18889,1.74,172346.0,1730.44,2.664916878,15.67155146
18890,1.01,155512.0,1811.66,1.874568133,15.04509875
18891,1.57,379436.0,1867.54,1.40012545,15.55435953
18892,1.62,167022.0,1352.35,1.741242537,16.58210386
18893,1.9,172075.0,849.86,2.375546676,14.52257183
18894,1.38,344058.0,1889.82,4.645688082,15.65066184
18895,1.57,362074.0,1803.87,1.686794442,12.25608412
18896,1.7,385416.0,1389.57,1.81034098,14.37308432
18897,0.76,129915.0,1873.12,1.797820716,13.67134111
18898,1.91,373311.0,1933.71,1.748592403,14.36763638
18899,1.63,360066.0,2155.9,3.558190706,15.43320918
18900,1.22,273287.0,1977.11,1.395860734,16.96202813
18901,2.17,251098.0,1626.65,1.436710925,14.28265936
18902,2.05,155205.0,1773.08,1.808527895,16.91471963
18903,1.34,388219.0,2452.51,1.056787829,16.03332368
18904,0.21,253529.0,2484.76,1.744330523,14.11244552
18905,0.0,242475.0,1889.34,1.472871127,17.38769699
18906,2.2,370184.0,1796.83,2.918123257,15.401188
18907,1.81,132796.0,992.49,1.918437004,16.09894432
18908,1.23,346030.0,1153.96,3.510892021,15.43916348
18909,1.77,370227.0,1761.81,2.059996564,14.61644817
18910,1.99,348170.0,2178.39,2.953080179,14.87337512
18911,3.13,353637.0,1681.5,1.573514703,15.00236192
18912,2.32,273976.0,1456.55,2.831126208,14.06751963
18913,1.24,368050.0,2505.4,2.347567723,14.02074699
18914,0.71,128907.0,2260.27,1.255964881,13.0389484
18915,1.86,351599.0,1308.61,3.159164133,14.59111256
18916,1.71,380084.0,919.47,1.939540386,14.00328222
18917,0.95,373802.0,2290.06,3.504778977,17.73027397
18918,1.4,370194.0,1741.68,1.36868168,16.47591257
18919,0.82,119704.0,586.86,2.922353895,15.28608576
18920,1.32,372215.0,1801.65,-0.232163953,16.31725072
18921,2.23,140907.0,982.28,1.420266655,12.77017144
18922,2.65,381668.0,1892.46,2.870502776,13.80550537
18923,0.59,154141.0,1788.08,1.687170759,16.09205446
18924,1.38,377294.0,2369.74,1.183815432,13.49999909
18925,1.47,150434.0,1850.69,0.883410943,15.52095913
18926,0.67,254190.0,2098.58,1.57532924,15.16190401
18927,0.4,401119.0,1438.94,3.228426314,13.1667334
18928,1.52,143101.0,1910.96,1.790925575,15.49906731
18929,0.85,149972.0,1722.15,1.187223376,15.45899986
18930,1.18,252122.0,2223.27,1.928558223,17.70496975
18931,2.01,151482.0,1817.63,1.081373152,16.46196363
18932,1.43,383286.0,2363.37,1.385966932,14.75639803
18933,0.07,252300.0,2637.47,2.945756929,16.86653194
18934,0.36,364244.0,1447.16,2.131457196,13.81292397
18935,0.15,386122.0,1715.13,3.900187201,12.67996386
18936,2.17,382363.0,2133.4,3.279851363,16.2132811
18937,0.89,393851.0,1881.51,2.182607547,17.51633762
18938,0.18,360297.0,1922.56,1.255013836,15.19450782
18939,2.49,377260.0,947.42,2.785151885,15.04507961
18940,1.06,140298.0,2298.4,1.674323521,13.49348795
18941,0.99,123010.0,1847.94,1.982303175,15.84019922
18942,1.6,133400.0,2214.38,3.46037192,16.93290513
18943,0.8,261073.0,1685.94,2.875053926,13.91977782
18944,0.33,152657.0,1940.79,1.667825638,16.83841556
18945,2.38,148273.0,2862.87,3.874932562,13.91623289
18946,1.0,258741.0,2173.72,1.319139842,14.93639277
18947,1.55,169730.0,2527.14,3.387446897,15.67854522
18948,0.58,154399.0,1338.56,2.623310891,16.33377891
18949,0.99,377458.0,1722.76,2.016125277,15.28018311
18950,3.08,368371.0,2478.17,4.175813234,15.36745687
18951,1.66,362213.0,1722.45,3.517686724,14.91066019
18952,2.79,365631.0,1700.97,1.663702374,12.40044307
18953,1.6,371368.0,1497.95,2.706801139,14.87423922
18954,1.5,350375.0,1718.65,1.941933551,12.57080811
18955,1.32,355100.0,1867.47,2.905923431,13.97745956
18956,0.84,236460.0,2376.87,1.941084887,16.43941287
18957,0.67,146601.0,586.86,1.544045471,13.64527433
18958,2.99,249293.0,1200.37,1.701052004,15.55587918
18959,2.83,114947.0,2187.25,2.659127821,13.60554864
18960,1.09,131555.0,1838.24,1.9478323,16.60612861
18961,1.52,359435.0,959.86,0.646889371,11.2583727
18962,2.56,118646.0,1510.65,2.223212819,15.56595589
18963,0.88,378420.0,1138.17,2.08091573,13.51530042
18964,1.05,389088.0,1849.19,2.282270895,13.98875026
18965,0.63,383605.0,1914.84,1.934203749,14.87894614
18966,0.65,370136.0,894.62,2.821800828,15.80830775
18967,0.0,395237.0,2291.82,4.16200819,13.22170061
18968,0.83,345154.0,1815.88,0.040931097,12.84211571
18969,1.16,157764.0,703.07,2.458017022,16.46083182
18970,1.17,258739.0,1606.01,0.979018335,13.97937895
18971,0.99,127823.0,2185.81,2.110514142,16.49060249
18972,1.18,386340.0,1931.31,1.523305669,14.64351163
18973,0.85,368702.0,1790.16,2.684593321,13.85310265
18974,2.19,254678.0,1777.35,2.468290399,15.99400527
18975,2.44,378547.0,1490.1,1.221137768,12.9894777
18976,1.51,157130.0,875.58,2.115965059,15.84471866
18977,2.3,176865.0,2223.81,4.017430753,16.20644874
18978,1.91,137560.0,1673.61,1.570908458,13.15806344
18979,2.05,356137.0,1766.51,1.339822201,15.26817856
18980,2.21,134923.0,1951.95,1.426632656,13.5386977
18981,1.53,386221.0,1715.81,3.951676504,13.54698741
18982,1.41,369060.0,1408.29,3.652632877,15.07802638
18983,1.42,257522.0,1883.33,1.111499788,14.77507331
18984,2.14,117542.0,1380.33,0.094652187,16.69694737
18985,1.46,365807.0,1950.74,1.955812477,14.95935893
18986,2.02,265668.0,1751.27,1.581925218,14.70184808
18987,1.57,268698.0,894.59,1.84770494,16.25723206
18988,0.78,365024.0,1495.98,0.120262324,14.67648899
18989,1.25,345629.0,2436.54,3.604451923,15.68904895
18990,0.67,378691.0,2418.23,1.617067457,15.34913248
18991,1.48,132727.0,1798.73,3.248983335,14.92028554
18992,1.91,390093.0,1593.84,2.28254211,13.51988924
18993,1.38,252014.0,1298.78,1.634796218,14.49139104
18994,2.47,381428.0,681.97,4.02796212,15.46292472
18995,1.28,135996.0,1909.53,3.372966358,13.65700949
18996,1.09,241032.0,1939.43,4.248552273,15.74701617
18997,2.35,355477.0,1746.59,1.111443825,14.65864162
18998,0.53,135504.0,1911.74,3.559498376,14.35392716
18999,2.62,243637.0,940.75,0.215507888,14.55884923
19000,0.42,379355.0,1421.62,1.583179407,13.53824361
19001,2.56,384971.0,1934.68,1.899924794,15.85190087
19002,1.19,378422.0,1091.93,1.090939747,15.09286387
19003,1.18,369221.0,1841.12,1.908191482,17.31040304
19004,1.08,154374.0,1986.39,2.81435842,14.41045716
19005,1.54,278393.0,1785.62,3.552190625,15.99954921
19006,0.37,159925.0,1355.82,1.725233461,16.49615179
19007,0.99,142457.0,1351.88,3.49803782,13.88439642
19008,1.13,150527.0,1382.85,2.431875918,13.85664396
19009,0.96,148739.0,2400.85,2.233843606,16.29922633
19010,2.59,118497.0,652.67,1.631109311,15.07410768
19011,2.05,376993.0,1570.01,1.227601263,16.09730043
19012,0.84,361284.0,2188.97,2.538341337,15.63320852
19013,2.08,357557.0,1920.39,1.356308521,13.27634457
19014,2.75,398122.0,1605.76,2.263017154,16.88880472
19015,1.29,137521.0,1529.6,0.558417291,13.94466177
19016,1.03,387527.0,2255.36,2.965409604,16.74310197
19017,1.76,350983.0,2311.27,3.211314565,12.33526712
19018,0.28,154158.0,1962.45,2.690078479,17.02665674
19019,2.32,234917.0,1603.28,3.079082907,14.23788992
19020,1.58,154429.0,2012.98,1.407390478,13.55847093
19021,0.59,269920.0,1403.71,3.959389805,15.65965023
19022,1.51,359128.0,781.52,2.875616664,15.47646222
19023,1.47,376216.0,1274.11,0.489002216,16.65792391
19024,0.85,153308.0,930.37,2.244250013,13.94169441
19025,1.05,345265.0,817.01,3.425186398,16.5889099
19026,2.2,128835.0,1991.38,1.745578106,15.94629125
19027,0.98,364062.0,640.98,0.01188384,16.63807756
19028,0.89,350013.0,1916.74,0.768310978,15.68994279
19029,1.64,378554.0,2190.49,1.621001557,15.86388554
19030,0.62,379448.0,726.04,2.402949576,16.73918981
19031,1.47,379414.0,1694.14,2.775624995,15.60117245
19032,0.05,270193.0,1829.63,2.039384963,16.9059511
19033,1.5,134737.0,2959.59,0.89109321,15.43651212
19034,0.51,239768.0,2224.79,2.902476932,15.14135107
19035,1.83,247269.0,1819.33,0.788986771,16.62111396
19036,1.87,380399.0,2374.79,1.612817909,13.51519873
19037,2.97,123251.0,2139.83,2.094469855,16.39875167
19038,1.9,265264.0,1783.15,0.865677923,16.68972632
19039,2.57,271230.0,1654.74,1.176083444,15.42123527
19040,1.72,363814.0,2413.29,1.625293122,14.99413583
19041,1.55,114947.0,1422.56,3.511233093,15.93371078
19042,1.71,358120.0,897.5,2.825500742,15.42233638
19043,1.0,354376.0,1181.34,3.101052099,15.02472436
19044,1.16,350877.0,2348.63,3.573547239,13.65033108
19045,0.17,370361.0,1862.51,1.587999568,15.09602915
19046,2.27,354235.0,1861.85,1.828997589,16.64875088
19047,0.96,148337.0,871.59,1.701676793,12.12635818
19048,1.19,372439.0,912.12,1.909977721,15.83195192
19049,1.08,365562.0,1324.23,3.022550202,12.98010114
19050,1.26,365679.0,735.04,3.149013369,14.46827468
19051,1.88,375668.0,1806.17,3.226003557,15.43141809
19052,0.49,136057.0,1447.49,2.200352856,13.66380667
19053,1.05,255025.0,1049.48,0.983879967,15.97613314
19054,1.83,146335.0,2112.15,3.010321756,13.78168072
19055,2.05,401119.0,752.94,0.792639869,15.30727101
19056,1.58,359017.0,1700.11,2.582532225,16.25816798
19057,2.33,372225.0,988.35,3.396743612,13.29278137
19058,2.03,377681.0,2183.27,1.466841001,14.48759466
19059,1.98,364218.0,1961.94,1.869680406,13.96412819
19060,1.65,380162.0,659.5,3.821692018,14.57293273
19061,1.15,158193.0,1212.55,2.578512743,15.50868142
19062,0.84,149857.0,684.65,1.818033096,15.43443254
19063,1.45,162193.0,1466.79,4.202019101,15.11692336
19064,5.19,122221.0,975.19,1.12917327,15.89619165
19065,0.99,366667.0,1744.78,1.954536815,14.96781812
19066,3.06,388511.0,1970.22,1.290849876,15.8367822
19067,0.79,173521.0,1908.08,4.019690663,12.18547584
19068,1.98,160134.0,1799.92,2.185742075,16.46858761
19069,1.22,370005.0,1323.81,3.980763312,15.27305057
19070,2.07,152474.0,2325.99,4.473776712,15.62424019
19071,1.46,122596.0,701.84,2.709532647,14.40228299
19072,0.3,374422.0,2366.64,1.437514365,14.42623014
19073,2.57,114947.0,1926.57,0.567716088,16.39253539
19074,2.41,354214.0,1682.05,4.422797495,15.5903144
19075,2.51,129693.0,2360.64,1.456353785,13.42067474
19076,0.33,379542.0,1548.2,2.448198139,13.6599379
19077,1.12,146329.0,1995.47,1.434112344,13.72978609
19078,1.62,377817.0,1925.14,1.471465686,16.41972217
19079,0.8,363328.0,2612.88,3.261309422,15.93811531
19080,1.41,157392.0,1839.32,3.448838544,16.73037455
19081,0.96,266793.0,2000.68,3.863738103,14.70859108
19082,2.28,120764.0,1664.32,0.483586316,15.41255111
19083,0.9,370348.0,1298.36,1.232553956,16.99005164
19084,0.96,385853.0,1554.28,2.034963118,15.27719958
19085,2.18,181906.0,1532.74,2.961806339,15.92839687
19086,0.1,392020.0,1665.82,4.482589822,16.23103121
19087,1.12,263961.0,2157.15,2.154226191,13.9843641
19088,1.28,267377.0,1870.47,1.657302071,15.86179442
19089,0.96,252366.0,1835.98,3.93461528,14.15330697
19090,1.7,137076.0,766.74,2.188707134,16.03191172
19091,2.96,383631.0,1833.64,1.506560695,16.50949656
19092,1.2,397822.0,1686.58,4.228227522,17.60323862
19093,1.21,358568.0,1539.33,1.176364272,12.21723523
19094,2.55,374305.0,1454.77,3.110041429,13.81060003
19095,1.73,258317.0,763.92,2.181350133,15.46233923
19096,1.77,129838.0,2170.23,3.524076532,15.82601291
19097,1.53,149796.0,1723.78,3.486678812,15.68282048
19098,1.55,146835.0,1778.24,1.184571555,14.73949209
19099,1.5,146469.0,1876.32,1.497365208,14.04543995
19100,1.53,366536.0,1831.05,1.533860349,13.69242393
19101,1.19,386757.0,1750.95,1.686088279,16.06298203
19102,1.17,374471.0,1936.17,1.393890031,15.81850181
19103,3.3,268795.0,1869.62,3.306011251,15.07769479
19104,1.23,264147.0,1787.61,1.891474671,16.00810195
19105,1.51,357664.0,1788.51,1.838363333,15.69061667
19106,0.98,169132.0,1044.07,1.905407303,14.88558144
19107,1.86,130102.0,1971.22,2.629164117,11.8897993
19108,0.51,375826.0,1476.54,3.14534602,14.1775312
19109,1.42,147791.0,823.57,1.929459021,15.48200338
19110,1.93,365648.0,1024.29,4.756495755,16.74781078
19111,2.69,119315.0,1953.42,-0.326393035,16.54947519
19112,2.0,154833.0,2455.24,1.257418371,16.03186677
19113,2.18,395787.0,1916.63,2.340613418,16.02286204
19114,1.72,263946.0,1864.79,0.537884594,15.3100026
19115,2.18,133816.0,2110.88,3.935653219,16.13628173
19116,1.62,172645.0,1390.03,2.180862275,13.75027347
19117,1.97,147105.0,1822.62,3.719057618,13.50259219
19118,0.51,350849.0,2151.69,4.643625391,13.5268956
19119,6.35,146521.0,2027.66,1.845788885,15.37832949
19120,1.16,147571.0,1429.65,0.170789711,14.96250392
19121,2.85,382897.0,1839.23,1.874263518,14.33993562
19122,2.32,136454.0,964.08,2.045859465,15.02902995
19123,1.38,362156.0,2152.64,1.087542709,14.09116879
19124,1.23,374564.0,2209.15,0.002486694,14.85532527
19125,1.75,143708.0,774.05,3.083700528,15.13710001
19126,0.93,256463.0,1960.91,2.334453349,13.65994502
19127,2.17,378674.0,1260.57,4.681990108,13.44172269
19128,0.41,160514.0,1436.01,2.128347858,14.12683814
19129,1.22,148763.0,2436.1,2.005078534,13.91629909
19130,2.05,389154.0,978.46,2.971001861,16.18702394
19131,0.95,253969.0,1061.77,3.005598849,14.03123749
19132,1.51,268197.0,2443.85,2.948580695,16.67751671
19133,0.85,400322.0,2862.41,4.324460667,15.20188054
19134,1.64,283715.0,2268.16,2.736316255,16.01698833
19135,0.68,362187.0,1823.19,4.628832203,12.61349965
19136,0.13,144245.0,1528.98,1.299489841,14.82461916
19137,1.57,145600.0,1862.29,1.782131764,16.71860533
19138,1.2,152555.0,2679.43,2.305782697,16.77754909
19139,2.18,371223.0,795.0,1.449163584,16.16093063
19140,1.0,147290.0,2247.08,3.618344522,12.22797289
19141,0.81,366010.0,1509.09,2.09777284,13.79313658
19142,2.24,371284.0,1243.5,1.673109383,14.95032417
19143,1.03,181315.0,991.89,1.518302499,16.55134179
19144,1.81,157132.0,2378.83,2.351602295,14.26847538
19145,1.32,243618.0,1900.3,0.20618714,16.08321432
19146,0.34,371641.0,811.21,4.267396041,17.12152573
19147,1.25,174746.0,1872.36,2.791680949,17.1494604
19148,1.65,255537.0,1723.52,1.787310147,14.7213405
19149,0.87,399488.0,1881.75,4.037673787,15.5478103
19150,2.49,247600.0,2975.1,2.912773703,13.70486067
19151,0.86,248214.0,1781.42,1.697673973,13.55574165
19152,1.29,364541.0,1806.79,3.408771941,12.91636123
19153,2.57,375975.0,2375.41,2.95843347,16.00134335
19154,1.55,256934.0,1668.29,2.530330322,15.27589964
19155,1.84,372024.0,2300.68,4.438460942,16.73912403
19156,0.63,129396.0,2422.15,0.087167132,16.63174456
19157,0.75,140170.0,2199.6,1.182372502,12.10081786
19158,1.87,146018.0,1880.08,3.30350565,13.44613433
19159,0.08,368987.0,1793.87,3.473998034,15.70091112
19160,0.66,151329.0,1434.22,2.486673317,15.67197404
19161,1.57,388805.0,2529.91,0.869617186,16.84998822
19162,2.19,163358.0,723.38,2.702368167,14.38441417
19163,1.08,366173.0,797.74,1.992469906,15.64972537
19164,1.88,247590.0,872.23,0.900358589,15.90830462
19165,1.54,353913.0,1100.5,2.14371386,16.53226284
19166,2.42,379605.0,2084.72,4.20793287,16.03588152
19167,2.07,370838.0,958.34,1.601575374,15.97689623
19168,0.72,137162.0,1835.93,2.052155035,13.89004035
19169,2.58,383867.0,1405.51,1.545098759,16.33799368
19170,1.67,157859.0,805.03,0.197207851,17.04671781
19171,0.97,154621.0,2290.92,3.027549055,15.11193033
19172,1.76,354095.0,1132.16,0.682171973,14.75095888
19173,0.92,395211.0,1606.76,2.015849832,16.0670616
19174,1.84,149752.0,2377.91,1.998648818,15.08265546
19175,1.27,370941.0,2048.22,1.09522148,13.95228833
19176,1.33,129729.0,2332.57,1.749118843,15.03871096
19177,3.25,137669.0,1910.76,1.238775903,15.75968744
19178,1.62,359142.0,710.24,1.496590344,16.14776681
19179,1.16,356041.0,1751.76,3.320803657,15.21329939
19180,1.39,123164.0,2394.86,1.957049209,14.94147618
19181,0.25,397690.0,1990.11,2.497816317,15.66700403
19182,2.56,386699.0,1915.8,1.484177404,15.87378311
19183,1.92,356425.0,1322.78,1.374454763,15.67166424
19184,1.27,156609.0,1093.41,4.470445747,16.05295656
19185,0.94,252190.0,2741.97,2.369524663,13.96760782
19186,1.51,401119.0,1917.93,4.05890431,12.89178261
19187,0.26,131211.0,1828.61,-0.011281431,12.8046176
19188,2.27,145063.0,2111.0,3.234760164,14.37207695
19189,1.77,361761.0,1763.8,1.956725615,15.14563517
19190,0.84,170276.0,2596.98,3.532443673,16.56140109
19191,2.33,341821.0,2220.96,1.288869414,15.38653351
19192,1.96,132222.0,1170.42,1.075075381,15.40501918
19193,1.24,243663.0,1043.76,2.048632908,15.83382452
19194,1.87,369907.0,2093.03,3.783683676,16.11397065
19195,1.19,396022.0,1520.44,3.190973375,15.07454187
19196,0.73,373278.0,2486.69,1.976853929,13.60708128
19197,1.62,238298.0,1810.04,1.396890489,15.53907306
19198,0.73,380565.0,2465.08,2.569827189,15.20112879
19199,1.11,364534.0,1263.46,1.655176551,16.53233741
19200,2.51,125861.0,1040.84,1.1009637,15.36334327
19201,1.93,354754.0,1869.03,2.456739031,13.1947899
19202,1.68,372874.0,1905.47,1.270477147,15.454786
19203,2.26,346110.0,2583.17,2.442733953,15.9882445
19204,2.25,378303.0,2576.23,2.429262958,13.69199132
19205,0.5,147560.0,1862.89,3.118601067,14.56204873
19206,1.14,274703.0,1295.45,0.811173027,15.11315723
19207,2.75,137182.0,755.53,3.067309225,16.66180914
19208,1.73,371949.0,1509.19,2.173347498,13.13957894
19209,1.94,135834.0,1691.81,4.111906161,14.02993207
19210,1.89,160541.0,1778.11,2.051565909,15.08686734
19211,1.91,282008.0,1957.65,4.644988602,14.22617532
19212,2.08,344530.0,1398.53,1.553010622,14.03607406
19213,0.93,383853.0,2046.29,1.031307099,15.71328096
19214,1.3,379364.0,2264.88,1.879173458,15.66613335
19215,0.54,378158.0,2253.09,3.71853446,15.61659494
19216,1.53,353939.0,1796.4,1.886862419,14.64921006
19217,1.31,351376.0,759.5,1.734044537,17.03819517
19218,0.61,268620.0,2754.42,1.888523288,15.3596361
19219,2.77,373742.0,1971.51,3.850599045,15.39974393
19220,1.61,376064.0,1448.15,0.066339119,11.81363074
19221,0.71,394656.0,1434.85,1.532653247,15.74398475
19222,2.13,149930.0,2563.45,1.245194595,16.39366267
19223,2.03,357436.0,1947.04,3.876647551,15.83580082
19224,1.69,246352.0,1630.54,1.026820561,15.68896959
19225,1.46,261466.0,1746.25,1.96886453,16.55948144
19226,1.54,364714.0,1184.74,0.912071848,13.14393494
19227,2.04,251678.0,1792.95,1.447501732,13.4219107
19228,1.0,392041.0,1839.08,1.73725972,14.85268026
19229,0.12,365093.0,1838.5,4.814512511,14.29976835
19230,1.11,392825.0,1924.73,1.485182169,11.94658513
19231,1.44,367630.0,2521.05,0.819727497,13.68100225
19232,2.49,134774.0,1541.26,1.821955224,13.98127638
19233,2.07,142159.0,586.86,2.652575876,15.64677531
19234,0.59,268996.0,1780.02,2.756495715,15.8818496
19235,1.8,355393.0,1363.36,1.605554451,17.0791771
19236,1.02,398278.0,1877.9,1.623774496,16.75407802
19237,0.77,256563.0,1953.23,4.534129005,16.53814158
19238,1.52,348235.0,1742.35,1.22327343,13.20685396
19239,0.5,372603.0,1019.74,3.828073303,15.33487336
19240,0.68,177112.0,2100.44,1.858810944,15.53691133
19241,2.08,366509.0,2273.3,3.697321122,13.83087175
19242,0.3,372879.0,2634.21,1.285491517,15.91886952
19243,2.53,142505.0,1224.83,1.248603783,15.94941547
19244,1.45,374074.0,1916.12,1.630299637,14.00908215
19245,1.85,253359.0,2135.18,4.588754844,14.78549951
19246,0.87,389839.0,1611.0,1.381107484,13.77534506
19247,0.69,380132.0,1744.12,3.687946314,16.52170374
19248,2.08,248450.0,2487.74,0.449413458,15.64740343
19249,1.26,366099.0,2309.08,1.999371209,13.68289807
19250,2.4,237804.0,2347.62,2.179676857,15.40849306
19251,1.27,252545.0,2037.97,0.164836694,13.50390641
19252,1.3,365686.0,2051.78,1.82070669,16.2171349
19253,1.43,362557.0,2672.44,1.301984229,15.48823393
19254,1.67,347764.0,1896.21,3.511072103,15.8066203
19255,1.31,374524.0,1831.01,4.655642364,15.42756065
19256,2.57,142054.0,1030.46,0.27286175,16.14066838
19257,1.98,138345.0,726.56,3.518830208,15.28561835
19258,1.77,373714.0,1271.72,2.5075695,15.86115356
19259,1.13,130913.0,1952.62,1.239531135,14.57125261
19260,1.55,155447.0,1980.5,2.12379585,14.08068277
19261,2.3,134784.0,1792.93,1.329072823,14.92035671
19262,2.38,144004.0,1384.92,2.149181949,15.05199941
19263,2.55,346090.0,1951.27,4.93924406,15.98426803
19264,2.07,266626.0,1852.22,3.071041808,13.09015447
19265,2.29,130249.0,2119.62,4.050204691,15.98940047
19266,1.19,348037.0,755.18,1.888860557,13.83396116
19267,2.03,151770.0,994.48,2.660022545,16.19772383
19268,2.35,188838.0,756.99,2.091619782,13.95826428
19269,1.48,134111.0,1564.62,4.350406598,16.1480125
19270,1.6,130912.0,2493.59,1.962546054,14.44077205
19271,0.85,368622.0,2064.37,0.320795528,15.69049961
19272,0.04,366641.0,945.48,2.511442163,16.66545558
19273,1.3,164700.0,2131.43,4.383503452,15.07699225
19274,1.08,153224.0,2314.78,2.436970216,13.40119026
19275,0.99,162438.0,1838.78,3.991563785,15.4982466
19276,1.79,366620.0,1007.85,2.46260943,16.93203739
19277,1.17,379132.0,2581.98,-0.326393035,13.77886364
19278,1.91,377080.0,837.49,1.917635208,15.40375357
19279,0.76,150377.0,2442.8,4.024721506,15.75480645
19280,1.96,374198.0,1948.24,0.828507669,15.60565629
19281,0.92,338716.0,1776.97,1.249015675,14.85564492
19282,2.34,264580.0,1454.88,2.894695588,17.0102191
19283,1.48,132646.0,1219.55,1.997332751,14.04080859
19284,0.58,274092.0,1929.0,0.777621786,15.78946741
19285,2.13,354565.0,1756.94,-0.2508765,14.37757913
19286,0.45,261707.0,871.58,2.24341218,13.66584182
19287,1.72,240310.0,1708.78,0.9584003,15.49876589
19288,0.43,383753.0,1831.7,3.005314947,15.87395382
19289,1.65,356213.0,1748.17,1.543018628,13.15877095
19290,4.17,226246.0,855.53,1.59618225,14.03961765
19291,3.08,136660.0,1713.41,2.427302872,15.10665005
19292,1.08,369714.0,2162.67,1.48708913,15.20449726
19293,2.4,235682.0,1778.06,2.147857953,15.02782673
19294,1.96,385068.0,1483.02,1.583073476,16.53783695
19295,1.98,121501.0,755.86,2.961868452,12.80381975
19296,0.76,378943.0,2245.7,1.424248001,13.52916993
19297,1.8,363576.0,1925.68,1.099689969,15.00526189
19298,0.9,148562.0,1698.48,3.293970592,16.89695218
19299,0.77,399674.0,1846.82,3.063534845,17.19460692
19300,1.53,258046.0,1599.42,2.675994476,14.97244927
19301,2.17,159270.0,1155.17,4.046394144,14.22414955
19302,1.93,352092.0,2321.94,0.74233763,15.44532183
19303,1.75,142396.0,1779.31,4.336655542,14.34596986
19304,2.28,250302.0,1127.31,1.010495993,13.71897092
19305,0.88,391069.0,2418.62,2.15279748,14.90051208
19306,2.16,392372.0,2397.78,2.570138446,15.86793196
19307,2.22,126681.0,1166.33,1.384902336,15.06066954
19308,1.56,271071.0,1921.41,4.039950827,15.25417874
19309,0.73,379973.0,1816.06,3.543938054,15.07499511
19310,1.42,149474.0,2351.38,3.118629339,15.06647018
19311,0.96,263699.0,1492.07,1.252303299,16.84080267
19312,1.06,373914.0,1846.6,0.602401422,15.27383282
19313,0.73,160682.0,1668.24,1.966671918,14.15440468
19314,1.6,257676.0,2279.48,2.077630172,14.97403885
19315,2.2,243478.0,1763.61,0.949635238,13.7405634
19316,0.97,265589.0,1969.23,0.282098807,15.77230633
19317,1.45,356548.0,837.49,1.573017302,16.55243069
19318,1.88,387581.0,2349.37,2.889015669,14.98138323
19319,0.86,380492.0,1314.05,0.004214468,15.57160379
19320,0.96,258262.0,1268.53,2.816898856,14.79538884
19321,1.93,285632.0,1945.29,2.586127523,16.31416594
19322,0.0,390017.0,1865.68,1.945555986,16.53032922
19323,1.05,242618.0,989.47,1.575739546,16.08849929
19324,1.17,376293.0,1812.11,2.20064643,15.7737495
19325,1.69,385815.0,2196.14,4.300858683,16.85024986
19326,2.81,374483.0,1689.18,1.477826276,13.58595118
19327,1.48,352271.0,1299.99,2.085378075,14.59517531
19328,1.71,367059.0,959.03,2.061621581,13.4488821
19329,2.19,368909.0,1826.04,1.073079157,15.29165302
19330,1.46,369333.0,604.18,1.972461756,14.95833215
19331,0.53,398163.0,1434.61,2.116287483,15.36741033
19332,2.19,374603.0,2338.86,4.341768099,15.68774001
19333,3.11,264761.0,1909.45,4.400609053,15.71668276
19334,1.42,163609.0,2735.39,0.53668332,16.37542914
19335,1.71,395305.0,1506.87,2.116875409,11.63564185
19336,1.81,160871.0,2555.66,1.820853677,13.80380035
19337,0.98,345774.0,834.27,0.954565239,14.2751567
19338,0.78,343538.0,2266.33,4.08433704,16.75431742
19339,0.95,372377.0,2441.38,1.740112087,15.83757403
19340,2.81,363832.0,1974.26,0.215046285,15.87234573
19341,2.45,244600.0,1199.24,0.552623181,15.9230089
19342,3.0,133854.0,1877.46,1.844135665,15.52400343
19343,2.67,153885.0,1556.59,1.441196633,15.99100452
19344,1.19,167655.0,907.05,1.801312442,15.5788184
19345,2.35,358077.0,1078.83,2.641361174,12.67311844
19346,1.72,250680.0,2226.11,1.791456289,14.1535566
19347,1.51,356385.0,586.86,3.473598049,16.19983199
19348,1.8,254786.0,1325.52,1.444177683,15.93684391
19349,1.4,251792.0,1936.08,3.256598535,15.86039237
19350,1.86,375142.0,2318.02,2.377174285,15.56798709
19351,0.63,137376.0,2328.79,4.93924406,16.9145997
19352,1.37,254431.0,602.05,4.081022372,13.69699408
19353,1.47,150594.0,775.05,1.988765758,16.08819508
19354,1.58,337808.0,1464.38,2.679044995,14.66241866
19355,1.55,373541.0,1909.36,2.445071158,15.62242467
19356,1.9,363050.0,1775.14,1.315741495,16.79988486
19357,0.85,234511.0,2140.15,3.825777291,15.37480522
19358,1.31,123317.0,779.27,2.363812638,13.81058351
19359,0.86,362514.0,737.46,1.894509433,14.90671486
19360,2.63,137315.0,586.86,2.368863666,15.61719318
19361,2.02,253466.0,1918.42,2.124725854,15.64367377
19362,1.75,344771.0,1262.76,1.733668717,16.26415651
19363,1.94,235611.0,1644.89,1.226215828,13.93976583
19364,1.54,251419.0,932.94,-0.095663723,15.68793969
19365,0.93,380023.0,2369.18,1.385310433,15.49256336
19366,1.41,376635.0,760.9,2.824868062,15.3574628
19367,2.16,261509.0,2267.54,1.336343843,13.01892246
19368,1.63,252291.0,1748.27,1.491296338,15.48913279
19369,0.76,185005.0,1538.15,1.081060258,16.062307
19370,0.42,365418.0,882.57,1.797443214,16.1634472
19371,1.77,285736.0,1776.46,1.668632133,14.21146958
19372,0.6,373111.0,1218.44,2.34653242,14.94170854
19373,1.67,372531.0,2374.9,1.213740009,15.15508825
19374,2.37,261841.0,2885.65,1.373010239,15.14356159
19375,1.62,131748.0,2390.24,1.424120428,15.89981878
19376,0.76,168250.0,2250.01,3.79288746,15.77109221
19377,1.07,255656.0,2015.63,3.725614513,15.7616677
19378,2.01,138602.0,1773.61,1.838164343,13.62202243
19379,1.91,355415.0,2105.39,2.884438774,13.40827286
19380,2.43,351732.0,1011.28,2.367403821,16.08551702
19381,1.86,140796.0,662.76,4.761066669,14.19184171
19382,0.91,164881.0,1095.32,1.759911743,15.88092493
19383,1.89,376894.0,1544.08,4.30415247,14.42623818
19384,2.01,130439.0,2253.38,1.917559856,16.08144145
19385,1.96,120451.0,1511.65,4.57580103,13.0303031
19386,0.49,227270.0,938.24,2.174236425,14.32449527
19387,1.36,375757.0,1289.02,2.900145638,13.45281373
19388,1.7,366657.0,2281.49,3.987646915,16.42573409
19389,1.29,265179.0,1884.0,4.026563204,17.16529318
19390,1.71,176317.0,1843.58,2.041507344,15.87412183
19391,1.45,246214.0,2160.32,2.248468556,16.44014014
19392,2.0,383210.0,1968.36,4.406963118,16.47618804
19393,2.36,272670.0,1297.1,1.613525405,14.49773604
19394,1.0,357152.0,991.6,3.483803353,15.37079793
19395,1.32,143708.0,1399.51,1.356958017,15.01025984
19396,1.35,272915.0,1465.29,3.838386797,15.3271862
19397,0.08,387928.0,2275.5,2.086284034,15.10998956
19398,1.5,343596.0,2005.9,1.402438393,14.64044403
19399,0.33,156196.0,1937.21,2.251583126,14.36091754
19400,1.86,379633.0,1256.73,2.17169628,16.21643012
19401,2.15,163135.0,1931.38,3.245993124,15.4513143
19402,4.42,137302.0,2447.28,1.102658811,15.33552566
19403,1.68,246361.0,1537.02,2.161808809,14.30498941
19404,1.64,250885.0,1439.92,0.636989537,12.22362631
19405,2.41,385266.0,964.83,2.30003607,15.33876625
19406,0.82,349528.0,1232.57,1.799613824,16.46112777
19407,1.9,351179.0,1699.37,2.929005135,15.89961258
19408,1.21,363286.0,969.07,1.474566644,13.91530537
19409,1.59,370825.0,862.21,1.74967626,13.06953406
19410,0.0,269219.0,1846.07,1.654500254,16.66822988
19411,1.42,155337.0,1074.19,2.333387813,15.83898969
19412,0.93,128525.0,1937.06,2.094428978,13.60118758
19413,2.2,381675.0,1013.69,0.941124886,13.50281154
19414,1.45,142579.0,1866.11,1.721568025,12.12602805
19415,1.32,372348.0,586.86,3.44242154,14.78285854
19416,2.7,391750.0,1863.45,1.428068825,15.74672779
19417,0.76,362765.0,1563.73,4.783333301,15.36705633
19418,1.32,362193.0,1687.1,4.93924406,16.19233172
19419,1.65,216074.0,955.21,1.892622156,15.22135097
19420,1.4,382522.0,1521.61,1.367824156,15.10773885
19421,1.42,376927.0,1544.08,3.960806552,12.37170012
19422,1.41,355201.0,1128.78,4.14347325,16.58173334
19423,1.59,171125.0,670.75,4.292850365,15.57080664
19424,0.9,249392.0,1031.33,2.611953064,15.74910286
19425,1.39,359032.0,1973.38,2.24105214,16.60475159
19426,1.8,370743.0,1969.02,3.27312607,15.46607672
19427,2.31,355059.0,1811.28,2.020714011,16.15038054
19428,1.23,358370.0,2180.17,1.448873731,13.99930442
19429,5.3,263566.0,903.27,1.272287383,16.12122281
19430,2.23,126211.0,848.28,1.170213796,14.91303921
19431,1.13,367324.0,2154.2,2.919044389,14.13686667
19432,1.53,380595.0,2022.16,2.356824717,15.33654011
19433,0.45,138812.0,1731.63,1.258927686,15.99941625
19434,2.03,382339.0,813.74,1.089947259,15.55097072
19435,2.8,379574.0,1122.02,3.692466946,16.29732355
19436,1.29,397378.0,1551.0,3.119773881,15.8182342
19437,1.41,361805.0,2221.79,3.54838112,14.83802721
19438,0.18,358642.0,1486.8,1.639680294,13.33912378
19439,2.13,387892.0,1965.16,2.016640522,15.039911
19440,1.16,144473.0,711.72,4.116524712,15.69562765
19441,1.62,265852.0,1554.36,2.960041576,15.87338949
19442,1.12,369372.0,2295.31,2.369420973,15.68031956
19443,1.59,161966.0,1780.19,2.271902532,14.99921906
19444,0.33,371005.0,1288.6,1.031807208,13.05190558
19445,0.79,349459.0,1756.93,1.950462747,14.72390275
19446,1.24,261059.0,2084.24,1.348055672,16.00289653
19447,0.71,354230.0,801.78,2.294168751,15.68797457
19448,1.75,362768.0,1367.59,0.411907198,14.17482991
19449,2.72,251006.0,2106.8,1.817038235,12.58942201
19450,1.21,345362.0,1837.44,2.781011037,13.7577649
19451,1.55,264988.0,1764.82,2.366699731,14.22751704
19452,1.19,382093.0,1965.61,1.757001551,15.83135668
19453,0.99,368743.0,2399.62,1.889995222,15.71587072
19454,1.86,264930.0,1625.21,1.37576015,16.67913505
19455,0.63,145429.0,1617.71,2.094387207,17.05937895
19456,1.97,274232.0,1909.37,1.673140694,16.26207011
19457,1.06,261730.0,1415.38,1.513027306,13.82930092
19458,1.02,270650.0,889.47,3.119096305,14.38246971
19459,1.38,267933.0,1488.4,1.174073082,16.89170607
19460,0.96,148888.0,1290.73,0.671591733,16.313824
19461,1.28,384875.0,2383.21,1.396163293,15.264876
19462,1.5,355057.0,1480.02,2.768330164,15.67512621
19463,2.27,260003.0,2155.08,2.86195355,17.49339582
19464,2.61,124429.0,2285.16,0.815555385,16.20013152
19465,0.87,269602.0,1115.34,0.448207901,16.2136413
19466,1.24,269978.0,1840.9,0.704480937,15.78708372
19467,1.38,335732.0,1078.62,1.787256736,15.46379025
19468,1.22,374843.0,1541.66,1.213404736,15.17189804
19469,2.71,396040.0,994.82,2.145299638,15.48374551
19470,1.72,374447.0,1744.2,1.549271081,15.70727769
19471,0.83,367213.0,2638.87,0.337023661,15.33113884
19472,0.49,380207.0,780.22,1.751147317,15.01601401
19473,1.94,342178.0,1681.27,1.058965786,15.11918358
19474,2.17,262412.0,2088.59,2.199836355,15.82895768
19475,3.44,370386.0,2115.51,3.618398628,15.52962157
19476,1.68,265028.0,1313.51,0.660647667,13.60500801
19477,0.93,143672.0,1973.42,2.282337385,16.27850613
19478,2.69,378456.0,2412.07,2.647470636,15.21583709
19479,2.83,392829.0,830.41,3.566651659,12.86825692
19480,1.43,356739.0,1853.71,3.780637554,15.32246307
19481,3.29,360702.0,2388.04,1.190250422,11.57088622
19482,1.34,154933.0,1468.42,2.447093623,15.4594103
19483,1.11,343615.0,2507.63,2.419453419,13.34231466
19484,2.53,236629.0,1822.85,1.048544607,16.16646428
19485,2.53,362058.0,2669.43,0.017028777,16.1516935
19486,2.25,346881.0,2112.69,3.059452732,13.24803941
19487,1.69,133457.0,1939.54,1.353963053,14.27928326
19488,1.56,154237.0,1018.84,1.347775347,16.32998256
19489,1.28,367139.0,1856.22,1.779784825,14.62633235
19490,1.07,381291.0,1329.47,1.794147209,15.86045441
19491,2.52,155333.0,2019.86,1.481892742,15.7009557
19492,1.16,355033.0,1098.27,3.358803002,15.82012558
19493,1.96,358132.0,1247.55,3.287342624,15.86186146
19494,0.59,167856.0,2215.6,1.17668194,14.42767649
19495,1.77,121461.0,1513.19,1.141881702,15.80534515
19496,0.26,355178.0,1583.07,0.690734818,17.20969148
19497,1.0,347803.0,1631.75,3.505518193,16.0603466
19498,1.5,358082.0,2443.36,1.223403006,16.69488891
19499,1.74,150094.0,2650.72,1.012697114,15.44419675
19500,2.04,148058.0,2474.42,2.0482625,14.76412602
19501,0.76,354356.0,2139.88,1.544448123,14.83824892
19502,1.93,273457.0,2033.46,-0.053149586,14.20692635
19503,1.2,382763.0,1372.16,2.379373515,16.47495801
19504,0.56,371044.0,1539.64,1.368803683,12.46579761
19505,1.48,392516.0,1939.85,0.062270321,16.97508632
19506,0.55,339476.0,2375.93,2.715588838,15.76298724
19507,1.08,129607.0,1814.34,1.903853549,13.13354846
19508,1.91,351700.0,1837.12,1.114379839,13.19803951
19509,1.64,352525.0,1343.58,1.341131562,15.09624597
19510,2.88,376503.0,2015.21,2.107627263,15.81934935
19511,2.71,343082.0,2038.6,1.534534729,15.31969816
19512,0.65,396713.0,2465.54,1.623118228,16.41561744
19513,1.91,258563.0,2121.45,3.445279278,17.06234746
19514,2.02,258661.0,1776.59,3.374974076,16.3026542
19515,2.53,365252.0,1535.25,0.98704124,15.93146554
19516,1.21,160204.0,2670.86,4.602894967,13.40009157
19517,0.08,377401.0,1471.94,3.579625711,14.11164404
19518,2.08,372036.0,792.23,1.742994998,15.89659912
19519,1.73,128756.0,2228.2,0.101375457,13.79236513
19520,0.91,260843.0,1123.31,1.426181258,16.5051629
19521,1.38,390235.0,1263.07,1.530726641,16.32899067
19522,2.08,127271.0,607.37,4.140778726,16.16980828
19523,1.48,356286.0,914.84,2.045511405,15.69971532
19524,0.92,379584.0,992.98,-0.098247473,14.727011
19525,1.15,369997.0,1086.2,2.485369402,11.7011452
19526,2.51,341309.0,897.41,4.524370649,16.54204977
19527,1.52,162904.0,2365.01,1.349974732,15.6278734
19528,1.21,274331.0,1860.78,2.67200792,16.58991734
19529,1.16,354529.0,2542.98,3.201996166,15.66922285
19530,2.37,353066.0,1759.62,2.349899804,16.10977651
19531,0.9,388025.0,2221.94,-0.326393035,16.44555421
19532,2.01,254696.0,1818.05,1.852311377,16.00584357
19533,2.01,144075.0,1435.44,3.761205629,14.96102992
19534,0.54,370956.0,1453.51,0.800211245,14.36251516
19535,0.79,255668.0,1459.34,2.696234295,14.56960681
19536,1.78,143759.0,1120.92,3.968038221,16.41808315
19537,1.85,260149.0,1906.96,1.213058446,13.17249135
19538,2.52,389832.0,1886.88,1.757740334,14.71300036
19539,0.32,400312.0,2355.58,4.47155683,14.99077969
19540,1.6,145671.0,932.57,1.0583574,16.35759763
19541,0.7,254283.0,2299.15,1.785678553,15.97748411
19542,0.77,267961.0,1938.52,1.363114378,15.03960957
19543,1.62,366957.0,1486.15,1.337068096,16.50096918
19544,1.78,132463.0,1743.71,1.073240432,14.50140579
19545,2.56,133401.0,1436.29,2.184975125,15.55840977
19546,1.71,344050.0,1040.02,1.358802846,17.27525619
19547,0.64,380537.0,737.83,0.944983122,15.54857577
19548,1.17,248614.0,1544.09,1.417791564,13.67833801
19549,1.98,364199.0,1890.41,3.000652625,17.3067386
19550,1.49,156712.0,2545.85,1.476940537,17.73027397
19551,2.16,368737.0,1915.38,1.218854337,16.15891377
19552,0.94,256258.0,1811.07,2.140016122,16.29624862
19553,1.9,383593.0,3007.54,0.65855867,14.65078611
19554,1.58,262280.0,1939.97,1.818876243,15.67204632
19555,1.59,369936.0,1993.2,-0.326393035,15.94630749
19556,1.24,362974.0,2078.88,4.47104589,12.85522631
19557,0.78,376041.0,1873.62,2.968001477,13.85789958
19558,0.79,355093.0,2430.59,1.213194871,15.90562642
19559,2.0,140351.0,1978.79,3.874724401,16.33236702
19560,1.08,119164.0,1841.5,2.893388094,15.57604008
19561,1.8,352598.0,1919.13,3.433838682,15.2462489
19562,1.41,276599.0,1649.29,3.010963516,16.20284072
19563,1.52,372984.0,1013.78,2.980302332,15.78849198
19564,2.27,374458.0,1581.6,2.448008549,14.73623064
19565,1.47,161489.0,839.61,1.635480154,16.71241324
19566,1.66,246129.0,1158.72,1.887399959,14.12862407
19567,2.06,157444.0,1155.86,2.695739331,17.73027397
19568,0.98,170034.0,2185.34,2.077965518,15.00532331
19569,2.04,151670.0,1805.4,2.120410187,14.5221736
19570,0.83,360753.0,1291.47,1.34620734,13.61673617
19571,0.0,147584.0,1825.32,3.169897349,15.80707459
19572,1.1,265394.0,1135.38,4.416356533,17.73027397
19573,1.8,376467.0,1407.68,2.515373665,15.31628372
19574,1.19,386182.0,2749.48,0.949887493,14.86288492
19575,1.41,365766.0,654.51,3.694221076,15.39297872
19576,1.57,396197.0,1519.92,1.696549662,15.55624294
19577,2.12,146218.0,792.92,1.763040197,15.21932063
19578,0.28,378104.0,1516.66,1.12354794,15.08566725
19579,1.36,141730.0,1933.42,1.329007596,16.35572311
19580,1.13,346550.0,1701.34,1.344047912,15.15575355
19581,1.43,347037.0,1919.52,1.725706135,15.40696999
19582,2.45,144958.0,2176.66,2.6854317,15.56888438
19583,1.28,358352.0,2214.11,1.574143558,12.76669376
19584,1.13,147439.0,2060.9,0.915852652,13.40479061
19585,1.41,360275.0,2342.93,1.659768927,15.9791784
19586,1.73,367430.0,1875.64,2.006799089,15.74206613
19587,1.75,170205.0,1772.9,2.957281583,13.73841393
19588,2.25,381032.0,1862.45,3.127172195,12.43567395
19589,1.02,378869.0,1555.49,1.273986719,15.7901034
19590,1.71,372370.0,2612.9,3.597949321,15.34163969
19591,2.32,163143.0,1063.32,2.131195233,16.25234549
19592,1.12,362617.0,2262.14,1.797010916,16.73910329
19593,1.75,366668.0,1949.76,2.739834226,12.83831994
19594,1.74,400735.0,1455.39,2.564385803,15.06019337
19595,0.9,157051.0,2097.02,3.706361267,12.65259467
19596,2.0,361595.0,1516.69,1.269115809,17.52685877
19597,2.16,154400.0,1871.18,1.852421314,13.79793463
19598,1.14,169662.0,1728.26,3.661242497,16.92896234
19599,2.02,358512.0,2269.02,1.900129711,14.15150597
19600,2.05,344091.0,1714.35,2.298734711,15.68400851
19601,2.45,369911.0,642.01,1.097273588,15.00455142
19602,2.25,163026.0,1289.06,3.428417549,15.19667155
19603,1.8,131178.0,1807.65,2.803366971,13.79474019
19604,2.39,137459.0,1587.31,1.346185056,15.97490604
19605,1.6,386643.0,1462.29,1.85190817,15.432692
19606,1.2,369666.0,1811.88,3.4030701,14.20455746
19607,2.33,150211.0,1760.85,1.824537136,15.26878278
19608,1.12,379369.0,711.56,3.705834476,14.09070549
19609,1.7,373518.0,978.67,4.453940782,16.31054342
19610,2.54,180223.0,1006.75,1.232142002,14.49274315
19611,2.26,357804.0,1920.79,1.616118096,13.79944243
19612,0.34,384130.0,1279.68,2.476203949,16.42016931
19613,1.96,398738.0,2062.38,1.469092487,16.84044467
19614,2.14,388013.0,1608.47,1.677521083,16.07720913
19615,1.68,143102.0,1960.41,1.560791609,14.2835396
19616,0.49,273381.0,919.68,2.425067419,16.55788926
19617,1.4,357058.0,2719.92,1.089676963,15.43201809
19618,1.17,155726.0,1966.55,2.227569578,16.1027498
19619,1.38,373595.0,2443.66,2.209299541,14.50519133
19620,1.77,231925.0,1838.13,1.360852603,13.52717794
19621,2.45,258951.0,1450.0,1.268347868,15.40898217
19622,1.68,353478.0,2452.81,0.490737864,15.85946811
19623,1.59,393895.0,2147.52,2.89596026,15.89080045
19624,1.96,387082.0,655.37,1.450410214,13.33715625
19625,0.44,169001.0,2402.08,2.803585831,14.83779174
19626,0.74,365702.0,1525.28,3.423069774,15.59267302
19627,1.57,382208.0,2285.55,1.240932154,16.15844618
19628,0.93,158957.0,1983.57,3.348596255,15.22479734
19629,0.02,379834.0,1649.39,4.879848285,15.72735593
19630,1.96,379704.0,1548.94,3.654364045,15.89384103
19631,1.77,366147.0,1850.73,1.688106055,15.1399159
19632,2.01,372274.0,898.72,1.704817096,14.90840377
19633,1.15,364418.0,1902.81,1.751493151,14.18918458
19634,1.41,249295.0,1856.8,0.971626262,15.19079829
19635,2.65,382926.0,1113.81,1.95540566,16.12311438
19636,1.43,142991.0,1002.35,1.643874787,13.34451019
19637,1.47,377180.0,1713.17,2.0955054,16.34026755
19638,1.82,270386.0,1919.68,4.93924406,16.69205676
19639,0.99,149167.0,1505.06,2.593326595,17.08749852
19640,0.61,373354.0,2373.39,1.110621669,13.84698789
19641,0.41,254329.0,2061.81,1.136638236,16.12010215
19642,2.32,373527.0,2506.87,2.403369342,15.42689413
19643,0.43,378178.0,2250.52,2.277101119,11.71354427
19644,1.06,368988.0,2319.07,0.88132098,14.4928491
19645,2.43,390803.0,1698.87,3.39582696,16.0538476
19646,0.78,116234.0,2367.68,0.694288233,15.04642271
19647,1.13,369664.0,1559.33,4.274039177,16.9656153
19648,2.06,361774.0,1767.08,1.914559067,15.89542146
19649,2.44,354832.0,774.22,3.253338907,15.21285229
19650,1.49,354166.0,2039.11,1.587523132,14.89958199
19651,0.9,385508.0,1243.27,2.30448073,16.78998567
19652,2.65,373639.0,1021.85,4.268745713,15.61893381
19653,1.45,397725.0,1145.69,1.945095116,13.90513922
19654,2.01,400406.0,1957.99,2.025007884,11.91354791
19655,1.73,249266.0,1901.12,1.690933632,12.94326361
19656,1.4,359950.0,796.65,2.942791128,13.00347902
19657,1.78,240884.0,1727.45,0.498349187,13.20399131
19658,2.86,141081.0,2063.67,2.566943352,16.64714039
19659,1.52,258928.0,939.24,1.548159911,15.43234841
19660,1.25,353530.0,2410.68,3.088027757,14.77365875
19661,0.26,361459.0,2513.57,1.086018428,14.93971878
19662,2.03,237993.0,1366.6,0.632196056,13.87734684
19663,1.38,126239.0,1342.46,4.490234429,15.87594346
19664,1.69,252035.0,1745.85,1.809392705,14.66397474
19665,1.46,244370.0,787.52,2.461802404,14.56300587
19666,1.77,372173.0,2455.23,4.305926189,16.42750223
19667,1.4,387299.0,2576.58,2.153993904,15.73760289
19668,2.13,163505.0,2224.27,1.792601574,16.38510413
19669,1.19,152643.0,1782.43,1.541988618,13.13519551
19670,1.88,378127.0,876.64,1.899612428,14.27010855
19671,1.12,393911.0,874.6,2.210435248,15.41795345
19672,0.77,363460.0,2615.4,2.72744194,16.57146236
19673,1.6,378844.0,1940.51,1.607058124,17.04002427
19674,0.05,276981.0,1712.12,2.011371177,17.49232338
19675,1.44,128019.0,2869.62,3.650539855,15.86516862
19676,5.39,365185.0,2283.5,1.496075448,15.97236372
19677,2.04,357601.0,2440.64,1.438544565,15.7659592
19678,1.39,161342.0,1966.61,1.364539214,11.34086413
19679,0.78,252126.0,1656.63,2.187922286,16.36013646
19680,1.58,146526.0,1250.35,3.667660263,14.0193664
19681,0.71,369630.0,730.63,2.614638186,14.76845029
19682,1.56,360214.0,1758.76,2.621773632,13.25630915
19683,1.3,152490.0,915.37,1.198546016,15.60126416
19684,2.51,130940.0,1805.15,0.876913248,13.8263875
19685,2.81,258861.0,2238.98,3.40572846,15.21694027
19686,1.38,269767.0,1918.96,3.952390071,13.49113069
19687,1.46,253904.0,1461.64,2.738618825,17.22064779
19688,1.55,376809.0,1394.74,1.855121162,15.53394691
19689,1.4,275491.0,1778.37,3.757411223,15.69356271
19690,1.07,364498.0,2245.52,1.484211008,14.39851773
19691,1.53,167489.0,2401.66,2.290945634,15.41193328
19692,2.48,141798.0,1720.95,2.12185453,14.91556472
19693,1.19,150691.0,1822.56,0.933366798,16.11124369
19694,1.0,401119.0,895.58,2.867534963,15.30799812
19695,2.47,380009.0,2218.75,2.903119104,16.15532436
19696,2.09,356261.0,1148.81,3.254928378,15.2521672
19697,0.84,277543.0,879.05,1.77321981,14.9477061
19698,2.71,114947.0,741.51,4.13107923,15.59651053
19699,1.14,380374.0,2688.14,1.238844635,16.21767831
19700,0.95,380541.0,1188.75,3.312160287,15.34652938
19701,1.6,250368.0,1832.02,0.195115328,16.16027808
19702,1.32,346007.0,1330.66,4.053820503,15.7158159
19703,1.57,361653.0,1358.29,2.420926621,14.2157271
19704,1.9,252203.0,1874.18,0.427859036,15.14556572
19705,1.01,397598.0,1631.63,2.261578032,16.14114864
19706,1.05,377987.0,793.82,2.070691978,13.07133015
19707,1.43,396473.0,960.19,2.913851592,14.90358729
19708,0.59,337524.0,1869.68,1.914152237,15.55396682
19709,0.36,387701.0,2223.09,2.010545085,15.2899236
19710,0.06,351124.0,2099.87,1.696628347,15.70382847
19711,1.87,353096.0,2058.34,1.832413451,14.70414771
19712,1.27,263952.0,754.29,2.535863975,15.63837883
19713,1.03,351067.0,2169.96,4.318569997,16.05080622
19714,1.2,361728.0,2207.53,2.844158842,17.03412346
19715,0.18,255458.0,1912.82,2.693044863,13.09786502
19716,1.0,380216.0,1929.89,0.338767152,13.70463885
19717,1.67,377305.0,2580.91,1.402373065,14.37111952
19718,1.93,239109.0,2376.29,1.842335266,15.9848103
19719,1.29,364591.0,1083.25,2.755887486,16.84584111
19720,2.28,385768.0,2582.89,2.615501137,16.08360032
19721,2.18,172488.0,1759.57,3.660635064,16.19338246
19722,1.66,363346.0,2389.58,1.468252585,16.70207884
19723,1.3,374531.0,1314.72,1.905696064,13.57866574
19724,1.4,156470.0,1685.73,1.902468381,15.62165861
19725,0.07,386399.0,2254.21,1.764329827,14.53518518
19726,0.98,255230.0,821.08,1.798317588,16.11191559
19727,1.7,278923.0,1891.86,2.203429838,15.77675965
19728,1.67,266015.0,1851.07,2.250820427,15.37889035
19729,0.85,372281.0,2436.11,4.204788427,16.25007256
19730,1.92,249117.0,640.32,1.348196065,13.51472147
19731,2.34,137433.0,1802.48,0.807502681,16.59266074
19732,1.95,370688.0,1983.55,4.639032431,14.67515168
19733,0.67,256058.0,1337.71,3.601332594,14.12390952
19734,0.9,381837.0,2221.9,2.715045426,15.6728548
19735,0.67,263466.0,1912.96,1.171951692,15.74288835
19736,0.62,161949.0,1925.33,2.091807852,15.56031513
19737,2.47,368017.0,2255.44,2.045253273,16.23600579
19738,2.17,263026.0,946.36,1.47642488,16.68434887
19739,1.94,366428.0,674.73,3.026522915,13.78486341
19740,1.58,157982.0,2302.27,4.450849803,13.90082133
19741,0.0,386969.0,1549.86,4.65011965,15.78073084
19742,1.12,367144.0,2158.61,1.743895609,16.01381244
19743,0.56,160584.0,2324.25,1.839761982,15.09218153
19744,1.02,127103.0,1816.86,4.564877283,15.47424334
19745,0.97,381793.0,1050.65,1.738260095,16.03959917
19746,2.19,345321.0,1756.75,2.53435711,16.05911588
19747,1.44,258547.0,1189.67,1.150229147,15.50173937
19748,0.96,148138.0,2181.44,1.325708055,15.38969913
19749,1.67,363383.0,2069.94,4.054698579,15.23294879
19750,2.88,262756.0,1970.21,4.37392017,14.12553325
19751,0.78,370689.0,791.93,1.709708511,15.83045338
19752,1.51,378026.0,2354.42,2.511420626,17.43308645
19753,1.81,356358.0,1844.84,1.230621131,15.57953219
19754,1.2,160621.0,1153.99,1.357622819,15.96143456
19755,0.27,275110.0,954.63,4.467482508,13.70006659
19756,1.43,243823.0,1206.86,-0.326393035,16.83963172
19757,1.91,342204.0,1592.86,4.092609596,13.64385056
19758,1.46,374172.0,989.35,2.289846299,14.8168756
19759,1.31,361008.0,2173.39,3.495084812,16.50079015
19760,1.75,374847.0,1802.26,2.25369708,14.60824146
19761,2.41,114947.0,1759.07,3.822490934,13.31697653
19762,2.35,265584.0,1922.02,2.992966177,13.80537938
19763,0.9,156197.0,880.71,2.797424338,13.22579729
19764,1.68,129393.0,842.83,3.326035677,15.72701073
19765,1.91,133716.0,1861.83,4.157447622,17.33944066
19766,1.48,150407.0,2009.89,3.04880771,15.36664649
19767,3.39,143209.0,915.93,4.250973784,13.62620742
19768,1.26,130998.0,1979.77,1.734162643,11.61107812
19769,0.45,377500.0,2186.44,2.607883961,15.77006453
19770,1.11,390882.0,2581.34,0.491466821,14.67416127
19771,0.4,377869.0,2682.58,2.108404537,14.14736993
19772,1.58,146170.0,1792.88,1.346911688,13.2646506
19773,1.26,265345.0,2194.18,3.337066508,15.55165967
19774,2.1,256633.0,663.45,2.105728801,15.4189019
19775,0.64,374452.0,1328.25,1.662487651,13.80132189
19776,1.92,130271.0,1861.08,3.227559347,14.87532162
19777,1.99,267804.0,884.42,1.900832584,13.56270271
19778,0.56,369209.0,1901.1,1.479163039,16.87605624
19779,0.86,261786.0,922.61,1.922064187,16.14961937
19780,0.57,142985.0,2420.23,2.101846508,15.70927356
19781,0.73,370551.0,2279.9,2.109869105,13.74778661
19782,0.87,114947.0,2310.43,1.77706472,14.85076095
19783,0.83,261894.0,1448.6,1.664109008,14.16560434
19784,2.44,268663.0,1815.01,1.484228698,13.98061122
19785,2.35,374843.0,2285.15,1.75491661,15.40113803
19786,1.71,365877.0,2381.48,1.274031914,13.71630568
19787,1.14,135809.0,1125.52,-0.301702907,15.65630386
19788,2.59,237921.0,1699.35,1.721322005,16.10864447
19789,1.68,133241.0,1685.62,0.952251279,15.76819513
19790,1.36,378936.0,1942.2,1.81834097,12.69522862
19791,1.46,378220.0,1454.44,1.511554667,16.41366492
19792,0.97,359273.0,2577.61,3.595492783,16.31564951
19793,1.05,279724.0,2096.72,1.378147495,15.27574919
19794,2.24,126437.0,2268.46,1.452530362,15.3521196
19795,1.37,386061.0,2344.09,1.993749236,15.51298135
19796,1.42,401119.0,1892.49,2.446469129,15.66034137
19797,0.9,377573.0,957.3,1.65155236,16.15545767
19798,1.89,274714.0,2451.94,2.466527599,15.80723304
19799,1.17,121245.0,685.91,3.401753356,15.19278503
19800,1.48,368192.0,1810.69,1.660364948,17.25847127
19801,1.72,376817.0,2979.58,1.127951019,15.44547377
19802,1.68,347360.0,780.12,1.891710377,15.4188133
19803,2.48,371104.0,1040.47,2.548391375,17.28660721
19804,1.91,386681.0,1713.28,1.238731271,17.31441108
19805,1.67,237764.0,2126.88,1.417229174,13.74836163
19806,1.67,256096.0,1501.29,1.136824213,14.74872613
19807,1.83,263537.0,1545.81,1.521948647,15.56161566
19808,1.43,354565.0,986.71,2.004268803,15.3740981
19809,0.7,373929.0,1405.83,2.85250879,16.53658484
19810,1.93,117510.0,1931.45,1.406174333,15.35234365
19811,1.01,376289.0,949.92,2.723496586,15.87725148
19812,1.61,149039.0,1923.38,1.959473478,16.10180751
19813,1.62,349731.0,837.49,1.724594559,14.84419594
19814,1.2,398895.0,2570.61,2.658424867,16.14445655
19815,1.51,157580.0,1940.58,1.400068885,14.94496236
19816,2.75,141242.0,1056.03,3.018544054,14.49591273
19817,2.49,364086.0,911.72,1.849564308,15.75681496
19818,1.38,142225.0,2180.61,2.003651526,13.78917926
19819,1.65,361034.0,669.39,1.149531976,16.32476307
19820,2.49,262373.0,1808.74,2.475439042,16.12471743
19821,1.91,147985.0,1345.2,2.089422426,14.11034718
19822,1.88,367431.0,833.84,1.534281396,14.1741246
19823,1.62,384716.0,753.27,1.883658465,15.53631673
19824,1.84,352508.0,1796.26,1.424389785,13.438029
19825,0.96,249340.0,2458.59,1.838968179,14.72968591
19826,1.14,348110.0,2382.7,1.930638749,16.40079318
19827,0.65,278003.0,1876.68,2.656774841,16.87991198
19828,1.92,262345.0,1944.47,2.902526872,14.02503941
19829,1.71,114947.0,1518.54,0.091167397,12.23195433
19830,1.7,368486.0,1453.91,1.808659461,14.54498552
19831,2.79,365837.0,2741.42,4.363514039,13.93244304
19832,1.18,345462.0,2184.21,3.866529024,15.72660817
19833,1.82,264676.0,1595.7,0.857789503,14.2902201
19834,1.34,376602.0,2200.54,1.497239043,16.16841087
19835,1.81,369454.0,2014.58,1.200878503,14.62487016
19836,1.51,123661.0,2143.79,1.791411759,13.28964322
19837,1.35,354886.0,1081.08,3.091792541,15.05877226
19838,1.51,381962.0,1838.09,3.84215812,16.05526273
19839,1.55,376257.0,1566.76,3.602693465,15.64408988
19840,1.95,148068.0,1320.83,4.722050506,17.61035114
19841,1.78,252095.0,1709.49,1.715477865,16.02248635
19842,1.32,257878.0,1282.89,2.513714705,15.4861003
19843,1.28,353867.0,1615.83,0.28764892,17.31264471
19844,1.61,136000.0,1916.8,1.678046402,15.63509298
19845,1.81,149272.0,2409.66,3.829875764,15.14881237
19846,0.93,351049.0,1727.37,1.456407494,16.25123486
19847,1.72,379810.0,1406.42,1.84251811,15.79640854
19848,1.89,267440.0,1964.74,0.748914355,15.71770879
19849,0.88,370610.0,850.9,4.87431025,13.81068059
19850,2.26,263144.0,1713.32,1.480347771,14.00977658
19851,1.33,279903.0,1728.19,2.735980867,16.05396973
19852,0.63,236579.0,2001.57,3.421066005,17.01639168
19853,1.86,132428.0,718.23,0.45684183,14.27765971
19854,1.62,354286.0,1287.88,0.56769485,12.22937526
19855,1.82,366629.0,1905.45,1.676674921,11.61075295
19856,1.35,375307.0,1951.92,0.814296395,15.49615614
19857,1.52,246429.0,1313.34,1.704639786,13.65131657
19858,0.85,142496.0,883.42,4.521998547,15.24285928
19859,2.19,157383.0,2197.48,3.038775346,15.66808888
19860,0.65,386347.0,1053.96,3.417807051,15.1253741
19861,0.74,142423.0,2277.39,1.343412992,14.36900692
19862,0.93,373243.0,2514.33,4.028977252,13.65525799
19863,1.2,387828.0,2897.75,1.065451206,16.43119166
19864,0.63,391670.0,1975.09,4.381347787,16.3699958
19865,1.96,277712.0,1028.12,1.791275406,15.05018595
19866,0.88,357757.0,2466.2,3.805079982,16.60256993
19867,0.57,375524.0,1920.0,1.941974815,11.50393195
19868,1.48,348947.0,740.5,1.764083119,15.7439357
19869,1.65,354955.0,1111.64,1.051584313,14.37813183
19870,1.37,349398.0,632.02,1.588554769,16.10816907
19871,1.86,166072.0,2407.76,3.45495636,15.67514359
19872,1.66,136309.0,1173.18,3.668889101,14.29412528
19873,2.65,274361.0,674.05,2.892409957,15.09427251
19874,2.17,166902.0,1556.38,1.355085604,15.89339698
19875,1.54,386370.0,1921.59,1.774516238,15.60919348
19876,0.77,265457.0,1915.01,0.07001246,16.59833457
19877,0.96,249460.0,1920.25,1.440104496,12.66170559
19878,2.01,363927.0,947.81,1.115319021,15.74422884
19879,2.34,137036.0,891.54,1.231177096,14.57310539
19880,1.79,379126.0,1926.85,0.912408669,15.37778718
19881,1.86,142493.0,1879.35,3.612449243,15.37413019
19882,2.27,348318.0,1768.09,2.806587048,15.54527223
19883,1.86,353231.0,1474.04,1.937074522,14.18382904
19884,2.23,356472.0,1787.37,1.475056944,15.5300864
19885,1.96,143521.0,1830.2,1.994465032,12.81549918
19886,5.87,383793.0,1501.38,4.214553084,16.21953651
19887,2.26,348318.0,2162.69,4.21631551,13.28574423
19888,1.3,250839.0,2178.12,4.267756182,17.13235128
19889,1.66,361139.0,1861.78,3.869012277,16.42634525
19890,1.98,278047.0,1931.51,1.580615802,16.38707792
19891,1.62,384006.0,1883.13,3.707752463,15.59742049
19892,0.63,265834.0,610.37,4.123793055,14.23778295
19893,1.07,367913.0,1956.96,2.004180987,15.42236049
19894,1.79,251930.0,1811.1,4.794733409,15.29714606
19895,2.23,149978.0,1372.79,2.886514068,13.95675162
19896,1.51,352545.0,2469.75,1.910741431,12.83988054
19897,1.3,149225.0,1615.34,1.604350121,13.98644045
19898,1.31,359260.0,1866.08,2.203111803,13.81152874
19899,0.56,155088.0,1883.17,1.884812179,17.05688465
19900,1.5,379790.0,2447.17,1.894509134,12.66732245
19901,1.9,363031.0,2148.78,2.060405357,15.48602384
19902,1.62,256268.0,632.96,1.603800795,15.55702529
19903,1.34,393951.0,1698.91,1.369317419,13.13144862
19904,1.96,145302.0,1032.51,1.659399293,16.89894287
19905,1.08,383542.0,1819.82,1.828270275,15.87514315
19906,2.61,249662.0,720.81,0.577596799,16.22089396
19907,1.47,347221.0,1173.32,1.644973293,15.58432441
19908,0.94,357724.0,2224.06,2.055129338,12.23994323
19909,0.9,148928.0,1752.94,1.546339622,16.2294202
19910,1.79,163446.0,2172.74,1.183119848,13.1630853
19911,1.24,375763.0,2200.49,2.518728881,15.21869207
19912,0.58,386852.0,1779.58,3.655165883,15.63358148
19913,2.04,279080.0,1951.16,1.790944082,15.40181474
19914,1.88,354755.0,1740.48,1.312922752,16.03567406
19915,1.5,378046.0,1356.21,2.795025287,13.30425282
19916,0.96,145524.0,2340.67,1.913087089,15.59973923
19917,1.47,152173.0,2446.62,1.295116503,13.44021448
19918,2.94,362546.0,1002.68,0.870003342,13.8217496
19919,0.31,383412.0,1895.21,2.187148611,15.56611079
19920,2.36,256256.0,1079.69,3.738766999,16.24285725
19921,1.7,276877.0,1727.21,2.918776368,15.39222688
19922,2.2,143957.0,1280.21,3.040801223,16.78919687
19923,1.59,128378.0,1996.3,3.61257732,13.81929743
19924,0.97,374304.0,1873.36,1.848609263,14.54843072
19925,0.27,168509.0,1923.71,1.865001397,16.56591396
19926,0.73,371440.0,1957.01,1.946965985,17.28328771
19927,1.31,151479.0,1314.01,3.87533922,13.12914261
19928,2.14,355169.0,2385.54,3.121830858,15.36694624
19929,2.03,158916.0,2371.14,2.717009867,14.58621889
19930,1.06,259384.0,1779.13,1.700592815,16.7861895
19931,0.82,352081.0,1245.21,3.602063853,13.26261255
19932,1.18,159530.0,1259.7,1.830841986,14.37913642
19933,2.49,374977.0,948.45,4.383240175,14.42006288
19934,1.31,368612.0,2299.43,3.434441598,16.11109973
19935,2.3,126589.0,1721.27,4.066159974,15.9703964
19936,1.64,381115.0,1791.9,2.004398294,14.46551611
19937,1.16,345095.0,2590.39,3.31344654,16.27793675
19938,1.82,368475.0,794.07,2.154523279,16.15259797
19939,1.37,376679.0,662.79,3.622245204,12.31917809
19940,1.61,131341.0,1675.54,1.542195923,15.22233524
19941,1.29,252853.0,1285.84,2.105368941,15.88163386
19942,1.51,133938.0,1797.53,2.451520814,16.73124675
19943,1.26,354425.0,1047.27,1.467904135,15.54025398
19944,1.46,387849.0,2223.72,1.087432406,14.23327287
19945,1.65,268015.0,1903.44,3.311693047,16.67761967
19946,1.26,371222.0,2518.4,2.004580289,12.1355315
19947,0.83,158136.0,1801.16,1.966286509,12.19704053
19948,0.35,368467.0,1295.05,1.058349065,16.57266181
19949,1.65,364362.0,1714.42,1.697448735,12.70939171
19950,1.57,358594.0,1422.15,1.658443616,16.22972721
19951,1.96,120042.0,1949.85,2.09217209,16.98632247
19952,0.46,140046.0,2816.83,2.907905084,15.04551856
19953,0.0,336840.0,1739.46,-0.073324122,14.47336855
19954,0.62,380290.0,1157.03,1.954375241,15.9181978
19955,0.15,157617.0,1780.58,1.020365563,16.27909919
19956,2.1,363256.0,2576.08,2.801489741,13.99335852
19957,1.2,367347.0,2267.57,1.287890311,14.75164295
19958,1.06,157602.0,1699.06,1.780598907,14.29619204
19959,1.89,264693.0,1894.52,2.915952041,13.8164743
19960,0.47,398518.0,1887.03,1.455109535,15.3881287
19961,0.9,158378.0,1527.81,1.573882818,15.75231857
19962,0.76,147910.0,1257.93,4.406482761,15.52400348
19963,1.2,179921.0,2340.36,2.394659767,15.9000634
19964,1.77,137205.0,1440.7,1.391722558,12.92699673
19965,2.95,379151.0,1996.77,1.16261802,16.62029161
19966,2.1,352680.0,1793.27,2.864293613,15.2332279
19967,0.32,259863.0,1612.28,2.032190668,15.26622825
19968,1.73,394309.0,1990.95,1.429551301,14.55026918
19969,1.5,260582.0,1814.4,1.366969914,15.69784958
19970,2.29,246473.0,1825.8,1.552929589,15.1837921
19971,1.9,167954.0,1731.88,1.514186738,14.67081202
19972,1.97,386129.0,2720.3,1.461454581,15.79113979
19973,1.49,254658.0,1847.31,1.655597801,16.82221504
19974,2.32,335760.0,1744.27,1.131652572,14.89262329
19975,1.82,148250.0,2395.06,-0.144330086,15.09269699
19976,0.93,148093.0,687.42,1.633376458,16.70261514
19977,1.35,246024.0,1666.7,1.544760701,13.08355965
19978,2.1,401119.0,1596.89,1.543684144,15.44626071
19979,0.75,391484.0,2660.73,0.986856413,15.64998239
19980,0.7,382152.0,2158.77,0.780779399,13.29499333
19981,0.99,357836.0,1318.03,2.766788372,17.26853096
19982,1.36,245765.0,1846.98,2.064655951,14.27709021
19983,0.77,128397.0,2434.66,1.791577736,16.12021956
19984,1.5,371807.0,1798.57,1.842865108,13.17974431
19985,1.97,266501.0,1774.35,4.483727344,13.75733962
19986,1.58,364664.0,1875.01,1.057296497,16.01856389
19987,1.37,367781.0,2575.33,1.602676867,14.86495239
19988,1.66,358013.0,2327.29,1.134126114,15.6822064
19989,0.42,357035.0,2247.57,2.769112755,13.07650152
19990,0.89,190901.0,756.83,-0.296957023,13.89920936
19991,0.75,366587.0,2249.65,3.418222677,16.52610735
19992,1.0,373519.0,874.98,3.597466244,13.96049242
19993,2.18,359269.0,880.45,1.423755171,16.01103144
19994,1.57,349290.0,1622.76,2.047068689,16.95429542
19995,3.22,375661.0,1927.54,3.13817917,12.50364542
19996,1.15,133439.0,2115.18,3.380822907,12.50026087
19997,1.84,372698.0,2220.65,1.528083834,13.01953732
19998,2.12,158243.0,2383.89,2.882174585,15.40517417
19999,1.21,380332.0,1263.05,1.905682382,13.32378744
20000,1.91,348550.0,805.69,1.112538489,15.06122925
20001,1.73,156952.0,1665.94,1.164846493,12.24166054
20002,2.04,247858.0,2135.08,4.315926072,15.33589921
20003,1.74,346258.0,1698.89,2.106138722,13.94782288
20004,2.05,371403.0,2452.36,2.071492982,13.43726822
20005,1.4,154754.0,1902.61,4.142329933,15.90222237
20006,0.88,269682.0,1897.78,1.571128171,16.58501257
20007,1.72,114947.0,737.74,3.236116527,13.12022034
20008,0.76,358250.0,872.89,1.289101964,16.55559054
20009,0.93,376497.0,2380.93,0.728203841,15.29375918
20010,2.29,124158.0,1767.17,2.176389802,16.11510964
20011,1.72,143976.0,883.91,-0.17381849,14.9646649
20012,1.81,378929.0,905.24,1.867427396,15.37244271
20013,2.71,169043.0,1830.78,2.1893131,16.00947195
20014,1.15,271580.0,2297.3,1.473587561,15.9971516
20015,0.27,151237.0,1905.92,1.651894846,13.70497349
20016,2.17,243561.0,2452.75,3.659558145,15.35331158
20017,1.75,259383.0,836.01,1.38468193,15.64746398
20018,2.37,263798.0,2137.13,0.682527026,14.95196882
20019,0.51,401119.0,1834.97,1.87162301,16.15180591
20020,1.76,361697.0,1287.05,1.447974386,13.71962194
20021,0.42,363538.0,2207.2,1.872594582,14.92222455
20022,1.53,277155.0,2499.48,1.459344639,15.43043122
20023,2.48,257779.0,1680.75,1.926232987,13.71320884
20024,0.72,370621.0,723.25,3.51409393,15.26841769
20025,1.94,366359.0,1625.28,1.031683093,15.80055304
20026,2.2,149015.0,1959.02,0.909226535,14.56855845
20027,1.51,153909.0,2025.29,0.975670911,15.64033731
20028,1.62,344423.0,1819.24,0.952412299,15.4841263
20029,1.38,261572.0,2557.28,3.798064632,15.99390735
20030,1.92,251302.0,1916.93,1.502158679,15.36575758
20031,2.03,372770.0,701.89,3.176167102,16.71799055
20032,1.5,362093.0,810.65,0.688292419,16.06130224
20033,0.25,146579.0,1744.73,4.79927214,15.55536559
20034,1.24,156734.0,1839.19,2.422069476,15.38102185
20035,2.11,142457.0,1330.77,1.361579546,15.59618587
20036,1.36,144628.0,1393.53,1.358597478,15.00004335
20037,0.74,240598.0,1876.27,1.395909428,17.43146492
20038,3.02,282657.0,1419.75,2.935180767,17.73027397
20039,2.08,351517.0,1205.41,1.291789916,16.15454433
20040,0.65,143628.0,1735.15,3.579370673,16.70561158
20041,1.57,391524.0,2456.96,3.046003752,14.78485149
20042,1.78,144069.0,2348.14,1.379418421,14.69727213
20043,2.11,385591.0,1860.19,1.486280557,14.40009495
20044,0.6,258773.0,1081.72,1.474394661,14.63583806
20045,0.92,271437.0,2222.07,1.628839523,13.54464071
20046,0.42,379608.0,1843.36,1.584681656,13.13937343
20047,0.73,390749.0,1834.9,2.244039497,12.82666113
20048,1.65,245735.0,2243.1,1.479984463,13.51449954
20049,1.06,367432.0,1814.51,1.455572072,13.25959208
20050,2.17,143516.0,1862.74,2.322592519,14.83424616
20051,0.85,125774.0,593.69,1.628516238,15.13123917
20052,1.6,366565.0,2234.7,0.840265494,16.01848978
20053,1.49,152015.0,1557.43,3.03615672,15.22900513
20054,1.93,245865.0,1790.02,1.663765785,15.59756256
20055,2.19,148632.0,2083.9,4.031312185,15.68661441
20056,1.24,141410.0,1629.89,4.826376291,16.31852111
20057,1.38,271530.0,662.98,2.035554111,15.54830669
20058,2.02,168416.0,2447.37,3.205974125,14.91381513
20059,1.72,228453.0,1834.53,0.606883132,15.6692829
20060,1.05,149038.0,2185.88,3.492230353,16.87062937
20061,1.26,358212.0,966.36,1.591228749,16.81051576
20062,2.54,334952.0,647.85,3.299341377,16.36285377
20063,0.35,369346.0,1336.19,1.970067589,14.49686362
20064,2.69,142125.0,2394.9,0.654549672,14.5435583
20065,2.49,265104.0,2157.92,1.091660649,15.60553522
20066,1.64,376808.0,1363.09,2.587164242,16.50937105
20067,0.49,353733.0,1347.29,0.85709923,15.93838434
20068,2.1,396365.0,1849.87,2.937823135,13.58380525
20069,0.77,275819.0,1915.14,1.621555089,14.98281042
20070,1.87,156046.0,2406.23,1.666340764,15.46343976
20071,1.36,155559.0,1836.3,2.953414565,14.49309842
20072,1.43,146783.0,1039.57,2.173084937,16.19324901
20073,1.8,351231.0,1962.93,1.569696845,15.55975862
20074,1.27,380912.0,2336.74,1.250995511,12.92388932
20075,1.93,142633.0,1747.64,1.815132948,14.8524813
20076,1.75,347947.0,1299.94,1.584731998,15.50496026
20077,2.16,114947.0,1115.58,2.743903311,14.37892093
20078,0.9,254396.0,1789.55,1.315043158,13.15685511
20079,1.97,135644.0,1771.0,4.62151291,16.31498368
20080,3.54,140882.0,1208.86,2.497245912,15.22208611
20081,1.9,377122.0,904.57,3.054280624,12.9179145
20082,1.38,172031.0,878.69,2.214514043,13.98646322
20083,1.77,336772.0,1891.28,2.0798915,15.35767403
20084,1.61,379901.0,2058.28,0.975297886,16.14824778
20085,1.73,262974.0,1818.76,1.03693207,16.1094947
20086,1.72,244164.0,2343.18,4.693745075,14.94582571
20087,1.66,266900.0,1964.23,2.477859009,15.44923412
20088,2.65,384787.0,2121.9,3.464151838,14.717259
20089,3.2,366718.0,909.24,1.965843454,16.56927566
20090,1.56,124503.0,1111.91,1.596875398,16.31963383
20091,0.28,149099.0,2458.65,2.999893407,13.95327284
20092,0.98,360519.0,732.68,0.626737576,14.63325036
20093,0.51,359587.0,2138.59,1.745862205,14.997131
20094,2.18,241702.0,1137.65,0.866094625,13.10036741
20095,1.96,338219.0,2264.19,1.395274845,14.94461826
20096,1.12,134215.0,1931.9,0.653419661,12.80878118
20097,1.19,267251.0,1222.84,1.569366989,15.53167113
20098,0.66,372081.0,1887.9,0.537003992,15.87589319
20099,1.57,142166.0,1388.77,2.435319491,14.22689061
20100,1.11,151742.0,865.41,2.766726974,15.81691016
20101,0.96,372466.0,1375.83,1.117473035,15.46992015
20102,2.11,358686.0,2380.35,1.235542859,15.05007669
20103,1.3,369074.0,813.53,3.069517304,15.05444721
20104,2.37,361649.0,1678.22,-0.326393035,15.08472874
20105,2.1,369349.0,2141.55,1.346890655,15.33187563
20106,1.9,390809.0,1561.45,3.578164141,16.40488524
20107,2.57,133692.0,1149.94,2.350191773,14.37933888
20108,1.4,379150.0,1635.73,2.164289517,15.65295569
20109,0.96,181740.0,1894.38,2.770187106,15.55633114
20110,2.09,370187.0,2452.01,2.80363871,16.07927633
20111,1.12,385043.0,1857.1,2.565063547,15.88110714
20112,1.26,346882.0,1011.83,1.616638386,16.56973366
20113,1.0,373391.0,2207.18,0.543055475,12.54290609
20114,2.03,373965.0,2471.48,1.708116505,13.50389547
20115,1.39,380953.0,2924.81,3.060371962,16.16838529
20116,1.28,137265.0,2102.0,3.551795727,16.95790742
20117,1.01,349748.0,1751.77,0.409762776,15.90938506
20118,0.61,175494.0,2019.38,4.883437945,15.41213542
20119,0.59,371058.0,927.83,1.917180776,15.38811406
20120,0.68,363938.0,1327.62,3.85706821,13.46906743
20121,1.59,358520.0,1738.09,1.527866715,15.34966873
20122,1.43,173234.0,744.16,1.565357033,17.73027397
20123,1.88,246708.0,1768.18,0.769199359,15.22960811
20124,3.08,361701.0,1196.39,1.246715628,15.88113119
20125,0.96,157184.0,1318.53,2.333715762,15.83357072
20126,1.16,389220.0,1295.99,3.962036801,13.41269007
20127,0.21,158654.0,1268.38,0.053619671,15.03474058
20128,0.34,387235.0,1990.31,2.412055719,15.5618263
20129,1.62,365484.0,1669.71,1.041825321,15.26613624
20130,2.44,386875.0,2028.28,1.944700008,12.76959096
20131,0.82,368788.0,2369.09,3.026214927,13.35923592
20132,1.07,156087.0,2317.51,0.958195481,15.86261734
20133,1.76,387905.0,1348.76,4.277406908,14.20267676
20134,2.35,160260.0,1413.77,2.436941738,14.44253295
20135,2.46,361766.0,1895.8,1.090363229,13.97968621
20136,1.49,151903.0,1668.83,0.757748328,15.91200215
20137,1.08,370739.0,3047.82,0.454185387,15.23517879
20138,0.35,388216.0,2260.24,2.524204556,16.10872823
20139,1.59,144728.0,2489.56,-0.326393035,15.04427448
20140,2.34,366764.0,1796.98,1.624716712,13.65213602
20141,1.19,260606.0,1927.55,4.131377711,15.92589534
20142,1.23,347332.0,1732.77,2.273493684,13.7099465
20143,0.81,362621.0,965.51,2.654040346,13.78678679
20144,1.25,364946.0,2157.23,1.793485376,13.75419888
20145,1.43,152335.0,1743.43,1.472536011,14.13974204
20146,1.71,390285.0,1036.86,1.775078835,15.73611885
20147,1.58,267054.0,1896.27,2.325827891,13.69156747
20148,2.17,144382.0,2249.12,1.42019685,16.03144964
20149,1.34,376401.0,1859.1,1.319084788,16.59452256
20150,1.35,163665.0,2211.74,1.514208875,13.57854667
20151,1.84,261104.0,2450.13,1.222549176,15.33647883
20152,1.04,129724.0,2073.85,1.578883573,16.3631908
20153,1.64,258078.0,1659.71,3.261789525,16.2681381
20154,0.98,146756.0,1739.62,3.835008318,15.54748941
20155,2.62,152741.0,2032.45,1.874451364,13.02292246
20156,1.13,173197.0,2424.95,1.707395175,15.01008019
20157,1.5,362110.0,889.8,1.505878409,15.9960205
20158,1.12,373597.0,1993.47,2.769986443,15.6505622
20159,1.63,358271.0,1380.03,0.329778576,16.25578902
20160,2.43,137185.0,1830.95,2.91243518,13.9758266
20161,0.89,358773.0,1076.97,3.52756165,16.72964416
20162,1.67,344841.0,2137.61,2.267694223,16.11431576
20163,1.93,232624.0,2340.31,2.705974503,14.03948927
20164,2.42,348798.0,665.5,4.120149286,15.24064438
20165,2.04,142767.0,1410.97,1.825284813,15.02946077
20166,2.37,122416.0,1082.0,2.265264421,13.28090413
20167,1.87,146040.0,1809.65,1.809620828,15.48458214
20168,1.91,183258.0,1857.26,4.497641685,16.23946307
20169,1.24,160335.0,2274.81,1.507664471,15.95774703
20170,1.86,385988.0,1017.94,3.158159902,15.04290244
20171,1.29,378855.0,2178.21,1.572073989,15.29158099
20172,1.5,382227.0,1159.32,1.196447321,16.24629665
20173,1.27,234579.0,1401.13,1.791106549,17.15318851
20174,1.11,383060.0,2654.49,3.186432202,15.88954935
20175,1.67,152824.0,1219.57,1.606681645,15.90350574
20176,2.37,152997.0,1491.5,1.664066316,15.81028986
20177,1.95,246225.0,777.41,2.784900924,12.88556947
20178,1.43,345307.0,1364.5,3.703935418,13.28516374
20179,1.65,137687.0,1561.14,4.37823642,14.00828732
20180,0.96,130965.0,1840.04,1.746814424,15.43793981
20181,3.16,366487.0,2125.1,1.565611273,15.11147978
20182,1.34,251326.0,2080.14,2.907383862,15.39390244
20183,0.39,383429.0,1938.57,2.094420904,14.64369834
20184,1.18,377325.0,784.34,1.906707755,15.06535794
20185,0.43,362092.0,2036.11,4.218416438,14.70448477
20186,1.37,399741.0,2462.48,2.823651303,13.45076357
20187,0.29,392112.0,1693.94,1.854604164,14.99766645
20188,1.57,261544.0,2199.01,0.125661595,15.88799073
20189,1.87,381053.0,728.1,3.356690964,16.11140132
20190,1.42,259061.0,2202.71,3.102175292,15.22135632
20191,1.59,371782.0,1647.23,3.399770541,15.9464127
20192,1.27,174004.0,695.98,2.038909574,15.19792462
20193,1.66,246114.0,861.83,2.926459218,15.46306261
20194,0.02,155735.0,2028.0,4.706772161,16.22066182
20195,1.1,372440.0,2407.49,4.456887214,16.65028407
20196,1.15,269491.0,2288.66,4.270272198,15.00575906
20197,1.13,383449.0,2362.63,3.152706995,16.66192558
20198,1.49,268829.0,2589.63,0.08881416,14.5055362
20199,0.95,253568.0,1389.66,2.389422647,16.14756962
20200,1.33,350775.0,972.39,1.84292927,16.53727515
20201,1.83,270076.0,1363.24,4.153519724,16.37904373
20202,0.85,248316.0,1472.09,2.988530979,11.72701652
20203,1.64,365787.0,1852.18,1.76652131,16.54475658
20204,0.35,355874.0,1191.97,3.019242297,15.80266539
20205,1.94,138352.0,2107.24,1.54054366,15.57682563
20206,1.5,349910.0,935.81,2.173070297,17.31597566
20207,0.85,374052.0,2535.01,2.669765542,14.17615907
20208,1.03,385130.0,1143.45,1.15292421,16.05412939
20209,1.2,382101.0,1788.93,3.705921376,14.08827478
20210,1.93,149173.0,978.69,1.990204207,12.99956879
20211,2.45,349329.0,2354.26,3.371525038,12.80246559
20212,1.33,369313.0,616.45,1.31200072,15.75513034
20213,1.65,380997.0,1260.93,2.952741875,15.54654471
20214,1.24,125582.0,786.62,2.958755396,17.39013148
20215,1.55,181233.0,1071.56,2.716268642,16.34847614
20216,1.68,157118.0,913.08,1.438975392,16.42507169
20217,0.93,391668.0,1629.15,2.005285685,16.97179677
20218,0.66,262621.0,856.39,2.209630588,15.92402585
20219,0.94,352822.0,2374.42,1.619869543,16.65756732
20220,3.12,234067.0,957.03,1.764695617,15.04588398
20221,1.09,159734.0,1078.76,4.573631067,16.64104178
20222,1.73,249846.0,587.26,2.050456641,15.54193065
20223,1.29,350700.0,1258.56,2.137549934,15.94954873
20224,2.19,368876.0,1669.67,1.756775659,16.09857595
20225,1.17,145476.0,1646.37,3.846002468,15.79738782
20226,1.8,155481.0,1820.25,2.403597895,13.28204225
20227,1.86,379401.0,2188.03,2.234453213,14.55321916
20228,1.7,150355.0,793.15,1.633163606,16.51835356
20229,0.95,251725.0,1323.27,1.493257192,13.70412882
20230,1.66,155722.0,2227.18,0.26269903,14.21048771
20231,0.37,352837.0,2355.13,2.439053938,16.74314537
20232,1.23,340033.0,1213.16,2.220957585,14.72857832
20233,1.59,378725.0,1711.54,4.468166864,13.97890795
20234,1.72,158660.0,2502.67,2.560970615,13.71404222
20235,1.04,157110.0,2955.52,4.637582256,13.95221053
20236,0.83,370121.0,2380.61,1.872865235,16.24525446
20237,1.59,251325.0,2489.76,2.239282771,16.0211613
20238,1.68,360023.0,2307.82,1.471193689,16.27736927
20239,1.65,393672.0,2518.39,2.257173154,13.80229311
20240,1.23,363863.0,2315.31,1.893345977,12.13023465
20241,1.87,401119.0,756.4,1.461462646,15.72824063
20242,1.32,392021.0,1687.17,0.518787547,13.70236314
20243,1.47,364289.0,1767.33,2.836188358,15.46565104
20244,1.27,136888.0,1403.35,0.742879559,16.7323231
20245,3.03,248453.0,1337.02,1.463316494,13.52148673
20246,2.08,130098.0,787.52,0.935281581,11.2583727
20247,1.65,348736.0,1362.75,1.162692136,16.03226875
20248,0.46,371877.0,1737.9,1.471483307,16.92808244
20249,1.03,249820.0,2382.05,3.431298186,15.92228668
20250,1.52,262876.0,1844.48,1.820176081,16.65777939
20251,2.65,374264.0,2279.65,3.333300743,15.69977806
20252,1.77,277221.0,1939.06,1.66414112,17.54605781
20253,1.45,358114.0,2221.65,0.485019912,15.89165132
20254,1.17,269173.0,1266.57,4.637776503,16.27487332
20255,2.26,150221.0,2210.67,2.056022511,12.02297931
20256,0.04,372980.0,1390.36,3.005360992,14.15050714
20257,0.27,368352.0,1010.7,3.020824089,16.51157828
20258,1.77,255131.0,1803.12,4.448652837,15.49768646
20259,2.25,376020.0,1927.68,0.995831697,14.75874149
20260,1.87,346423.0,2398.98,1.501352932,15.28368336
20261,1.13,270509.0,1814.22,2.102043942,14.85262464
20262,0.0,166401.0,1098.49,4.581549239,16.34169767
20263,1.99,155968.0,1125.25,2.074414097,15.883332
20264,1.26,383988.0,850.25,1.472524305,14.47487414
20265,1.67,248437.0,1400.63,1.718439614,17.03680987
20266,1.56,268242.0,1546.64,1.381840942,14.58698183
20267,2.38,339346.0,2583.59,1.053509773,12.75221997
20268,1.96,359679.0,2410.71,3.453510833,15.05671471
20269,0.81,268269.0,2516.56,1.155914385,15.12630169
20270,1.48,123668.0,1903.88,3.907153034,15.73328409
20271,1.21,117067.0,1601.62,1.771402828,13.27775597
20272,2.31,401119.0,1884.45,1.391425211,17.23100296
20273,1.16,363392.0,1160.97,0.968385112,14.92420916
20274,1.93,149815.0,1563.05,2.862587717,16.27718361
20275,2.13,398959.0,763.66,3.509529605,13.90846535
20276,1.72,261964.0,1293.54,1.713068345,13.59141343
20277,1.43,356706.0,818.0,0.841210671,15.04001299
20278,2.58,138474.0,1336.0,2.236451296,11.87985315
20279,1.43,364872.0,863.78,1.530354467,15.43574576
20280,1.85,167005.0,741.1,2.759928794,15.77681333
20281,1.94,377580.0,1700.81,1.300161889,15.09554506
20282,0.98,372254.0,1884.16,4.032220551,15.96319803
20283,1.33,374147.0,1925.03,1.817068121,17.13508388
20284,1.67,398833.0,2367.38,4.203858971,16.11239362
20285,2.39,358412.0,758.39,0.529902153,13.63834933
20286,2.42,356519.0,1790.47,3.034969124,16.55012354
20287,2.07,369284.0,2548.89,1.601275282,12.70587144
20288,1.58,377720.0,2339.41,1.261382234,14.68421308
20289,1.37,346966.0,1692.49,2.119213622,13.89317129
20290,1.71,391900.0,2076.44,1.478745853,16.19510317
20291,1.38,256104.0,1778.91,4.515846318,16.53698303
20292,1.83,146779.0,1864.85,2.86217595,15.43574739
20293,0.92,174403.0,1874.98,2.807840475,15.59025573
20294,0.49,232271.0,1390.49,2.401074846,15.80210908
20295,1.76,163797.0,1896.96,1.157625927,16.94264144
20296,1.66,390950.0,635.02,4.599252915,13.59584704
20297,0.88,371897.0,1934.61,3.728305973,15.51657121
20298,0.2,275336.0,1683.42,3.44253863,13.64878091
20299,2.69,157854.0,1664.32,1.339148368,13.47427247
20300,1.06,250416.0,1950.08,1.920083727,13.28941528
20301,1.35,398042.0,2252.54,2.605653934,15.81509463
20302,1.71,150356.0,875.08,3.842101829,12.56463333
20303,1.93,251555.0,875.34,3.855337868,16.33200089
20304,2.44,267086.0,1808.11,2.081983425,16.51516579
20305,1.63,252758.0,2245.22,2.812029722,14.64647218
20306,0.37,355129.0,1918.78,1.970829079,14.68315218
20307,2.09,252395.0,1769.91,2.923569461,15.76799066
20308,1.34,380248.0,1368.79,1.560851968,15.32662016
20309,0.21,241656.0,1933.54,2.617231979,13.54512625
20310,1.56,261335.0,2283.93,1.075950132,15.40650691
20311,0.91,154899.0,1698.64,1.719045066,15.51050918
20312,2.45,364842.0,2167.88,2.481533361,17.73027397
20313,0.19,386258.0,1771.72,1.302980219,15.35817817
20314,2.08,156339.0,1876.94,2.096562241,14.84747991
20315,1.23,273813.0,1419.42,1.633124264,13.8007996
20316,1.83,341870.0,1556.02,0.799908721,13.59193898
20317,1.32,136207.0,1838.12,1.681057235,16.72634458
20318,0.6,263273.0,2306.31,-0.132597281,11.38057199
20319,2.11,134421.0,1865.41,1.272709353,16.02000232
20320,1.87,150333.0,1604.47,1.246621386,15.25184165
20321,1.23,270851.0,1996.37,4.55621469,14.86192982
20322,2.61,278730.0,2526.89,1.692528577,15.06143885
20323,1.89,275005.0,1216.75,2.156427426,13.08401334
20324,1.34,391206.0,1895.6,1.431968972,13.94009601
20325,0.42,248267.0,644.45,2.792772943,15.04807434
20326,1.16,135506.0,824.13,2.792882749,14.47345026
20327,1.32,128462.0,2188.77,1.677839705,15.4496108
20328,1.94,260049.0,2474.59,0.946018878,14.88947919
20329,1.0,263772.0,1818.99,1.924288723,15.96953501
20330,0.0,145452.0,2769.68,4.361554531,14.02903288
20331,1.55,162188.0,1702.54,1.618134777,16.08221988
20332,1.45,389736.0,2431.4,1.506928832,15.12112224
20333,1.2,256492.0,2301.95,1.749548951,17.64780124
20334,1.13,380200.0,856.23,1.730714852,15.08266977
20335,2.6,397354.0,1843.13,0.795895244,14.52459786
20336,1.19,165371.0,2346.01,1.931357242,15.42076118
20337,1.6,366765.0,1023.86,2.985162713,15.66865229
20338,1.06,362169.0,1878.93,3.831359709,17.36745876
20339,0.71,364625.0,879.14,2.772445073,15.9628214
20340,1.66,362882.0,1760.15,1.691317351,16.29641419
20341,0.69,261806.0,1372.09,3.142718408,17.30300862
20342,0.94,164032.0,1861.97,3.645677837,14.9777396
20343,1.72,249866.0,1833.62,1.436066636,14.86158464
20344,1.5,117013.0,1754.78,0.867753754,17.55985439
20345,1.28,381789.0,925.3,2.737654475,13.49921783
20346,1.99,373346.0,1008.96,2.907164974,16.41071411
20347,1.39,377058.0,1490.23,4.006379251,14.22583762
20348,1.25,156602.0,1626.83,1.992300768,15.76034616
20349,1.36,125474.0,1809.9,1.23202274,12.99052227
20350,1.14,140488.0,586.86,3.650069537,15.59124633
20351,1.56,114947.0,1694.49,2.988231235,15.62109114
20352,1.09,346528.0,665.28,0.000472758,15.77061575
20353,1.37,134399.0,2063.73,1.604467507,13.3508853
20354,2.6,135740.0,1743.63,3.490595121,11.84502057
20355,1.72,167962.0,1810.52,2.955520171,16.14206715
20356,0.01,361079.0,1525.67,2.12989516,16.94140931
20357,0.92,180060.0,751.8,3.653900786,13.45782519
20358,2.38,133779.0,901.63,1.810851633,15.70116451
20359,0.93,142114.0,766.1,2.750095178,14.31528385
20360,1.47,267669.0,1508.1,1.310436246,14.91610107
20361,0.62,256120.0,2396.34,1.621061103,13.65752495
20362,1.71,372523.0,1904.34,1.562980231,14.49700302
20363,1.96,370979.0,2477.26,1.343043785,14.54476315
20364,2.18,373947.0,2624.24,1.102978382,14.79907829
20365,0.85,171751.0,2298.13,1.744911233,15.45441906
20366,2.48,344244.0,973.44,2.24632315,13.73174671
20367,3.13,377288.0,1746.19,2.328254907,14.98163617
20368,1.63,362902.0,1004.66,0.854465125,14.13472229
20369,0.89,253670.0,980.16,1.145168031,13.19462385
20370,1.65,269550.0,764.58,1.628220715,13.98744433
20371,1.49,377228.0,1443.56,2.9757291,15.26379622
20372,2.38,377291.0,2152.78,2.141865817,15.51480852
20373,1.01,238700.0,1766.03,2.262179674,14.03870114
20374,1.62,229802.0,1273.9,0.491159291,14.12671761
20375,2.68,382991.0,1753.33,2.560065655,17.03427109
20376,1.28,373433.0,2385.46,2.622528409,16.02674407
20377,1.77,156264.0,1841.84,2.904235994,15.57444575
20378,1.77,251866.0,1523.47,1.641796091,14.45368218
20379,1.36,252459.0,1866.36,1.814963287,15.83778847
20380,1.12,370743.0,2023.42,1.638313026,15.21167402
20381,1.12,229067.0,2157.27,1.8297939,12.32778435
20382,1.27,391913.0,2532.91,1.176783092,15.56691095
20383,1.32,269319.0,867.49,1.017088205,14.91651509
20384,1.32,365747.0,1021.91,1.579224978,14.07271199
20385,1.13,256609.0,1955.55,1.627074084,16.93034612
20386,2.17,264760.0,1153.79,1.812704023,12.76352662
20387,2.14,128696.0,1728.83,1.578594088,14.08795367
20388,0.91,273037.0,2053.42,1.500410767,15.60793705
20389,0.64,251811.0,2012.4,0.478545915,14.20630705
20390,1.07,124390.0,2396.17,1.706242039,15.40040757
20391,1.47,264088.0,2053.29,0.564147063,14.23335107
20392,2.29,357499.0,1868.46,1.275987086,15.63347788
20393,0.41,373159.0,2032.67,1.984871787,12.39740642
20394,1.28,162868.0,2562.72,2.854883892,15.14828307
20395,7.27,364016.0,2438.11,3.290409459,16.63975559
20396,1.2,365498.0,2008.4,1.710963955,16.18760812
20397,2.97,364843.0,2358.4,1.428169351,14.82021314
20398,0.51,147428.0,793.08,0.959965009,16.98617835
20399,1.03,370895.0,1131.6,1.033179534,16.74604078
20400,1.75,347844.0,586.86,1.423923833,14.08545726
20401,2.15,366014.0,965.44,2.05315941,16.10466955
20402,0.64,387087.0,1836.06,2.942236471,15.97837371
20403,1.5,279599.0,1350.71,1.863850305,14.12934011
20404,0.67,390349.0,1563.46,3.350799767,14.56382104
20405,1.39,260568.0,2450.77,1.51241421,15.8972835
20406,0.93,377011.0,2575.05,1.2200787,15.71910317
20407,1.91,259087.0,1956.58,1.655485413,13.04553352
20408,2.04,154579.0,1564.9,1.07667055,12.8405636
20409,1.48,135499.0,1820.1,1.81344656,16.27907827
20410,1.78,253308.0,1508.8,1.927247256,15.46786674
20411,0.94,270687.0,1775.79,3.085201607,15.66176663
20412,1.54,375261.0,1682.42,3.508825739,15.54021625
20413,1.03,262159.0,1402.22,1.803552024,15.78335207
20414,0.46,170561.0,1018.9,2.54776734,14.58147553
20415,1.98,139370.0,1745.24,1.411177506,15.45916466
20416,0.23,262962.0,1731.99,2.046722978,15.72038993
20417,1.29,238298.0,911.77,-0.210078043,13.73786259
20418,1.74,259793.0,1577.39,2.060590959,12.76902003
20419,1.98,367078.0,1901.12,1.894277083,16.13409954
20420,0.86,350590.0,2217.41,3.86929846,14.85655426
20421,1.01,257308.0,1743.09,1.212372657,15.89455938
20422,1.69,157548.0,2188.98,4.842659048,12.74980443
20423,3.15,248570.0,1291.96,1.176994489,15.12803526
20424,1.72,280376.0,1441.26,1.632370452,16.07740576
20425,1.22,396355.0,1791.28,3.900839507,15.9319284
20426,2.08,136574.0,1907.18,3.359889998,14.88336968
20427,1.27,376950.0,1834.29,1.76500382,15.5606632
20428,1.7,337288.0,1990.22,1.034624183,15.39405546
20429,2.38,355946.0,1815.69,1.413435275,16.52836382
20430,1.04,379488.0,1865.89,1.350158123,15.91198704
20431,1.3,290946.0,1240.33,3.684830975,13.65737322
20432,0.92,260579.0,1412.19,3.069293307,15.46983577
20433,1.84,272243.0,2469.99,1.217969789,15.21131015
20434,1.76,380369.0,2352.64,4.182816513,14.69711933
20435,1.85,283029.0,2653.01,-0.139714516,15.56846823
20436,2.12,251881.0,2449.59,1.627629293,15.17071085
20437,0.35,263564.0,1555.07,2.206895701,13.47390019
20438,0.65,246827.0,2396.39,2.85731036,16.61139372
20439,0.27,391221.0,1952.66,4.3403333,17.03077634
20440,1.43,370358.0,1412.23,0.743915931,13.08458747
20441,1.27,340681.0,1763.89,1.217033079,15.29110586
20442,1.05,384499.0,1825.48,1.311384755,15.79692609
20443,2.38,159963.0,586.86,1.643922499,14.73106104
20444,2.2,363951.0,1800.9,1.103167595,15.95405357
20445,1.28,354765.0,2429.43,1.99199175,16.77135078
20446,1.37,373722.0,1396.99,0.176211605,16.01608058
20447,1.2,239815.0,2407.21,1.761360518,13.8079627
20448,1.3,390730.0,924.3,2.809862169,15.62985093
20449,1.38,358362.0,1997.9,3.537193588,15.22897416
20450,1.73,247991.0,1352.64,2.115686925,16.23332861
20451,1.31,260705.0,816.34,0.63344561,13.67568343
20452,1.95,381262.0,2356.37,1.84963487,14.82658482
20453,2.71,361705.0,1548.28,1.721513898,15.64092297
20454,0.16,168622.0,2182.49,4.455433407,16.63493992
20455,1.12,125164.0,1069.8,2.092036046,16.15364068
20456,1.59,373046.0,2020.57,2.440904727,15.71016218
20457,0.8,156516.0,1818.12,1.565696142,15.6860711
20458,1.48,382199.0,1941.46,1.555174127,13.6984147
20459,2.96,365972.0,856.36,2.793611061,15.4800384
20460,2.18,151855.0,2641.66,3.266595093,13.73516297
20461,1.17,261842.0,1962.43,2.876450233,15.79049726
20462,1.68,379400.0,1171.91,3.052878327,16.41863222
20463,1.43,362975.0,1525.87,0.882890548,13.53390009
20464,1.5,244639.0,1916.57,1.114339912,16.48378526
20465,2.61,121106.0,1277.61,1.250626104,16.35841752
20466,1.94,243889.0,1917.52,1.883281696,14.33823631
20467,1.89,129037.0,982.39,2.954678214,15.57948096
20468,0.64,390246.0,1747.13,2.078693164,15.79189102
20469,1.63,170514.0,1474.02,1.224178829,15.13197607
20470,1.27,167260.0,1044.18,2.539833831,15.28625621
20471,0.93,367661.0,1994.94,1.806342098,15.84175242
20472,0.04,144543.0,1455.44,1.485757085,16.41653904
20473,1.1,154315.0,2326.05,0.969625281,16.16604826
20474,0.91,380921.0,1460.13,1.476837308,15.40413783
20475,2.56,138862.0,1083.53,3.242629515,16.58916991
20476,0.94,380139.0,1951.53,3.038690477,15.67719328
20477,2.03,114947.0,2203.98,1.927803726,14.35431922
20478,2.44,255227.0,1267.41,2.772895212,16.27469913
20479,0.39,237855.0,1981.79,3.639306981,15.81413915
20480,2.01,256949.0,1860.1,2.838314143,14.6844175
20481,0.82,245233.0,1874.47,3.489752693,15.32744859
20482,0.97,145947.0,1911.3,2.53565033,15.55272898
20483,1.54,269546.0,1036.7,1.438556667,16.26029537
20484,1.37,135228.0,1418.46,1.392033387,17.12115939
20485,2.42,363291.0,1875.94,1.057556474,14.9941352
20486,1.65,125400.0,839.54,2.227639945,15.3922907
20487,1.11,349983.0,883.73,0.590380662,13.48211149
20488,1.36,347959.0,1894.83,1.056645607,16.09116265
20489,1.55,265886.0,1867.66,1.204070751,15.81619823
20490,2.68,126187.0,1046.63,0.47717442,13.79705337
20491,0.98,152587.0,2343.24,-0.13462349,14.69199368
20492,3.35,377476.0,1740.27,2.271655914,17.50106596
20493,1.79,374723.0,1407.9,3.090143784,16.03164461
20494,0.84,132908.0,2249.19,0.785081788,16.53528867
20495,1.98,152332.0,997.39,3.651700821,13.8718654
20496,1.18,373156.0,1312.85,3.734883406,13.92247483
20497,0.8,386843.0,2538.93,3.626932291,13.80090722
20498,1.17,123999.0,1906.38,3.87378799,15.38834402
20499,0.46,239897.0,1288.92,3.615035369,14.89264022
20500,0.57,385780.0,692.1,1.849363783,13.61997247
20501,1.11,264272.0,1787.91,1.773076562,15.20018377
20502,1.0,150168.0,2329.35,2.247370014,15.44340829
20503,1.91,350667.0,2026.0,4.191032715,15.01510399
20504,2.4,124226.0,1834.18,1.999134793,11.65037315
20505,2.46,327443.0,705.71,2.869081445,12.30391491
20506,1.39,241665.0,656.58,1.89934431,15.81282601
20507,1.75,385604.0,2140.75,1.392205969,15.74716194
20508,2.01,252633.0,1777.68,2.834984192,14.86539006
20509,2.06,124399.0,813.79,1.374103443,15.90461042
20510,1.78,382981.0,1821.08,1.993184448,14.62039288
20511,2.11,395045.0,1836.07,3.158793066,16.15625002
20512,1.83,148104.0,1875.69,2.998433678,15.71295207
20513,1.65,239420.0,1642.17,0.479739973,14.87292135
20514,1.94,177499.0,1800.65,3.019495305,15.87826138
20515,0.7,377698.0,2282.91,1.109210188,11.2583727
20516,1.44,367100.0,1526.81,1.639716593,12.96263426
20517,0.96,130015.0,1644.76,1.40982129,15.04069614
20518,1.73,166652.0,998.16,1.035139276,15.48087863
20519,2.97,357859.0,2370.17,4.052546799,15.87860456
20520,0.47,268161.0,2380.72,4.465408929,17.73027397
20521,1.51,251799.0,1895.95,3.536509477,14.00454613
20522,1.25,156041.0,953.59,4.771153274,15.26402597
20523,1.42,371393.0,2333.72,1.683648492,13.71215063
20524,2.32,114947.0,1342.62,2.778129365,13.24188919
20525,3.02,159352.0,2006.32,0.990933339,13.94481559
20526,1.35,260733.0,1652.36,0.900511517,12.04391702
20527,0.72,159352.0,775.35,1.843613199,15.62735759
20528,1.48,365001.0,2417.51,0.056440583,12.71816551
20529,1.31,250253.0,771.75,4.651696546,13.64050587
20530,0.68,115620.0,1125.35,1.674365552,14.70116037
20531,0.74,372885.0,1318.37,1.966777176,15.02663769
20532,1.09,354276.0,1360.11,2.92361085,15.85245523
20533,1.43,377626.0,1780.6,2.146840931,16.19865287
20534,1.97,132071.0,640.35,1.604081851,16.49495476
20535,2.23,392851.0,2558.29,1.212281986,15.22947245
20536,1.5,121717.0,1777.07,1.632513781,16.07357901
20537,1.79,157784.0,1529.66,3.737695924,15.67211748
20538,1.62,394385.0,1700.2,3.470300798,16.03537751
20539,0.93,367148.0,2307.68,1.410454525,14.07085566
20540,1.97,148048.0,1199.64,1.738571278,16.65570283
20541,0.93,393715.0,1923.68,2.731642245,15.3006671
20542,1.78,254276.0,1758.04,0.365279349,13.21394369
20543,0.92,350209.0,2238.45,4.177908021,13.1710634
20544,2.38,344519.0,1307.18,1.759374374,13.40100029
20545,0.46,374316.0,864.73,0.829310164,15.28971116
20546,0.57,262184.0,775.17,1.915027168,15.90260977
20547,1.32,369747.0,1401.57,1.614183368,15.69930349
20548,0.9,347233.0,1797.84,1.249149474,16.04968423
20549,1.8,371200.0,2427.19,3.054592272,15.65577375
20550,1.63,364758.0,1789.79,3.952718381,15.17562859
20551,1.82,133477.0,1869.51,2.137551962,14.22040488
20552,1.54,377918.0,1586.2,3.751689649,15.7011547
20553,1.46,156242.0,1470.6,1.991136826,15.79621364
20554,2.11,250610.0,971.52,2.949797124,13.69071575
20555,1.71,149241.0,875.39,2.487320178,15.43136822
20556,2.4,137643.0,1736.75,2.373248594,13.11410891
20557,2.68,162416.0,2044.12,1.556309106,15.81794942
20558,0.68,375079.0,2041.79,2.879173705,13.87358892
20559,1.78,147255.0,1834.11,1.746136743,16.15844616
20560,4.8,372334.0,2049.88,1.18265765,15.18415218
20561,2.23,369655.0,2402.89,3.09956509,12.29444523
20562,2.22,236923.0,2184.42,1.924777978,16.09665975
20563,0.55,172766.0,2444.46,1.740458585,15.70560142
20564,2.11,379521.0,801.04,2.230987749,12.29404674
20565,1.42,238858.0,2300.49,3.739785792,16.6012252
20566,0.44,251821.0,1135.69,3.519728699,15.93181076
20567,1.16,372493.0,1704.24,2.686838986,11.74672572
20568,0.45,136859.0,1882.04,2.843852052,15.81221309
20569,0.77,369689.0,1708.96,1.524671266,15.18133363
20570,0.74,158014.0,2258.96,0.65965563,15.18341579
20571,1.98,355139.0,2043.35,1.507104105,14.76835994
20572,1.47,370453.0,1894.07,-0.014584215,14.37117911
20573,0.72,359502.0,2508.86,3.058501092,14.4712964
20574,1.85,146086.0,2074.2,0.796511129,15.45814475
20575,0.46,372632.0,1468.06,1.661942663,13.13818546
20576,1.08,257915.0,919.97,0.012763799,14.78176189
20577,0.87,401119.0,2085.22,0.493108753,15.55258562
20578,1.86,243844.0,1650.83,4.071662479,16.18570967
20579,2.16,368819.0,2290.32,1.023140951,15.93205099
20580,0.43,367257.0,2142.88,1.547933615,14.86383339
20581,2.27,393528.0,1938.75,0.579056028,13.57335217
20582,1.84,144744.0,1930.46,1.529564976,15.53844749
20583,1.28,386808.0,1943.15,3.390784175,13.27967141
20584,0.69,138160.0,1850.21,2.384138536,13.62573941
20585,2.36,130571.0,1274.26,1.377027816,16.00215971
20586,0.33,142907.0,1656.18,2.28270454,14.04414511
20587,1.16,373143.0,1952.43,1.719180203,15.21109831
20588,1.08,137814.0,3047.82,2.691374026,12.75599738
20589,2.01,355330.0,2024.22,2.074894047,13.70771263
20590,0.32,148620.0,1459.14,2.393797269,16.41542835
20591,5.68,155513.0,1901.81,1.046824361,16.2418286
20592,1.44,354106.0,1004.47,-0.105407131,12.89858753
20593,1.39,356917.0,742.72,2.721055364,15.08826107
20594,0.22,368210.0,1367.18,2.435593136,16.1566635
20595,1.66,353053.0,2347.32,3.020312611,15.70821819
20596,2.27,374280.0,1529.59,3.815292461,13.24131553
20597,1.92,336447.0,1846.79,2.191555214,15.54859611
20598,1.78,114947.0,2253.52,0.622373197,14.36573755
20599,0.4,387616.0,1580.94,1.326907501,17.34198448
20600,1.63,379268.0,1449.9,3.762921985,16.30884906
20601,1.99,146314.0,1794.46,1.874132456,13.8039912
20602,2.24,250592.0,830.4,3.416324867,16.05301729
20603,1.01,362599.0,1020.01,0.942631536,16.13714197
20604,2.96,148382.0,1639.91,0.518981717,11.83387523
20605,1.94,127141.0,1180.16,3.629429339,15.12738793
20606,0.68,389397.0,2362.87,2.600664586,16.1236057
20607,2.14,255280.0,1835.04,1.394546179,15.23678838
20608,2.56,341021.0,718.35,1.556785192,12.77671234
20609,1.04,361704.0,1710.14,2.173346788,14.45702695
20610,1.63,347656.0,997.58,3.367423412,15.03517897
20611,1.86,375107.0,1690.94,1.896398956,16.67851767
20612,1.76,369221.0,1526.51,1.841769883,16.0008559
20613,0.97,239996.0,1943.2,4.490386391,17.08750806
20614,1.51,377088.0,1967.11,1.97457746,17.22896012
20615,0.05,383775.0,1523.82,4.361934077,14.77847248
20616,1.21,372696.0,1802.2,1.95660121,16.65951154
20617,4.09,357200.0,2317.92,4.044490856,15.87952302
20618,1.39,171474.0,1980.51,1.648554688,12.26688614
20619,0.72,378737.0,1094.42,2.910910016,17.43075212
20620,1.81,358091.0,1719.25,4.029010184,15.96327871
20621,0.19,156949.0,2614.91,2.609641899,17.11117827
20622,1.47,358924.0,2788.19,1.4001624,13.97658643
20623,2.23,375577.0,1939.09,-0.128561918,16.47931059
20624,0.95,378701.0,2474.15,1.654218199,15.4746137
20625,2.03,254549.0,1248.67,1.123284029,13.76335459
20626,0.52,243663.0,2167.85,1.861072288,13.23124187
20627,1.86,149593.0,1595.05,2.40161277,16.15017098
20628,1.51,380836.0,2379.76,1.551537701,15.53832818
20629,1.8,359913.0,1959.22,3.99045034,14.60470281
20630,2.56,362607.0,2161.91,2.140435964,15.60325321
20631,4.26,374414.0,1725.89,3.615215436,16.267315
20632,0.67,158946.0,2340.08,1.260525363,16.16341612
20633,0.64,391901.0,1028.6,1.035540902,15.86961671
20634,1.68,258729.0,1832.13,2.620678115,15.04825187
20635,1.85,254925.0,2167.52,3.103897952,16.28290364
20636,1.47,158731.0,953.73,0.539020862,15.68987944
20637,0.99,256823.0,811.89,4.292702588,16.38309107
20638,1.94,390607.0,1791.44,2.517894469,17.73027397
20639,0.81,254449.0,1413.92,3.248826232,14.48235764
20640,2.04,391105.0,1906.23,2.208943629,15.09031356
20641,1.62,255524.0,1986.52,1.544041195,13.72267774
20642,1.3,279180.0,2405.5,3.874746415,15.35410981
20643,1.62,168816.0,2365.38,1.555032823,15.34347277
20644,0.56,159945.0,1838.16,0.339581472,17.43836157
20645,1.2,364271.0,1837.77,2.20637949,16.13318279
20646,2.29,363493.0,1770.96,3.00086914,16.04089716
20647,1.65,171718.0,2105.84,1.601687424,15.29530291
20648,1.27,262744.0,2220.96,2.049132374,16.22598063
20649,1.02,379541.0,1448.17,2.893276916,16.03658257
20650,1.64,360641.0,1831.15,1.622756033,13.51169692
20651,2.31,349509.0,842.63,1.06915627,15.02421113
20652,1.52,375600.0,789.19,0.754640794,13.54204004
20653,2.6,270496.0,2270.54,2.145154224,16.74430015
20654,1.25,256000.0,2514.29,2.656919927,15.79838404
20655,2.02,153228.0,2473.78,1.172598336,15.10345658
20656,2.81,362433.0,764.11,4.173019738,11.89406252
20657,1.73,120145.0,1216.61,1.031093965,13.32564786
20658,1.65,121546.0,1838.46,2.272116726,16.12177498
20659,1.31,263398.0,1788.38,2.384455544,16.17140085
20660,1.92,351177.0,1806.35,1.992781497,14.97809074
20661,0.65,120380.0,2321.85,2.679775205,11.2583727
20662,1.19,147318.0,982.37,3.126811923,13.54550811
20663,0.0,252611.0,1429.15,2.112592522,13.28010826
20664,1.13,252955.0,1891.31,1.474393875,14.81899227
20665,1.03,366171.0,2351.31,4.73159364,15.06282338
20666,0.95,363582.0,2747.68,3.624293815,13.59252987
20667,1.52,158251.0,967.44,2.437767127,15.78295694
20668,2.05,141075.0,1539.91,2.095872666,17.20189882
20669,1.5,339376.0,2226.53,3.287541637,15.28470566
20670,1.28,357650.0,2497.48,0.077310364,15.80616276
20671,0.83,382872.0,1344.44,2.349863372,15.03309729
20672,2.58,147614.0,1753.1,1.976898114,15.07709926
20673,1.98,373642.0,1816.15,1.838618353,14.14050986
20674,0.78,363279.0,634.28,1.703261061,16.13786895
20675,1.07,378613.0,2501.54,3.952792962,16.72576283
20676,2.29,278149.0,2214.38,1.831978508,16.15598762
20677,0.8,146039.0,685.32,1.798369963,15.51759391
20678,0.63,352183.0,1083.23,1.92843805,15.03080706
20679,0.0,182108.0,2402.67,1.654447969,16.24510941
20680,1.79,242511.0,2187.18,1.525698308,11.2583727
20681,0.58,361314.0,1718.06,1.780692389,12.19814677
20682,1.95,369770.0,1656.61,1.145779088,16.12479795
20683,0.85,161391.0,1579.15,3.058113658,17.19967235
20684,1.1,382499.0,980.04,2.834743042,15.22514105
20685,1.16,153473.0,1818.51,2.783981122,13.07947111
20686,2.64,251115.0,1651.19,0.913934811,14.71209828
20687,1.78,269603.0,726.14,2.463995841,16.08326232
20688,1.9,359339.0,2397.89,4.535761512,15.64482861
20689,1.48,382992.0,893.3,1.738140297,15.80094801
20690,1.31,392644.0,980.72,1.293468895,17.34346087
20691,1.37,256810.0,1333.96,3.718901198,15.44569898
20692,0.69,262022.0,2001.99,1.167601667,13.8684463
20693,1.43,278155.0,855.98,1.949459508,12.50091246
20694,1.66,259179.0,2176.31,4.604545807,16.44124841
20695,2.06,127551.0,890.53,1.05126109,15.10253987
20696,1.2,255915.0,818.68,2.682443314,14.37164904
20697,1.87,169991.0,2027.99,3.345736846,15.60944071
20698,1.73,127580.0,1188.03,1.494714297,16.89837786
20699,1.72,143048.0,1460.19,2.837625883,15.98618887
20700,1.71,141861.0,747.62,2.139895715,13.15574035
20701,2.8,149144.0,1321.56,4.194889069,16.05244436
20702,1.02,353397.0,1826.38,1.427036379,15.04538209
20703,0.97,339956.0,1839.64,2.5410539,15.43152773
20704,2.87,350634.0,1847.07,3.35069982,15.93204509
20705,1.62,142454.0,1410.62,-0.006956143,16.32794808
20706,1.86,372131.0,1159.99,2.019095756,15.99008553
20707,1.44,360195.0,1927.89,1.749650109,15.05979839
20708,1.02,357978.0,2392.55,3.789063238,16.01779755
20709,1.02,364238.0,1998.71,3.334823181,15.76021174
20710,2.49,369933.0,1831.72,2.086588185,13.28399385
20711,0.89,385927.0,1301.64,1.4619507,13.23772856
20712,1.51,365296.0,675.12,0.631742699,12.7609485
20713,2.28,357756.0,2408.61,2.903018673,15.91376069
20714,0.57,370419.0,2022.72,0.4821719,15.98733816
20715,1.16,354203.0,1744.12,2.11797092,16.11831608
20716,1.15,142106.0,2353.45,1.269068775,14.6974136
20717,1.66,143940.0,1682.8,0.708446673,14.46427391
20718,0.87,372103.0,1936.99,1.656363014,13.72540992
20719,1.44,340109.0,1784.72,1.034319248,16.08281472
20720,2.27,138822.0,914.1,4.733328087,15.88884493
20721,2.35,245292.0,1842.16,2.700594827,14.41106191
20722,3.03,389052.0,2669.18,1.675470853,15.52020902
20723,2.72,142114.0,1921.37,3.52682913,14.40788182
20724,0.62,158089.0,1900.97,0.084506577,13.46415734
20725,0.47,277368.0,2336.85,3.958517729,16.08076666
20726,1.7,150860.0,1823.06,3.158300871,16.2651496
20727,0.85,151029.0,2232.45,0.99813285,15.05364304
20728,0.49,265885.0,1933.33,1.388803854,16.97302172
20729,1.85,116616.0,932.52,3.213286149,15.25767362
20730,1.68,354116.0,1765.08,1.310577747,13.21955435
20731,0.98,377893.0,2257.64,4.142417547,14.62036554
20732,2.13,382872.0,1023.76,1.296603603,15.09017561
20733,2.51,264750.0,2294.16,1.012966469,13.15486439
20734,2.62,356879.0,1878.31,1.809806154,16.16413498
20735,2.38,253890.0,1909.1,2.024452885,12.74398034
20736,1.06,344329.0,2349.2,2.218004733,16.40413564
20737,2.9,367221.0,1244.04,1.549889695,14.5513141
20738,0.84,351533.0,2279.07,1.584534847,15.72410015
20739,0.89,148037.0,1916.65,1.559421676,17.064629
20740,0.93,354692.0,1944.23,2.186944797,16.84578782
20741,0.68,149542.0,2241.84,0.021596635,15.96036667
20742,1.86,258080.0,1807.12,3.639660404,16.07213259
20743,0.01,151911.0,1768.9,3.102550089,14.1367153
20744,2.19,279311.0,1376.78,1.397674648,15.61740481
20745,1.6,246345.0,1826.06,1.407050104,13.64706204
20746,1.2,365009.0,1917.98,2.982446255,16.30390979
20747,1.32,168222.0,2670.13,2.284444282,17.10505376
20748,2.4,338553.0,1307.12,4.284584225,13.88376516
20749,1.71,382289.0,1925.18,2.26100932,15.91260422
20750,1.11,375162.0,926.0,1.081049141,16.03721741
20751,0.84,261006.0,2256.23,2.137841997,16.53400881
20752,1.48,372583.0,2535.09,3.288959938,15.49988622
20753,1.37,175249.0,2204.24,2.939501537,17.69650675
20754,0.62,157331.0,2342.82,2.727446375,16.16939293
20755,1.27,153360.0,1810.17,0.975733502,14.2825734
20756,0.72,137221.0,1941.76,1.340024045,15.06114203
20757,0.0,129810.0,2293.96,2.68492855,15.90597794
20758,1.7,114947.0,1792.8,1.017699095,15.62765213
20759,0.95,383736.0,2284.57,2.154856124,14.95303611
20760,0.95,154739.0,1499.01,2.738475755,14.66026932
20761,1.44,365518.0,621.52,3.049144304,15.40516504
20762,1.87,356333.0,979.02,2.898234762,16.13299962
20763,1.22,152896.0,1086.75,2.072939877,13.51276378
20764,2.07,364075.0,1191.65,0.436458628,15.95097547
20765,1.1,368050.0,2460.51,3.17682731,15.45334905
20766,0.94,380492.0,1015.1,0.458791516,13.60414081
20767,0.92,152042.0,1413.35,2.404649816,15.16628429
20768,0.83,243732.0,2059.1,3.515470138,15.85388659
20769,1.28,165081.0,1785.79,1.440362554,14.56567091
20770,0.91,168817.0,1972.3,1.687610621,15.3728155
20771,1.41,271318.0,2323.79,2.125189896,17.70826634
20772,2.57,246031.0,1936.33,2.066163919,15.74474201
20773,2.73,147795.0,2241.55,2.146271875,16.47517815
20774,1.9,251384.0,1401.3,3.01894763,15.67742769
20775,0.95,371511.0,2740.07,1.286877247,16.08856004
20776,0.9,393746.0,2392.9,1.408769409,13.59770977
20777,2.07,365492.0,2019.64,1.542803736,16.00948578
20778,1.16,274869.0,1931.5,4.343874189,15.53652479
20779,3.58,160848.0,1783.22,1.659390771,15.4948542
20780,3.0,345970.0,1769.45,3.714351478,13.18073292
20781,1.78,391961.0,1368.87,3.848716178,16.14884489
20782,2.43,373185.0,2211.38,4.09156457,14.06159533
20783,1.25,379436.0,1793.69,1.863818921,15.76398722
20784,1.8,366767.0,1411.19,4.691806232,16.43223245
20785,1.66,390506.0,1008.83,1.111670867,12.26235908
20786,1.51,140449.0,2007.87,0.759602066,16.70368975
20787,1.1,357294.0,963.47,1.611563567,16.30285145
20788,1.33,378253.0,1917.95,2.030545129,13.51195618
20789,1.96,142675.0,1414.55,1.542230034,15.92516493
20790,2.26,135883.0,1859.74,1.79907417,15.86150284
20791,1.09,353798.0,1877.66,2.120643069,15.29683211
20792,2.11,130371.0,2255.83,1.555794179,16.15588994
20793,0.29,340039.0,2268.42,2.887714806,16.26466673
20794,2.65,146659.0,1760.87,4.201039873,16.37528029
20795,0.3,370893.0,586.86,1.124764182,16.13074249
20796,1.19,138597.0,907.38,3.919138652,17.73027397
20797,2.17,148963.0,1484.83,1.743544531,13.68596499
20798,1.67,161087.0,1430.96,3.903346761,16.95774153
20799,1.08,354926.0,2336.8,2.769066288,16.20113835
20800,1.95,136322.0,1169.33,1.476427385,16.83659756
20801,2.19,369029.0,2095.6,1.904651758,15.72743333
20802,1.29,356333.0,1595.84,2.161035107,16.18009001
20803,1.94,252918.0,1862.95,3.912487649,13.64487831
20804,1.65,339688.0,1879.61,1.735445455,11.80987828
20805,2.68,357217.0,679.48,1.011874862,14.02520533
20806,0.85,150714.0,1874.5,4.169473819,13.31789232
20807,1.21,147441.0,1203.34,3.422080888,13.63549212
20808,1.3,382714.0,2089.9,4.16257068,16.42173655
20809,2.11,382835.0,1498.69,0.906454788,15.49225857
20810,2.16,373324.0,1874.54,1.571254628,15.84085947
20811,1.65,139588.0,1562.02,1.442135136,14.9142387
20812,0.52,127672.0,1374.39,1.621207441,13.35497315
20813,0.51,379689.0,2251.0,-0.091061909,15.09022897
20814,1.96,389527.0,2089.55,-0.209647052,15.13067536
20815,0.2,232408.0,1998.03,0.791497111,15.34803226
20816,1.29,241549.0,2135.64,2.038550272,16.15306774
20817,6.68,359518.0,807.15,3.579392501,14.71310417
20818,1.78,385440.0,822.8,4.669586292,14.43598738
20819,2.34,370978.0,1894.58,1.803215413,15.30961502
20820,1.81,165931.0,1814.64,3.791530476,14.64858662
20821,1.33,386192.0,1783.01,1.30493608,17.23130655
20822,2.35,250175.0,1758.73,3.080957587,16.31347791
20823,1.49,283663.0,2547.95,1.698402518,13.41936769
20824,1.77,163815.0,2386.38,3.574536011,16.59188003
20825,0.9,265774.0,2101.78,1.415720117,15.99373617
20826,2.41,382176.0,1627.42,4.103407283,12.37708355
20827,0.55,365751.0,1873.8,3.51507372,12.73622165
20828,0.65,252420.0,1867.96,0.005996637,15.84651071
20829,0.65,354848.0,2054.15,2.161004101,12.37126342
20830,1.72,133113.0,2201.21,2.634738589,13.66625971
20831,0.41,398845.0,773.15,0.812892206,15.48409972
20832,2.28,144322.0,586.86,4.562166272,15.4922709
20833,2.65,391476.0,1807.46,1.53006198,15.30687636
20834,2.03,142196.0,1608.71,1.207147797,16.51272393
20835,0.55,401119.0,1641.13,2.481549887,14.63218715
20836,1.56,271318.0,711.48,4.635943656,13.9438081
20837,0.7,370679.0,1257.02,3.043782994,15.21177829
20838,2.06,379679.0,1914.48,3.73778619,13.16187784
20839,0.98,351786.0,1271.5,2.016229437,16.90646198
20840,1.15,278220.0,650.06,0.249534796,14.88527935
20841,1.6,356551.0,906.31,2.814047162,16.83455288
20842,1.97,161730.0,1742.67,2.006339194,13.69342659
20843,1.43,352624.0,1880.25,3.433432212,15.01774399
20844,0.95,369024.0,2325.58,3.480514348,13.59387558
20845,1.62,375381.0,2091.49,2.09066181,14.16971159
20846,1.36,357002.0,1383.92,1.893474894,14.82553934
20847,2.76,142089.0,1251.01,3.311992433,15.71436667
20848,1.49,251006.0,1089.48,4.186533433,15.00921652
20849,1.88,249325.0,1438.3,1.731986875,13.2071178
20850,1.0,379916.0,1894.24,4.03871164,16.40546908
20851,0.39,262995.0,2430.57,2.054161986,15.83083451
20852,0.68,388617.0,1031.87,4.105157712,17.10136557
20853,2.76,347236.0,2090.53,0.849581764,16.00090321
20854,2.74,261372.0,1466.76,1.470097366,16.00712779
20855,1.28,367400.0,2234.14,2.386939821,17.24420476
20856,2.08,123541.0,2236.31,2.604625222,15.11334826
20857,1.27,260919.0,1381.27,1.360825937,15.96195676
20858,0.2,356072.0,672.73,1.786027033,16.71986439
20859,2.19,130081.0,2125.33,1.616640323,15.20713793
20860,0.47,157757.0,1915.57,1.354509217,12.76187834
20861,0.24,158517.0,1633.81,1.450028119,15.90497649
20862,1.19,376770.0,1475.7,1.219233946,15.79458771
20863,2.02,265863.0,2333.39,3.186362645,15.64059291
20864,1.75,346455.0,1298.76,0.392518284,15.58351561
20865,0.51,166015.0,637.53,1.826615055,15.2475761
20866,2.04,385728.0,1182.31,4.310872434,16.37308568
20867,2.2,138214.0,1901.21,1.385104839,15.43680457
20868,0.31,383439.0,1979.55,0.398708876,16.62450907
20869,0.84,271528.0,1088.18,0.830320995,15.23672984
20870,1.7,127630.0,814.72,1.487477391,17.05139475
20871,0.45,260970.0,1310.22,1.743385934,16.00396504
20872,2.09,371239.0,3047.82,1.021965932,15.07329767
20873,1.54,365166.0,817.91,3.746703913,16.34470953
20874,2.13,272062.0,1035.94,1.984665723,15.79017105
20875,1.25,352102.0,1934.76,1.400024999,15.10461321
20876,1.92,357907.0,907.11,1.774318227,16.27999946
20877,0.04,150634.0,1652.13,0.8660468,16.0411348
20878,2.78,267278.0,690.06,1.876162989,16.1715533
20879,2.18,351933.0,909.09,4.632843984,13.67346483
20880,0.71,255969.0,744.45,1.731492768,16.7176796
20881,0.87,348588.0,1863.21,2.28605876,15.09075983
20882,1.36,169211.0,2247.45,-0.066767549,14.14689419
20883,1.14,250980.0,1874.02,1.59481537,15.73346867
20884,0.7,154039.0,2435.49,-0.126253046,15.61824041
20885,1.01,246987.0,1962.96,2.221339024,13.14642695
20886,1.78,262139.0,2182.93,1.771307331,15.76800413
20887,0.97,136194.0,2260.42,3.52043097,15.02380327
20888,0.41,148518.0,1562.68,1.694061816,15.25482155
20889,0.91,385758.0,755.51,4.812866514,17.05567614
20890,1.18,261920.0,1959.48,2.015578837,14.87877679
20891,1.56,149599.0,1822.5,1.600316819,15.01437419
20892,0.72,257857.0,1578.45,3.795318474,16.48070036
20893,2.37,349980.0,1751.37,2.973999607,12.87456036
20894,1.63,269166.0,2559.04,2.090636602,15.1821911
20895,0.49,366612.0,2023.52,1.829117016,15.48106512
20896,1.43,383887.0,2564.17,1.139678643,15.26832366
20897,2.98,400164.0,1174.7,1.934553433,14.25290169
20898,0.51,380704.0,1639.64,-0.326393035,15.07346974
20899,2.31,262347.0,1793.36,2.362636025,16.29886195
20900,1.93,384367.0,1087.13,1.215106075,13.00943157
20901,1.39,373054.0,833.33,1.686219061,13.91079739
20902,0.32,398879.0,1526.6,4.776271004,15.69174679
20903,2.18,234286.0,1447.77,1.446289404,15.22873796
20904,1.58,368859.0,1823.31,3.592427801,15.5351103
20905,1.28,376830.0,926.98,3.589766327,15.37321263
20906,1.72,374926.0,1848.36,1.831754211,14.59787333
20907,1.67,237199.0,1401.41,3.028780929,14.40708854
20908,1.8,398082.0,2095.13,3.075879398,15.11552024
20909,1.8,368343.0,809.38,1.299474551,13.81015631
20910,1.68,164997.0,783.43,1.920167881,16.81014799
20911,1.9,247011.0,1064.05,2.294533124,14.84939805
20912,2.58,251088.0,984.67,1.667858023,16.36918097
20913,1.66,364048.0,1541.93,1.657901863,13.72486961
20914,0.74,141983.0,1357.02,1.28061214,16.4165331
20915,1.16,270506.0,1866.9,-0.210488859,16.1171039
20916,0.95,401119.0,1797.02,2.117807084,15.4813475
20917,2.0,373254.0,1853.56,1.758055068,16.54030108
20918,2.51,373419.0,745.27,0.642046987,14.48266881
20919,1.01,383431.0,1937.31,2.595807838,16.51841575
20920,1.54,118661.0,1815.36,1.258576764,16.91195923
20921,2.16,381880.0,1694.94,1.061399729,15.84258465
20922,0.85,378680.0,1663.24,3.583071971,16.07275436
20923,2.21,382242.0,853.46,1.907348536,14.19805257
20924,0.86,401119.0,1227.53,1.401884515,12.07096197
20925,1.52,357584.0,1118.95,3.256025297,13.6951547
20926,0.99,251986.0,1402.7,2.278816386,15.49608579
20927,1.98,344884.0,1756.53,0.352700647,15.35349779
20928,1.06,394347.0,1613.25,2.277069192,15.07802952
20929,0.59,368588.0,1895.89,0.925715855,16.15247055
20930,0.91,138476.0,1586.12,2.263012085,14.16347135
20931,1.8,128370.0,1381.62,1.36828921,13.18206822
20932,1.26,143890.0,2293.8,1.598336516,15.80378221
20933,1.09,152410.0,2326.99,4.072782043,15.74581002
20934,1.85,276306.0,1750.59,0.950855291,16.11764549
20935,1.36,361064.0,1795.31,1.404627891,14.41659967
20936,1.1,373800.0,734.43,2.106590305,14.99723917
20937,1.85,270106.0,1097.0,1.039838212,13.42015456
20938,0.62,363353.0,1727.25,2.300133075,13.51301712
20939,1.64,331975.0,1027.97,0.590865466,14.45625775
20940,1.59,143922.0,1933.5,2.274721598,13.47562532
20941,2.65,143602.0,1792.24,1.283923894,13.86834452
20942,0.37,256517.0,1997.03,0.501241178,15.51453281
20943,2.66,358200.0,1851.11,-0.117834608,15.12399339
20944,2.12,279716.0,1502.38,3.429171722,13.48165135
20945,0.35,250039.0,2623.03,1.087940411,13.42270389
20946,1.83,178522.0,1616.4,4.557687903,13.53840467
20947,1.34,146537.0,1761.06,2.822534189,12.22268577
20948,2.26,348609.0,1858.88,1.919328493,13.92665017
20949,0.24,240178.0,1355.8,2.759749474,16.66431137
20950,2.13,140270.0,2500.89,2.750650914,15.88834273
20951,1.77,267365.0,2004.06,1.909744234,17.47116335
20952,1.49,144710.0,1819.75,2.004449789,15.41955562
20953,1.33,270306.0,1709.72,1.237299171,13.81004217
20954,3.88,143180.0,1980.08,2.496873028,13.01450411
20955,0.88,348353.0,1233.29,2.382819347,15.49639441
20956,0.88,368645.0,2060.55,1.347027556,15.02747117
20957,1.2,134129.0,1713.16,1.454597114,14.43450805
20958,1.34,398404.0,1569.96,2.243795094,16.8460425
20959,1.01,172439.0,1208.31,2.243896337,14.5162376
20960,1.55,341532.0,1846.97,1.739012107,13.4957015
20961,1.06,350163.0,2486.3,1.550689317,15.16696102
20962,0.7,368343.0,2531.31,1.582100533,14.49430478
20963,1.59,156158.0,2484.02,2.154311089,11.710899
20964,0.0,277093.0,1920.24,1.866664326,13.4792073
20965,0.7,124195.0,729.58,4.273408676,16.55332918
20966,1.5,384331.0,2606.52,1.329070093,16.04559271
20967,1.63,368768.0,1836.83,1.732410991,14.29703756
20968,0.9,388269.0,1375.32,2.899454291,15.47521587
20969,0.67,348804.0,1536.92,4.276009334,16.95132383
20970,1.45,342378.0,1893.37,0.931987259,14.96535392
20971,2.01,239248.0,1853.01,2.222964745,15.23784948
20972,2.32,376860.0,1345.62,0.929941137,15.5381996
20973,1.86,233392.0,2282.9,1.537219315,13.0201805
20974,1.37,281198.0,2223.49,2.363651264,14.9466573
20975,0.81,134705.0,1892.91,3.162089098,16.88536316
20976,1.83,352126.0,1801.99,1.627136741,15.16109947
20977,1.66,155376.0,1966.96,3.122720399,14.41191233
20978,1.34,155800.0,2057.33,2.396852646,14.74175692
20979,1.21,150589.0,1299.95,1.099071292,14.25566612
20980,2.0,270380.0,835.43,2.731840968,11.63757279
20981,0.41,377502.0,2364.68,1.624202103,16.00034019
20982,0.55,145700.0,2257.48,1.890784499,14.28633976
20983,1.58,135268.0,1556.99,3.914842232,15.54357215
20984,0.65,242474.0,1208.98,1.919475886,16.96199631
20985,1.39,379842.0,1794.53,1.01769363,16.36853187
20986,1.62,257429.0,2376.12,0.631947134,16.49749504
20987,1.45,121265.0,2020.75,1.834806556,14.42775657
20988,1.9,255669.0,1417.16,2.980140511,16.38532371
20989,0.86,383297.0,1472.92,4.063652275,15.26910527
20990,0.28,154183.0,1841.49,2.339557648,13.56000672
20991,1.51,395548.0,1775.24,3.783688896,16.47782803
20992,1.87,142265.0,589.89,2.054623351,16.43913069
20993,1.18,375665.0,1441.91,1.450142672,14.98119043
20994,1.27,363338.0,1477.95,1.213133438,15.08222942
20995,2.76,369916.0,2196.21,2.135559975,13.15756828
20996,0.67,368539.0,2222.9,2.732615067,15.88494241
20997,0.7,127640.0,1678.59,2.912021753,15.5453123
20998,1.6,137548.0,2215.18,3.322219497,15.97283068
20999,0.59,124362.0,2376.91,3.05909685,13.10373901
21000,0.89,159855.0,1954.83,1.792814679,17.54660578
21001,1.75,157817.0,902.48,4.134882179,17.73027397
21002,2.34,150831.0,1359.64,1.010233585,15.54931889
21003,1.5,372940.0,642.41,1.889735736,15.99707317
21004,1.92,380650.0,1567.63,1.719112749,15.00077754
21005,0.34,374084.0,2092.4,1.287965514,16.41071241
21006,1.38,371536.0,1931.02,4.544004384,16.25834528
21007,2.09,246908.0,1725.19,1.374395531,13.0906239
21008,1.97,375419.0,2114.4,2.345815143,15.67586856
21009,1.89,358136.0,2450.81,1.434646518,14.72477564
21010,1.7,131577.0,2357.05,1.788606496,14.64845901
21011,2.46,153535.0,1902.41,1.200776742,15.93436415
21012,1.58,142231.0,702.21,1.785057261,15.72537365
21013,1.6,154437.0,979.44,3.560497893,15.48389415
21014,3.31,391158.0,1851.68,2.065746698,16.35031529
21015,5.31,377742.0,2280.87,1.644130949,15.75878121
21016,1.74,360479.0,1575.58,3.915489959,15.46620472
21017,1.54,149428.0,1841.73,1.192539842,15.2475462
21018,1.14,286470.0,1780.52,2.561933793,14.12567291
21019,1.08,368238.0,1813.29,2.325251069,16.25766891
21020,2.57,126535.0,1126.08,1.317807828,16.62429983
21021,1.88,384244.0,2360.37,1.627640561,16.30105138
21022,1.29,390225.0,2244.39,1.02571127,16.44272507
21023,0.93,372661.0,1497.04,0.931633468,17.22756161
21024,1.61,178573.0,1374.13,1.637258207,15.44928278
21025,0.4,356204.0,1775.46,4.23921765,15.59968369
21026,1.83,150067.0,1523.71,1.087938084,14.17628912
21027,2.11,373700.0,2432.56,1.304657583,15.54664879
21028,1.12,372997.0,896.55,0.51018284,15.51171781
21029,0.88,376648.0,645.04,0.514311315,16.04878179
21030,0.8,370114.0,1864.61,3.063488406,15.26688163
21031,0.9,380847.0,1841.93,0.90698379,14.15875371
21032,0.0,269043.0,1940.48,3.304097284,16.33667231
21033,0.6,127331.0,945.06,2.12411005,15.93246331
21034,2.28,246785.0,1174.63,1.645158767,15.59890564
21035,0.76,144304.0,793.27,2.622791513,15.17844333
21036,0.55,360070.0,1858.4,1.750664158,14.03982818
21037,4.3,367523.0,652.27,2.578452164,14.0588423
21038,1.85,381198.0,1023.79,3.880650262,15.04082004
21039,1.59,163372.0,2555.67,1.665951661,13.79172488
21040,0.81,156406.0,1603.72,1.172989622,11.43148195
21041,1.62,249359.0,2026.02,1.575372724,16.26835882
21042,1.34,338374.0,963.53,2.825754033,15.92050396
21043,0.37,132470.0,2395.19,0.845407508,13.96873165
21044,0.22,168451.0,1824.2,2.97946572,14.14379929
21045,2.64,165320.0,692.29,1.59857752,13.80948419
21046,0.0,151478.0,1608.57,1.389187953,12.80809721
21047,1.72,369118.0,1871.11,3.817580196,14.94098604
21048,1.33,382912.0,1111.85,2.60931175,16.32106913
21049,5.7,374770.0,2180.34,0.564043134,15.94779597
21050,2.28,377248.0,1920.0,2.933488214,13.83456415
21051,0.85,141688.0,748.01,2.431627562,16.63672112
21052,1.44,381700.0,2051.57,1.172519312,15.73454153
21053,2.03,367123.0,1202.3,1.960870093,14.87630842
21054,1.69,365940.0,1330.66,1.544209275,13.55308336
21055,1.6,368848.0,2169.38,1.773816602,14.20722448
21056,0.72,372718.0,2410.1,1.779624466,15.68248206
21057,1.08,360570.0,2667.23,1.818997532,15.08229745
21058,1.52,381202.0,822.99,3.2153102,15.56178257
21059,2.3,147076.0,1633.8,0.837687626,12.58353563
21060,0.84,385288.0,1426.54,2.054581233,14.09824573
21061,0.15,240662.0,1940.01,1.314777167,15.39950671
21062,1.6,361637.0,1867.81,2.789500981,15.56498321
21063,0.34,355650.0,1813.31,0.832502144,16.06390477
21064,1.7,132461.0,1857.25,1.42473582,14.97985676
21065,1.92,254863.0,1886.74,1.040460449,16.54308606
21066,1.25,279408.0,2411.37,2.046436383,13.13965106
21067,1.49,152369.0,1437.5,1.9337354,15.51379806
21068,1.4,265937.0,1473.19,4.008668005,14.79414929
21069,1.55,385085.0,1159.94,1.127194436,15.64863167
21070,1.19,255179.0,2086.85,2.163852201,15.57695849
21071,0.76,361013.0,1888.51,3.780933593,15.4115596
21072,2.53,390209.0,1023.65,1.269173654,16.11945961
21073,1.62,375684.0,2024.4,1.945972617,16.15657626
21074,1.63,151261.0,1784.21,1.414063217,13.22941812
21075,2.13,130133.0,632.1,1.83523085,14.10590355
21076,1.25,368886.0,1898.76,1.577103421,15.2097496
21077,0.86,375237.0,1494.29,3.706500942,16.04394979
21078,1.97,128842.0,1425.56,2.039509733,13.63081371
21079,1.07,363485.0,2333.15,0.934619737,15.60985006
21080,1.95,343394.0,1765.51,0.930612178,12.45325906
21081,2.71,378002.0,906.12,1.57307845,15.66587522
21082,1.96,345609.0,2061.13,2.946801595,15.32172791
21083,2.03,255348.0,1830.71,2.816950065,14.73727453
21084,0.68,357801.0,2553.35,1.285622597,14.56022741
21085,1.76,154118.0,1690.02,4.221297747,15.09796555
21086,3.3,370657.0,1986.57,2.944859155,17.0324202
21087,2.07,174769.0,1440.26,1.556826319,16.07081547
21088,1.42,172941.0,1907.96,4.203361267,15.40740009
21089,1.17,363743.0,1969.06,-0.194918111,13.71471402
21090,0.94,360854.0,1312.96,1.935919962,15.83447752
21091,1.01,162635.0,627.54,2.880572132,15.05170504
21092,2.32,366461.0,1899.53,2.137032409,15.84322933
21093,2.1,360837.0,2085.44,2.392243887,14.63304941
21094,1.75,362525.0,602.33,1.504153468,15.69734222
21095,0.84,371465.0,1713.86,1.653838235,16.16783073
21096,1.38,245759.0,1643.64,1.68373627,13.3651039
21097,2.09,347663.0,1674.5,1.668815927,16.26831648
21098,2.12,263736.0,1678.71,2.166749279,16.33776754
21099,1.22,149119.0,2448.59,1.875942019,13.55160835
21100,0.59,148218.0,899.44,1.982663521,16.11982616
21101,0.26,382842.0,2130.94,4.349066545,14.98779987
21102,1.65,250601.0,1991.46,4.020331744,17.03245367
21103,2.03,354637.0,1193.32,2.216758678,12.71413003
21104,2.2,146953.0,1746.52,0.483353062,15.4362183
21105,1.22,170738.0,1972.93,4.524007398,12.88386178
21106,0.64,153964.0,1026.64,1.100010318,12.65719096
21107,0.59,394369.0,2020.56,1.310446949,14.4361609
21108,2.31,165001.0,1345.83,4.430987504,14.86235966
21109,1.36,366404.0,1176.08,1.526566977,15.31643784
21110,1.92,143258.0,1700.14,1.443619881,13.42463626
21111,1.14,375646.0,1576.81,1.749659733,15.76630565
21112,0.75,350215.0,1043.23,3.301638668,16.82737171
21113,0.7,114947.0,2177.95,1.419524921,17.42979413
21114,2.29,378214.0,893.77,1.470990732,15.44293318
21115,1.18,382895.0,1458.59,3.909603714,15.69393604
21116,0.32,143659.0,1808.32,2.253717894,15.32423789
21117,2.44,272607.0,1392.66,2.833923437,16.12095643
21118,1.8,164527.0,1501.08,1.474987049,15.02518425
21119,0.29,269943.0,761.94,2.31240131,16.96237224
21120,6.21,379984.0,2028.59,2.278496826,13.50448793
21121,0.94,374248.0,1925.91,2.074601731,15.66846772
21122,1.77,352306.0,2632.8,0.006006376,15.42412943
21123,1.07,368106.0,2384.23,2.054833673,13.27755342
21124,2.24,141345.0,1776.35,1.871434161,16.9148194
21125,1.98,170955.0,741.36,0.636038342,13.50105002
21126,1.23,379775.0,1685.06,3.43313597,14.81586812
21127,3.25,155072.0,1948.18,0.886515801,12.67373044
21128,1.85,165963.0,2395.75,4.412477279,13.87681422
21129,1.54,140330.0,1927.05,0.600925645,15.48934014
21130,2.06,370640.0,1550.35,2.072082731,13.89606823
21131,0.17,275028.0,2122.44,2.440597091,14.25340712
21132,1.83,366529.0,2474.03,0.108719446,16.04996571
21133,1.78,390378.0,2285.17,4.742553192,16.41731434
21134,1.53,382874.0,2160.05,2.869625774,15.69385693
21135,1.07,270875.0,1927.44,0.666200863,16.5023686
21136,1.1,355622.0,2210.78,1.452174245,15.95137843
21137,1.18,259161.0,1262.98,1.76097803,16.53700959
21138,1.8,370632.0,2196.63,1.787065855,14.31787269
21139,0.98,355772.0,1206.13,1.012564981,15.66236132
21140,1.8,381895.0,626.43,2.306450401,15.98590473
21141,1.51,358126.0,1241.72,0.304237579,14.92548738
21142,0.95,278347.0,2532.28,1.019329761,14.64637364
21143,2.27,367685.0,1812.76,1.779033858,12.79595705
21144,0.49,369365.0,779.89,0.915173353,14.81523631
21145,1.19,345710.0,2204.06,0.859300636,12.60875045
21146,1.14,377302.0,1244.34,4.099384968,15.56839275
21147,1.63,371519.0,1114.25,4.35903824,15.28219405
21148,1.73,376288.0,1503.28,2.271511115,11.93875906
21149,1.18,386720.0,1584.18,1.221752434,15.2713168
21150,0.27,379041.0,1987.28,1.450513386,15.87076255
21151,1.75,357856.0,1883.19,1.52258492,14.9905565
21152,1.52,148490.0,1946.68,1.730086391,16.04718637
21153,1.5,370295.0,2427.4,0.077639047,15.97771072
21154,3.02,360335.0,1911.09,1.166736502,15.43342647
21155,2.12,144790.0,1724.56,1.257118116,17.13830808
21156,0.55,375645.0,1870.76,1.342196151,16.41185004
21157,2.49,382980.0,1846.31,0.681738247,16.28370337
21158,1.08,243321.0,1739.73,1.233154205,16.36373021
21159,1.64,388214.0,1583.48,4.1778308,14.69690551
21160,1.53,380686.0,1965.46,0.74084016,15.5326159
21161,1.99,364556.0,1875.78,1.87234139,14.11629824
21162,1.53,354176.0,1772.65,2.320163334,16.33208425
21163,0.0,375600.0,2225.11,1.499042909,15.8920221
21164,0.89,163182.0,2130.02,3.270621613,15.53210804
21165,1.38,384753.0,2499.18,0.655521525,15.33132389
21166,1.52,167284.0,1927.47,1.668961823,13.80139565
21167,0.58,255700.0,1409.63,2.301898867,16.46591293
21168,1.01,364980.0,1844.34,2.89639375,16.1848256
21169,0.86,358042.0,808.12,1.786949038,16.762918
21170,1.2,369440.0,845.14,1.79905474,15.01209296
21171,1.15,349702.0,1879.34,2.100368485,15.47267688
21172,1.45,381594.0,1940.18,0.174620725,17.73027397
21173,0.89,255084.0,1889.62,1.124169784,15.3820596
21174,1.7,232882.0,1740.15,1.5151642,12.52940543
21175,2.03,121842.0,992.05,0.176159606,15.9246817
21176,1.98,377953.0,1659.4,2.438647237,15.90137106
21177,0.86,150050.0,1545.68,1.83247216,15.943052
21178,1.35,123886.0,1861.73,1.666741159,15.63451315
21179,0.61,386088.0,2070.05,1.349967972,15.32390934
21180,1.12,145280.0,2273.72,3.590486722,13.58350671
21181,1.93,367731.0,2262.45,2.593361991,15.38970535
21182,1.66,361181.0,1508.72,2.445989247,14.25676892
21183,1.38,401119.0,1830.07,4.306437035,15.32157885
21184,1.75,346188.0,2040.86,2.810491831,16.01106686
21185,0.77,349033.0,1853.57,3.292826561,14.38860972
21186,2.11,382104.0,1820.19,1.633389928,15.07119408
21187,1.91,236628.0,1656.17,1.895224761,14.09045801
21188,0.94,152428.0,1887.6,4.506374149,16.43656192
21189,0.41,359538.0,1414.22,2.018079054,13.98020068
21190,1.65,161402.0,794.71,2.164358595,14.36397557
21191,1.13,371007.0,2267.2,1.548886913,16.79071626
21192,3.82,116445.0,1858.56,3.733540682,13.40657601
21193,1.97,266069.0,1437.45,1.910586931,13.49843769
21194,2.26,394034.0,804.35,1.824773826,15.7562185
21195,1.91,381943.0,1622.32,1.749711761,16.44699897
21196,2.33,131911.0,1587.15,3.459621376,13.71512504
21197,2.36,268556.0,1690.9,3.16602031,16.45505097
21198,1.69,386983.0,1632.79,1.25316727,16.03174484
21199,2.38,390078.0,2449.28,3.722975042,15.39980849
21200,1.03,140325.0,1707.98,4.010975018,15.30377117
21201,1.73,132916.0,1750.56,3.5142693,16.72407499
21202,1.21,151018.0,1259.37,2.158491792,16.05666337
21203,1.69,378400.0,958.42,1.446539181,16.00364385
21204,1.4,151316.0,1905.6,2.350214507,15.00788065
21205,1.01,356881.0,1927.98,0.934336294,13.45660801
21206,0.76,133247.0,586.86,1.875663313,13.35833897
21207,1.32,151166.0,1967.6,0.77454131,13.69840737
21208,0.3,160780.0,2368.51,0.4752148,16.01728194
21209,1.57,149154.0,1722.62,2.084177223,16.02903097
21210,0.74,243877.0,2116.39,2.615341282,15.87221894
21211,1.36,125779.0,2584.86,4.26784307,15.18612531
21212,1.64,352487.0,1730.76,1.101274726,14.76396104
21213,3.6,173493.0,2488.45,1.535711355,16.31359574
21214,0.84,379158.0,1895.83,1.634759066,13.52039171
21215,2.3,246577.0,846.76,1.522710522,15.1699768
21216,1.4,154645.0,1419.59,3.194293629,15.7274233
21217,1.74,160659.0,2231.05,1.301645075,14.50537827
21218,2.37,262357.0,1370.94,1.261930491,13.52476079
21219,1.72,260751.0,1865.84,4.381523152,15.68498868
21220,0.44,127764.0,2172.45,0.92685545,13.08485212
21221,2.46,336743.0,2736.58,1.577131561,13.3642569
21222,2.02,259877.0,1936.26,4.180860059,16.18316777
21223,0.72,378250.0,1486.27,0.844493197,13.11802677
21224,1.43,281327.0,2052.77,2.834352246,16.69765238
21225,1.76,235548.0,1051.29,4.93924406,14.98566348
21226,1.81,336048.0,1037.23,2.011906684,14.50891142
21227,0.81,142949.0,1490.03,3.77560949,17.27889814
21228,1.44,378561.0,643.72,2.307186308,15.68883955
21229,2.69,370843.0,1590.52,1.907795598,15.52006428
21230,2.37,161828.0,868.32,1.405178938,15.03237921
21231,2.12,365641.0,950.71,3.334364901,11.65357808
21232,2.25,127673.0,1709.15,1.142139416,16.95171661
21233,1.46,380999.0,1109.23,1.339416757,15.09018406
21234,0.0,399156.0,2370.87,0.848896586,15.50767697
21235,1.7,341055.0,1722.76,1.806606957,13.40680819
21236,1.61,369610.0,1793.38,3.795509301,16.7252186
21237,1.24,260120.0,1532.04,3.251521491,16.73972616
21238,1.35,370079.0,1905.8,4.544822094,15.65957626
21239,0.47,154370.0,1414.31,3.106415627,15.7823735
21240,1.54,375296.0,1342.9,1.721739249,12.5968005
21241,0.9,275882.0,1792.99,0.630341551,14.26684452
21242,0.94,179335.0,1700.58,2.005614671,15.65012803
21243,0.83,136970.0,1383.88,2.663284032,15.43959412
21244,1.19,363728.0,892.02,1.928941239,15.80647676
21245,2.12,242059.0,586.86,2.807351263,14.84138661
21246,5.12,249124.0,1625.08,1.850870875,13.62073676
21247,1.47,376491.0,1179.07,1.634488421,16.65461229
21248,0.7,377785.0,2289.26,3.677597102,16.87586206
21249,1.5,263687.0,1005.04,1.974065806,14.29867553
21250,0.99,389744.0,1114.65,0.505926996,16.41971297
21251,2.41,256566.0,1958.8,0.220280533,13.98270518
21252,0.89,357860.0,630.35,3.766750576,14.7393354
21253,1.17,375969.0,1866.69,1.364126288,12.88205777
21254,0.56,399702.0,1917.1,0.590626796,16.07417222
21255,1.65,274447.0,2295.53,4.018809639,15.73749383
21256,1.6,250697.0,2253.09,1.473608589,15.92225068
21257,1.46,365327.0,1892.9,1.25359456,13.74532524
21258,1.1,357704.0,1698.25,4.068223127,15.83273989
21259,1.04,363107.0,2461.32,2.181758148,16.46996842
21260,2.07,127827.0,1095.96,2.111683824,13.04633073
21261,2.29,141980.0,1298.38,0.752729221,16.36801452
21262,1.61,151148.0,1762.0,1.956498882,11.71010153
21263,0.86,355459.0,1316.62,1.031436818,13.5978816
21264,0.63,155463.0,1891.09,4.561869705,13.54439691
21265,1.53,374340.0,1867.39,1.354509091,14.89407016
21266,6.64,362787.0,1793.2,2.895685756,15.62784891
21267,1.44,370152.0,2054.62,1.879504747,16.6006189
21268,1.03,142270.0,1781.0,2.93607178,16.01400372
21269,1.21,152776.0,1739.27,2.71772484,15.23166612
21270,1.84,367474.0,631.74,2.277348107,13.8651122
21271,0.0,393237.0,2000.02,2.700900079,14.04256521
21272,1.46,357356.0,1578.23,1.205878381,11.57836987
21273,1.34,365104.0,1691.37,3.273581698,15.35042663
21274,1.17,385139.0,812.2,4.283315607,15.05396466
21275,0.59,132604.0,2618.41,1.364914934,15.22968292
21276,1.0,363376.0,2222.22,1.44964755,11.69125359
21277,0.89,378919.0,1900.28,1.348481823,15.88185559
21278,2.04,163061.0,2485.16,2.603418137,14.55823194
21279,1.06,142444.0,1949.97,2.624419556,16.55713733
21280,1.26,149611.0,2349.72,1.531714493,16.27516815
21281,2.06,359897.0,2415.12,0.83032763,15.27249612
21282,2.44,347820.0,1809.43,1.941467204,14.93056696
21283,0.36,360336.0,2087.9,0.313789361,16.45023206
21284,1.35,377239.0,2112.72,4.317687408,15.11977423
21285,0.44,384327.0,2100.83,2.337603227,15.99280142
21286,1.16,247923.0,1845.78,0.447937266,15.73285175
21287,5.92,355547.0,2295.74,1.958205332,15.56149563
21288,1.58,366999.0,665.98,1.51659471,12.94020181
21289,1.87,137797.0,1702.7,2.29769563,15.85178608
21290,2.35,136634.0,1081.67,1.792033752,13.29042052
21291,0.53,363908.0,1365.36,1.334081291,16.92471907
21292,0.85,178229.0,2202.88,2.20521476,14.68185458
21293,0.09,379757.0,3047.82,1.462298275,15.42213747
21294,1.59,149958.0,1371.51,1.732164426,15.06665638
21295,0.52,146076.0,838.9,4.586003305,16.13644265
21296,0.78,163562.0,1645.77,1.710263097,15.89756623
21297,2.29,351375.0,1894.45,3.817296354,12.71785761
21298,1.63,257699.0,2250.64,4.262540668,14.24939971
21299,1.94,267468.0,2479.63,3.621104396,14.78226258
21300,1.5,143556.0,1487.51,1.725872832,16.12157413
21301,1.87,377925.0,1719.12,4.688727749,12.18006741
21302,2.46,268526.0,1085.72,1.437840968,15.63501043
21303,0.0,150636.0,2052.56,2.198226157,15.79575642
21304,1.6,279787.0,614.35,1.000955836,16.4100662
21305,0.52,145139.0,1829.52,-0.219189192,16.3872908
21306,1.51,363768.0,1823.88,1.52198702,15.99369369
21307,0.18,385773.0,1785.12,0.06956472,16.67925608
21308,1.83,390604.0,1596.1,1.740484073,15.54975253
21309,0.73,377871.0,1768.68,1.774019047,13.65569261
21310,2.26,369807.0,2526.99,3.751242287,17.46548608
21311,2.33,260594.0,1767.01,0.494925806,16.22058186
21312,1.25,278761.0,2374.12,3.605485897,14.56115759
21313,0.99,155970.0,2352.55,2.241461166,12.30220923
21314,2.14,259098.0,1763.19,4.557217903,16.329206
21315,1.06,157068.0,1741.61,1.210155382,15.23239987
21316,1.8,378451.0,2413.2,2.388703557,16.12091183
21317,1.51,358236.0,1608.75,3.814284769,13.77306927
21318,1.68,373690.0,1663.41,1.625831237,15.44125946
21319,1.95,359773.0,1008.12,1.520531991,14.87693323
21320,1.72,123709.0,704.51,1.884506363,12.95865252
21321,1.51,352614.0,809.94,3.928963567,14.71780183
21322,1.73,165848.0,1040.74,1.498430963,15.54585724
21323,1.54,239661.0,817.55,1.537255285,15.56140917
21324,1.46,166859.0,778.98,0.701885222,16.01270017
21325,1.41,349691.0,1964.95,2.83379663,17.66016576
21326,2.18,359694.0,806.26,1.505511091,16.33528339
21327,0.98,147344.0,1914.39,1.591133341,15.66940371
21328,3.89,241660.0,1247.69,0.939460975,15.48889432
21329,1.49,371892.0,1911.89,3.151972682,16.92175978
21330,2.25,141416.0,1106.45,2.213660364,15.49123775
21331,2.27,355888.0,2267.04,2.917774104,16.24832615
21332,1.85,263874.0,2013.57,4.740962317,16.4247007
21333,2.05,219136.0,1705.54,3.6670662,15.61632559
21334,2.41,252377.0,758.63,4.625248663,12.48440521
21335,1.05,373582.0,2206.39,0.383691431,15.3136764
21336,0.02,271880.0,1853.34,3.745831579,15.3854384
21337,1.35,271950.0,696.63,1.117414756,17.62196796
21338,1.35,380821.0,2361.1,4.692290354,15.35903291
21339,1.08,137400.0,2453.59,1.943366894,15.69308265
21340,0.58,162892.0,915.41,2.244923292,14.76225842
21341,2.28,379071.0,676.88,3.738763483,15.84030168
21342,1.94,372922.0,1371.33,1.821379455,13.65830685
21343,1.34,377951.0,664.84,1.62504417,12.87023147
21344,1.8,357186.0,1532.85,2.766970942,15.00323497
21345,0.79,396138.0,1599.24,3.878155306,16.69231237
21346,1.66,241432.0,1333.16,2.022056648,15.61716176
21347,1.63,270791.0,1591.59,1.012578364,13.60283908
21348,1.89,169415.0,1571.52,1.467448488,15.1763011
21349,1.46,341493.0,1891.12,1.088511897,16.01616322
21350,0.0,175173.0,1760.38,3.75469103,14.74710716
21351,2.15,170124.0,1892.19,2.934464304,14.21493606
21352,1.49,384318.0,1878.53,3.798481852,15.20758042
21353,0.51,389077.0,1237.95,2.905251075,13.44580295
21354,1.49,238500.0,1588.15,1.023767928,15.55293695
21355,1.8,374492.0,1054.42,3.660567433,14.38384979
21356,0.73,147608.0,859.44,1.084659518,17.43462697
21357,1.95,359604.0,1825.26,0.300052488,13.04066451
21358,1.64,356479.0,969.34,0.734479985,15.07711148
21359,0.13,376468.0,1664.94,1.237824796,12.85261006
21360,2.8,373006.0,1994.85,-0.326393035,15.14276331
21361,1.97,146419.0,1392.89,3.854459747,15.86873685
21362,1.77,363209.0,2661.27,1.259973166,13.01572889
21363,3.02,252388.0,1150.18,2.177371217,15.03141929
21364,0.33,364759.0,862.38,2.492394727,15.80390256
21365,2.83,233872.0,1912.12,2.130458636,15.72146316
21366,0.3,145477.0,888.4,3.370977385,14.640398
21367,2.49,378069.0,1904.19,1.052785967,13.76726226
21368,6.37,343250.0,2345.46,1.850128678,14.74699052
21369,0.81,257697.0,1682.96,1.883004381,13.96038679
21370,1.39,362490.0,1797.39,1.65080194,15.19449556
21371,1.35,253300.0,2271.24,0.566581116,15.71891121
21372,1.1,247861.0,1549.9,1.934956303,16.44927569
21373,1.02,376744.0,1494.84,1.876533664,16.33308885
21374,2.09,139617.0,2151.97,4.322626168,14.82185411
21375,1.83,359866.0,2011.47,2.382261673,16.29594034
21376,1.69,384108.0,1305.35,0.545369761,15.70402371
21377,2.35,384600.0,1835.14,2.126715342,15.67393238
21378,1.12,384529.0,1420.61,1.924894091,14.75048538
21379,1.26,261896.0,2891.38,2.475695826,15.59412354
21380,1.32,159609.0,2288.55,2.943715502,13.65725051
21381,0.53,357670.0,1847.27,1.908311235,15.43251024
21382,1.23,373619.0,935.15,1.039968866,15.25718522
21383,2.28,393241.0,829.6,1.74299386,15.49132202
21384,1.24,358130.0,1514.53,2.750133479,16.68780805
21385,1.92,133093.0,2159.88,3.275855607,17.05500124
21386,2.05,135383.0,586.86,1.871636852,15.78752982
21387,2.28,401119.0,2491.02,3.55676854,15.10154895
21388,0.81,142461.0,1256.65,2.089075525,16.7425058
21389,0.55,138695.0,1906.61,1.355221452,14.72568493
21390,2.16,370638.0,781.25,-0.007083016,15.22274225
21391,1.06,385377.0,2087.6,2.260286851,15.79735533
21392,1.17,390419.0,1330.91,2.477706271,15.28901034
21393,1.75,162826.0,969.13,1.621617517,14.49579504
21394,2.92,370855.0,763.82,1.653861929,16.69742166
21395,2.07,275982.0,1582.83,0.468708421,15.72575171
21396,2.97,137237.0,622.18,2.398662917,16.27034176
21397,1.31,262957.0,1944.15,4.57819825,16.26565919
21398,1.41,257922.0,1979.88,1.966022707,15.62507716
21399,1.29,361524.0,1601.54,1.618365893,15.30483407
21400,0.07,391525.0,2269.66,4.332613569,13.95208727
21401,1.39,350541.0,1824.32,1.971778639,16.24149273
21402,1.86,369346.0,1964.47,4.269086659,15.96633708
21403,1.1,361464.0,756.84,1.618881797,13.60474866
21404,3.48,381457.0,1841.61,2.331319402,15.74670531
21405,1.77,276821.0,2184.2,0.46178497,16.44773793
21406,1.41,171774.0,2220.19,2.23896317,14.66024994
21407,0.4,257618.0,1288.9,2.08751897,16.6029101
21408,1.73,360009.0,1437.49,2.11793045,14.17350075
21409,2.43,237162.0,1833.14,2.967453929,15.47699336
21410,0.85,377194.0,2497.39,1.874129376,15.31877068
21411,0.32,381283.0,2002.09,3.074574382,11.95790679
21412,0.31,164113.0,639.72,2.163032666,14.15319308
21413,0.66,373032.0,1789.06,0.680436518,13.92575612
21414,1.47,383090.0,1456.24,1.616030716,11.39726331
21415,1.34,249728.0,2428.95,2.135101493,13.59077969
21416,2.33,374936.0,1475.05,1.157791473,15.86466176
21417,1.72,136765.0,1445.9,1.748907373,15.20187908
21418,2.57,258012.0,1934.31,3.129472213,16.0004911
21419,1.13,158187.0,982.75,1.63094928,15.63029112
21420,1.16,156730.0,757.26,2.419239836,16.48224258
21421,2.2,363189.0,1834.31,3.05298096,15.04301914
21422,2.01,370910.0,2370.67,2.528360719,16.25336746
21423,1.4,152296.0,1476.31,1.621755733,14.19639714
21424,1.28,349590.0,1988.12,3.318031288,15.22294032
21425,2.43,135213.0,2142.04,3.07838649,15.83067207
21426,2.51,373121.0,1819.1,2.235964341,15.87090898
21427,0.8,372283.0,1809.86,1.682027294,15.96079929
21428,1.19,364707.0,2301.58,1.958149497,14.6726316
21429,2.13,145353.0,1350.84,2.730622766,16.27571158
21430,0.92,147636.0,1671.5,1.817007661,15.58118069
21431,0.97,365102.0,1218.94,0.487938366,15.42126707
21432,2.39,251186.0,755.71,2.803256185,12.28533075
21433,1.62,352192.0,2103.18,2.4224848,12.15914009
21434,1.01,244145.0,2374.67,3.093330344,16.13228956
21435,0.61,385471.0,765.53,3.357517843,14.94672365
21436,0.87,378575.0,1734.5,1.851505757,14.82196755
21437,0.94,377619.0,1635.06,1.462374683,14.8195952
21438,0.0,149817.0,1834.79,2.275791387,15.67671314
21439,2.2,119145.0,1187.77,1.5146678,16.47018651
21440,0.0,123503.0,2464.84,2.025933999,16.07770676
21441,3.11,148513.0,1450.31,3.728997924,13.48703628
21442,1.29,140278.0,2273.07,0.897958161,14.6321111
21443,2.72,127976.0,1929.25,1.891282109,15.94211189
21444,0.92,131394.0,2422.25,1.392192385,14.70282447
21445,1.9,351285.0,1457.08,2.144245215,14.4085186
21446,2.27,391318.0,1956.47,2.21296352,13.66300924
21447,1.47,369724.0,1729.25,1.11211953,15.26666293
21448,1.91,273533.0,1007.15,1.098296244,16.55247835
21449,1.83,351610.0,1842.04,2.690667702,15.52456645
21450,1.16,148838.0,1523.63,2.938693106,16.05662613
21451,2.42,352752.0,1975.05,1.905409102,13.37532572
21452,0.91,371043.0,2360.14,3.467055237,13.96826581
21453,1.81,147281.0,2524.3,1.709875908,15.12638529
21454,1.92,248265.0,2473.14,4.601159156,13.30017142
21455,1.6,132144.0,2373.83,0.04606483,15.84376675
21456,1.66,350239.0,1890.44,2.737874111,13.99312614
21457,1.93,255748.0,2533.84,1.430284339,13.1563993
21458,2.55,378021.0,2202.29,2.840013834,15.89875632
21459,0.38,265292.0,2006.5,3.989590139,12.75616133
21460,2.24,356191.0,2014.59,1.686823034,17.06222732
21461,2.13,374642.0,1089.33,1.575470251,13.63533535
21462,1.45,381483.0,2056.7,2.088740632,16.55995839
21463,0.91,137374.0,2197.02,-0.020736758,15.77179679
21464,1.52,363357.0,1467.53,1.59226498,16.36172451
21465,0.86,346845.0,1849.28,1.484361848,15.7675485
21466,0.45,361346.0,1662.94,3.131413432,12.93174023
21467,2.2,136575.0,1910.61,1.080235936,12.92099725
21468,0.95,379048.0,1843.36,1.325784698,15.95831745
21469,0.4,121881.0,795.9,1.94732979,16.82597132
21470,2.32,147295.0,2289.03,2.654213018,12.1252403
21471,1.31,132657.0,2442.05,2.866844736,15.58622209
21472,1.22,248055.0,2281.33,0.54855537,15.96085749
21473,2.26,354016.0,1953.47,0.863574948,16.2548093
21474,2.47,366210.0,1927.89,2.037489658,16.20926056
21475,2.07,374491.0,2003.61,1.663355062,14.73953997
21476,0.85,270863.0,1740.65,4.070232083,13.76389856
21477,1.66,135357.0,2232.82,2.148464461,16.75610999
21478,1.48,358821.0,1529.25,2.204791894,13.35156862
21479,0.26,152223.0,1618.76,1.465915567,15.80577092
21480,0.38,168937.0,2389.91,2.087612333,15.10668647
21481,1.51,153927.0,2012.68,1.945190626,16.89186648
21482,1.89,390063.0,1968.55,3.125252906,17.27632025
21483,0.6,384541.0,2486.4,1.879379462,13.55437739
21484,1.68,343413.0,1027.89,0.703389883,14.93729731
21485,1.47,136291.0,1996.69,1.294346638,14.89210066
21486,2.59,274655.0,821.97,2.092544182,15.39852415
21487,0.0,367327.0,1024.83,3.910113124,15.37911818
21488,1.56,359803.0,1323.07,3.190978574,15.8861987
21489,0.0,162550.0,1779.31,1.98670803,17.30118948
21490,1.52,380770.0,1816.67,2.066481594,15.95428166
21491,1.83,372157.0,1291.89,1.435102893,15.04044665
21492,1.76,390893.0,2397.67,3.534657268,13.30285569
21493,1.47,274004.0,933.74,1.154785813,15.33706566
21494,0.58,239389.0,1770.2,2.213791041,15.97886938
21495,2.27,159968.0,3047.82,2.331663188,13.80396212
21496,1.3,373524.0,1295.89,3.269343552,13.4139155
21497,0.55,369808.0,1990.25,2.077736916,13.6380259
21498,0.96,367249.0,2644.71,3.958523955,16.05636585
21499,1.23,152309.0,1758.36,1.780051024,15.37830342
21500,1.08,372405.0,1389.74,0.658791473,13.92872641
21501,0.98,122417.0,1836.63,2.481997453,16.15565913
21502,1.79,379144.0,1876.34,1.676553994,12.76150676
21503,1.73,133624.0,1839.14,2.06468966,16.42869785
21504,0.78,268805.0,1836.71,0.194316013,16.58012288
21505,2.25,381786.0,1713.76,1.094920949,14.19828975
21506,1.04,249786.0,2208.19,1.44215083,13.03370323
21507,2.14,144416.0,1896.07,0.788462892,16.38016035
21508,1.17,372434.0,2313.24,2.550551867,15.5405535
21509,2.17,165726.0,1880.3,3.388469327,14.17053591
21510,0.27,380354.0,1428.32,2.424010865,16.38015758
21511,2.66,373216.0,997.9,3.031704231,15.21377121
21512,1.27,374365.0,1504.8,3.799816606,14.6702716
21513,1.17,266479.0,2176.07,0.98249141,11.63864026
21514,1.4,271911.0,1499.6,2.072927458,14.72057294
21515,1.31,365751.0,1607.59,1.587882868,14.19619866
21516,0.88,393830.0,1338.24,3.806374291,17.04954688
21517,1.46,252317.0,1355.37,0.972398991,14.77568513
21518,2.31,254905.0,774.62,2.256442421,15.11885065
21519,1.16,353973.0,2588.78,1.963420143,15.87174764
21520,2.16,269812.0,1323.66,0.83194284,15.28110944
21521,2.13,353240.0,2457.83,3.549473681,16.43783971
21522,1.43,386228.0,1757.24,1.48122258,15.86792556
21523,1.64,146190.0,1903.8,3.93568417,15.93533074
21524,0.62,246797.0,1838.14,2.697480252,12.8873924
21525,1.22,161462.0,2053.28,1.527373634,14.59537608
21526,2.31,132757.0,1891.66,3.516576996,14.70069921
21527,1.59,145226.0,1347.73,0.974473717,15.61970367
21528,0.59,260044.0,1878.52,1.5318078,13.322651
21529,0.74,358426.0,1855.88,3.219276953,16.78464265
21530,1.69,260123.0,2523.31,4.605006638,15.95546524
21531,1.48,374105.0,2036.89,4.405792174,16.00117856
21532,1.47,353387.0,963.94,2.934533517,13.07043226
21533,1.07,349627.0,2542.72,1.170306628,15.837958
21534,0.54,247860.0,1911.63,1.843799702,13.4586641
21535,1.45,376404.0,1501.24,4.331383838,17.63443343
21536,1.0,142004.0,1868.76,1.629732642,13.14417942
21537,2.25,244938.0,2369.31,2.213893644,14.54787685
21538,0.64,128359.0,2582.2,4.534012525,15.98237317
21539,1.62,253617.0,1407.23,4.545251611,16.04563582
21540,0.74,376310.0,1761.16,2.058256313,13.88952095
21541,1.29,268848.0,2505.82,1.685982192,13.40739581
21542,2.11,378501.0,2006.02,2.652304135,15.24324481
21543,0.85,353360.0,2443.53,0.34384838,13.49273418
21544,0.37,361221.0,1864.23,2.308493512,16.3970784
21545,1.87,122919.0,1783.95,3.680596707,15.93120725
21546,1.4,290405.0,1979.16,1.534659424,15.51496635
21547,1.62,379220.0,2380.58,1.659138431,15.3800287
21548,0.42,386101.0,2395.34,2.999715687,16.22488743
21549,0.6,149273.0,1445.49,1.423741399,13.46111236
21550,1.14,378087.0,2415.4,3.71512248,15.36618354
21551,1.45,259052.0,2325.09,0.655718463,15.39620647
21552,1.97,339747.0,2579.07,2.850471468,16.74099608
21553,0.51,373666.0,1889.27,4.611196043,16.23482564
21554,1.53,358943.0,2201.94,0.964433891,15.98165823
21555,1.34,348210.0,1983.76,2.17941077,15.71414108
21556,1.02,350991.0,2205.95,2.035595706,13.53485822
21557,2.11,159078.0,1101.63,2.081984842,13.54364494
21558,0.31,396398.0,1235.98,1.465765874,16.03214837
21559,1.07,381993.0,2509.92,1.704386845,15.88745423
21560,1.72,258251.0,1545.4,2.114171968,16.07693708
21561,2.14,165881.0,2374.73,0.062573907,14.5739777
21562,0.75,143098.0,865.65,2.157997921,15.94582357
21563,1.38,117639.0,2580.9,1.101736759,12.77475246
21564,0.18,154988.0,2367.47,1.609958909,15.62462518
21565,1.05,275299.0,1940.84,2.033296646,13.66843234
21566,1.73,365352.0,2367.36,1.13961381,13.99194796
21567,0.93,257636.0,786.87,0.268794862,16.27868604
21568,2.49,361170.0,2586.26,0.826724692,15.93135811
21569,2.14,336931.0,1079.45,0.283874499,16.76264121
21570,0.87,268364.0,926.59,1.762933483,14.13786904
21571,1.42,350642.0,1760.78,2.074566553,12.99938708
21572,2.22,274203.0,1845.58,4.560137206,16.78581298
21573,2.13,379725.0,2199.85,3.853698871,12.55700475
21574,0.57,374788.0,2021.14,1.205084519,16.44584468
21575,1.59,362671.0,1570.52,2.770481172,15.44901064
21576,1.47,239519.0,2057.94,1.169190639,15.75176005
21577,1.56,146647.0,1777.5,0.703419277,12.37589672
21578,1.52,254175.0,2837.39,0.919713192,13.58211194
21579,1.2,366304.0,2546.83,2.523642928,14.30024838
21580,1.62,401119.0,1869.03,2.31312284,16.09870117
21581,1.46,151615.0,622.04,3.946070996,16.57532441
21582,1.58,123139.0,2468.0,1.64676739,16.41720304
21583,1.98,385417.0,1915.54,2.650604431,15.74416418
21584,1.95,143462.0,2682.72,1.599092755,15.9056344
21585,1.69,378422.0,1118.2,1.662163006,15.23835573
21586,1.47,249123.0,1675.92,1.659717335,16.39832173
21587,0.37,272982.0,2060.8,2.729303836,14.32267647
21588,1.42,379680.0,2632.69,1.954594263,15.76121252
21589,1.05,143716.0,1622.08,3.585923544,15.70385815
21590,1.17,134483.0,1536.52,2.381036821,14.22665899
21591,2.02,390197.0,1239.06,1.201090879,13.24957799
21592,1.77,373971.0,1332.24,2.310360141,15.01101576
21593,1.6,146149.0,1666.44,3.853116613,15.01547961
21594,0.79,383809.0,1284.21,2.693163474,13.72884942
21595,1.31,366642.0,1419.17,3.737999994,15.84477116
21596,1.57,363692.0,2360.35,0.500378681,14.78612739
21597,0.72,386998.0,854.81,0.902260366,14.41442492
21598,0.03,369068.0,2123.05,1.838561633,13.47031084
21599,2.4,121353.0,1833.27,3.852875477,15.28545319
21600,1.52,265321.0,1968.84,2.504898026,15.78026545
21601,1.73,274478.0,1813.28,1.680934419,13.61091602
21602,1.48,239331.0,2131.73,0.445253538,16.52180217
21603,1.18,393518.0,870.31,4.284308638,14.59107137
21604,1.96,146329.0,1374.54,3.647365844,15.38374845
21605,1.73,241075.0,1443.72,3.822159013,16.71051878
21606,1.7,255362.0,1836.77,1.903778841,15.34975481
21607,1.16,135248.0,1700.94,3.368407576,14.27940624
21608,2.2,250462.0,2187.13,0.536975145,16.24427901
21609,0.65,376560.0,1874.7,3.546216307,15.19029734
21610,1.39,115813.0,2070.85,1.592204924,13.60975535
21611,1.83,234360.0,1233.93,2.002837831,16.10148709
21612,0.9,164890.0,1849.6,1.235036262,15.62009199
21613,1.0,166495.0,1874.38,1.603666338,13.18619016
21614,1.6,140215.0,2161.47,1.769877697,15.34045505
21615,0.87,381882.0,1944.87,0.435132504,16.09210046
21616,1.41,119500.0,1738.16,1.193652076,14.84428752
21617,1.61,149452.0,1877.65,4.139915157,14.8856365
21618,1.38,354252.0,586.86,4.356665972,13.78559879
21619,1.43,355631.0,1763.49,3.149470727,15.52112358
21620,1.97,369003.0,1781.04,1.934158648,14.40231099
21621,2.59,363263.0,854.4,2.606407731,15.10755696
21622,1.06,362397.0,1695.05,1.732111978,16.99665068
21623,0.82,370222.0,1822.01,1.674476052,12.92149464
21624,0.97,389216.0,762.75,1.464166936,13.44163915
21625,2.29,254671.0,879.19,1.104663707,13.75332731
21626,1.35,272060.0,2543.89,1.111538532,13.46126107
21627,2.02,375951.0,2540.87,2.44931571,16.5795844
21628,3.1,127732.0,1813.46,0.388143998,13.72479343
21629,0.95,380793.0,2113.21,4.298333113,14.67880111
21630,1.51,162833.0,1620.69,1.56793485,15.63956259
21631,2.19,373530.0,1885.21,4.843536419,17.07296555
21632,1.71,245648.0,2250.35,1.305587595,15.5404005
21633,0.95,361097.0,1709.05,1.299763528,16.09230698
21634,2.59,131430.0,1798.68,2.445914262,15.54012542
21635,1.32,372445.0,2358.49,1.23269144,16.66316469
21636,0.6,156513.0,2356.63,1.472885091,13.86042709
21637,1.83,158634.0,1353.88,-0.020742697,15.908742
21638,1.8,374642.0,1003.09,4.657527537,16.34191927
21639,2.19,354285.0,1569.44,1.268495347,15.12664245
21640,0.83,253801.0,2080.72,1.859242537,15.29964665
21641,1.75,373956.0,1841.95,1.491292609,15.08051986
21642,1.28,391377.0,1815.29,1.893387715,15.36021827
21643,1.07,375463.0,2541.61,1.657872131,13.27566806
21644,1.9,251905.0,2037.64,2.281135261,15.83793398
21645,0.72,251825.0,2888.37,2.046758166,16.21403159
21646,1.0,388185.0,2013.23,1.457931931,16.1021358
21647,1.35,365345.0,2173.02,3.342546316,17.11405977
21648,1.15,129366.0,1259.45,4.578572326,13.67081805
21649,1.5,138157.0,2406.68,1.262563477,15.34272765
21650,2.09,126996.0,1790.94,2.772565675,15.65881656
21651,1.06,337998.0,1977.6,2.699696691,16.10286583
21652,1.57,360723.0,2444.84,1.918388433,14.37679022
21653,1.76,246723.0,1180.67,1.258634103,13.85832702
21654,0.79,390459.0,2483.0,1.396526531,16.07381667
21655,1.38,161734.0,1311.14,1.989850682,12.52311372
21656,1.66,388347.0,2185.03,1.463096811,15.48924869
21657,0.37,378812.0,2378.26,1.204811719,15.29591981
21658,1.42,135485.0,2357.06,1.961228489,16.58584638
21659,1.19,284442.0,1629.47,1.851608861,15.37091785
21660,2.04,348724.0,1909.28,3.977208886,12.67863945
21661,2.01,160443.0,2491.73,1.433113412,14.15518117
21662,2.6,128864.0,2343.98,1.032919629,15.26004017
21663,1.67,152018.0,1743.11,0.399194564,15.59089864
21664,0.66,375545.0,1922.46,2.17741652,15.37839203
21665,1.47,248885.0,2003.97,1.285597752,15.32553229
21666,1.69,260655.0,1137.9,1.896722971,13.83663593
21667,1.39,382655.0,1819.97,1.512989872,15.82686131
21668,1.4,376992.0,1785.09,1.872591108,12.54990748
21669,1.1,376322.0,2425.65,3.939231916,15.3530786
21670,0.59,140407.0,1333.97,-0.296922366,15.67463495
21671,0.69,135131.0,2048.37,2.640520055,17.37207515
21672,1.57,383060.0,2454.92,1.515293144,14.51092872
21673,1.17,114947.0,2243.02,3.613521335,16.142417
21674,1.63,251876.0,2360.32,1.671835416,13.38689937
21675,0.79,257022.0,1444.68,1.151687605,14.15205748
21676,1.27,376740.0,2343.04,1.669753821,15.8625673
21677,1.17,136545.0,2118.84,1.888856332,15.35180886
21678,2.1,264638.0,1183.37,1.153452924,16.53285893
21679,1.66,364040.0,609.97,3.687205699,16.41197524
21680,0.95,369411.0,2054.61,1.832821614,15.41214006
21681,1.89,131861.0,1868.66,1.570480412,15.66676911
21682,0.33,177102.0,1598.55,4.93924406,16.11591568
21683,2.6,358888.0,1866.02,1.40914659,15.4957213
21684,1.43,395349.0,1642.54,4.181732632,14.09492722
21685,0.49,347528.0,827.7,1.749377152,15.13370848
21686,1.31,383963.0,2171.77,1.24121483,15.29909224
21687,0.71,373030.0,989.01,1.937800904,14.76360312
21688,0.92,240409.0,1238.04,1.584676944,15.3081316
21689,1.69,151328.0,1815.33,1.113888429,15.83482386
21690,0.57,365221.0,1083.14,2.225564265,15.25332193
21691,2.21,159123.0,1600.25,1.799829887,13.83952412
21692,0.99,256829.0,2385.34,2.458988536,15.79057647
21693,2.17,365250.0,2193.13,1.942745817,14.186246
21694,1.6,384304.0,2327.63,1.00746454,13.50350181
21695,1.0,134613.0,1315.03,0.878514078,11.2583727
21696,3.44,147661.0,2502.06,1.627955416,16.15257581
21697,1.61,369219.0,1683.69,1.770329057,15.50144843
21698,1.38,133763.0,883.56,1.207876908,11.25898067
21699,1.68,391342.0,761.01,1.646817355,14.87321778
21700,1.97,132218.0,2398.89,1.933604727,17.17873951
21701,1.69,164099.0,784.48,2.570727374,13.67217691
21702,1.04,270787.0,1905.98,1.664371198,11.63257535
21703,1.26,253439.0,1871.05,2.647450872,13.48708511
21704,1.64,366896.0,1978.53,4.443209951,15.5784699
21705,1.06,165360.0,2339.39,4.138529339,15.64154222
21706,0.31,127475.0,894.85,1.936107212,16.44194917
21707,0.75,257685.0,933.08,0.47817238,13.96125477
21708,1.25,114947.0,1908.88,0.924063159,13.53486028
21709,1.93,377087.0,662.72,3.32270508,16.74559795
21710,0.99,382881.0,2026.48,1.734423456,14.94763684
21711,1.76,385132.0,1656.89,2.029893663,17.15707882
21712,2.11,150481.0,1703.77,1.752836622,14.22970234
21713,2.54,349066.0,879.6,1.853953827,16.04259194
21714,4.91,151290.0,1837.13,1.801079976,16.52109121
21715,1.77,146752.0,1890.77,1.862850532,16.83343801
21716,0.27,369255.0,840.11,1.565036743,15.87643571
21717,1.08,369948.0,2661.98,2.508398356,15.93749544
21718,0.93,257459.0,1095.85,1.534210884,12.30310517
21719,1.13,250698.0,2343.39,4.214955425,13.49666129
21720,0.0,273476.0,1793.53,4.887321706,15.76851567
21721,1.49,139269.0,2517.0,4.72106212,16.13613938
21722,0.6,155303.0,2126.3,4.583278788,15.23630822
21723,2.65,148259.0,2250.4,2.336178988,16.98658096
21724,2.0,363825.0,848.01,1.560884111,12.97198806
21725,2.53,154527.0,2212.47,1.768217125,15.5686325
21726,1.05,144681.0,1214.8,3.610701096,14.95977219
21727,1.69,371164.0,1906.59,1.612298648,13.02645321
21728,1.36,153885.0,2275.54,-0.058600737,15.92619323
21729,0.06,368664.0,1733.4,0.816000426,13.98139248
21730,1.56,372884.0,1209.97,3.626689549,13.47819881
21731,2.24,149669.0,786.62,3.512162941,13.36982019
21732,0.43,257549.0,1424.14,3.396320804,14.02996435
21733,0.19,385735.0,2396.82,2.120586809,15.96834904
21734,1.6,386575.0,1886.0,1.652175395,13.64643205
21735,1.95,277121.0,1558.13,1.826605282,13.32478233
21736,2.32,361297.0,1679.74,1.537231413,15.07215033
21737,1.63,144412.0,1394.65,0.217136001,15.66369954
21738,2.29,401119.0,1645.97,3.191788447,12.31235139
21739,1.35,238928.0,2200.52,1.154839397,15.3021594
21740,1.87,392747.0,2019.08,1.630118141,15.47121704
21741,1.73,141784.0,1229.14,2.447078975,15.95310223
21742,0.82,353569.0,733.9,1.012799584,15.79266127
21743,0.93,145378.0,1242.99,1.532159812,13.70127418
21744,2.07,151613.0,1857.22,2.027374862,13.96884499
21745,2.63,382863.0,2338.94,1.267001632,13.61374497
21746,1.2,384931.0,2264.67,1.533438993,16.17141246
21747,1.64,376792.0,1044.65,1.662853723,15.96536572
21748,1.01,343386.0,2371.89,1.507478094,14.83342347
21749,1.65,357831.0,1978.29,1.593010213,14.18856921
21750,2.5,272115.0,1870.79,2.368919691,16.36945246
21751,1.02,371153.0,2012.22,1.310608733,15.72069496
21752,1.24,244930.0,1005.0,1.589269727,16.50366275
21753,0.54,263294.0,1125.97,3.259583827,13.33855408
21754,1.35,367968.0,1894.6,3.026371466,15.40310185
21755,1.37,350710.0,711.11,1.368355612,14.9324018
21756,1.55,138587.0,1928.06,1.829487383,15.04354586
21757,1.04,139320.0,1738.54,2.440613829,15.37284716
21758,1.75,361058.0,741.15,1.847087102,13.75491348
21759,2.29,255424.0,2146.84,-0.323720685,16.26903389
21760,0.67,351319.0,2234.67,1.188760202,14.8956265
21761,1.68,146610.0,1066.29,1.942511416,15.68347131
21762,4.6,123894.0,1873.97,1.471387259,17.26127266
21763,1.44,367771.0,1723.07,1.04201558,13.9753055
21764,1.31,165050.0,2272.23,1.184188702,15.67365187
21765,1.34,399311.0,1953.18,0.145465696,16.03704193
21766,1.14,360669.0,2013.56,2.906831587,13.81828369
21767,2.01,375891.0,1298.59,1.488655593,11.2583727
21768,1.05,246023.0,1852.31,1.323426868,14.34074088
21769,1.93,360414.0,2363.15,1.907799508,15.47304508
21770,0.98,160608.0,1360.4,0.750684228,16.84941847
21771,1.47,258204.0,2219.61,1.530577263,12.90018673
21772,1.89,258322.0,983.6,2.294820417,15.69839312
21773,0.44,375764.0,1722.74,2.948654141,15.12341332
21774,1.1,379188.0,2551.54,1.661060372,16.29186488
21775,1.84,280064.0,2165.71,1.077712566,15.68042265
21776,1.59,150071.0,1931.72,1.03338119,16.67549438
21777,0.3,361719.0,707.49,2.098511414,15.44901878
21778,0.03,378074.0,1148.16,3.825645796,12.79392639
21779,0.88,343162.0,1823.37,3.312251275,12.39757109
21780,1.78,358767.0,1054.06,1.813236606,11.63745815
21781,1.42,257348.0,1941.78,2.040547401,16.47067423
21782,1.3,374915.0,2658.91,1.991472109,15.35844033
21783,3.05,124896.0,2357.52,2.285629489,15.69303324
21784,1.64,348917.0,2201.7,1.828668528,15.67324244
21785,1.76,342893.0,1869.94,3.656851624,13.35671235
21786,1.2,365876.0,716.27,2.200020732,16.14393151
21787,0.55,378633.0,1926.03,2.599476993,16.56733397
21788,0.9,237076.0,1731.01,1.739963016,15.84444366
21789,0.81,377712.0,1910.91,3.391308874,15.23227306
21790,0.87,152104.0,822.17,1.031415159,16.00061622
21791,1.02,115419.0,815.26,1.333539096,15.42290019
21792,1.29,348643.0,1235.02,1.845910815,13.97588098
21793,1.49,165827.0,1031.64,2.136076106,16.3171533
21794,0.0,376580.0,1773.75,4.47575939,16.44659839
21795,1.88,394608.0,2209.43,4.167517299,14.86590608
21796,1.37,274383.0,1851.39,1.535148564,14.86713269
21797,1.64,156958.0,2376.85,2.167991586,16.40356142
21798,0.97,399752.0,1746.18,2.396497758,15.92836399
21799,1.1,395517.0,2319.59,2.150676487,15.15644206
21800,1.27,370087.0,1645.5,1.297337109,12.90137544
21801,2.01,161199.0,1775.89,3.234512971,13.87013717
21802,0.68,265630.0,1720.63,2.155924564,17.24263447
21803,1.1,384466.0,1971.62,1.035759994,13.64006161
21804,0.65,165861.0,1820.46,3.634703599,13.22290787
21805,2.24,360401.0,1094.87,0.366405013,16.22469854
21806,2.42,364851.0,779.61,1.878725875,12.76305556
21807,0.19,260954.0,2205.33,2.148622082,15.66423812
21808,1.04,385912.0,1418.41,4.009099332,16.13575333
21809,0.62,114947.0,774.61,4.93924406,13.51204181
21810,1.11,364083.0,1709.82,1.584484584,14.88085852
21811,0.0,153168.0,2020.09,2.011891801,13.16940981
21812,2.13,373591.0,894.35,2.483274134,15.09063078
21813,1.08,125932.0,1916.76,1.24773061,15.68929079
21814,1.13,370680.0,1888.71,1.562539942,14.82161008
21815,1.67,365307.0,856.95,2.96569763,17.18397623
21816,1.69,250620.0,1699.23,2.576659557,16.58691148
21817,1.13,365706.0,2519.64,2.040732689,16.19461417
21818,1.42,175926.0,1758.33,1.468082385,14.0954643
21819,1.62,144407.0,2298.22,1.667348119,15.46803119
21820,1.41,388735.0,1983.52,3.591506563,17.19655206
21821,1.66,376167.0,1685.91,2.216417637,14.75022315
21822,2.04,362598.0,2694.49,1.114017979,13.80657177
21823,1.03,272746.0,1992.7,4.395887533,16.05102345
21824,2.15,355180.0,2269.59,3.06380247,14.85266337
21825,1.04,178820.0,1005.25,0.635130454,16.15433322
21826,0.77,359440.0,2537.55,0.857899199,15.76855989
21827,1.7,272738.0,2423.65,2.245478709,16.49962851
21828,0.79,252239.0,1889.43,0.8466696,16.0476318
21829,0.77,262099.0,2090.92,1.80663939,15.89062833
21830,1.58,377938.0,1779.16,1.124317765,16.57750456
21831,2.77,391475.0,1929.06,1.102429618,15.60834164
21832,2.82,393783.0,784.14,1.521367961,11.25844197
21833,0.93,358143.0,1510.12,4.445744073,16.79063671
21834,1.7,381609.0,2479.49,1.354634565,16.39905983
21835,3.25,378505.0,1222.62,1.129877518,12.21073254
21836,2.12,257573.0,1746.45,2.825011726,15.89206065
21837,1.77,140379.0,1022.2,1.035409885,14.82254145
21838,1.86,131121.0,1078.46,1.300703045,13.0525985
21839,0.48,368326.0,2043.74,2.815135217,15.84809348
21840,0.83,121918.0,1598.4,1.404880764,13.99936065
21841,1.7,361500.0,2697.0,2.122337506,15.14083657
21842,1.85,361012.0,1859.74,1.189327523,14.78700922
21843,2.4,262636.0,1806.87,1.857462421,16.17438443
21844,1.48,384368.0,1856.26,1.926151253,15.46159155
21845,1.93,358928.0,1363.73,1.849565684,15.79110727
21846,1.95,255844.0,2302.49,3.435155517,15.96106861
21847,0.9,367452.0,1496.94,2.033426458,14.16347722
21848,1.83,156571.0,2365.6,3.942723352,15.97364052
21849,0.81,367057.0,853.53,2.695729633,15.45037365
21850,0.96,137182.0,2227.8,1.810324016,14.7610087
21851,1.95,374333.0,1867.64,2.686408955,16.34805308
21852,2.05,252552.0,1890.59,1.612239715,16.43081864
21853,1.91,140364.0,1389.06,1.763704654,16.00838701
21854,2.03,371308.0,1921.13,1.173195381,15.73896455
21855,0.86,157076.0,669.15,2.919342208,15.13737345
21856,1.63,388682.0,1852.39,2.774670358,16.55314186
21857,1.65,374492.0,1758.94,2.099963808,15.22622406
21858,1.1,349967.0,1854.31,1.282937136,14.97411376
21859,1.79,258309.0,2409.64,1.783264452,17.15650419
21860,1.59,364248.0,2219.23,1.597331294,15.66937529
21861,1.74,383965.0,1904.2,1.178084563,16.14814628
21862,0.84,249369.0,2193.24,2.104136939,13.66878975
21863,0.68,359521.0,1505.66,4.70247919,13.88254771
21864,2.13,146226.0,1885.26,2.898163422,15.8050862
21865,1.69,368211.0,1353.23,2.398126018,15.95474772
21866,1.79,354029.0,1718.93,1.238283636,14.85619708
21867,0.43,387258.0,1444.12,1.901265786,15.61283253
21868,0.0,383515.0,1961.64,4.729891223,15.72134643
21869,2.36,149068.0,1936.55,0.654381159,15.68723517
21870,1.71,376855.0,1318.84,2.132841643,12.96815176
21871,1.85,355580.0,1831.59,-0.326393035,13.60175445
21872,1.11,346437.0,1764.94,2.527069394,15.99331005
21873,1.22,366418.0,1617.57,1.841443581,16.5540625
21874,1.18,134929.0,1759.03,2.002578411,15.77050668
21875,1.55,169406.0,1915.09,1.487238894,16.84189968
21876,0.75,374069.0,785.71,0.933862619,12.26528513
21877,0.57,286145.0,2516.4,3.832817178,15.91851635
21878,1.09,249386.0,1484.27,0.079154836,17.02079692
21879,1.52,257854.0,1357.04,0.855796199,14.38306707
21880,1.25,144563.0,2193.79,3.757474354,16.09511256
21881,1.14,139424.0,1363.96,2.325969535,14.26001222
21882,1.77,365311.0,1906.95,1.686867702,15.84421271
21883,1.56,266235.0,1762.84,2.947927116,13.5449449
21884,1.65,369479.0,2284.94,4.626637343,16.03019947
21885,0.73,262023.0,2417.39,1.173700292,16.56093168
21886,1.81,351838.0,1832.74,2.631163504,16.50306941
21887,1.43,245356.0,1754.12,1.811201368,11.75013566
21888,2.06,156143.0,2036.57,1.29751733,14.30187241
21889,0.25,152480.0,1840.8,2.044221298,15.37462293
21890,0.63,336555.0,1522.13,0.695218303,16.09973301
21891,0.92,159801.0,1493.93,2.940521789,16.12724018
21892,2.13,342051.0,1868.38,1.056209615,15.01366476
21893,1.39,375154.0,1400.13,3.087607837,15.25590896
21894,2.46,140973.0,1883.64,3.627522001,16.5378588
21895,2.39,381070.0,889.85,4.560788873,16.32283988
21896,1.65,266432.0,1958.88,1.618549236,15.18266768
21897,1.07,262994.0,1560.37,2.152558028,15.41810735
21898,1.16,169868.0,913.56,3.38604451,16.91805337
21899,1.62,361731.0,2350.25,2.693952342,15.06574021
21900,1.16,137406.0,1623.57,1.752845574,16.09800336
21901,1.08,366982.0,688.86,1.797548378,15.4227833
21902,0.82,135199.0,2978.58,1.577220854,16.94342027
21903,1.89,256313.0,1875.7,-0.189866215,14.65992506
21904,1.44,254602.0,717.89,3.680986087,17.73027397
21905,5.5,362355.0,1761.22,3.820120282,14.10864026
21906,1.86,345530.0,1889.41,1.637164592,17.3028802
21907,2.44,346289.0,1694.54,1.359285849,13.44714307
21908,0.99,373354.0,2532.37,1.073852065,17.10313079
21909,2.27,377241.0,988.36,0.898653321,16.20475702
21910,0.81,379466.0,1880.73,1.503997482,17.37347199
21911,2.0,395457.0,1804.21,0.982113445,15.62601263
21912,2.07,353288.0,1885.93,3.568957532,16.24690887
21913,1.2,139047.0,2520.07,2.613582865,16.26478174
21914,1.24,142250.0,1706.68,1.303755137,13.69535151
21915,2.06,176743.0,1392.71,4.198379756,16.84054893
21916,0.72,379913.0,1854.62,1.504905468,14.68846263
21917,0.62,359479.0,1501.65,0.968614782,13.28285227
21918,2.15,384594.0,2297.4,3.1364611,13.98254496
21919,0.68,269457.0,2646.41,4.343211163,15.50529574
21920,1.89,352308.0,1816.24,1.463718667,15.62399936
21921,1.43,366771.0,1580.49,1.687211358,14.82819336
21922,0.94,153026.0,1788.1,2.99594094,15.94051463
21923,0.91,257235.0,849.47,2.795760686,14.89448341
21924,2.08,349408.0,1790.3,1.805874333,15.42804578
21925,2.24,349812.0,2170.16,1.772015191,16.58024549
21926,1.64,273841.0,598.86,2.77272213,16.83139306
21927,1.8,337727.0,2125.03,2.807043752,15.16959574
21928,1.93,365714.0,1652.02,1.496330235,16.52167129
21929,2.32,399367.0,2368.05,1.329467534,15.44777384
21930,0.26,132498.0,2217.16,1.972640501,13.48203522
21931,0.97,375989.0,1728.73,2.708513015,14.36089961
21932,1.96,159432.0,2587.93,3.870076526,16.26567077
21933,0.75,125630.0,1265.2,0.688753936,14.46217577
21934,0.88,250611.0,2238.64,0.934936855,14.14620787
21935,2.2,121344.0,1724.54,3.50449546,15.75532538
21936,1.6,370814.0,1412.4,3.005798202,13.86071134
21937,1.54,366604.0,2391.47,1.540620279,14.76478173
21938,1.79,383549.0,1822.5,2.000982927,15.34944338
21939,0.86,252643.0,1615.71,1.520674537,15.4309561
21940,2.01,364149.0,2122.66,3.14538309,13.04231343
21941,1.66,266344.0,2180.66,1.380543855,15.60820026
21942,1.72,378414.0,1306.44,2.194659818,15.99651377
21943,1.76,152493.0,606.7,2.91100297,13.96562386
21944,1.26,150176.0,1590.25,1.724495411,15.49852546
21945,1.88,355274.0,2198.16,3.566054259,15.70752795
21946,1.07,267950.0,1848.3,3.615781985,13.54536245
21947,0.51,257715.0,1837.01,1.256842373,15.70379686
21948,2.09,270550.0,721.97,2.933700551,15.96919849
21949,2.32,280879.0,1840.39,1.034070003,16.07690995
21950,0.82,374792.0,2535.39,1.445700489,15.70421882
21951,0.55,165586.0,2012.67,2.025495824,15.64757557
21952,0.74,391721.0,1028.66,1.974262647,17.18281436
21953,2.19,258060.0,1774.83,1.786033501,13.82240513
21954,2.34,343929.0,1882.81,3.49660643,15.07115043
21955,1.63,356739.0,1497.89,1.593159957,16.95144634
21956,2.89,351904.0,1952.81,1.575537424,16.81303938
21957,0.0,259359.0,2008.09,1.313193887,13.69572793
21958,2.7,340042.0,1912.11,4.478025359,15.92955273
21959,1.72,143002.0,2342.03,1.804658081,14.84657456
21960,2.26,126003.0,1285.77,3.0844197,15.47032603
21961,1.27,386520.0,1671.06,1.923296767,15.24574188
21962,1.22,394409.0,1634.72,-0.326393035,14.5965076
21963,1.38,365852.0,3047.82,2.789651765,16.26199331
21964,1.43,372490.0,2196.63,2.390806678,15.39346017
21965,2.17,125991.0,2342.78,3.233425276,16.19286115
21966,1.01,171227.0,1315.35,2.393738185,15.27713429
21967,1.62,349316.0,1876.47,3.952968454,14.9441367
21968,1.0,124610.0,586.86,1.278009606,13.43170564
21969,1.15,370133.0,823.73,3.996004973,16.2056206
21970,1.51,365927.0,1836.88,0.69193364,15.1932371
21971,1.33,242090.0,1809.91,3.936498803,15.66776238
21972,0.62,268970.0,1911.71,4.179266653,16.94408099
21973,1.73,367027.0,1835.4,2.256577629,16.19387689
21974,2.15,124345.0,2130.5,1.478503713,15.99151254
21975,1.94,378917.0,2234.85,4.115587155,15.87237708
21976,2.22,363166.0,2218.46,2.851293356,14.28506931
21977,1.79,264245.0,2519.66,0.588013533,17.3644428
21978,1.48,163966.0,1383.44,1.598069459,16.83132479
21979,1.36,150810.0,1654.13,2.822035132,13.45416491
21980,1.92,152923.0,2102.44,3.604520923,16.69594938
21981,2.66,148789.0,1364.6,1.362962078,15.79521019
21982,0.19,164437.0,2410.89,1.342104203,14.84702138
21983,1.98,371361.0,995.11,1.972388844,12.86534165
21984,1.03,376031.0,1495.99,1.984278483,15.06015469
21985,1.29,362467.0,1279.44,2.842760352,14.12970829
21986,1.79,369215.0,860.83,0.691271253,16.78195471
21987,1.31,388288.0,2306.14,1.221481387,13.13654773
21988,0.83,234696.0,2228.45,3.429368944,16.26165472
21989,1.09,386064.0,1869.67,2.065277327,15.83868913
21990,2.09,139829.0,2290.15,1.567101333,13.85090945
21991,0.88,151899.0,821.83,1.929925101,15.26231543
21992,0.67,282878.0,1835.9,2.220012143,15.37644886
21993,1.01,364907.0,1012.8,2.377916269,13.82287896
21994,1.4,335453.0,2077.68,1.639097041,14.87642416
21995,0.08,150677.0,972.52,1.48681296,15.98970038
21996,1.17,257510.0,1758.28,1.126600141,15.17838054
21997,2.33,377198.0,2235.48,1.084958609,13.51927222
21998,0.73,155947.0,2124.58,1.407933168,15.24071077
21999,0.77,388726.0,2317.47,3.077283318,14.27640979
22000,1.59,264495.0,1795.54,1.585449648,12.19986076
22001,1.04,149090.0,1901.91,1.620998995,15.4491073
22002,0.93,152765.0,1103.48,2.209172687,16.29594894
22003,0.96,121695.0,2366.87,1.372407862,15.56612936
22004,2.1,340047.0,1810.22,1.29579199,12.63110662
22005,1.75,245642.0,1948.8,1.35654827,15.94142904
22006,2.79,273103.0,2144.45,1.52152757,15.34734236
22007,0.34,371572.0,1512.88,2.999082018,15.78723729
22008,1.2,365254.0,1123.34,1.910671567,14.44311218
22009,1.68,140072.0,1813.1,1.150404047,16.31702795
22010,0.38,224928.0,1480.32,3.998399694,15.35627309
22011,1.91,152244.0,1347.11,2.654549894,16.05796005
22012,0.92,155983.0,1908.74,2.051041286,14.30878729
22013,0.24,363084.0,1812.03,1.616178961,17.4155316
22014,1.29,151956.0,1785.63,2.487755201,16.16379041
22015,1.9,161700.0,2336.29,1.295271705,16.60140865
22016,0.89,138517.0,1826.52,3.799321372,15.89156486
22017,0.67,154859.0,1789.71,2.911976513,17.73027397
22018,2.34,385013.0,860.79,4.544397959,14.15651636
22019,2.11,342688.0,719.52,0.759206535,16.38504048
22020,2.5,242933.0,1765.83,0.975288759,15.18810768
22021,2.09,133823.0,1951.65,1.239428872,16.16278616
22022,1.18,255799.0,757.69,1.95585905,15.44332271
22023,1.31,248856.0,1827.51,1.279849231,14.93386158
22024,0.52,352825.0,2086.89,1.509307628,15.12948718
22025,1.77,358291.0,1326.42,0.185218213,15.17198739
22026,2.47,252809.0,1126.62,1.166559045,15.84303582
22027,2.0,259013.0,1977.84,2.030440633,16.65829199
22028,1.8,373776.0,1744.68,2.103494858,16.86226924
22029,0.98,357198.0,1768.68,1.657317142,14.5400517
22030,1.15,265511.0,2010.93,2.978078983,17.32363973
22031,2.12,341762.0,1482.41,4.097933792,15.2751488
22032,1.28,389582.0,1966.39,3.773228193,14.81122637
22033,1.07,131044.0,731.31,3.117378228,16.87685173
22034,1.88,258456.0,1484.81,2.227288852,16.86327973
22035,1.45,371869.0,1948.41,0.866421853,16.59263562
22036,0.21,372673.0,1785.92,0.12239384,17.50109265
22037,1.02,371672.0,734.21,2.189943968,16.09586506
22038,0.75,148215.0,2357.52,1.269090463,15.35892397
22039,0.5,394269.0,1348.35,0.357719101,14.54934938
22040,1.44,263525.0,1266.0,3.642974863,15.51240258
22041,2.2,370303.0,1696.5,1.233715166,15.56727337
22042,1.22,244779.0,967.74,4.265900595,13.60366143
22043,1.17,371790.0,1859.53,1.2338502,14.38516425
22044,1.59,152049.0,1921.09,1.075169849,15.40858821
22045,1.34,351602.0,1668.21,1.157280443,13.42655064
22046,1.79,256258.0,933.7,1.572406765,15.55636054
22047,1.84,353339.0,748.67,1.275257485,15.61464539
22048,2.09,366806.0,1539.87,3.953457199,15.87993262
22049,1.97,183892.0,2237.13,3.847956463,15.87510223
22050,1.71,135740.0,889.27,2.057498201,15.52869169
22051,1.42,372542.0,1058.03,2.660258111,14.72938215
22052,0.85,365241.0,1798.84,1.583901955,13.34843998
22053,2.02,360250.0,1842.6,0.181261107,14.20572564
22054,0.44,352268.0,2047.44,1.281569224,14.88257208
22055,2.05,273208.0,1034.02,1.119873025,14.29543684
22056,0.78,269050.0,1860.87,1.070135886,12.20539657
22057,2.08,235664.0,1809.59,1.128977966,15.18450722
22058,2.65,350218.0,668.39,2.770565922,15.59740939
22059,2.12,270161.0,987.19,1.538586328,15.48006237
22060,0.93,150216.0,1790.52,0.821215694,14.30045386
22061,2.4,351139.0,1533.44,1.574400302,14.55653137
22062,2.26,154512.0,1865.66,3.85291529,16.13290714
22063,2.28,359935.0,1498.06,0.99341869,15.88148011
22064,1.73,353261.0,1769.65,0.564679605,16.46013173
22065,1.6,372499.0,2910.55,2.159088816,15.98499526
22066,1.56,142182.0,2069.85,2.575219508,15.14529855
22067,0.91,356141.0,1418.43,1.500872601,15.4384916
22068,1.42,174813.0,2932.63,1.478526253,17.37533653
22069,0.63,266043.0,1410.79,2.678549306,14.43383549
22070,0.95,381800.0,1749.97,1.970277674,15.11334793
22071,1.38,156461.0,1536.59,4.492594822,15.3942787
22072,1.23,345975.0,1622.88,2.094286916,16.12766726
22073,0.92,158753.0,1461.11,0.689368188,16.28164233
22074,1.15,378514.0,1713.24,2.541370495,13.24274688
22075,0.57,145576.0,712.69,1.132583698,13.80161896
22076,1.92,375620.0,1541.93,1.285142105,16.81378305
22077,2.36,394918.0,1932.85,3.830050119,15.34238067
22078,1.6,145338.0,2436.61,3.689871265,16.09178857
22079,0.75,377524.0,1829.01,1.27623347,16.35103198
22080,1.07,268773.0,1363.41,2.082268573,17.20272823
22081,1.64,387978.0,2044.54,2.066428526,16.87643244
22082,2.21,373015.0,1877.97,3.680938531,16.96322234
22083,1.26,259355.0,2070.03,2.467459582,15.28103623
22084,0.8,383021.0,666.45,0.971819804,15.17977986
22085,1.94,362838.0,1778.61,1.881093424,15.63286407
22086,2.0,376971.0,2035.17,1.687506224,15.89204955
22087,1.38,375156.0,2520.81,3.079126808,16.07546081
22088,2.49,130739.0,2202.13,2.005572901,12.48610881
22089,1.47,254338.0,1847.97,3.332665072,14.86390858
22090,1.89,353685.0,1178.61,1.370489685,15.9966342
22091,0.17,382243.0,1863.74,2.192117011,15.66982469
22092,0.7,381442.0,947.76,2.639440092,13.79873656
22093,1.15,148547.0,1531.82,2.443150051,16.50310657
22094,2.34,267240.0,1648.33,0.934663367,14.57027052
22095,0.66,367638.0,1797.39,0.89838267,15.32317044
22096,3.88,383783.0,932.73,1.707351607,12.78497047
22097,1.16,347105.0,586.86,0.827338064,15.10005794
22098,0.37,267477.0,2386.19,2.886600674,14.67183512
22099,0.76,270569.0,719.79,2.673944242,16.04674644
22100,1.1,167226.0,1835.91,1.884634251,15.3590378
22101,1.61,136060.0,1512.64,2.089927463,15.54942686
22102,0.79,380445.0,2268.93,1.9521938,16.53158686
22103,1.36,365904.0,1557.81,1.252724257,15.13841917
22104,1.8,371252.0,685.15,3.493542101,16.23720874
22105,1.82,127325.0,1131.63,3.709404205,15.37668459
22106,0.4,368822.0,2521.07,3.326892166,14.39267995
22107,2.58,355249.0,1011.89,1.098173226,15.74674815
22108,2.02,135836.0,2188.53,1.685385136,13.77631922
22109,1.96,386385.0,1299.96,1.60731546,14.22631524
22110,0.85,165746.0,1943.57,3.584529395,17.73027397
22111,0.96,353211.0,2241.93,1.420530573,15.17485599
22112,1.1,365230.0,1387.75,1.877989808,13.7682732
22113,2.05,159475.0,1967.87,0.475389617,16.06436453
22114,2.1,141619.0,2433.96,0.122038046,12.88712962
22115,0.35,164273.0,1380.41,3.27112232,15.52560096
22116,0.4,172841.0,2600.86,2.476250941,14.47063325
22117,0.95,142369.0,1838.98,1.363388681,15.31744451
22118,2.57,367233.0,1855.75,1.074411463,15.1571197
22119,1.09,373169.0,1856.18,3.281982534,16.27640685
22120,0.76,251811.0,1962.46,2.78669869,16.23923107
22121,0.0,258280.0,2402.49,2.043651386,12.98092168
22122,1.52,371932.0,1080.18,1.650583996,15.86342782
22123,1.0,342716.0,949.0,1.416771057,12.97976863
22124,1.82,373800.0,1622.26,1.801126958,15.92733993
22125,1.73,267028.0,2100.52,2.967881533,14.91962077
22126,1.73,357651.0,767.28,2.463114843,15.4182049
22127,1.66,372947.0,1135.51,2.001394806,15.4451128
22128,1.77,391981.0,1400.24,2.945634393,15.67388368
22129,2.18,348448.0,1181.87,1.388741149,16.02908907
22130,2.38,366092.0,1281.35,1.370384083,13.77970743
22131,0.97,362559.0,1641.49,3.081415943,15.22597282
22132,1.58,371386.0,1593.75,2.109805741,16.8995226
22133,1.34,160565.0,931.59,0.848242551,15.39902117
22134,0.97,372435.0,651.07,3.861362562,14.28094729
22135,0.69,376650.0,790.84,1.72582435,16.01600832
22136,2.0,237538.0,1945.72,1.208187417,13.50222289
22137,1.65,395728.0,2163.21,2.118914531,16.32373302
22138,1.89,152151.0,728.14,1.259744396,16.30764147
22139,2.25,334960.0,1274.01,1.330068289,13.61694275
22140,1.22,152190.0,1599.71,-0.183943481,13.09799897
22141,1.92,254709.0,1848.57,2.888214119,12.81790158
22142,0.0,392160.0,1875.16,2.1534218,15.74210785
22143,2.26,132718.0,2270.34,1.991896028,15.03673403
22144,2.04,342527.0,1047.42,0.008612269,14.95977436
22145,2.12,264463.0,1970.91,0.911887096,15.12467203
22146,1.38,248871.0,1863.76,4.93924406,17.38224034
22147,2.46,358132.0,1224.09,2.176731908,15.09904172
22148,1.15,384456.0,2484.4,0.403989284,15.36943117
22149,1.42,149050.0,1781.42,4.12326002,16.2293409
22150,1.22,353870.0,2084.89,2.591164429,15.08413738
22151,0.92,388929.0,1728.49,-0.306713304,14.22064262
22152,1.78,353684.0,2207.39,2.352207363,16.74261705
22153,1.39,127861.0,621.9,3.560208343,15.44715219
22154,1.09,374920.0,1887.04,2.08859052,17.16473804
22155,2.31,358088.0,1859.06,1.782408133,14.45383572
22156,1.93,145936.0,1616.32,1.866381963,16.48558875
22157,1.5,258287.0,1814.94,2.915372127,15.72300356
22158,0.66,369977.0,2244.71,4.642536007,17.23906275
22159,2.32,368882.0,3047.82,1.50364606,15.05727346
22160,0.92,378178.0,1966.95,4.511225901,15.55435152
22161,1.63,366709.0,2730.86,3.659928074,13.94204315
22162,0.7,392859.0,2396.51,0.440108192,15.08702185
22163,1.52,373470.0,1908.7,1.67943748,15.69505273
22164,0.58,370546.0,1768.87,3.080672349,16.95115588
22165,1.31,257996.0,1872.06,3.907845653,15.40320757
22166,1.58,352434.0,1960.03,1.846343545,13.17264044
22167,1.48,148556.0,657.42,2.141645928,12.95384733
22168,1.87,138796.0,2433.88,1.809477657,15.56878361
22169,0.47,386419.0,2320.15,2.306437198,15.82869995
22170,1.79,367887.0,1741.49,2.510484608,16.29347304
22171,1.1,140126.0,1616.86,1.773064523,15.62320428
22172,0.32,165520.0,2381.56,1.857546415,13.66635769
22173,1.25,374248.0,586.86,0.912852061,14.79794926
22174,1.83,255625.0,1818.13,2.375432748,14.37611885
22175,1.45,150762.0,1801.91,0.486402176,16.25797574
22176,1.63,259886.0,2263.32,1.728210632,15.34100224
22177,1.68,264447.0,2246.53,3.942378877,16.54930454
22178,1.12,116682.0,1823.01,3.382592283,14.65003448
22179,1.48,378701.0,1818.33,3.565135044,15.64910556
22180,0.0,391575.0,1949.23,2.297398253,15.1615696
22181,1.56,135745.0,1499.16,1.185070889,14.19221333
22182,2.69,382304.0,1704.77,2.807143419,16.9811909
22183,1.2,361900.0,1896.11,2.033332632,12.41081732
22184,0.59,250116.0,1331.36,4.565412785,17.65141842
22185,0.36,266822.0,1564.09,1.669171773,16.24546957
22186,0.53,367399.0,1574.17,1.411452027,16.34819772
22187,0.82,389551.0,596.62,1.646828967,16.08817599
22188,0.64,366547.0,966.21,1.120232961,15.7194523
22189,0.45,348935.0,1736.71,0.06940591,15.93330076
22190,1.12,365814.0,2521.6,1.750968726,14.24547032
22191,1.12,242073.0,1103.66,3.790703529,15.5068005
22192,0.15,390127.0,1413.34,1.564313899,13.93684003
22193,1.03,254408.0,1079.86,0.900950519,17.33273415
22194,1.29,369695.0,972.0,1.965174182,15.47655288
22195,2.9,143853.0,807.23,1.364938392,14.91284359
22196,0.56,153831.0,1843.72,2.276546434,13.1280405
22197,1.9,265989.0,710.82,2.925844684,14.17555639
22198,1.67,164171.0,1676.29,-0.182486725,15.90028711
22199,1.66,361803.0,1899.28,1.789997014,15.55668238
22200,1.39,368304.0,2269.22,1.778790541,15.67512778
22201,2.93,129585.0,1443.3,2.734987708,14.91419645
22202,2.42,254213.0,1905.1,1.538203455,13.92557505
22203,1.23,150947.0,1978.97,1.219056607,15.42531245
22204,2.33,143677.0,1977.16,2.140709568,15.97192102
22205,1.63,148314.0,2081.02,2.11572916,13.28657113
22206,0.74,188630.0,809.89,3.362384423,15.79700996
22207,2.3,149077.0,926.82,1.767506514,15.24681364
22208,1.39,333314.0,1947.67,3.162998846,15.28315129
22209,0.68,387603.0,1792.65,3.866570277,15.82512008
22210,2.43,143710.0,770.42,1.686998776,16.36472661
22211,1.89,367376.0,1392.72,1.149862265,14.80721687
22212,0.72,361705.0,1442.17,2.089365925,13.14809493
22213,0.0,375629.0,1716.66,2.487740018,14.54320757
22214,1.63,236863.0,2670.43,1.801138726,13.65251358
22215,1.36,377629.0,1885.12,2.868870196,16.22897701
22216,1.9,151051.0,586.86,0.733106231,13.7451283
22217,0.73,167706.0,2506.77,3.064250186,13.54999944
22218,1.83,368146.0,1435.33,1.271400187,16.32931554
22219,0.62,391626.0,2455.04,2.121974519,12.98683316
22220,0.4,366835.0,2306.45,1.694153459,15.09361989
22221,1.17,135289.0,1863.05,2.090993504,17.15084243
22222,1.04,156615.0,1786.8,1.089225259,16.33201098
22223,1.55,340503.0,1074.46,1.386275062,15.53127385
22224,1.42,153033.0,1773.48,1.944121792,14.35063067
22225,1.99,136853.0,1808.68,1.680034061,15.87253289
22226,1.36,372071.0,1152.28,1.861870944,15.62155782
22227,1.29,135559.0,1196.96,1.300834875,13.64438897
22228,1.81,235447.0,1834.58,2.637823348,15.68937492
22229,3.15,165121.0,1909.93,1.74918695,14.86326261
22230,1.46,246643.0,1959.23,2.59730559,13.58570269
22231,1.59,372667.0,1783.31,1.338867088,14.88415686
22232,2.34,363422.0,1849.03,1.687443712,15.40985907
22233,1.46,374952.0,967.84,1.944180774,13.0819887
22234,1.07,387446.0,2531.07,2.350635319,13.90030854
22235,1.08,387010.0,1356.58,4.059154692,16.68141139
22236,2.11,371378.0,1207.02,-0.254449293,12.3459312
22237,2.58,366225.0,947.0,2.38938803,14.36042407
22238,1.59,388062.0,868.88,1.893240693,13.02288274
22239,0.54,250826.0,2350.69,3.762584143,15.49559113
22240,2.2,393650.0,1839.62,2.079275736,13.5845568
22241,2.42,248115.0,1298.79,0.2472789,16.49804799
22242,1.94,157360.0,2515.21,1.351287337,17.09263391
22243,1.29,380215.0,1885.59,1.944166543,13.92066816
22244,1.26,361437.0,934.6,2.243246142,14.89669804
22245,2.1,118532.0,1780.4,1.582105626,15.34110133
22246,4.95,251891.0,1501.05,1.082365552,13.66127393
22247,1.14,373008.0,2299.27,0.174250548,15.16768547
22248,2.8,346389.0,838.25,3.127605908,13.40687207
22249,3.5,162404.0,2167.43,2.313724062,16.01048287
22250,1.35,349861.0,1953.08,1.952972408,15.58906475
22251,1.62,240469.0,1093.44,3.928243643,17.01514852
22252,2.41,162947.0,1255.42,2.146567635,15.15323854
22253,1.39,377084.0,2086.79,0.23982014,15.61549074
22254,1.13,137205.0,2266.03,3.598240856,13.13380453
22255,1.58,269228.0,1613.86,4.353935501,14.18475853
22256,0.61,163211.0,2000.89,2.240229403,14.41087556
22257,1.51,344278.0,1491.28,3.379321302,15.31865155
22258,1.76,157524.0,1885.63,1.735305653,15.5980037
22259,1.54,231678.0,2047.25,2.873732184,13.43883787
22260,1.47,362919.0,2021.06,0.956298775,15.84007987
22261,0.75,165257.0,2441.98,4.668287471,15.30525638
22262,1.48,150941.0,2322.73,2.010750883,15.26109623
22263,1.03,388523.0,1614.17,3.961538614,15.00378792
22264,0.05,380773.0,1753.15,1.344262957,15.67712881
22265,1.48,151375.0,2530.1,3.653842669,12.50616638
22266,0.33,252499.0,1787.96,1.991563509,13.64488532
22267,0.96,372372.0,2298.7,2.228105194,16.03185002
22268,1.85,266880.0,2032.62,2.204113241,15.67298321
22269,2.57,339688.0,2143.22,0.947061127,13.47063999
22270,0.0,371491.0,1804.05,3.518422189,14.58612158
22271,2.41,352809.0,1805.34,1.703959507,16.8915617
22272,1.51,152889.0,1501.96,1.267724884,15.83776336
22273,1.83,345504.0,1178.84,0.572068526,16.4246717
22274,1.42,381504.0,1558.16,3.576819419,16.6331976
22275,2.05,166407.0,1516.73,-0.255775666,17.11846957
22276,0.99,372658.0,1792.97,1.45774549,15.71891289
22277,2.28,373870.0,1155.23,2.309217987,14.88741233
22278,1.45,142403.0,2121.22,3.241707184,15.87797082
22279,1.99,153083.0,1882.48,4.122377629,15.09998633
22280,1.94,361864.0,2312.31,-0.133798729,14.30287979
22281,1.98,356700.0,1807.76,2.214751794,12.56689622
22282,1.71,368782.0,943.57,2.047694343,14.35291181
22283,0.0,391634.0,1564.5,3.020621555,15.34441023
22284,1.78,153717.0,2057.36,1.729919999,14.52717811
22285,1.83,239481.0,2638.44,3.334400355,16.61779811
22286,0.82,372575.0,2331.49,3.457987131,15.81282383
22287,1.46,360656.0,1989.05,1.583979637,15.91686779
22288,1.77,395213.0,1994.11,2.151510961,14.12904745
22289,1.58,145612.0,755.26,2.416734964,16.07187095
22290,1.43,373945.0,2294.7,1.134372846,12.36419194
22291,1.24,361556.0,1445.4,1.496019235,16.18999888
22292,1.58,356784.0,1794.13,1.300368914,15.29743202
22293,0.41,380396.0,1906.61,3.606166553,14.03352369
22294,2.04,242844.0,1738.97,0.668662076,15.86481656
22295,0.76,400179.0,1885.0,2.96410449,13.88866742
22296,1.85,174082.0,2467.72,0.384353952,12.80808189
22297,0.91,243856.0,1461.92,2.090018354,15.67094642
22298,3.38,249763.0,1854.95,2.079239362,17.09534596
22299,2.93,378594.0,1091.13,1.936302788,13.1218386
22300,2.71,242002.0,2271.99,1.474130308,15.21947851
22301,1.48,267390.0,601.79,1.604404844,14.60344006
22302,2.06,242581.0,1757.9,0.643008602,14.31362676
22303,1.57,168919.0,1903.55,3.091473068,15.27567406
22304,1.17,364799.0,1561.06,1.78435342,16.31499925
22305,2.57,247355.0,1890.65,2.931009742,13.1451414
22306,0.79,354030.0,1230.42,2.081289187,16.47551484
22307,1.62,132178.0,654.34,1.610879093,13.74662807
22308,0.68,376215.0,1829.79,4.612292659,17.06899412
22309,2.5,354253.0,2163.78,1.549248758,14.11600301
22310,0.79,267945.0,1765.92,1.604158369,13.52658404
22311,1.27,367803.0,1531.01,1.575706995,15.30750918
22312,1.7,366353.0,1912.09,2.06631488,15.62120548
22313,1.66,387188.0,994.22,2.966803596,12.95476907
22314,1.41,135279.0,1868.45,1.53409079,13.5608496
22315,1.84,186127.0,1107.51,2.299803631,12.95659505
22316,1.47,357010.0,786.53,3.884933817,15.18874786
22317,0.86,382918.0,1249.65,2.049363265,15.57392946
22318,1.34,365364.0,1773.84,0.83949279,15.32226937
22319,0.55,162177.0,1391.09,3.43927134,17.73027397
22320,0.65,251671.0,890.84,3.727741702,15.88916719
22321,2.17,400745.0,1339.27,1.049151365,16.65224018
22322,1.04,164440.0,1123.63,0.187754746,15.57205579
22323,1.75,135757.0,1314.89,4.733955759,12.29929392
22324,0.82,367163.0,1913.14,4.201933336,15.08784224
22325,1.32,262587.0,831.32,2.040748173,15.39693341
22326,0.76,382431.0,2010.4,3.786474049,15.44916765
22327,1.25,376137.0,2159.47,2.420433549,15.12288925
22328,1.81,153042.0,2058.28,3.391897562,14.03212824
22329,0.57,386303.0,1245.23,3.589918025,17.73027397
22330,0.54,135954.0,1563.44,4.44801536,17.59410057
22331,1.72,374711.0,723.11,1.360373387,13.20306806
22332,0.0,155110.0,2029.36,2.091249038,15.70985267
22333,1.81,123179.0,1437.01,1.355036351,15.59439525
22334,0.47,132841.0,1101.48,0.567435469,14.37383283
22335,1.53,114947.0,1808.12,1.27144025,15.27269806
22336,1.78,363784.0,2368.97,1.164836478,13.36467963
22337,1.58,149713.0,1045.25,2.153926098,15.32657597
22338,3.4,253982.0,909.75,1.448504319,13.50461897
22339,0.3,401119.0,1081.19,2.062851842,15.1084878
22340,2.2,148879.0,1037.47,0.600071844,13.69475929
22341,2.05,156036.0,856.11,3.410068732,17.12633977
22342,1.03,261920.0,1975.36,2.211193919,16.42891689
22343,1.31,255107.0,744.51,1.843262845,15.38328365
22344,1.23,341486.0,1642.58,3.349498026,14.3045482
22345,0.82,376979.0,1219.61,1.698048842,15.31426611
22346,1.43,130011.0,1956.3,0.766546725,15.15735959
22347,0.78,368073.0,2265.06,2.713614272,14.62267126
22348,2.08,352776.0,2028.18,1.203607216,16.44024261
22349,0.63,141995.0,1344.55,1.89851523,13.57197803
22350,1.54,365094.0,1183.26,3.266316571,15.18259206
22351,0.21,156481.0,1608.6,4.070699742,15.08068607
22352,1.48,372009.0,809.98,4.229176063,14.42501654
22353,1.75,260495.0,1882.12,2.202901821,14.76179333
22354,1.25,356337.0,700.0,1.350105491,15.77246162
22355,2.36,380629.0,1973.09,2.829531034,15.20896652
22356,1.36,272509.0,2063.13,2.080003073,13.3051209
22357,1.82,358966.0,1950.42,1.69086078,13.56542015
22358,1.92,369891.0,1884.37,3.545205645,15.78077053
22359,1.56,169138.0,904.75,2.893402714,15.40262694
22360,0.9,375670.0,1626.02,3.905470627,15.80004894
22361,1.62,372153.0,1028.22,3.887714284,14.95428521
22362,1.0,122849.0,770.48,2.966457686,13.0766309
22363,1.6,348419.0,1833.08,1.097902283,16.18291481
22364,1.44,153052.0,3047.82,4.521107885,16.01990694
22365,2.65,140741.0,2185.07,2.545022042,14.3456361
22366,2.16,364395.0,1890.15,3.75333545,16.32674932
22367,2.34,184001.0,1105.55,2.908674446,16.28187853
22368,0.35,114947.0,1241.69,1.819695753,11.90128535
22369,1.35,167056.0,1877.13,0.731264665,12.25207435
22370,1.79,339201.0,666.33,2.068024567,16.64375352
22371,2.16,386260.0,905.81,2.689013434,16.38357346
22372,1.88,380464.0,1864.47,2.897774344,14.92739111
22373,0.96,257286.0,1500.66,2.37421851,14.16922273
22374,1.55,363811.0,2373.87,3.951908018,14.71996816
22375,1.22,257119.0,1770.36,2.206375671,15.96405166
22376,1.46,394944.0,889.5,1.405614335,16.39117708
22377,4.38,256627.0,2143.15,3.559658456,16.15870812
22378,1.43,150983.0,2471.85,3.276808278,14.27049999
22379,0.98,368244.0,899.37,0.887109882,13.05278658
22380,0.85,363563.0,1864.41,3.670528264,15.47592792
22381,2.44,162751.0,1776.26,2.897534226,15.72288645
22382,1.98,242275.0,936.26,1.68832957,13.41708649
22383,0.56,391930.0,2438.6,3.199150514,14.95564316
22384,1.27,386845.0,1780.99,2.014644811,16.83195326
22385,1.31,358712.0,1058.84,2.750753015,16.4592196
22386,3.61,372269.0,2347.76,1.791018617,14.47012343
22387,2.69,375179.0,779.52,2.607208106,15.3658642
22388,2.01,239892.0,671.29,1.658949013,14.04633227
22389,1.56,164048.0,1654.31,3.826472391,16.28832251
22390,0.37,174409.0,936.43,1.555715035,16.51448297
22391,1.81,137782.0,1836.7,1.230009882,14.83053609
22392,2.09,151345.0,1350.52,3.705482912,16.36825863
22393,2.52,368172.0,2288.18,3.854526096,15.95380861
22394,0.69,380889.0,2079.93,0.81253589,15.93039954
22395,0.35,114947.0,1741.46,1.567696103,14.99351544
22396,2.0,372027.0,1142.37,4.673070023,15.53623215
22397,1.41,351448.0,1661.1,1.202106941,15.15240455
22398,1.87,157356.0,752.82,4.768935387,16.23152178
22399,0.19,263931.0,1304.01,3.314646785,15.45239655
22400,1.33,241059.0,1795.63,0.73110336,15.08408179
22401,1.54,371428.0,1916.09,2.091981163,15.95990973
22402,0.35,255200.0,847.72,2.570305245,13.54580524
22403,1.14,359834.0,1953.83,2.390829558,13.73764221
22404,1.42,348685.0,608.0,2.017757561,13.012392
22405,1.33,374110.0,2034.55,2.606328244,13.35297122
22406,0.24,374909.0,2332.28,1.579104697,12.15389981
22407,2.49,255492.0,899.15,1.747840776,15.27649725
22408,1.95,259740.0,1865.2,1.999448877,16.85759455
22409,0.89,362524.0,1760.42,0.996295661,15.31307211
22410,2.33,246677.0,1573.35,4.357297827,15.1726113
22411,1.44,235802.0,658.57,1.706637009,13.38260706
22412,1.04,389892.0,2256.25,1.82180066,15.65023908
22413,1.59,154125.0,1001.66,1.856956111,15.97506226
22414,1.7,374464.0,1840.92,0.270528291,15.69820769
22415,1.63,234813.0,1161.18,-0.326393035,13.09079754
22416,1.2,148277.0,1957.31,2.004435164,12.33267547
22417,1.21,382446.0,1860.75,1.05806677,14.98940186
22418,1.57,138510.0,1358.36,1.854076675,14.26199923
22419,1.52,341665.0,1819.55,1.331224338,11.93588091
22420,1.68,129873.0,1839.3,3.004140426,16.00179341
22421,0.42,134853.0,1758.66,1.400640489,15.35412455
22422,1.64,388906.0,1460.53,3.943014943,15.96077293
22423,1.68,374159.0,2116.9,3.110860092,15.12224828
22424,1.53,238600.0,844.76,2.963626357,13.88078351
22425,1.87,368485.0,1070.59,0.70344051,15.2246693
22426,1.62,145708.0,711.48,1.354980201,17.15413421
22427,1.07,135918.0,2219.78,2.790789671,15.17141845
22428,1.09,353190.0,1452.93,1.629278004,16.49288526
22429,1.29,249270.0,2089.9,2.091853362,14.02273985
22430,1.67,161156.0,1943.64,1.326205854,15.56808278
22431,1.47,346581.0,962.78,2.2643725,12.78574229
22432,1.59,383867.0,1199.38,1.156297983,16.69732689
22433,1.09,364205.0,2428.51,2.91419914,14.67240544
22434,0.1,124433.0,2068.56,2.26050323,14.12709658
22435,0.29,155354.0,1802.69,2.12543668,15.69120579
22436,2.02,361798.0,1893.77,1.822719029,15.00923424
22437,1.79,364268.0,2489.11,1.963047468,15.98580186
22438,0.73,361696.0,2268.25,2.20036322,16.78191029
22439,2.21,126689.0,901.79,0.002507285,15.57107616
22440,1.58,377411.0,1300.02,0.600752358,14.35642848
22441,1.68,375613.0,1626.24,1.569336982,15.61857438
22442,1.42,149281.0,1843.97,3.878653511,15.68128947
22443,2.03,400575.0,2216.1,2.382799448,13.99086065
22444,0.69,170380.0,898.96,2.806903153,15.91887085
22445,0.88,357952.0,2721.94,2.250604948,15.48696697
22446,2.73,161100.0,1656.51,1.875317697,14.10204175
22447,1.72,369679.0,2676.24,2.23379147,17.08103281
22448,1.78,153963.0,1506.3,2.161133826,15.78206849
22449,1.0,155380.0,1820.52,3.755528075,16.10597201
22450,1.84,372328.0,1997.92,1.141456289,16.37098333
22451,1.21,137904.0,2566.67,2.928324938,12.62404642
22452,0.68,373897.0,1161.4,2.948907365,15.40827783
22453,0.84,118131.0,1396.88,0.852232283,15.66999825
22454,1.3,140549.0,2130.27,1.743211637,13.93748326
22455,1.19,381832.0,2415.06,1.047644107,16.08591956
22456,0.92,363940.0,1249.09,0.98167212,15.58304085
22457,2.09,277526.0,1007.18,1.694497667,15.37002789
22458,2.05,371987.0,1944.1,1.678253772,13.25906784
22459,0.68,119784.0,1543.75,2.977572337,15.72180953
22460,1.57,347909.0,1370.48,1.721094372,13.79620499
22461,1.79,374372.0,1948.38,1.806206724,15.77401379
22462,2.16,123088.0,1883.21,3.147757748,14.10409543
22463,1.67,149845.0,1771.31,2.785960236,14.59656749
22464,1.13,149599.0,1879.8,2.893157663,17.22286993
22465,2.24,339313.0,2428.61,3.050959009,12.74304807
22466,1.3,254896.0,586.86,0.462455216,15.00411619
22467,0.69,363573.0,1936.28,1.606681927,14.40849023
22468,1.59,372823.0,1022.11,4.667573902,16.91060194
22469,1.31,358784.0,1203.4,1.005144966,13.95232777
22470,1.45,259654.0,750.92,3.502046499,15.68124227
22471,0.81,251443.0,1779.5,1.15291183,16.61309058
22472,1.04,349158.0,915.33,1.976393738,16.1523196
22473,2.27,121576.0,637.86,1.27814282,12.23358357
22474,2.07,355703.0,2538.24,4.736158654,15.8800253
22475,1.06,249431.0,1715.49,0.904543299,15.61903792
22476,1.68,114947.0,2440.2,2.854852307,15.83534623
22477,0.84,383602.0,1898.99,1.447972146,14.22027606
22478,0.72,277196.0,2279.4,1.130577584,15.59685254
22479,2.35,171480.0,2415.22,1.619407823,16.2631802
22480,1.45,347534.0,908.5,0.721231279,14.89882798
22481,1.97,366132.0,1904.42,1.028283404,16.36404115
22482,1.72,136531.0,2365.67,1.241434923,15.12811262
22483,1.68,369539.0,859.37,3.773880377,13.97203999
22484,0.37,374830.0,1574.74,4.786174632,12.01191783
22485,1.81,162118.0,2165.88,2.16667888,14.03543381
22486,1.1,281858.0,1871.13,2.107642888,14.92989347
22487,1.87,394355.0,822.52,2.96323833,16.01109503
22488,1.28,357190.0,2081.02,2.669601136,11.2583727
22489,0.68,132561.0,2738.39,1.415795547,14.91992471
22490,1.89,149685.0,1812.8,4.466407487,13.63931965
22491,1.3,376862.0,1980.79,1.640951435,14.6702326
22492,0.88,372122.0,2360.75,1.385875728,15.28923299
22493,2.05,247800.0,2453.19,1.818845844,15.74450638
22494,1.64,265727.0,1816.58,1.220594066,17.13432106
22495,2.09,258331.0,2232.07,1.160007765,14.15405467
22496,1.01,369964.0,2249.4,1.975339188,15.40173988
22497,0.76,250918.0,1301.73,2.761797369,15.5784513
22498,1.76,368629.0,2186.1,1.421635682,16.57956933
22499,2.19,376646.0,2334.54,2.251871047,13.82640763
22500,1.44,371984.0,1778.66,2.466427738,17.49071516
22501,1.19,276803.0,1620.12,1.566359551,15.01015982
22502,0.35,339464.0,858.72,3.040122899,13.26096652
22503,0.35,360967.0,1842.89,2.137859041,13.7113402
22504,1.94,257261.0,2100.24,2.263625474,15.19549954
22505,1.11,162093.0,1924.04,1.514463482,14.23766936
22506,1.12,380578.0,1811.75,2.215377379,14.3814434
22507,1.87,246400.0,792.49,1.135205296,13.48948437
22508,1.68,359521.0,2017.66,2.573447372,15.0419813
22509,0.74,161745.0,2381.22,3.844990534,13.14904724
22510,0.87,366477.0,2019.32,3.395851621,12.74378497
22511,2.23,149347.0,2222.28,3.181217171,13.00934085
22512,2.09,237204.0,2176.25,1.580733208,16.4161386
22513,0.99,344925.0,2347.03,2.914429501,14.43408316
22514,1.41,131122.0,2223.87,3.829404516,16.17169283
22515,0.82,356929.0,1793.4,1.057698749,16.93651579
22516,1.22,134417.0,1946.98,1.661371976,11.47378151
22517,1.27,368353.0,670.62,1.827619753,15.57507089
22518,0.6,377063.0,1651.87,0.821755684,13.55165228
22519,0.29,265870.0,1824.27,1.995142053,15.25682425
22520,2.01,368636.0,1840.99,1.539134172,16.66124518
22521,3.46,114947.0,1832.28,1.790583354,16.47979694
22522,0.5,366331.0,1794.62,1.426326064,15.25886647
22523,0.43,278606.0,1340.17,1.953105414,14.46113175
22524,0.87,390040.0,2072.29,1.230629645,16.69625701
22525,2.26,271748.0,1049.98,1.737833646,13.56289254
22526,0.9,277500.0,1857.83,1.267560516,16.00054825
22527,1.12,172782.0,2281.16,4.913803865,16.49902738
22528,2.26,359490.0,2231.64,1.753351941,16.33941421
22529,1.17,381372.0,1727.64,2.613943503,13.66811327
22530,1.52,377601.0,701.57,0.861355363,14.93096202
22531,0.0,146000.0,833.67,3.883691266,13.80214952
22532,4.63,264161.0,1071.48,1.700410739,15.56379944
22533,0.99,355090.0,1824.66,0.114960692,15.5834465
22534,1.7,266653.0,1985.26,4.018872156,16.12907634
22535,2.37,163698.0,724.78,3.459596503,14.99001098
22536,1.52,131052.0,763.24,3.629710184,13.51407595
22537,0.12,388610.0,1971.46,1.49809937,16.66739989
22538,1.17,354634.0,1035.41,2.032549654,16.24370054
22539,0.86,148983.0,1541.12,2.188443285,12.95563752
22540,1.93,270149.0,586.86,0.986519625,13.4359157
22541,1.19,271274.0,1728.44,1.496518834,16.18225413
22542,1.89,128931.0,2540.34,2.499207182,14.11381585
22543,1.93,136604.0,2465.51,1.444840983,15.76346063
22544,1.25,254069.0,769.9,3.689266006,15.32989304
22545,1.26,348209.0,1838.17,1.01980882,14.75335413
22546,1.67,129239.0,1962.64,1.47503096,14.90153836
22547,2.04,387168.0,1838.42,2.913741718,15.1127942
22548,1.51,363137.0,1453.58,0.889036694,14.39744746
22549,1.45,267580.0,2547.38,2.330823692,17.05789142
22550,1.01,393943.0,1472.06,1.9060655,12.83050835
22551,2.04,365577.0,974.59,2.209880008,14.52346066
22552,1.56,359052.0,992.88,1.719154502,12.01949892
22553,2.03,141801.0,873.89,1.301096095,15.01187217
22554,1.76,144395.0,1844.16,1.775045531,14.0261647
22555,2.09,371824.0,2404.3,2.181996337,13.57353658
22556,0.88,353589.0,1996.09,1.522045361,14.70719481
22557,1.24,389248.0,2096.07,2.297074373,12.98515682
22558,2.29,144403.0,2247.65,3.519342197,15.90381657
22559,2.29,121948.0,1805.66,1.338706128,15.19769639
22560,1.45,272458.0,2242.67,3.690301842,15.75184535
22561,1.46,380919.0,1201.44,1.556052259,16.22821552
22562,0.33,369020.0,2292.84,1.668985061,15.9729138
22563,1.72,382536.0,2092.95,2.751275313,16.00832381
22564,2.0,375834.0,1492.88,2.112704259,13.75256139
22565,1.71,264371.0,2567.39,3.149364295,16.87757705
22566,1.43,392023.0,1474.73,3.944339127,13.92376279
22567,1.68,259328.0,1211.0,3.737945245,16.54493498
22568,0.33,166021.0,1827.08,1.817897178,17.08681148
22569,0.95,153345.0,1628.47,1.493008418,11.2583727
22570,1.02,376789.0,1939.71,1.656624313,16.70249661
22571,1.07,259894.0,1969.94,1.14202413,15.67290412
22572,3.93,261826.0,1749.5,2.062003018,15.56569857
22573,1.39,156206.0,2337.32,1.425772784,16.18336506
22574,0.98,264496.0,1088.82,1.448561239,15.73007051
22575,1.2,149492.0,2200.86,1.255874803,16.73745204
22576,2.64,381757.0,973.93,1.252516515,15.8036144
22577,0.41,253332.0,2269.66,1.179035483,16.15684017
22578,1.03,384481.0,1871.73,3.226750234,15.67506748
22579,1.22,364058.0,1837.46,3.783548948,15.27123333
22580,1.95,352233.0,1840.52,0.877900525,14.84676484
22581,1.98,166061.0,1088.16,1.715404522,17.63986991
22582,0.48,124630.0,1845.44,1.69727727,15.22415892
22583,1.4,364203.0,2464.88,0.244835068,14.5123517
22584,0.18,377397.0,2381.68,2.071701787,15.54323334
22585,0.29,385684.0,1137.08,2.231002999,15.28872876
22586,1.08,145149.0,2450.43,1.603727009,16.56127373
22587,0.13,171216.0,1579.14,1.672475876,14.66222969
22588,1.19,137853.0,2080.73,3.068483296,16.14229355
22589,0.74,370085.0,1976.46,2.552490764,17.40549793
22590,1.61,363730.0,1998.72,1.979793039,15.26359835
22591,1.76,373657.0,1430.14,1.915901928,14.79740138
22592,0.58,160655.0,1963.37,3.144724108,16.21670933
22593,0.11,382154.0,1169.46,3.318982501,15.58115743
22594,0.88,253557.0,1987.91,0.554069743,16.09269202
22595,1.81,144226.0,1958.41,0.907932615,15.31233191
22596,1.34,146594.0,836.57,2.232620063,14.11235735
22597,2.61,382103.0,1984.91,0.390576077,16.13732079
22598,0.89,336045.0,1212.57,1.25069573,14.44957931
22599,2.54,132613.0,2345.31,0.905832934,15.6671865
22600,1.55,401119.0,1782.89,4.250211786,13.84225491
22601,0.4,129156.0,1816.84,2.100097439,16.25539033
22602,1.72,147928.0,1840.7,1.143914312,12.75905756
22603,1.29,150454.0,1818.2,4.068623069,16.30792658
22604,0.72,385220.0,979.78,2.828170534,13.51295921
22605,1.58,262614.0,2230.25,1.474184486,14.09193075
22606,2.0,143252.0,2340.71,1.713398375,15.09160028
22607,2.3,356476.0,2701.85,1.792559001,14.62102476
22608,0.96,253082.0,1857.12,0.915324703,16.08949595
22609,1.26,365645.0,2281.18,1.00377458,11.6677124
22610,1.85,351134.0,2248.94,-0.054796895,15.54044469
22611,1.26,258696.0,1268.06,2.831363027,15.96680967
22612,2.34,387074.0,1857.49,1.203244636,13.77357647
22613,0.93,116379.0,1450.59,2.11911104,15.5243546
22614,1.27,380118.0,1088.14,3.6592737,15.99644993
22615,1.94,379641.0,1581.56,4.130044725,14.32946382
22616,1.66,367775.0,1553.91,1.462431262,15.61040861
22617,2.13,343376.0,1663.15,2.525188838,15.36985196
22618,2.17,240257.0,1968.56,2.961329289,12.49864769
22619,1.14,168839.0,1978.08,4.93924406,15.57993702
22620,0.85,374113.0,899.55,1.933198526,15.95735821
22621,1.93,368779.0,2071.98,2.877404371,14.9268314
22622,0.35,145074.0,1919.1,2.411709162,16.25921441
22623,2.18,386755.0,1091.88,0.895581331,17.51854711
22624,2.74,234636.0,1405.96,1.482585047,15.38502808
22625,4.65,240192.0,1324.13,3.04408651,15.94217758
22626,2.25,120014.0,706.35,1.411905046,11.29227567
22627,0.77,274982.0,2000.86,2.067434903,16.40544855
22628,2.23,356834.0,1165.49,1.91283555,14.97465912
22629,1.31,371170.0,1802.31,2.236560184,16.00222732
22630,2.37,361235.0,2256.95,1.562912314,13.64884883
22631,0.91,356086.0,2306.07,0.610472996,14.03499719
22632,1.47,378381.0,2480.99,2.070674628,14.99313479
22633,2.04,369401.0,2366.69,1.329163026,15.90645292
22634,1.01,367223.0,1756.99,3.573024316,15.25043376
22635,1.94,348607.0,1689.29,1.939561226,15.55552449
22636,1.26,361436.0,1394.35,0.861993358,17.01889589
22637,1.28,379264.0,1789.05,3.881570217,17.15253298
22638,1.02,254668.0,1633.07,1.888116392,16.25933636
22639,0.8,181588.0,2250.62,1.614316357,14.25667861
22640,1.38,345749.0,953.36,1.777957649,13.98232579
22641,0.54,374027.0,954.61,1.894124885,16.0416122
22642,3.05,137111.0,2108.02,1.412115405,15.96191692
22643,1.51,332599.0,1274.32,3.260810831,14.30311039
22644,2.0,361142.0,823.02,4.408799416,15.52992639
22645,2.23,374482.0,1700.08,3.167448213,13.07421038
22646,0.48,270543.0,2428.22,0.659580962,16.66247617
22647,3.77,151125.0,890.96,2.689063643,15.4464758
22648,1.83,358891.0,2193.19,1.679854939,15.1600272
22649,1.24,383915.0,1835.78,3.540890843,13.499776
22650,1.65,360877.0,995.51,0.802844421,13.02127713
22651,2.26,136456.0,1883.83,0.930049489,14.90782503
22652,2.13,352315.0,1827.64,1.701743963,15.04161347
22653,0.62,393852.0,1453.68,2.011055142,14.25837545
22654,1.03,356722.0,1247.35,4.416137848,16.31374219
22655,1.94,382315.0,1946.18,3.953237284,14.44617244
22656,0.45,356576.0,1679.84,3.56377702,16.65979123
22657,0.99,369174.0,1941.25,2.059874362,15.50332221
22658,0.99,158201.0,1879.33,3.765914898,15.93242391
22659,1.38,383918.0,2394.26,2.409032461,13.91143531
22660,2.09,147296.0,858.97,2.608480512,14.95025438
22661,2.05,347750.0,1823.53,3.250783525,16.96276251
22662,1.43,140541.0,1461.13,1.934831234,17.62117901
22663,1.29,378429.0,1266.93,2.371148177,13.80574432
22664,1.39,385409.0,2423.87,2.751730789,12.69508159
22665,1.37,372120.0,1330.97,1.854104688,13.08607088
22666,1.24,254960.0,2382.01,3.850535891,17.04566855
22667,1.61,234704.0,1885.08,1.032923323,15.76614918
22668,0.82,243597.0,1867.86,1.298844105,15.70750215
22669,0.99,169379.0,1353.16,1.552009869,16.69100571
22670,1.29,136966.0,2288.83,1.002250643,15.93869858
22671,1.95,121276.0,2221.13,0.929511525,14.53406809
22672,1.08,392593.0,1956.56,0.979672767,16.91506458
22673,1.34,289015.0,1749.82,3.688999222,15.40262091
22674,1.97,375173.0,1950.77,4.299233005,15.25435213
22675,1.22,360866.0,1463.5,2.67520527,14.87681072
22676,0.88,157754.0,611.33,1.686387163,14.01033931
22677,2.13,146594.0,1325.92,1.725643663,14.41038209
22678,1.11,386179.0,1821.61,1.645582462,15.1182312
22679,0.98,120734.0,2468.84,2.242808015,14.27533905
22680,1.11,388607.0,2378.63,2.748525669,16.69017606
22681,0.93,252654.0,1629.67,4.131604385,12.19662193
22682,2.58,340000.0,2213.08,0.959932333,14.19670914
22683,1.53,359118.0,965.04,2.807625247,13.64224857
22684,2.86,132050.0,1523.03,2.68884606,15.04575372
22685,0.41,340104.0,1820.68,4.241982573,16.78148223
22686,1.92,140889.0,869.41,1.650289798,15.12067086
22687,2.25,269803.0,842.69,0.919318389,17.41092632
22688,1.22,141331.0,2308.33,1.378095101,16.11070406
22689,1.47,136648.0,2512.97,1.32000012,13.90468188
22690,0.84,368709.0,2313.73,1.215662948,15.0259775
22691,0.94,359682.0,1451.54,1.761986219,16.77372269
22692,2.24,192001.0,2286.12,2.563108868,15.83633916
22693,1.7,114947.0,1759.56,3.960890027,15.11015833
22694,0.96,264646.0,1280.65,1.191768976,16.55838121
22695,0.79,358282.0,1483.7,2.021758108,14.95739784
22696,2.47,239926.0,2164.52,1.733018985,15.36587961
22697,0.32,397861.0,2388.68,3.373084224,14.08642935
22698,1.43,343112.0,791.91,0.629390142,15.39988179
22699,0.62,154340.0,1124.71,2.013181702,14.83806528
22700,1.72,363666.0,681.06,1.385204724,13.81410015
22701,1.47,369096.0,2449.2,3.63467192,14.89338655
22702,1.4,394002.0,1550.14,3.045473439,16.1055081
22703,0.56,136222.0,1748.99,3.349420856,13.76317145
22704,0.34,366190.0,2479.55,3.968176726,15.92758305
22705,2.14,238912.0,1703.51,1.356101386,16.12423902
22706,1.05,161659.0,2323.86,1.763564639,13.52626095
22707,2.0,139411.0,2406.28,1.567884702,14.71454957
22708,1.99,134416.0,1395.44,1.163985838,15.31899997
22709,2.92,166623.0,1731.12,0.121089454,15.38230963
22710,1.78,161895.0,819.92,1.935492255,15.91008941
22711,1.18,364383.0,1590.88,2.367156881,15.93413321
22712,1.1,258237.0,1489.11,1.689353928,13.56257242
22713,1.05,150681.0,1734.92,2.068509378,16.30981142
22714,1.65,368048.0,1351.66,2.632529274,14.5470478
22715,1.71,151052.0,1148.15,1.35038604,15.64301384
22716,1.45,168296.0,1835.14,1.913084931,14.73543713
22717,1.22,151676.0,1122.93,1.54289207,14.87771769
22718,1.13,148883.0,2331.3,3.379843875,15.92790557
22719,1.19,367471.0,681.31,1.824626526,14.78759488
22720,0.73,388257.0,1705.55,3.954574298,15.21202858
22721,1.2,256071.0,2293.16,3.87443306,16.21515324
22722,3.09,363983.0,1870.63,2.763455852,15.71991036
22723,1.08,273535.0,2356.48,3.959021048,14.3920848
22724,1.64,365719.0,1893.9,0.802701323,14.13066912
22725,1.4,386435.0,1410.46,1.475330397,15.17989528
22726,0.25,395455.0,815.88,2.170481226,14.62976074
22727,0.49,389901.0,1817.44,4.014609707,15.66279091
22728,1.35,160899.0,1903.66,2.193424499,15.53891742
22729,0.0,380031.0,1712.8,2.04650107,17.38178589
22730,2.93,376265.0,1857.4,1.047602172,15.03544305
22731,0.65,380203.0,1272.87,2.956305823,15.09956554
22732,2.35,132660.0,945.58,1.158066927,14.85665653
22733,1.24,389880.0,2322.8,1.054037543,15.50493131
22734,2.08,381676.0,703.3,2.133807821,13.09757776
22735,2.74,384430.0,2401.51,1.746757288,17.73027397
22736,0.38,239393.0,1817.33,2.839134536,14.04920521
22737,1.01,346465.0,1267.96,1.460671801,15.67852957
22738,1.36,374659.0,2387.31,3.981404051,17.15102087
22739,1.67,247732.0,1358.63,1.271144544,14.84047135
22740,2.4,356311.0,1471.14,1.964226783,15.28122749
22741,2.64,155931.0,1833.61,2.122573995,16.03580262
22742,1.77,168865.0,2486.85,1.820230433,14.5167319
22743,0.78,125609.0,1191.07,2.12296614,16.08543192
22744,0.28,359394.0,2345.43,1.778114441,15.03437453
22745,1.82,144906.0,1574.14,3.489572023,13.29161018
22746,1.74,385070.0,1766.78,1.646641289,13.16062532
22747,1.33,391623.0,1549.04,1.359512139,15.1745298
22748,2.74,176691.0,1850.29,2.607303567,14.05107069
22749,0.81,128172.0,1213.94,2.375108618,15.46341781
22750,0.52,370777.0,2295.78,2.079421066,16.06384757
22751,1.16,175981.0,1871.55,1.314135417,13.63907587
22752,1.25,243873.0,1967.81,3.374947108,14.53216748
22753,1.4,157922.0,1306.68,1.945579323,12.02528071
22754,1.88,260053.0,1671.95,2.987338828,14.35063595
22755,0.32,368105.0,1920.08,0.539526025,16.19549231
22756,1.8,140068.0,1928.97,2.391059981,15.23926958
22757,1.49,254893.0,1734.19,3.050041559,16.51519734
22758,1.91,257017.0,1819.65,1.929308172,15.15794423
22759,0.85,138655.0,1790.79,1.608129402,15.97262523
22760,1.14,143167.0,1045.12,1.717385522,12.30789679
22761,1.75,350260.0,2272.4,-0.143416071,15.807359
22762,0.74,138823.0,1895.03,0.916158652,14.58087659
22763,1.34,257970.0,1853.22,1.444696997,15.39286357
22764,1.16,363375.0,1297.42,3.83812788,16.89799656
22765,1.87,264236.0,1985.21,1.406970804,15.80034757
22766,2.0,354289.0,2265.9,4.317097401,15.21548375
22767,1.8,360224.0,1452.12,1.493319152,13.43351506
22768,2.67,349590.0,1481.83,0.717267421,17.34286779
22769,1.35,392325.0,1012.77,1.663362608,14.95438297
22770,2.58,269975.0,1744.74,-0.326393035,16.8231229
22771,1.67,142466.0,1818.36,1.166105125,15.96561494
22772,2.25,144381.0,1094.57,1.676007599,15.30485738
22773,1.82,152410.0,1165.85,3.203646978,14.7635987
22774,0.81,376651.0,1513.47,1.756128439,15.36129408
22775,2.24,338525.0,2328.82,1.083057584,15.48567955
22776,5.08,253083.0,1857.25,1.766781046,15.68675633
22777,0.6,381434.0,2214.47,1.559778701,15.94385501
22778,0.44,379800.0,2393.59,1.681799298,16.35528063
22779,1.51,369277.0,901.6,2.242332869,15.88229877
22780,0.28,260067.0,1242.9,3.001652491,15.64622117
22781,1.05,145795.0,765.22,2.990963457,14.32879143
22782,1.8,346782.0,2231.87,1.699596936,15.7482701
22783,0.95,275922.0,2403.93,2.470360196,16.44909962
22784,2.38,165515.0,1990.0,1.832014618,14.59126412
22785,2.24,261521.0,1138.91,2.760291581,17.46751704
22786,1.43,375720.0,2146.59,3.932500615,15.41437559
22787,0.71,273322.0,1897.15,1.88247598,15.16303892
22788,1.71,170531.0,1904.0,4.547289773,15.92035679
22789,0.88,378407.0,2145.71,4.042116526,14.94378061
22790,0.84,370138.0,2211.44,1.978957914,16.67709736
22791,1.11,286061.0,866.39,1.89791433,16.58623509
22792,1.21,376683.0,2144.89,1.918502136,15.10674146
22793,0.83,246926.0,1950.47,2.172500566,16.75512241
22794,0.86,155384.0,1821.01,1.188590625,15.4876203
22795,1.69,364072.0,1708.7,1.220968274,14.6751574
22796,2.37,367826.0,2194.32,-0.220292826,16.15562393
22797,2.0,389699.0,1916.37,2.155235862,16.02433569
22798,1.36,397292.0,1789.24,1.264639213,11.97364484
22799,1.23,391406.0,1805.98,2.262006906,15.79145145
22800,2.66,256209.0,1661.4,2.146889005,16.42681745
22801,2.0,229311.0,1084.03,1.209548968,15.49773062
22802,0.7,373342.0,1966.99,4.455321799,14.12276457
22803,1.69,375327.0,1363.06,2.306225855,14.96098314
22804,1.34,266527.0,2680.29,0.770951089,14.94575044
22805,1.46,160997.0,2224.37,2.824930907,15.95616061
22806,0.66,370963.0,2773.76,2.706479826,15.86363517
22807,2.26,376675.0,1008.99,2.088400442,14.47319889
22808,1.38,126242.0,1836.46,1.688420516,15.13038135
22809,1.63,374138.0,1352.9,1.761052583,15.47482392
22810,2.25,259194.0,1839.51,2.33212167,15.82805995
22811,0.66,356767.0,1978.46,3.027150542,13.37356318
22812,1.97,147801.0,1327.22,2.793918592,16.64752136
22813,0.43,361907.0,1822.12,1.699462179,15.66089826
22814,2.08,378424.0,710.14,3.057918505,13.32862917
22815,1.79,150836.0,1917.13,0.061702206,13.00173404
22816,0.64,245314.0,1859.65,3.418998519,13.59912901
22817,1.84,370692.0,2385.51,2.160082928,12.84376925
22818,2.29,134407.0,2564.81,0.644159779,15.06610146
22819,0.92,168239.0,2487.9,4.277592812,16.53957138
22820,1.62,273107.0,2114.13,3.146176407,15.72627932
22821,1.54,127038.0,1698.29,2.80435611,15.00637751
22822,1.46,338388.0,1371.3,0.720254398,16.09925453
22823,1.6,399825.0,2219.46,2.948265911,16.57641037
22824,2.6,247005.0,1497.14,4.220422466,15.34013747
22825,2.15,281748.0,1452.99,1.792804797,16.1515073
22826,1.28,173014.0,2439.39,3.905749759,16.37553688
22827,1.28,386121.0,1367.16,2.246399613,16.315353
22828,1.58,133524.0,1801.86,3.286053456,15.68586657
22829,1.73,158421.0,1769.41,4.055235753,13.9240216
22830,1.8,369944.0,1363.87,1.214635908,15.85998072
22831,1.25,233901.0,1703.3,1.13662238,17.5714454
22832,1.2,165043.0,1918.26,2.960148863,15.42548675
22833,0.78,367401.0,806.18,1.642830862,15.06986265
22834,0.94,249746.0,1247.83,2.548998446,16.38186763
22835,0.7,131470.0,1961.79,1.750584235,14.58198957
22836,1.31,393157.0,1218.33,2.12508133,16.7945222
22837,0.83,351280.0,2491.46,2.894444966,17.1161952
22838,1.24,153252.0,2526.11,0.075149451,16.88384299
22839,2.03,250607.0,1479.91,3.048125887,12.532689
22840,2.92,371105.0,1009.3,2.585218577,15.09629156
22841,2.17,370373.0,1341.2,3.724358243,15.81509036
22842,1.27,245267.0,1743.46,2.846965404,15.91826205
22843,2.05,342501.0,902.81,2.728244244,16.17434889
22844,0.72,377545.0,1377.61,2.671809963,15.80956749
22845,1.69,258386.0,1336.07,2.232078683,13.75838611
22846,1.61,253422.0,2418.18,1.39169824,14.35142317
22847,1.82,351575.0,1842.43,1.785367917,15.72037817
22848,2.06,378718.0,750.37,4.219406035,13.48977401
22849,2.07,131698.0,2286.9,4.30544778,12.96175984
22850,1.7,375908.0,1855.36,1.707652106,13.6802397
22851,2.12,268121.0,2452.02,2.791587775,13.27852275
22852,0.0,149564.0,1788.38,1.19389727,15.2876951
22853,1.86,130599.0,2513.6,1.744607552,16.60822086
22854,1.74,372352.0,666.47,1.893099663,13.79916775
22855,0.12,367562.0,2256.2,2.019429925,15.8780711
22856,2.17,383588.0,1882.09,2.948951358,14.80018958
22857,0.99,148190.0,2221.12,0.313866046,13.95840813
22858,1.3,356267.0,2786.86,3.417986202,15.01763209
22859,0.48,164435.0,2188.4,3.940713761,14.08151116
22860,2.5,137280.0,2724.4,4.258744521,15.64013673
22861,0.91,380555.0,1721.18,2.015824273,13.14138516
22862,0.66,347803.0,2363.73,1.096057846,13.5594858
22863,1.1,137204.0,818.24,1.256428603,15.74796566
22864,0.7,380065.0,822.28,2.313824906,11.95360275
22865,1.38,346048.0,1058.94,0.078249616,16.39857652
22866,0.71,128206.0,1795.13,3.729222864,15.45629541
22867,1.55,277210.0,1657.5,3.891865195,14.96072961
22868,1.62,358512.0,1874.14,0.419839554,14.81767454
22869,1.41,340352.0,2351.19,2.184169956,15.71984503
22870,0.52,388292.0,1629.52,1.244260639,14.97738175
22871,1.13,240693.0,1822.78,2.699600604,15.77080939
22872,0.89,135370.0,810.03,0.677302701,16.17780705
22873,1.5,242714.0,2303.62,2.14540078,16.07132505
22874,0.57,392009.0,839.02,2.906171273,17.13329038
22875,0.53,282682.0,1818.78,1.441940983,17.49658002
22876,2.03,384268.0,2176.66,1.553873404,16.22153855
22877,2.27,375767.0,2325.36,1.214051382,15.00225177
22878,0.24,362454.0,2380.5,0.715790869,15.81082112
22879,1.39,167645.0,1746.94,1.555535338,16.673341
22880,2.38,360022.0,2296.19,1.668186525,15.44239913
22881,1.07,249059.0,1526.02,0.993094241,15.51313854
22882,1.34,125605.0,1802.68,1.993650316,16.93720161
22883,0.12,362033.0,1774.29,1.658232928,15.85930227
22884,2.2,134882.0,2132.57,2.815751087,14.7594808
22885,2.07,379857.0,1917.72,1.441787856,14.84043974
22886,1.58,123914.0,1293.35,1.906693013,14.85571907
22887,0.4,166224.0,1755.44,2.402250169,15.66489574
22888,1.96,269769.0,838.58,3.755398775,13.6934026
22889,0.8,388909.0,2226.01,1.92567665,14.30910537
22890,2.15,353742.0,2129.16,1.348425952,16.06121656
22891,1.41,366429.0,1896.93,1.760494964,15.90096824
22892,1.43,385325.0,1974.4,2.109561548,12.40406958
22893,1.32,356241.0,1677.4,0.914999595,14.41325789
22894,0.73,363926.0,1323.4,1.363168149,13.08161132
22895,0.97,387327.0,1819.47,1.753884806,16.15963856
22896,1.47,376348.0,2459.45,2.058605572,13.50475131
22897,1.13,259093.0,1214.44,2.102626254,15.83975114
22898,2.23,360821.0,2309.79,1.929824183,15.21207353
22899,1.54,362943.0,1909.5,0.143803101,17.41747136
22900,1.15,162500.0,1053.21,-0.326393035,14.31967003
22901,0.97,165280.0,2464.59,1.250234637,15.976885
22902,1.21,376036.0,1681.96,3.543825299,16.67842135
22903,0.75,154642.0,2628.24,3.461655546,15.71757038
22904,2.41,242823.0,787.04,3.133809266,15.10128491
22905,2.01,149951.0,773.74,1.192060529,15.64990909
22906,1.36,250239.0,1580.27,4.143882392,14.18243567
22907,0.73,144840.0,1277.61,1.625811241,15.41403894
22908,1.44,374473.0,1384.41,2.919497449,17.38723079
22909,1.76,165655.0,805.9,1.798052961,16.31801615
22910,1.53,367451.0,1731.16,1.786838673,13.87144363
22911,1.01,355677.0,2150.89,3.248004004,13.33468703
22912,1.61,152713.0,2275.43,1.781995662,16.19111924
22913,2.4,259638.0,2283.86,1.780508942,13.58136193
22914,1.34,370068.0,1815.68,3.831809,15.36820623
22915,0.61,379880.0,2068.96,1.362517197,13.14122128
22916,0.65,158216.0,2016.92,1.910503834,15.76846061
22917,0.87,379430.0,1858.86,1.609991053,16.08781414
22918,1.21,257170.0,2189.13,3.956458701,17.19578663
22919,0.75,135388.0,2010.26,1.320330447,15.90901978
22920,1.27,378089.0,1953.86,3.448613003,17.34584693
22921,1.65,135688.0,1799.64,3.08354412,16.32706157
22922,2.01,384171.0,2265.83,0.622935555,16.17993342
22923,1.15,160712.0,1239.12,2.986131045,12.36860148
22924,1.1,389377.0,2425.24,2.062347059,14.4113987
22925,1.39,143577.0,1804.58,2.578662143,16.39980335
22926,0.28,394144.0,2395.22,2.206985443,14.80245302
22927,1.36,149167.0,1329.54,3.513867568,13.07735058
22928,1.41,392796.0,586.86,1.317119631,15.15801096
22929,1.81,136803.0,1746.21,1.573974789,15.72767589
22930,0.38,372112.0,2285.23,3.390466476,14.90714501
22931,2.63,156483.0,1840.14,2.143051227,16.68634324
22932,1.31,236670.0,2384.47,3.348522031,15.86141918
22933,0.95,360095.0,2203.75,1.179688821,15.56945526
22934,0.37,392057.0,1962.15,1.119704638,16.33691692
22935,2.17,377515.0,1607.76,4.202205358,17.03506133
22936,1.02,152592.0,2482.79,3.602113941,15.92220236
22937,1.59,158969.0,1147.36,3.071945253,16.40895927
22938,1.82,357502.0,2607.1,1.729733897,15.89280532
22939,1.06,376285.0,2150.69,2.705692901,16.31811165
22940,1.03,174436.0,1970.58,2.984044997,15.93164739
22941,2.31,241369.0,2334.5,1.464212474,13.51227631
22942,1.02,385029.0,781.81,1.907657698,15.66677641
22943,2.28,271516.0,2342.26,3.69950723,17.73027397
22944,0.88,351743.0,1859.53,1.658789952,16.3924981
22945,1.77,261398.0,2934.65,3.481571916,16.87496737
22946,1.88,371309.0,1295.82,1.706673612,13.07644742
22947,0.41,140293.0,1722.12,0.963309604,15.57428394
22948,0.84,350246.0,2129.24,1.546815528,15.34866773
22949,0.87,278401.0,1718.92,0.721696917,12.80555931
22950,1.11,394499.0,2552.4,3.638240473,15.78805806
22951,0.99,373968.0,1208.31,1.458150121,14.98138823
22952,1.71,367587.0,2261.55,1.117050596,15.12044137
22953,2.18,361858.0,2410.25,1.664229218,15.9587011
22954,2.34,284315.0,1684.26,1.589572564,13.29203783
22955,0.88,162287.0,877.51,1.44381916,13.89183778
22956,1.72,385084.0,1270.37,1.86671409,15.39712073
22957,1.18,166081.0,1889.46,3.449140815,15.83319097
22958,2.62,369343.0,2337.65,2.488930891,11.2583727
22959,1.43,131716.0,1209.1,0.919038766,15.83822868
22960,1.98,377196.0,884.01,2.230002182,14.07747473
22961,2.29,346050.0,1904.99,1.71981805,14.99417101
22962,1.54,376223.0,1413.97,1.833671088,15.75604236
22963,0.38,357618.0,2018.04,2.099865128,12.68340172
22964,2.37,258304.0,1198.15,3.030202671,16.19679819
22965,1.24,377780.0,2382.35,1.687536934,15.94296899
22966,0.81,161484.0,2000.11,2.834603623,16.50493611
22967,1.01,243260.0,1552.75,1.179553904,15.69591719
22968,0.38,160535.0,1848.27,1.260039282,15.97384426
22969,2.21,401119.0,1763.26,3.578921556,14.26202771
22970,2.75,348896.0,1101.96,0.71704309,13.85659634
22971,2.35,363527.0,2294.94,1.815115797,15.86380752
22972,0.87,397715.0,824.61,2.351038462,14.6374249
22973,2.1,136711.0,1498.63,2.079950695,13.38906648
22974,2.19,251793.0,1152.02,1.754564268,11.47533282
22975,1.38,149997.0,1809.54,3.428573225,13.51677578
22976,1.9,139501.0,1865.49,1.435384577,15.38116505
22977,1.96,130582.0,1296.24,1.02895351,12.83176253
22978,1.59,387176.0,1369.8,1.526754467,15.85371465
22979,2.03,360877.0,827.34,1.828222294,16.51636775
22980,1.16,393206.0,1892.64,1.255791523,13.30959272
22981,2.17,368061.0,1896.57,1.932716284,16.84783604
22982,1.92,130708.0,824.36,1.813626535,15.7934529
22983,1.2,358112.0,1911.98,0.950606027,15.69679962
22984,1.97,133720.0,2082.57,2.192073408,15.84767142
22985,1.43,151683.0,1272.01,2.810770403,13.64243088
22986,1.91,377932.0,2332.18,2.318690532,16.33533391
22987,1.65,135562.0,1807.15,0.322729852,14.18215732
22988,1.97,269038.0,2179.01,1.536860795,16.4292608
22989,0.65,132329.0,1757.0,4.821316897,13.30636693
22990,1.48,133606.0,788.72,1.318732081,13.42973887
22991,1.52,260345.0,1901.35,3.393827048,15.1686319
22992,1.69,355417.0,2200.86,2.922631206,15.20635197
22993,0.47,375014.0,1300.03,1.007177969,15.18537784
22994,1.32,139213.0,883.59,1.49065885,14.83508975
22995,0.21,386368.0,1600.14,3.330492112,15.06639255
22996,2.08,360794.0,1492.0,1.64746841,15.45874875
22997,0.96,388300.0,861.89,1.920774518,17.36550637
22998,1.74,346623.0,1681.74,2.817151776,15.86172506
22999,1.64,345047.0,2183.53,0.699891464,13.64955007
23000,2.54,251001.0,1688.66,1.824444359,13.19329328
23001,1.7,380119.0,1681.52,1.460882755,15.07791352
23002,2.14,230205.0,1915.88,1.885613487,16.95501997
23003,0.34,357012.0,1377.28,1.582316797,15.71215087
23004,2.46,261187.0,1841.1,1.46335746,17.30908768
23005,1.2,347245.0,2309.36,1.425685116,13.51062901
23006,2.54,376097.0,1422.26,4.123473837,14.45445956
23007,1.98,355948.0,1680.38,4.726726006,15.44770731
23008,0.84,180271.0,922.28,1.61110144,15.20655914
23009,0.51,380277.0,2116.63,1.860452139,12.25855181
23010,1.66,249230.0,2011.39,2.041117181,13.94255518
23011,1.06,123506.0,772.91,1.619435773,15.10203722
23012,1.67,253559.0,2173.54,1.156514257,11.36623476
23013,1.06,359239.0,2202.78,2.634638983,15.57539458
23014,1.95,357894.0,2232.0,4.09254994,12.89970982
23015,2.04,155330.0,1809.49,1.682804975,13.96332466
23016,0.89,367090.0,2302.51,1.331182554,16.51199641
23017,0.99,119499.0,2295.52,2.040115751,16.02641668
23018,1.78,137228.0,2440.48,1.948203987,15.56253909
23019,0.3,385415.0,2133.42,3.093361992,16.28165274
23020,1.91,377421.0,1494.06,0.595370484,16.20601136
23021,1.02,153425.0,1958.9,1.904533686,17.68237401
23022,0.78,368741.0,2249.58,3.319085333,12.8531606
23023,1.65,358216.0,909.83,3.921583836,15.68643454
23024,2.05,394361.0,1699.7,2.088145968,14.34317719
23025,1.52,372034.0,2181.04,2.010246844,15.02309697
23026,2.44,144669.0,1214.81,2.991123992,16.03799857
23027,1.04,378962.0,1851.26,1.189947219,15.68787448
23028,2.6,139372.0,850.47,0.781808051,12.79184115
23029,1.13,262877.0,725.02,2.132398341,16.18671107
23030,0.58,401119.0,1282.28,1.408380803,16.00384844
23031,0.3,356487.0,2310.18,1.796663589,16.46649702
23032,1.34,384167.0,1905.48,0.456145214,12.56382147
23033,1.01,255367.0,1775.69,1.518721824,16.25372947
23034,1.73,390896.0,2376.2,2.586119495,12.245448
23035,1.66,370080.0,1859.88,0.683503132,15.07920835
23036,1.07,367603.0,2434.31,1.349944326,15.77963952
23037,1.25,364754.0,723.19,1.600438947,17.12167044
23038,1.57,267748.0,1728.98,1.834119437,15.65466396
23039,1.16,249835.0,761.13,2.353175153,17.01444754
23040,0.54,166916.0,1459.89,2.478900456,16.15475129
23041,2.2,242491.0,1256.17,2.108456372,15.97777253
23042,0.21,387136.0,1854.71,1.676625684,16.00253335
23043,1.94,147237.0,1233.05,4.319098366,14.68666581
23044,0.77,388733.0,2590.43,1.975861748,17.73027397
23045,1.81,358612.0,2191.58,3.151440034,15.3918151
23046,1.34,168038.0,935.19,1.967740192,16.05062426
23047,2.57,245271.0,2065.4,1.938527027,13.5655987
23048,0.91,360754.0,1493.27,2.468671878,14.03934341
23049,1.22,373362.0,1803.65,3.133071066,15.2470734
23050,0.82,360609.0,929.76,2.92441806,13.51331151
23051,1.34,132210.0,1970.21,1.688873836,16.14582833
23052,1.1,237088.0,801.91,2.719080841,15.13778478
23053,0.0,381523.0,1164.93,2.070341969,15.64727098
23054,1.59,361672.0,2371.94,3.61709464,15.56815112
23055,1.8,364025.0,2539.23,2.686421564,13.9771223
23056,0.91,270205.0,1832.96,1.152526802,16.00386349
23057,1.13,280365.0,1881.25,1.652204965,16.27779232
23058,1.28,382436.0,1718.37,4.764659653,14.56396949
23059,2.22,272658.0,2488.87,1.759390201,16.06878155
23060,2.72,165160.0,2248.52,2.954721597,15.79751069
23061,1.56,354686.0,1840.87,1.202559271,14.1113072
23062,1.1,269827.0,2326.69,3.717666585,13.80030283
23063,1.62,125468.0,1762.56,1.460416559,16.99876804
23064,1.21,152679.0,612.05,1.822191105,15.77180096
23065,1.91,359737.0,1683.62,1.228895504,15.45886914
23066,0.86,376467.0,2026.53,4.306351381,13.97272958
23067,2.65,382613.0,2510.91,3.060849129,16.03497971
23068,1.39,378298.0,1897.02,0.024546646,15.32194698
23069,0.75,364597.0,1701.87,3.676691748,15.46564308
23070,1.32,365770.0,2113.61,4.495391274,14.67502726
23071,0.01,356905.0,2260.73,1.690913388,13.11008661
23072,1.55,365338.0,1813.51,1.215542053,15.3374999
23073,0.27,240687.0,2310.69,4.93924406,14.13277055
23074,2.42,136219.0,851.95,1.254191428,16.48249613
23075,0.56,167497.0,1966.0,1.985173128,15.33284208
23076,2.2,380811.0,1888.11,1.571292959,12.92833329
23077,2.94,354693.0,2100.28,1.403719444,15.22771465
23078,1.67,131635.0,916.05,3.16670561,15.70375752
23079,0.89,359187.0,1905.02,2.007491529,16.17194337
23080,2.3,356226.0,1427.8,2.779295644,13.08877179
23081,0.09,374336.0,1098.13,2.999356786,15.96131097
23082,1.56,387051.0,1744.11,0.884074334,13.79894071
23083,0.65,126350.0,824.77,1.146821463,15.50601414
23084,2.18,126751.0,2583.94,0.700333882,15.30151448
23085,0.41,386892.0,897.9,4.058004007,16.34945196
23086,1.68,350641.0,1852.27,2.105293313,12.3736404
23087,2.13,153064.0,1952.72,4.514726792,11.99601921
23088,2.7,135048.0,889.46,3.60628473,16.52661439
23089,1.45,156998.0,1864.73,2.062928127,15.68749234
23090,1.66,256491.0,1244.41,2.269808691,14.07518362
23091,0.75,340576.0,1027.89,0.991388401,13.631498
23092,1.86,262451.0,1409.66,3.068530122,16.03739637
23093,0.1,158768.0,1835.71,1.30895405,17.73027397
23094,1.72,147106.0,1749.25,1.888909082,15.2983304
23095,1.58,146057.0,755.05,1.933995221,13.42540616
23096,1.39,374162.0,2190.65,1.225390618,14.77191379
23097,2.64,257817.0,2202.27,2.116090943,15.29103059
23098,2.13,114947.0,1530.53,2.691899671,15.56381305
23099,2.02,343786.0,2080.99,1.368955544,14.72930435
23100,0.24,388885.0,2208.91,4.062647713,16.78371235
23101,0.11,271424.0,2416.48,2.990095022,16.49930947
23102,1.2,356280.0,1858.2,1.072479808,15.61942307
23103,1.32,140495.0,1621.41,2.491970738,13.58532866
23104,0.99,358887.0,1599.7,0.859793606,12.4624915
23105,1.1,117323.0,1722.16,1.421085011,13.98569011
23106,2.23,135682.0,2179.68,1.585273079,14.62659406
23107,1.75,345623.0,2419.6,2.223455353,15.39279044
23108,0.84,269585.0,832.74,2.31446457,16.98353713
23109,0.36,359886.0,1956.31,2.519457593,16.29278596
23110,1.67,150313.0,1191.94,3.78226572,14.43579819
23111,1.13,356175.0,1197.95,1.119074351,14.35518174
23112,1.59,134977.0,1840.51,2.603466846,15.96649193
23113,0.64,348854.0,2348.41,1.193078256,15.76885587
23114,0.05,389563.0,892.33,1.589319085,14.3247629
23115,0.56,251921.0,1829.54,0.7869668,16.15345691
23116,2.06,392841.0,1435.46,1.742780349,14.47184514
23117,0.51,355788.0,2626.52,1.295998018,16.05041471
23118,0.97,149607.0,1566.23,1.680170102,12.37997497
23119,1.51,281744.0,1868.21,1.639474692,15.21530823
23120,1.96,163312.0,2365.05,1.490678286,13.92241147
23121,1.7,391121.0,1482.55,1.963388044,16.58118201
23122,1.29,360756.0,1848.11,2.713256754,13.77735979
23123,1.12,377368.0,724.76,0.506775571,15.363746
23124,1.96,352207.0,1749.13,1.904593458,15.39189453
23125,1.49,146892.0,1844.28,1.311088606,16.41243563
23126,1.26,145750.0,1787.37,3.37231775,16.02773805
23127,0.27,253703.0,1894.31,2.06876107,16.70886472
23128,0.91,172339.0,1968.6,1.456661508,15.17474125
23129,1.84,270699.0,1774.36,2.856890976,15.9342165
23130,2.21,369934.0,1571.74,2.027683781,16.14579994
23131,1.75,150112.0,2208.25,3.121765019,13.72329273
23132,1.35,114947.0,1913.11,1.628587513,15.78019559
23133,1.68,139233.0,889.37,1.718496852,14.64340131
23134,1.37,370221.0,1876.36,1.795433863,15.99078983
23135,2.6,134672.0,2430.9,1.425906899,14.90553224
23136,0.7,366763.0,601.3,0.496724101,15.60960941
23137,1.02,144341.0,1358.48,2.65269187,15.00315915
23138,0.53,350526.0,1379.02,2.907286763,15.06538311
23139,0.85,364467.0,2069.17,3.575526811,15.86479121
23140,2.27,140934.0,2025.21,2.240148683,17.42450672
23141,0.97,366635.0,856.37,3.587504596,16.27443311
23142,2.58,378774.0,1851.4,1.532742231,15.6961783
23143,0.96,384005.0,832.41,3.376615473,13.55886648
23144,1.7,369496.0,2054.61,1.226543046,16.52605113
23145,1.84,395551.0,1469.15,2.157474065,16.45662367
23146,1.84,260732.0,653.16,1.56089209,15.4002167
23147,1.44,133329.0,1545.57,1.440353418,15.44543403
23148,0.28,286965.0,1794.75,2.157291686,17.65891462
23149,1.61,361257.0,1108.29,2.375201842,13.5326489
23150,0.49,130548.0,2424.34,1.586884384,12.84183443
23151,0.82,250948.0,1448.16,0.390187307,16.61177055
23152,1.37,399683.0,1885.61,4.086689935,13.30146777
23153,1.74,363800.0,1799.56,2.208252902,15.49219544
23154,2.38,367721.0,1052.77,4.360967595,13.87589929
23155,1.2,354064.0,2387.48,2.922201996,15.56108273
23156,1.6,365206.0,1841.98,1.727749118,13.24188601
23157,0.98,133223.0,2318.13,1.853777021,16.51159176
23158,2.0,371155.0,2019.87,1.287407636,15.82834086
23159,1.12,369509.0,1905.54,1.352725749,14.17490268
23160,0.98,136091.0,1793.53,1.552939698,16.21191051
23161,0.6,358864.0,2629.48,2.374119358,15.29345035
23162,1.59,155184.0,1820.01,3.912775038,15.5831726
23163,1.19,257800.0,1659.37,2.146187897,15.80619266
23164,1.34,393193.0,2052.75,4.366631338,16.05433024
23165,1.92,119586.0,2433.23,1.766329822,15.44608718
23166,1.15,144891.0,1250.75,1.42016219,15.4995318
23167,2.27,363496.0,2224.17,3.483600073,15.28632525
23168,0.99,135763.0,1827.73,2.498017104,17.73027397
23169,0.08,370446.0,1749.82,1.999489112,14.53240741
23170,0.46,381352.0,1386.45,1.822949755,12.95653905
23171,1.26,393629.0,2141.81,1.459668331,15.08943491
23172,1.53,264957.0,1974.51,0.268950541,13.72290124
23173,1.33,255349.0,2359.05,2.201437883,13.99655116
23174,1.39,133169.0,791.01,4.173147328,15.35907563
23175,1.95,363113.0,2328.05,3.14324034,15.45283909
23176,1.2,364721.0,1849.81,2.838969333,15.32647745
23177,1.31,155114.0,2438.92,1.319453849,15.63255673
23178,0.56,146532.0,1519.33,2.46690181,13.58051067
23179,2.63,380539.0,841.79,1.714798166,15.80658019
23180,2.12,244959.0,1342.18,0.979230109,16.74194876
23181,1.35,373294.0,1180.73,2.338875761,15.56404196
23182,2.21,360066.0,2589.67,2.164826933,14.53179177
23183,1.04,143926.0,586.86,4.506564198,15.79174998
23184,1.42,392885.0,1824.29,0.426802728,13.91799165
23185,1.51,363486.0,827.55,0.379087677,15.69256062
23186,2.0,375458.0,1122.36,3.514057486,15.19609738
23187,1.66,377949.0,2505.69,3.125929994,14.63420015
23188,1.19,257811.0,1466.16,1.371008056,15.15517139
23189,1.26,247803.0,1717.46,1.786533953,14.04603394
23190,0.73,270489.0,2455.67,1.650470981,13.94344143
23191,2.06,230732.0,1071.89,0.274757821,14.29710273
23192,0.68,270015.0,2095.55,2.00897121,17.73027397
23193,1.39,251263.0,2331.95,1.333861069,16.38911497
23194,1.08,364085.0,1839.55,1.198199225,14.41361658
23195,0.6,364948.0,2334.96,1.33847579,13.78524248
23196,1.7,261566.0,1315.27,0.882580318,13.53923062
23197,0.93,366419.0,1819.38,4.556324604,15.34439859
23198,1.3,262630.0,1668.85,1.588407696,14.35579562
23199,2.06,359317.0,1798.52,2.687238712,15.16312511
23200,1.86,152851.0,1532.36,2.582126247,16.41718515
23201,1.88,378784.0,2295.8,1.55974252,14.71884119
23202,1.93,133178.0,1855.91,3.419546269,13.32290635
23203,1.19,354660.0,1528.95,2.081496792,14.67075212
23204,1.55,378073.0,1361.97,1.752534219,15.40686785
23205,0.09,128977.0,2916.55,1.560699073,15.12893462
23206,1.96,253645.0,1640.65,2.845750758,14.0696424
23207,0.8,243935.0,1910.24,3.62259227,16.22137868
23208,2.11,371492.0,823.31,3.639404918,14.56587492
23209,1.27,372757.0,853.98,1.873092034,14.90793876
23210,0.94,127200.0,1391.54,3.22650102,14.77229782
23211,0.73,138873.0,2560.02,0.605217472,12.89889235
23212,2.34,269089.0,2548.92,1.218026314,14.40132677
23213,1.0,387726.0,1990.54,2.847532653,15.73689848
23214,1.45,137395.0,826.93,1.586850905,12.93958257
23215,0.84,261510.0,1379.51,2.227238406,16.25005789
23216,0.81,272094.0,1913.78,3.441295138,16.37799697
23217,1.99,382463.0,2193.8,2.046725224,15.35195076
23218,1.23,370261.0,930.47,0.151111138,13.56611153
23219,0.94,250942.0,2631.01,1.647836381,14.19217501
23220,1.64,362727.0,746.58,4.751349649,15.02385916
23221,2.32,141687.0,2320.92,2.597001699,15.86634046
23222,0.8,372154.0,1632.67,4.299394232,15.0551093
23223,1.44,378978.0,2280.36,2.284996831,13.49020745
23224,0.98,149788.0,1359.75,2.615983533,15.96811108
23225,0.7,248668.0,1989.89,4.254617092,16.09047123
23226,2.81,361502.0,925.78,2.892495089,12.54466998
23227,0.95,146223.0,2002.28,4.26013155,15.85698909
23228,1.85,357458.0,1883.1,1.565620796,16.35492232
23229,1.76,153765.0,1792.97,1.416218988,17.02912966
23230,2.11,396668.0,1623.11,3.422205495,16.01862461
23231,1.35,114947.0,1945.35,1.781459028,16.44144727
23232,2.83,373464.0,2666.06,0.235565806,15.84390931
23233,2.46,357948.0,1872.74,1.776080818,16.05320987
23234,3.12,232813.0,2200.4,2.815433906,15.92845859
23235,1.91,274612.0,2314.63,4.38411337,16.78386411
23236,1.14,143442.0,1634.39,2.003199553,15.85640674
23237,1.17,152151.0,2320.33,2.970142223,16.86341849
23238,0.39,394590.0,1732.85,1.498405901,13.70370632
23239,0.0,261796.0,1367.22,3.029538308,16.01562129
23240,1.93,391410.0,2200.95,0.975559151,13.47254223
23241,0.52,289770.0,2713.47,2.424797216,16.07761834
23242,1.03,376851.0,1866.13,1.119975998,14.99434351
23243,0.9,261590.0,1869.82,3.159822661,14.22653519
23244,1.08,375874.0,2027.17,1.974917934,15.87907514
23245,1.74,131739.0,1490.72,1.223463977,12.09999138
23246,2.55,238805.0,1634.95,2.802166593,14.50604813
23247,1.18,245068.0,2001.43,0.099975754,15.72197224
23248,1.25,385019.0,1784.7,4.164461291,15.44006281
23249,0.88,367427.0,685.19,2.205155927,16.01861728
23250,1.6,153461.0,1976.23,2.030906765,12.80722448
23251,2.17,353275.0,2342.24,1.264168166,14.74978618
23252,2.18,153293.0,2867.94,3.349672744,14.35667412
23253,1.32,269318.0,1692.72,1.661234597,17.25782495
23254,1.65,347100.0,2249.84,3.552732339,13.26354537
23255,1.25,373021.0,756.63,3.836223157,13.44601113
23256,0.99,130987.0,1717.7,1.49733682,13.68423132
23257,1.17,122206.0,1940.12,1.473123833,12.90138687
23258,2.17,361497.0,2121.43,2.022366298,15.18884927
23259,1.48,364069.0,1787.82,2.141829714,13.82446758
23260,0.49,145426.0,1852.31,1.954342437,12.49456697
23261,0.2,139407.0,2866.38,2.855966078,14.0345539
23262,1.19,127343.0,2782.9,1.072517845,17.60307933
23263,1.49,253006.0,2097.56,1.739096317,13.79476935
23264,0.0,375197.0,2268.19,4.230800266,15.36006641
23265,1.02,368884.0,799.17,0.264302927,15.80400336
23266,1.54,249551.0,1675.11,1.034461407,15.92285727
23267,2.13,255147.0,825.98,1.41248617,14.28790108
23268,2.22,355040.0,2100.5,1.782266659,14.09333877
23269,0.18,383676.0,1127.25,3.627612153,14.21010142
23270,2.51,385518.0,1012.03,0.734735344,14.86546911
23271,0.0,165275.0,692.38,1.823311747,15.98748806
23272,0.28,372130.0,1669.92,2.8572739,16.48598394
23273,2.17,137372.0,1541.05,0.120916254,17.1403955
23274,0.84,257372.0,2271.29,2.087633638,16.34165169
23275,2.06,277961.0,1813.15,1.39017492,15.2747919
23276,0.53,355298.0,2006.99,1.881980825,15.04298819
23277,1.52,366414.0,1364.89,1.850118866,15.1818928
23278,1.8,150745.0,1850.0,1.731971722,15.52504231
23279,0.77,361026.0,1579.01,1.681769001,12.28866038
23280,0.79,377298.0,2474.6,1.685831368,15.92724124
23281,1.83,362338.0,1811.49,1.670385086,14.78009575
23282,1.57,370254.0,905.12,2.813613977,14.77706868
23283,0.67,164511.0,1563.38,3.085330429,15.37688895
23284,1.45,121324.0,1904.42,2.125670044,14.1336399
23285,1.79,241658.0,899.35,1.420202978,12.7265932
23286,1.23,374063.0,845.77,3.559540985,14.21307249
23287,1.5,348206.0,2104.72,2.158251309,12.21444688
23288,2.29,239966.0,1096.75,1.540363723,16.83022754
23289,1.79,397020.0,1163.87,4.173912607,15.49481627
23290,1.29,175314.0,1655.07,1.194962869,16.24071546
23291,1.22,346621.0,2087.71,1.221816909,16.05641223
23292,1.19,389051.0,1386.11,2.838872626,16.08501083
23293,3.23,368454.0,1835.69,4.471026983,15.27870579
23294,1.31,393736.0,1943.08,3.370567477,14.55494994
23295,1.87,362937.0,1475.29,0.998597574,14.71731317
23296,0.77,368048.0,1889.73,2.236155721,15.64123195
23297,2.09,142126.0,1803.9,1.105683034,14.90812198
23298,1.26,382665.0,741.51,1.902094079,13.5450672
23299,2.11,136049.0,908.16,0.993386703,16.70580275
23300,1.47,360486.0,2046.39,1.736140209,16.23213682
23301,1.74,279693.0,1873.66,1.980883239,15.55929566
23302,1.81,362196.0,1720.25,0.716917625,15.79140754
23303,0.83,340216.0,981.85,2.593780526,13.2639237
23304,2.27,378232.0,2192.17,4.851252826,16.26635773
23305,2.6,267501.0,1900.71,2.832298407,15.82823971
23306,1.8,355679.0,2842.03,1.214796468,15.55277373
23307,1.38,375453.0,2256.62,0.309021893,16.98739047
23308,1.64,338659.0,1566.98,1.420878255,14.70837083
23309,1.7,362198.0,992.06,3.954359622,16.10727866
23310,1.48,377855.0,2015.38,1.493510713,14.86280771
23311,1.23,273828.0,1461.21,1.100709408,15.49708714
23312,2.04,371630.0,909.69,1.511227156,15.53904995
23313,1.69,262762.0,1980.45,3.201793626,13.72366797
23314,0.41,372631.0,2104.58,1.663799638,15.3094737
23315,1.19,293222.0,1557.67,3.038608338,14.22294673
23316,1.56,253246.0,1194.95,1.460366137,15.36466407
23317,2.07,361563.0,2099.54,4.202225258,15.69680861
23318,1.28,138372.0,2109.25,1.767841163,16.54225924
23319,2.59,128799.0,971.19,1.250044591,14.76417466
23320,1.43,137511.0,1677.55,3.570014554,16.17210864
23321,1.85,142092.0,1233.99,1.565260188,15.70165182
23322,0.72,268409.0,1956.85,3.573912291,14.85418212
23323,1.08,152523.0,1946.15,2.110390386,13.42921131
23324,0.73,271971.0,1389.11,2.496276965,16.06124153
23325,0.22,357779.0,1571.29,2.805981194,14.44998972
23326,1.65,123718.0,1518.03,1.022471181,15.21807473
23327,2.54,115332.0,2477.06,2.024113161,14.08305891
23328,1.45,379280.0,1372.83,3.912867178,15.41155129
23329,0.86,358876.0,1236.61,1.687188713,15.85712426
23330,1.49,393840.0,721.11,2.580703047,15.80459319
23331,1.42,128564.0,1982.88,2.302041634,15.52625319
23332,1.43,123561.0,1803.44,1.965778262,14.37528416
23333,1.8,352020.0,964.98,-0.10066398,15.28216323
23334,1.49,385874.0,1076.79,2.185681008,15.25061491
23335,0.0,265764.0,1416.57,2.415630669,14.50039441
23336,1.48,138420.0,1178.64,1.485075845,14.80771
23337,0.57,377337.0,1399.6,4.039398815,12.54466662
23338,2.26,369066.0,1746.16,3.370772504,16.02983774
23339,1.01,370908.0,2844.9,2.008906164,15.61817217
23340,1.87,359262.0,2177.92,0.689478861,16.57431035
23341,1.12,375557.0,2266.92,2.021769108,15.93144001
23342,0.54,130349.0,1502.54,1.851606076,15.0844765
23343,1.31,392120.0,1801.94,2.062758462,14.31208321
23344,2.08,367063.0,1454.2,1.569547296,12.4633912
23345,2.09,381387.0,710.93,4.4560365,15.9400515
23346,1.82,164238.0,1888.09,1.048917813,15.69761237
23347,0.31,369950.0,1908.54,1.354438669,13.1957197
23348,2.04,282033.0,1286.38,0.824720641,16.88225732
23349,0.52,125095.0,1301.65,0.631957394,15.86755167
23350,2.2,373264.0,1582.84,0.916191175,15.48268655
23351,2.6,352685.0,1901.4,3.37162052,13.02772842
23352,1.98,133678.0,1721.18,0.791324342,16.96591526
23353,0.94,363035.0,2285.89,4.841779298,13.33766954
23354,1.15,130508.0,1817.18,1.579884881,16.81456015
23355,0.6,141824.0,1781.15,1.383753069,15.24331291
23356,0.78,146494.0,894.01,2.447890066,13.33664666
23357,0.74,369255.0,859.29,1.764809621,14.41325706
23358,1.06,357544.0,772.11,2.484479125,15.89429389
23359,2.48,160532.0,1924.24,3.837717067,14.19143656
23360,2.23,152559.0,2057.61,3.576193968,15.43503659
23361,1.0,362608.0,2034.58,1.920771172,16.26355604
23362,1.17,376480.0,1860.93,1.901821144,15.22516176
23363,1.01,352634.0,1613.81,4.800120343,17.71184953
23364,1.4,373440.0,586.86,3.605695696,16.34410532
23365,1.9,134498.0,1819.33,1.283017231,14.23105779
23366,4.93,376990.0,1850.65,2.052489416,15.10117376
23367,0.09,360590.0,720.92,3.883393081,12.99661288
23368,2.12,358258.0,1424.4,1.813827437,15.52603131
23369,1.43,382423.0,2330.73,0.92131306,15.7799931
23370,1.7,356481.0,1847.02,2.866526944,15.6093336
23371,1.17,246773.0,1820.89,3.468715904,15.54404958
23372,1.38,367968.0,924.41,2.005534797,14.52549681
23373,2.88,175997.0,1520.12,1.837516357,15.10584293
23374,1.53,363252.0,1863.14,1.501848251,13.91853429
23375,2.39,277981.0,2214.56,1.572883219,15.92227412
23376,1.53,389223.0,1045.72,1.434132969,17.22708978
23377,1.74,340079.0,734.49,1.04144536,15.23592224
23378,1.1,276819.0,2140.87,1.758505536,15.89532688
23379,2.59,272206.0,1848.05,2.913674538,15.75171179
23380,2.31,146477.0,1848.18,2.735991696,16.23312223
23381,0.7,374864.0,1425.53,0.790837082,14.92073518
23382,2.37,360860.0,1598.92,1.39229974,16.2217294
23383,0.89,262204.0,2140.55,2.248850965,15.64575443
23384,0.6,160897.0,1670.15,1.177897249,15.46372248
23385,0.52,389309.0,1605.12,1.694797666,16.01568008
23386,0.62,138197.0,2345.27,2.033454199,14.00131773
23387,1.98,274100.0,2084.87,4.337444067,15.77301094
23388,1.73,381383.0,1887.73,0.589644424,15.12909614
23389,1.67,139601.0,2267.49,2.194371619,15.23140864
23390,1.21,384707.0,1926.92,1.663735195,16.30578964
23391,0.36,270114.0,706.71,1.802901526,16.08723593
23392,2.34,376095.0,1890.29,0.260785498,16.11645485
23393,1.44,352436.0,1608.13,1.04683674,15.25407459
23394,1.29,133994.0,2311.98,1.410494952,15.43840414
23395,1.63,349067.0,735.31,0.592399743,16.1375277
23396,0.43,369961.0,1506.44,1.258885245,15.01546227
23397,1.49,131700.0,1930.8,1.70716482,17.52241752
23398,0.46,371302.0,786.73,2.854554624,14.16926043
23399,1.44,373059.0,1985.23,2.324931162,13.51230534
23400,1.46,258010.0,861.94,2.026948784,15.66251685
23401,1.24,392082.0,1987.1,1.790915556,16.37130807
23402,2.24,273401.0,2543.67,3.251315433,15.11631316
23403,0.75,150495.0,1984.42,3.437341399,15.05741844
23404,1.51,267537.0,1982.71,1.280732899,15.20051364
23405,2.1,381021.0,586.86,1.726235397,16.28149048
23406,1.42,387310.0,1839.73,1.728958063,15.12432849
23407,0.88,174600.0,819.18,4.190476477,13.017438
23408,1.12,346757.0,675.57,2.022380664,13.22928253
23409,1.87,171406.0,1803.04,1.715011514,13.89370787
23410,1.4,272267.0,586.86,2.09987441,14.8529625
23411,1.12,269931.0,1703.49,1.508087993,14.99635703
23412,1.9,382032.0,2147.04,3.419204411,16.29603857
23413,0.27,367672.0,605.71,3.196812449,13.47479008
23414,2.34,255569.0,1384.75,1.786031285,15.07846566
23415,0.91,398923.0,1906.5,2.286621109,13.89036703
23416,1.39,355827.0,1841.96,0.601016764,16.26180869
23417,2.6,376939.0,1927.7,3.47552436,15.17530743
23418,0.85,274953.0,2457.09,2.064681771,15.00280629
23419,0.48,357647.0,2433.03,1.476808138,13.60309712
23420,2.47,350379.0,2876.76,3.76435459,15.28645257
23421,0.61,183150.0,1914.87,2.416459159,17.22727394
23422,0.3,270075.0,1481.21,4.569429067,13.71909144
23423,1.72,250573.0,999.73,2.800736291,17.73027397
23424,0.64,361971.0,1151.34,1.248186014,14.96153035
23425,2.31,358725.0,2553.0,3.729642909,15.86207124
23426,1.18,389580.0,1465.94,3.413459749,14.95320874
23427,1.52,364549.0,2504.6,1.33643797,15.97543192
23428,2.18,148441.0,1977.86,1.55028373,16.34845989
23429,0.39,358944.0,1738.44,1.572115366,16.44372543
23430,0.65,150203.0,1790.94,2.85613405,14.95945044
23431,0.27,148722.0,2061.71,2.347675237,15.09217014
23432,1.81,156892.0,1678.98,1.529628604,15.92888735
23433,1.03,159809.0,1341.18,0.790177304,13.4374455
23434,1.79,366299.0,2025.84,4.230675714,15.94899959
23435,0.67,155715.0,1498.65,1.479206626,14.20325988
23436,1.9,373458.0,672.45,3.104413837,16.09633946
23437,1.06,249283.0,1962.15,-0.042079555,12.97153435
23438,2.09,370372.0,1405.23,3.597267595,16.01720414
23439,2.87,141515.0,1526.82,0.262299853,16.44137143
23440,1.55,361594.0,1427.99,1.620907223,15.61550589
23441,0.43,266587.0,1435.9,0.90697559,15.63326791
23442,1.08,371768.0,1832.95,4.267518788,13.4851232
23443,2.54,121082.0,1794.72,1.051560239,13.97107315
23444,1.16,150376.0,1501.4,2.005981332,13.74337333
23445,2.23,151497.0,1312.36,2.217085841,14.83975738
23446,1.15,155080.0,893.28,3.146260987,14.89209815
23447,1.5,270355.0,734.86,1.59553543,14.14705758
23448,2.56,130853.0,1703.12,2.720947746,15.33306909
23449,3.15,255043.0,1348.44,3.805352378,17.2909712
23450,1.46,372235.0,1843.94,1.140492699,13.6235299
23451,1.65,370240.0,1957.81,0.843147235,15.30483999
23452,1.92,139828.0,2014.22,2.760686494,15.73949107
23453,1.37,348662.0,1239.83,2.770176805,14.61257388
23454,2.42,141259.0,811.23,2.646636249,14.75342482
23455,1.61,250317.0,2038.12,1.625340784,13.61708404
23456,0.58,380356.0,1492.89,1.856579126,14.91587701
23457,1.67,374125.0,1813.75,2.756769425,11.2583727
23458,0.92,360340.0,673.17,1.656009056,13.72188518
23459,1.51,267739.0,1087.37,2.931371038,13.68343484
23460,1.52,378173.0,726.99,2.700055474,13.34018966
23461,2.35,155067.0,1124.16,4.93924406,15.51064559
23462,0.78,362040.0,2367.56,1.297115956,14.97327168
23463,0.74,370937.0,1291.5,2.106438493,15.98543046
23464,2.47,401119.0,1863.33,2.186490022,15.83947605
23465,1.7,139461.0,2120.8,4.263944912,16.70187066
23466,1.45,352779.0,1168.25,1.779244658,14.83198551
23467,2.48,157664.0,1984.55,1.21387234,13.92654479
23468,2.03,363825.0,1910.98,1.791711288,15.24692194
23469,0.24,364931.0,1126.49,3.491075116,13.11577723
23470,1.28,368858.0,1894.36,2.812932904,14.82678536
23471,0.79,358374.0,1368.24,1.473380934,14.03015973
23472,1.98,245606.0,1383.07,0.355198695,16.65085154
23473,1.49,378941.0,1821.13,1.359742907,14.92963328
23474,2.41,153386.0,2007.78,3.127699252,14.74854588
23475,1.67,250622.0,2519.35,1.654256675,15.53193713
23476,1.6,379332.0,2237.73,1.223215464,16.32964502
23477,0.78,280326.0,1930.58,2.018446016,16.27688203
23478,0.87,264598.0,961.63,1.293120366,12.92368453
23479,1.88,247630.0,1244.4,2.073753387,15.83685294
23480,2.25,376599.0,1835.79,2.556617264,17.23351241
23481,1.68,378283.0,2392.85,1.501545035,16.01434128
23482,0.4,257671.0,1927.18,2.476947839,14.39956982
23483,1.5,152915.0,2277.88,1.056873076,13.60033571
23484,1.27,367766.0,1329.73,1.059417553,13.42958959
23485,0.93,134819.0,2409.79,2.751395775,15.70694379
23486,1.22,367642.0,1762.1,1.666522034,12.91751474
23487,0.61,371277.0,912.3,1.605166252,14.46655249
23488,1.49,342080.0,1909.34,3.764303561,15.65087765
23489,1.57,371717.0,938.64,1.246222321,13.68121526
23490,1.24,158945.0,1664.06,1.582814009,15.86193775
23491,1.35,164763.0,753.59,1.568617293,13.26584421
23492,1.91,241662.0,1245.79,1.53912786,13.41694179
23493,1.82,142210.0,777.52,2.534236908,16.14832785
23494,1.58,358299.0,2092.36,2.239016496,14.25866077
23495,1.71,133672.0,2226.76,2.971880731,15.71856829
23496,1.66,374404.0,668.87,1.50061518,15.81232479
23497,0.87,365328.0,2267.06,2.096308955,12.11972405
23498,1.53,244135.0,1252.12,1.852903941,16.02421023
23499,1.88,125188.0,1120.16,1.815013027,16.54586083
23500,1.33,152985.0,774.99,3.847905091,13.63360882
23501,1.61,376113.0,848.56,3.013636529,15.98716076
23502,2.23,352731.0,2273.19,1.32927664,15.04656658
23503,0.96,251560.0,2212.61,4.353815956,13.83175066
23504,1.68,258814.0,2450.67,4.437895576,16.98407314
23505,0.78,150855.0,1773.19,1.571470517,14.96244796
23506,0.36,363200.0,1594.28,3.54641901,13.75658554
23507,1.26,273808.0,734.09,2.192058596,17.23156844
23508,2.03,150734.0,862.03,1.367824281,14.88476778
23509,0.9,144957.0,1851.13,3.865479947,12.90784421
23510,2.79,167171.0,1807.55,4.277478067,16.71376402
23511,0.83,156972.0,1517.07,0.70971786,15.57450623
23512,1.58,258401.0,998.17,1.511120021,17.11064463
23513,1.17,369429.0,1935.91,1.176295357,16.18452655
23514,1.19,261388.0,1097.96,2.270026687,16.68518292
23515,1.08,383880.0,1409.12,1.448796511,15.86451948
23516,1.13,361432.0,818.65,1.507075279,13.63587557
23517,3.32,355267.0,623.3,1.284270308,16.23337489
23518,1.06,257522.0,1060.22,1.803049671,15.32591204
23519,0.47,151400.0,1789.51,1.176561627,15.81273928
23520,1.48,364477.0,2411.94,1.420391794,15.35073249
23521,1.35,360452.0,2118.45,1.930180643,15.74208914
23522,0.33,270585.0,2410.55,2.582952177,16.49503817
23523,1.74,117408.0,1797.17,1.928563463,16.32500965
23524,1.66,364758.0,1962.07,1.42743233,13.55166002
23525,2.09,132767.0,2475.79,1.825830003,15.74876144
23526,0.92,149528.0,1770.18,2.87791598,15.1314067
23527,0.86,343839.0,1790.7,2.8253257,15.12963945
23528,0.41,148170.0,2229.92,1.557734171,13.97253014
23529,1.13,121358.0,1729.68,3.007109388,13.20304006
23530,1.05,353633.0,1917.24,0.572990955,15.88218654
23531,1.33,126211.0,1337.56,1.010463033,15.20470528
23532,1.73,388587.0,2491.97,2.065071427,16.08757437
23533,1.58,142319.0,1941.92,1.956724957,13.86318665
23534,2.44,130760.0,972.27,-0.326393035,11.68042229
23535,3.18,381393.0,691.63,4.38756528,12.83167112
23536,0.96,391449.0,1410.32,0.804430945,16.04200925
23537,0.76,249414.0,2073.66,0.761029034,14.89098917
23538,2.36,377186.0,2513.6,2.046226759,16.69839009
23539,2.15,349099.0,2345.15,1.411537348,15.46596197
23540,4.56,362631.0,846.33,2.22899641,15.17458134
23541,1.34,363348.0,1284.98,0.169768763,16.21412315
23542,0.34,376001.0,995.05,4.696683993,13.63028755
23543,1.24,373255.0,2577.41,1.760267641,15.91004271
23544,1.03,356865.0,1835.7,1.694257653,13.02289297
23545,1.57,153865.0,787.19,2.208128767,15.72945224
23546,1.54,361969.0,1789.95,2.927939203,15.31224333
23547,1.84,270024.0,2418.14,4.262357735,15.93838976
23548,1.25,355486.0,1857.12,1.16492959,15.57241339
23549,1.7,392154.0,1833.75,0.858732275,15.10580464
23550,2.0,160297.0,1394.29,3.218358387,15.70824458
23551,2.44,138784.0,2343.2,1.261968988,15.69386243
23552,1.43,272552.0,825.56,1.523868737,16.76023523
23553,1.85,378639.0,1008.67,1.328175604,14.80107342
23554,2.1,362281.0,2004.4,1.663198081,16.835378
23555,1.66,269897.0,2426.57,1.607418168,15.75169844
23556,3.93,243406.0,1363.39,1.838334136,11.64362679
23557,2.17,242259.0,1147.06,1.845901058,15.46645648
23558,1.6,363967.0,1811.06,2.70359783,16.3705563
23559,1.67,270221.0,2188.34,2.246806642,13.71787743
23560,2.11,278025.0,1294.26,1.179276421,15.4660019
23561,0.77,125170.0,2471.67,1.32480079,13.97163473
23562,2.07,140166.0,1853.99,1.39149473,15.35439267
23563,1.18,263496.0,2267.2,1.879635592,13.23562283
23564,2.73,377234.0,1009.88,3.035860368,12.22600414
23565,0.95,357544.0,1886.15,1.829354034,13.04939043
23566,0.93,260111.0,1372.42,3.629288055,13.81607458
23567,1.23,362118.0,2127.85,1.299613221,16.17293788
23568,2.11,283911.0,2002.44,2.526011951,16.56537584
23569,2.0,242012.0,1017.67,4.050065081,13.72155871
23570,2.17,114947.0,821.18,0.966598139,16.26654421
23571,2.7,371090.0,1731.4,2.73258831,14.38490396
23572,0.45,370719.0,1634.66,1.58147583,16.422361
23573,1.42,366850.0,1774.06,1.521477255,14.58060608
23574,2.2,147899.0,1906.83,1.311404139,16.46907373
23575,1.07,253253.0,1810.84,1.053700407,12.76982433
23576,2.66,364020.0,1207.43,1.495230683,15.3742189
23577,0.84,400391.0,2763.32,1.98369159,16.41879242
23578,1.8,154680.0,1823.69,1.803077451,16.34787863
23579,0.93,268060.0,2368.63,0.062959082,12.99296761
23580,1.03,151746.0,2253.95,1.655774157,14.90752373
23581,0.65,158537.0,2673.36,3.680359038,13.94560137
23582,1.13,378610.0,2319.01,1.37880358,16.8574378
23583,1.47,369313.0,2241.92,3.2199382,15.80753445
23584,2.48,129131.0,1905.8,0.577171,14.88045907
23585,0.83,368364.0,952.44,2.558241803,14.89683504
23586,1.49,375621.0,1079.24,2.058237956,14.34142365
23587,2.1,356120.0,1456.19,4.687703921,16.12754621
23588,0.7,385049.0,1570.32,2.075120213,15.77410487
23589,1.61,276694.0,1264.37,2.71059877,17.11947243
23590,2.03,136680.0,1914.88,2.008684255,13.23192697
23591,2.11,269558.0,2120.21,1.042780122,12.10345348
23592,1.09,135312.0,1460.06,1.431020375,16.1966081
23593,1.31,130127.0,2128.43,1.962864771,15.71420257
23594,2.29,246267.0,1007.51,0.894810442,14.05572541
23595,0.8,368751.0,1934.19,1.124022618,12.19373049
23596,2.22,396869.0,2566.17,0.374059825,17.24113366
23597,0.6,136745.0,783.42,1.957201024,12.45407054
23598,0.86,274127.0,2549.53,1.755774983,11.80906286
23599,1.69,369385.0,1968.63,0.925869036,15.57816324
23600,0.8,383578.0,2074.7,1.182744138,14.26422014
23601,2.06,377467.0,1944.53,0.350610211,13.59206931
23602,1.15,371493.0,2364.21,1.710866397,13.56253762
23603,1.03,246582.0,1908.35,2.84143536,13.20607453
23604,1.71,358584.0,2273.54,2.945008333,16.13398788
23605,2.25,239568.0,1796.1,3.844822043,14.59861929
23606,1.44,386238.0,2295.76,1.380702478,15.28591366
23607,1.11,384643.0,819.11,2.54492491,15.56304374
23608,2.61,236289.0,785.2,-0.326393035,16.24399405
23609,1.45,122824.0,1459.23,1.73623614,15.04470263
23610,1.1,386863.0,1368.72,0.10113372,16.31671523
23611,1.24,389293.0,1543.58,1.381622223,15.42449013
23612,1.36,270992.0,1558.59,2.322783818,15.7279953
23613,2.24,131774.0,1353.08,4.027391996,14.03540119
23614,1.45,352181.0,2354.16,2.950019476,15.73639812
23615,1.91,328848.0,2159.72,0.826714875,14.36597222
23616,1.82,359409.0,824.95,1.0982584,15.07070414
23617,1.1,265575.0,1397.46,2.20038377,15.45266932
23618,1.7,256412.0,1489.07,1.949700755,16.71595693
23619,1.39,378963.0,1864.41,3.064912001,14.75892396
23620,1.49,251280.0,2040.72,1.702725678,17.25641981
23621,1.09,161202.0,1478.18,3.471452619,15.47990325
23622,0.6,251162.0,2817.08,1.860676219,16.11565635
23623,1.17,338328.0,1561.78,1.008460133,15.71953784
23624,2.06,238015.0,1176.61,1.39248516,16.40890515
23625,2.03,350277.0,1749.34,1.772860361,15.4686159
23626,1.65,373381.0,1171.05,4.468575771,15.44339206
23627,1.67,393282.0,1879.62,3.015750964,13.96429554
23628,2.84,163652.0,1016.66,1.236864969,16.22866332
23629,1.63,276484.0,1650.25,1.540295899,16.95772111
23630,1.29,376200.0,1838.0,-0.244055728,16.151702
23631,0.66,250318.0,2392.21,0.896575568,14.95079572
23632,1.14,336264.0,1292.62,2.002799944,15.47772728
23633,1.79,177240.0,1917.68,-0.101476268,16.77338361
23634,2.11,362814.0,1177.7,1.36266474,15.58378826
23635,1.83,241711.0,1671.2,1.291227764,16.0996626
23636,1.7,260335.0,1579.54,2.086460278,14.62830939
23637,3.03,121512.0,2207.6,3.304586329,14.23418539
23638,2.14,275843.0,1580.43,0.557965788,15.87319474
23639,2.44,155280.0,1767.95,1.402499051,15.94820986
23640,1.07,150406.0,1872.97,3.355007383,14.39581032
23641,1.03,383890.0,2938.73,1.795391117,14.91997117
23642,1.83,167435.0,2478.29,1.340920324,16.3402144
23643,2.63,355878.0,1841.82,0.565722322,15.36671302
23644,1.71,379183.0,1409.75,3.234855573,14.82683584
23645,1.33,265450.0,2198.07,1.775605968,14.43224357
23646,2.09,274480.0,1848.9,2.244552109,13.48803787
23647,1.08,254838.0,1936.82,1.130868251,13.87914394
23648,2.87,346152.0,1621.56,1.434329495,15.21565322
23649,1.58,370576.0,2610.37,1.655016641,16.29712038
23650,1.33,249014.0,671.42,0.113542002,15.59419442
23651,2.16,151773.0,1400.39,1.525439924,15.30737606
23652,1.12,383474.0,1916.81,3.412935218,16.02254486
23653,0.46,379195.0,2293.25,2.22729495,14.72142649
23654,1.29,141513.0,1274.82,1.352429413,15.80021867
23655,1.63,259517.0,730.99,2.315718157,17.73027397
23656,1.78,141607.0,793.77,1.427036629,13.68203376
23657,1.22,136993.0,1960.75,3.778164251,14.57825668
23658,1.4,375026.0,1810.99,2.736698979,16.34269143
23659,1.05,363141.0,1901.61,2.438270903,15.29460447
23660,1.04,376833.0,1935.0,1.42894429,16.44612814
23661,1.76,371746.0,2233.42,1.932653946,15.98919013
23662,2.01,369789.0,2328.36,2.807443455,15.30655462
23663,0.94,114947.0,968.46,1.345179103,12.76805417
23664,1.92,381187.0,787.47,2.198253732,15.58254545
23665,1.3,358721.0,968.54,1.059162467,16.53742094
23666,1.51,138535.0,2298.68,1.956003642,15.89008556
23667,2.07,378808.0,2480.28,1.359877583,15.96307375
23668,0.95,260162.0,2430.93,1.66022076,13.00698893
23669,0.53,263099.0,2109.27,2.446372875,16.15993822
23670,1.43,234363.0,1707.72,-0.326393035,11.38356368
23671,1.98,355922.0,723.48,3.237072733,15.9775419
23672,1.26,134873.0,1948.89,1.475369935,13.00603139
23673,1.01,133395.0,831.22,2.074930551,16.6084052
23674,1.35,166210.0,1577.71,2.827767982,16.11264409
23675,1.25,268397.0,1464.05,0.778894155,16.11215236
23676,1.18,159376.0,2013.54,0.45411531,13.65587208
23677,1.24,367646.0,1852.87,1.523473712,16.34096258
23678,1.1,242082.0,2338.53,1.815945371,15.10416654
23679,1.56,153189.0,1483.83,1.8956401,14.76187812
23680,2.02,372705.0,1723.51,0.325425065,16.81499574
23681,0.95,370634.0,1976.49,3.149409319,13.01587248
23682,1.05,250849.0,2247.34,2.288651527,15.83475703
23683,1.9,156024.0,2196.36,2.052356438,15.58519568
23684,2.42,155344.0,2995.7,2.965591541,15.45617931
23685,2.07,339473.0,679.21,1.531026671,13.55427714
23686,2.03,239507.0,2012.12,1.755734142,13.35144547
23687,1.26,363337.0,2027.38,1.583959901,14.21197512
23688,1.43,183609.0,3047.82,2.077129961,16.52188581
23689,1.82,121933.0,2190.08,2.166142729,14.93312989
23690,0.67,257608.0,2445.14,2.607223984,14.7755523
23691,2.4,376654.0,1257.47,1.003113668,16.01862772
23692,0.54,176599.0,2016.08,2.528561907,15.57426524
23693,0.89,252844.0,2021.09,1.631302677,14.71197467
23694,1.33,134089.0,1257.55,3.846666733,12.07282491
23695,0.36,374641.0,1816.44,2.394197682,16.09658739
23696,0.27,349529.0,1915.28,1.058679152,13.42267044
23697,2.09,168979.0,1754.33,1.545663765,13.29232454
23698,0.61,359710.0,2468.92,1.332108538,13.84426243
23699,1.59,229996.0,1876.58,3.642500217,15.76459856
23700,1.36,372409.0,1512.06,2.73042922,16.15363306
23701,0.89,168472.0,2327.94,2.075025487,13.1266923
23702,2.53,380950.0,2392.79,1.754577005,16.06830894
23703,1.67,186630.0,1065.87,0.69032174,15.77135345
23704,1.49,251428.0,1412.23,2.058453716,16.61612161
23705,2.01,143728.0,1381.75,0.941386835,12.30073876
23706,1.12,253754.0,906.22,1.699426114,16.62680181
23707,0.43,391468.0,1856.51,1.2514859,16.79480303
23708,0.89,383123.0,875.26,2.875095325,15.27240539
23709,1.57,371893.0,2425.41,1.976325526,13.80654569
23710,1.34,366584.0,1859.02,1.433039485,14.95477738
23711,1.12,389115.0,1896.09,1.096074184,15.82863091
23712,1.95,245718.0,1826.34,1.464071725,15.56059804
23713,2.11,359207.0,754.27,0.868902501,15.58605224
23714,0.18,169865.0,1301.75,4.472963238,15.71711878
23715,0.59,169945.0,2007.8,0.571009643,16.43573041
23716,1.53,251266.0,627.97,0.639518245,13.46122166
23717,2.5,389530.0,1993.55,2.689844399,17.13669919
23718,2.54,363693.0,2425.28,1.960413637,15.4108838
23719,0.91,124778.0,949.93,4.529143829,14.29401629
23720,0.0,256315.0,2296.8,1.494249414,15.27400073
23721,0.94,374796.0,2446.55,3.243956457,15.87282809
23722,1.6,162810.0,1643.6,1.554109209,15.74581872
23723,1.31,155373.0,2402.21,1.506152713,15.89786332
23724,1.58,366439.0,2092.66,2.324402121,16.00869291
23725,0.36,269302.0,1883.39,3.539588703,15.64329567
23726,2.18,365227.0,2122.18,1.856734352,15.41264075
23727,1.81,362957.0,2257.99,1.24095868,14.64666603
23728,1.72,362047.0,2359.02,1.378669246,15.51443731
23729,2.76,258314.0,2487.7,0.989129067,15.25398018
23730,1.52,382060.0,1204.9,4.314271457,14.63971441
23731,1.38,137060.0,1278.78,1.375424877,14.83998092
23732,0.86,389748.0,1172.22,1.059151137,15.5521633
23733,3.13,387063.0,1068.51,1.342577495,17.04808588
23734,0.78,248994.0,1846.98,2.354534011,15.55406276
23735,0.79,373151.0,1931.59,3.041540173,16.11856557
23736,1.92,362685.0,1446.46,1.404866013,16.28760428
23737,1.67,362935.0,2191.11,1.002687511,14.25449764
23738,1.48,252030.0,1782.74,1.480455541,12.47744619
23739,0.6,158746.0,2336.71,2.365195212,16.00828912
23740,1.59,384960.0,2281.76,1.712555232,15.15458688
23741,1.88,241527.0,1378.63,1.522509787,16.50500797
23742,1.44,257291.0,2055.41,1.277227582,16.8373788
23743,1.66,385794.0,1237.26,0.991662891,15.49006899
23744,0.93,376321.0,1910.36,0.68256721,16.23075473
23745,1.45,259495.0,1538.34,2.924534729,15.11994024
23746,0.71,374612.0,1754.26,2.406579087,17.26770183
23747,0.87,343696.0,1894.98,2.362298904,17.07232123
23748,1.01,363128.0,791.88,3.824595604,15.76502554
23749,1.7,143052.0,788.7,1.774702951,16.26283624
23750,1.35,127317.0,2925.57,0.746673001,16.29385856
23751,1.45,371793.0,2384.23,3.042930072,16.04385991
23752,1.99,145479.0,705.84,1.665294165,14.34107231
23753,2.48,120807.0,1257.91,2.429932146,13.87904866
23754,2.02,267238.0,698.04,-0.326393035,14.94988514
23755,1.98,239536.0,2336.14,2.466512574,15.48796061
23756,1.21,368390.0,1096.81,0.655641311,11.6404361
23757,0.89,384951.0,1200.75,3.301312069,15.77894186
23758,1.67,392036.0,1683.67,4.105703075,14.59130408
23759,1.7,278416.0,1368.21,0.650056248,16.57162954
23760,1.13,169253.0,1840.87,4.13228643,15.10570394
23761,1.09,162577.0,1363.04,2.223629093,14.74582727
23762,0.9,361388.0,2293.55,1.459091499,15.67342381
23763,2.29,270730.0,2742.28,1.906367364,15.35699403
23764,1.72,136080.0,1503.95,2.220537869,16.33293408
23765,1.68,376267.0,2560.06,3.811550995,15.15348666
23766,2.99,377398.0,1669.64,1.870559103,15.67454864
23767,2.03,134781.0,1568.67,4.236653007,15.83651104
23768,0.59,365370.0,737.52,0.725459384,16.58541274
23769,0.55,273681.0,1977.13,0.410752313,15.71050273
23770,1.98,232416.0,864.36,2.105545867,12.83917463
23771,0.82,139308.0,1791.63,3.5882448,13.10804215
23772,1.69,366039.0,1761.07,1.523411104,14.92326165
23773,0.78,349774.0,1804.84,3.600962971,16.52050896
23774,0.54,175122.0,1915.94,2.362111737,14.13953504
23775,1.08,261110.0,790.46,1.314653224,15.0228812
23776,1.26,150703.0,1908.92,1.707784531,15.36144339
23777,2.32,370827.0,2407.76,1.624049245,17.62764942
23778,2.3,347792.0,761.24,2.733592112,14.1298541
23779,1.57,153263.0,1689.65,2.774429307,15.83308644
23780,1.46,247866.0,1910.47,4.316686276,11.71241511
23781,1.79,358847.0,2493.53,2.555336393,14.00952873
23782,1.71,254066.0,1906.82,1.688386377,15.43347294
23783,1.62,366582.0,670.37,4.366388897,16.86704891
23784,1.39,374615.0,2018.13,0.759183061,14.74866151
23785,2.36,337924.0,868.11,2.165892843,15.37619537
23786,1.22,377106.0,1266.09,2.168993519,17.42086083
23787,0.61,385705.0,1307.94,1.817136727,15.20971697
23788,0.94,379105.0,1557.7,2.176693907,16.05909072
23789,1.62,124658.0,1803.63,1.198006397,15.78675953
23790,2.62,393599.0,1016.54,1.398150264,16.00652634
23791,2.2,345524.0,1597.93,1.659565894,16.21570666
23792,1.73,167136.0,2932.3,1.273467034,12.16176139
23793,0.35,391685.0,2488.74,2.842450805,17.64885816
23794,0.64,393149.0,2140.66,2.953736776,14.11124532
23795,1.0,375855.0,1075.52,1.94821292,14.7044192
23796,2.42,133027.0,1235.32,1.306558241,15.42397736
23797,1.88,145584.0,1964.24,1.273683997,15.69105701
23798,0.46,161130.0,1157.25,1.824448279,15.73281094
23799,2.36,254876.0,2403.43,2.761664338,14.96927421
23800,1.9,149505.0,1693.67,1.289640678,16.06232231
23801,0.72,351113.0,1908.19,1.975670738,16.26186228
23802,2.16,224680.0,1282.1,1.522474217,13.49231282
23803,0.44,168682.0,2990.09,1.062323542,16.0580187
23804,2.28,136384.0,2667.73,1.801385342,13.11934745
23805,1.28,399841.0,1428.34,1.565363441,15.34173719
23806,0.61,197083.0,2031.35,1.110604455,14.78037431
23807,2.45,159569.0,2293.28,2.751998597,15.56349694
23808,1.9,361062.0,1797.34,1.57970532,15.48784391
23809,1.7,376142.0,1703.76,1.573240369,15.47308837
23810,2.55,174334.0,664.46,0.308329619,15.30094168
23811,1.21,243454.0,2015.99,1.658739799,16.41675339
23812,2.41,348698.0,1560.0,4.649952347,15.61188207
23813,1.75,164653.0,722.26,4.197408541,15.37914993
23814,1.5,125917.0,1319.23,1.985297999,15.81477054
23815,2.33,364869.0,1388.05,1.902715404,13.73907522
23816,2.41,122226.0,1556.17,1.194176956,15.17750105
23817,1.89,381052.0,2612.66,2.130685405,13.70170862
23818,2.82,380494.0,2093.75,4.167436223,13.87628367
23819,0.91,156539.0,879.96,3.448754708,15.43567108
23820,1.07,146570.0,1542.87,2.442566692,15.26668732
23821,1.56,256497.0,1807.81,0.736013763,16.30203698
23822,1.61,367163.0,1609.8,1.956052045,17.08630408
23823,1.81,145167.0,1473.44,4.105541584,16.04236816
23824,2.02,141452.0,2097.94,1.837490711,13.72651724
23825,1.98,359525.0,1957.92,1.315101986,14.05709836
23826,0.56,145419.0,757.09,2.906420865,17.63682613
23827,1.9,381750.0,1209.31,0.103350536,15.72895143
23828,0.52,145447.0,1697.95,1.685099128,15.74701458
23829,1.65,169976.0,1611.09,1.299583112,16.57621813
23830,2.12,150112.0,1824.42,3.963235526,14.99062093
23831,1.36,389135.0,1917.25,3.699908988,14.95945177
23832,1.2,362996.0,1060.72,-0.096317214,15.25087215
23833,1.92,131459.0,1469.38,1.133679171,15.71097727
23834,2.2,261582.0,872.34,2.993867507,13.3197882
23835,0.83,336317.0,796.67,2.371249447,13.53002176
23836,1.02,164403.0,1319.77,2.40115567,15.18146144
23837,1.17,385908.0,2419.4,4.740724021,13.06885545
23838,1.03,270357.0,1957.5,4.452933127,16.37257182
23839,1.83,153087.0,1996.52,1.578905323,12.46670787
23840,1.14,249052.0,1898.9,2.227123445,15.41412223
23841,1.81,151874.0,1703.94,1.210568941,13.86690155
23842,1.12,253613.0,2003.04,1.963065977,16.17459293
23843,1.85,368947.0,1795.24,4.39832468,16.33634472
23844,1.95,248667.0,723.01,0.658219642,17.12608202
23845,1.18,369182.0,1390.63,1.527507749,14.45617448
23846,1.42,346711.0,845.85,0.374503239,11.34735212
23847,1.13,152826.0,2399.04,1.434083456,15.72442615
23848,2.05,267253.0,2089.34,1.653118206,14.60364934
23849,1.55,359103.0,1020.17,1.966533092,16.57294184
23850,1.1,152704.0,1799.93,3.817736419,15.63711534
23851,1.37,251106.0,1984.74,3.087721366,16.49404189
23852,1.58,363122.0,2379.56,2.047618904,15.93848858
23853,1.71,328423.0,1808.26,1.876713813,11.90989575
23854,1.56,228682.0,2245.37,2.382949941,16.75467093
23855,1.57,161754.0,1045.01,2.957787787,15.31557355
23856,2.13,351455.0,1426.21,1.27581775,14.87760226
23857,1.02,170066.0,656.95,2.375681515,16.52168098
23858,1.95,131636.0,1441.1,1.319196931,15.05054281
23859,1.86,389200.0,1771.58,2.886152729,16.32081186
23860,1.05,363655.0,1762.87,0.974143712,13.90229088
23861,1.66,364527.0,864.97,2.137203457,13.84995847
23862,1.78,155083.0,759.48,3.998734739,16.39881509
23863,1.43,360430.0,2137.08,0.852041723,15.94972424
23864,0.27,144402.0,1814.42,2.441562001,14.26675908
23865,1.99,348485.0,1363.28,1.785331079,15.34133489
23866,2.16,344744.0,1870.66,0.892964503,13.16375814
23867,0.51,350779.0,2037.62,1.457061205,13.607593
23868,2.73,381982.0,1972.26,1.227947902,15.31144701
23869,1.27,280870.0,720.9,0.962750267,15.0553828
23870,1.24,114947.0,1857.74,1.260378885,11.2583727
23871,0.97,141489.0,1190.32,1.690485946,16.49555004
23872,0.85,149621.0,1193.72,2.019113466,15.37077884
23873,2.22,156754.0,1298.7,2.405118104,14.8023452
23874,1.02,375051.0,669.01,2.196929039,14.78960029
23875,2.73,363172.0,1822.43,1.365359377,15.89877115
23876,0.0,367796.0,1885.09,3.777425931,15.81777673
23877,0.28,376327.0,2581.22,3.276187575,15.87378767
23878,1.51,375848.0,1157.68,1.55841319,12.79179292
23879,1.39,145740.0,1533.07,3.991115325,12.47880716
23880,2.37,262561.0,641.84,3.333002451,16.13032103
23881,1.4,274354.0,1770.08,0.771482668,13.33855659
23882,1.62,363574.0,2256.78,2.080689542,16.82705257
23883,5.62,137856.0,2130.52,1.492525255,15.76784275
23884,2.04,134407.0,2161.15,1.620393046,16.01724838
23885,1.88,367470.0,1959.88,1.862507722,13.6900785
23886,2.59,248966.0,1448.21,4.15339843,12.74449868
23887,1.27,166477.0,1733.41,1.894245708,15.14138968
23888,0.59,340587.0,950.7,1.646650126,17.08869223
23889,1.52,240576.0,2080.09,2.815961796,15.21311556
23890,1.65,357303.0,1373.0,0.779515938,16.85619831
23891,0.59,273952.0,2478.12,1.083246911,12.05064617
23892,0.45,180522.0,2205.11,1.554570208,14.75898076
23893,1.64,163890.0,1844.28,1.742112111,13.4321893
23894,2.66,149360.0,1280.19,1.045208532,14.8244292
23895,1.17,389200.0,1938.11,1.539032883,15.47327491
23896,2.28,115757.0,1900.3,0.62728398,15.2626794
23897,1.84,143055.0,1707.36,1.171621427,15.67933731
23898,0.31,389911.0,2448.46,2.106833967,14.74117647
23899,1.37,378723.0,2029.37,1.549329536,15.20960756
23900,1.89,369726.0,1807.22,0.449618374,15.0409095
23901,0.7,401119.0,2444.93,2.900252827,17.00815334
23902,1.22,383359.0,2307.8,1.377497897,16.70843184
23903,1.09,271247.0,1671.72,0.073662304,16.76584577
23904,0.88,165877.0,1985.64,1.639900606,17.2256331
23905,1.61,130411.0,1023.06,1.615658699,15.65544689
23906,2.03,377734.0,1802.23,0.869736991,15.7853404
23907,2.26,380883.0,2542.72,1.816433389,12.32209468
23908,2.9,245024.0,1900.27,1.835839107,14.72567932
23909,1.59,148422.0,1675.8,1.692433246,15.33731428
23910,0.71,375335.0,926.05,0.972516113,15.15845644
23911,0.77,379873.0,1789.65,2.161946872,16.34674257
23912,1.83,267678.0,1227.24,1.472749376,14.88610498
23913,1.66,251456.0,824.16,3.591043249,15.81440427
23914,0.73,360528.0,750.75,1.206808643,15.47666363
23915,5.93,340303.0,1294.3,2.829152841,11.42061414
23916,0.82,142395.0,1550.41,1.984229981,17.27684877
23917,1.32,373250.0,1741.96,1.867942358,15.45458625
23918,0.03,368066.0,1848.49,2.028693353,15.34465751
23919,0.92,361021.0,1889.9,3.668049691,15.46788818
23920,0.6,131693.0,1129.45,1.498868426,15.41949595
23921,1.44,152683.0,1225.22,1.216726262,15.54535709
23922,5.5,137981.0,857.2,1.625484061,14.12270421
23923,0.84,250277.0,2605.22,3.442197608,16.62927764
23924,1.24,159241.0,1788.94,2.428398756,17.03905676
23925,1.27,139391.0,2454.22,1.956362628,15.89725595
23926,1.23,381638.0,1843.14,1.749767701,13.13863368
23927,0.93,352054.0,2194.54,4.556826018,15.00750227
23928,0.98,372614.0,1562.44,2.4152015,15.22824915
23929,1.79,361157.0,586.86,1.673703821,14.14139976
23930,2.39,279832.0,2374.54,1.66339153,15.15720982
23931,1.49,255819.0,1645.69,1.700316534,16.58618808
23932,0.7,382285.0,1722.37,1.09438092,13.30458292
23933,2.29,373217.0,1886.69,1.332251464,15.65510895
23934,1.67,362317.0,1903.09,1.594650644,15.96354858
23935,1.89,371460.0,1801.38,0.10834146,15.71665844
23936,0.41,362512.0,1654.31,1.616245301,14.23282862
23937,0.74,158390.0,1838.28,2.081723512,12.40053961
23938,0.94,371235.0,1882.2,4.375271697,15.17210329
23939,1.76,349867.0,1404.01,1.464168501,15.2013665
23940,1.59,395975.0,2307.64,0.820765479,16.634009
23941,1.98,361383.0,1823.75,0.63067859,14.48905947
23942,1.88,136622.0,1943.48,0.697244012,15.63805431
23943,0.24,380738.0,1894.78,1.571341711,15.59565014
23944,2.76,369693.0,2043.3,0.97875396,14.71925596
23945,0.96,365979.0,1807.26,3.489848586,14.6502548
23946,0.37,356372.0,2220.53,3.497438214,14.11393975
23947,1.94,136223.0,2800.2,2.242781537,13.83539438
23948,0.27,357986.0,1756.58,2.19786256,14.84217061
23949,1.49,257172.0,1802.88,0.704606318,16.16558661
23950,1.48,351845.0,2445.72,1.39353504,16.15708063
23951,1.87,145384.0,1179.91,1.962225397,15.67785752
23952,0.29,390891.0,2096.67,2.782886961,13.83629405
23953,1.46,374383.0,1828.74,1.594469369,15.04368949
23954,1.31,377908.0,1631.64,3.589937013,13.71677259
23955,0.77,388343.0,1587.38,2.969535779,15.38511153
23956,1.01,365693.0,2436.35,2.065760158,16.01450675
23957,0.64,387108.0,1561.93,1.962035301,17.25335509
23958,0.38,389116.0,2297.09,0.745967806,16.47758153
23959,0.72,375429.0,1872.47,3.758826699,14.27993531
23960,1.2,270012.0,1998.71,3.930587815,12.97115296
23961,2.01,349202.0,1755.79,2.695861386,15.22030058
23962,0.06,276919.0,1131.19,1.6508804,13.29559631
23963,1.12,148117.0,2126.12,1.773555239,16.20129839
23964,1.59,139170.0,2284.23,1.708546388,16.25262322
23965,1.62,261607.0,2256.57,2.136801541,14.99638831
23966,1.35,168495.0,2473.49,1.736366234,15.66812285
23967,1.73,368949.0,2298.57,1.061207843,15.6884483
23968,1.67,126299.0,1743.01,1.895547985,15.274355
23969,0.57,158476.0,688.77,0.967645522,15.68091692
23970,0.68,357344.0,2450.91,1.498274031,14.47421837
23971,0.46,388054.0,1939.65,1.705032617,15.53329935
23972,2.04,381559.0,2020.98,3.384184693,16.49007464
23973,0.84,247476.0,2386.8,1.398105413,15.13250216
23974,1.41,366375.0,1950.13,2.849559197,15.55758283
23975,1.56,251760.0,1148.87,3.579263293,15.92935035
23976,1.11,139809.0,1887.43,2.519159891,13.69021034
23977,0.19,131964.0,1845.44,2.081985486,12.71867018
23978,1.75,377735.0,792.02,1.984738955,14.20359042
23979,0.22,353887.0,992.91,1.66995351,15.53301104
23980,1.87,242573.0,839.93,3.639567662,15.46226185
23981,1.17,395628.0,1865.8,3.436507763,16.21369499
23982,1.73,137958.0,1590.01,0.484540674,13.63229652
23983,1.5,363717.0,1513.26,0.992873152,17.02442596
23984,2.14,377686.0,1874.54,2.827253477,15.90519952
23985,1.49,154128.0,1347.03,3.018705016,15.37148598
23986,1.44,381783.0,2382.75,1.39417028,13.77057773
23987,0.81,385295.0,1514.1,4.665209097,15.75731838
23988,0.12,356162.0,1972.34,2.269674044,14.28680777
23989,1.65,392319.0,2485.83,1.815884502,16.58220297
23990,1.88,163351.0,2555.99,-0.285871396,16.00648436
23991,1.3,150627.0,2353.88,1.509115196,16.44677522
23992,1.42,360101.0,684.74,3.345831995,14.37996444
23993,2.24,356399.0,1797.39,1.810797848,14.92140753
23994,0.0,384673.0,2593.76,4.8638053,13.99083177
23995,1.65,257356.0,1844.58,3.076596867,16.1860823
23996,1.55,358932.0,962.86,3.367446038,15.27817649
23997,1.28,365383.0,1441.13,1.657015218,15.18982644
23998,1.31,360945.0,1544.55,2.229487012,14.79411252
23999,2.18,155476.0,2943.96,3.007777797,16.24808928
24000,1.28,387012.0,1868.23,1.996697366,16.67282662
24001,1.59,269989.0,2238.78,1.053363762,15.81427814
24002,0.27,355324.0,2398.19,1.267612281,13.39302097
24003,1.08,378348.0,1828.94,1.343421881,17.47775073
24004,1.72,362127.0,1282.02,2.041005731,14.66351358
24005,1.37,142078.0,2121.26,4.287303426,15.94453602
24006,6.7,362288.0,1848.48,3.807408967,13.93387215
24007,1.66,120623.0,1864.71,-0.326393035,13.80627152
24008,0.0,154555.0,1705.22,3.288034357,14.35217195
24009,2.33,367720.0,901.98,0.712379863,16.82741916
24010,1.84,263275.0,1703.47,2.927971477,15.17513014
24011,1.05,378755.0,2492.34,4.044835676,16.4715201
24012,0.37,277677.0,2313.21,2.222265799,15.98832326
24013,2.02,261540.0,1886.95,3.922501756,16.23508531
24014,2.21,125590.0,886.37,1.236736615,13.68208702
24015,1.2,356186.0,1187.39,2.354303004,15.18116615
24016,1.64,262113.0,851.19,4.078413492,16.82692518
24017,1.14,357544.0,903.08,2.869767679,15.2958675
24018,1.44,135653.0,1420.7,1.132632274,15.12474921
24019,4.94,140267.0,1898.78,1.563464096,15.52553826
24020,1.0,258592.0,1844.48,2.122250731,13.29127554
24021,1.83,358887.0,1300.92,2.762734809,16.20997899
24022,1.21,360777.0,1861.67,1.312910993,13.28966406
24023,1.96,366386.0,1998.18,4.581692261,14.72878415
24024,1.04,149665.0,2394.94,4.745563038,15.63834075
24025,2.48,398306.0,2870.62,2.912474267,16.61714332
24026,2.26,249364.0,2341.48,3.558823612,14.15410203
24027,2.29,276739.0,2546.72,3.913187202,14.50460916
24028,2.54,360934.0,2842.67,1.032822853,15.04401408
24029,0.85,168227.0,2582.75,4.404349605,15.4949527
24030,1.56,262290.0,2491.08,1.995176492,16.83562338
24031,1.44,352793.0,1828.0,3.917816042,15.88773884
24032,2.26,114947.0,2420.35,1.521665268,13.79665629
24033,1.69,247933.0,2411.27,0.165247933,15.45070987
24034,2.02,245745.0,1795.07,2.080625077,16.79559787
24035,0.56,352085.0,713.67,1.89752525,13.0426278
24036,0.73,145657.0,1335.96,4.135678695,14.24615378
24037,1.28,122804.0,2290.25,4.344178405,16.03715401
24038,1.83,345541.0,2377.86,3.545435142,15.99225112
24039,1.45,265248.0,2146.51,2.098416068,16.90634419
24040,2.08,360408.0,2037.04,2.870256222,13.6939431
24041,1.81,238331.0,1314.6,2.664648772,15.28757173
24042,2.34,358850.0,1381.13,1.709176623,16.68591307
24043,2.22,343290.0,2216.65,1.853605456,13.32974041
24044,1.49,277894.0,2336.21,3.385080815,13.43962197
24045,1.7,168704.0,1550.78,2.605306132,16.27354763
24046,2.22,267755.0,1907.29,2.958430101,14.78896735
24047,1.19,401119.0,1971.54,1.88664673,15.88774506
24048,1.39,373036.0,1254.5,0.09736672,14.06534045
24049,2.11,152928.0,1900.1,3.949584753,16.47448004
24050,0.84,365058.0,996.21,1.317168144,14.95014096
24051,1.59,369390.0,1816.5,2.199740486,15.98950263
24052,0.84,147590.0,1778.6,2.772528605,12.46561381
24053,0.54,263760.0,1858.46,1.987569212,13.72378333
24054,1.48,366398.0,1334.33,2.668641385,15.09364285
24055,2.17,117943.0,1868.2,0.947673895,15.07633397
24056,1.57,363807.0,1784.44,1.435614623,14.66229758
24057,1.31,167900.0,1008.28,1.905240848,13.9477128
24058,1.35,176850.0,2492.35,1.957078591,16.39555759
24059,0.19,256026.0,2195.8,0.027563691,15.54774844
24060,0.28,392398.0,956.47,1.354123155,15.41415475
24061,1.7,387332.0,2313.85,2.693880815,16.76486356
24062,1.85,158743.0,1736.55,1.584151938,14.4989526
24063,1.56,125910.0,1482.97,3.161081371,15.86008517
24064,4.82,368767.0,1643.52,1.559927321,16.32116698
24065,1.02,265480.0,1174.01,2.063439445,13.13153297
24066,1.09,149735.0,1719.65,1.827524583,15.52878925
24067,0.75,119451.0,858.52,2.029590335,13.74465658
24068,0.66,368440.0,1809.28,4.389027508,16.14106772
24069,1.19,358727.0,2342.81,4.138969037,15.76963565
24070,1.11,385315.0,1014.81,2.452022616,16.22239445
24071,1.12,146352.0,1981.14,1.304126568,15.59982774
24072,2.53,355602.0,2257.8,2.782795817,14.74125434
24073,2.46,381873.0,2573.63,1.862330926,15.41811677
24074,1.27,367551.0,1433.03,2.710813079,14.9076568
24075,1.32,385134.0,2503.71,3.707011569,17.73027397
24076,2.29,376597.0,2384.01,1.242113981,16.72546275
24077,0.42,362585.0,1508.51,1.442308838,15.21260751
24078,0.58,277384.0,1736.33,2.880193855,16.92289102
24079,1.15,140315.0,1857.53,2.806779974,14.29983452
24080,4.1,356294.0,946.52,0.257581478,15.26010657
24081,2.14,348411.0,1570.65,0.746432926,15.20585399
24082,1.35,359844.0,1379.68,3.909165571,15.74202042
24083,1.25,382580.0,2437.85,3.645921625,12.91201782
24084,1.42,278658.0,2217.76,2.909243971,15.96337858
24085,0.53,359216.0,2116.05,1.405438749,12.6203766
24086,0.0,383396.0,1996.2,1.711740475,15.87172069
24087,1.71,149183.0,1710.84,2.63865383,13.06702709
24088,0.77,141072.0,1824.05,2.903486358,16.96243327
24089,0.81,154846.0,1822.6,3.548156398,16.06801494
24090,0.98,247329.0,1996.9,1.898435326,17.47013808
24091,1.76,251515.0,2229.43,3.339772155,13.75334139
24092,0.55,371472.0,1975.35,1.362938729,15.24789678
24093,1.46,131545.0,1834.03,2.208739683,14.15294267
24094,1.75,249529.0,1809.28,-0.326393035,11.2583727
24095,1.8,237838.0,1839.7,4.019826091,17.33219049
24096,1.44,361427.0,1827.4,1.68135448,14.96300719
24097,2.01,348446.0,889.68,1.054429528,14.26631932
24098,1.99,369982.0,2030.96,0.949723112,16.30775982
24099,0.79,172730.0,2335.98,3.465672105,15.83749677
24100,2.32,140961.0,1031.69,1.506976703,15.83184401
24101,1.1,135321.0,1789.92,2.038391435,15.93497975
24102,1.23,375697.0,1585.64,1.737071301,14.94832203
24103,1.61,375316.0,1367.25,2.00862111,12.50980808
24104,1.31,357808.0,908.48,3.065349756,15.63806573
24105,1.76,368969.0,2188.79,1.334016137,15.60836773
24106,1.13,237998.0,1895.46,1.72990471,15.54354036
24107,2.01,145068.0,1544.46,1.12224861,11.82409806
24108,1.0,362313.0,1905.39,0.957792853,15.71936995
24109,1.58,391524.0,1297.41,4.256734728,15.00184835
24110,1.57,343842.0,2287.44,3.891112119,15.73130744
24111,1.36,384988.0,1796.42,1.723451199,15.03989232
24112,1.15,363261.0,2001.19,0.16199083,15.86777485
24113,2.18,129724.0,1242.8,1.227292137,14.61269538
24114,1.33,161470.0,1716.97,0.387384604,15.23757488
24115,2.82,352836.0,1851.03,3.843757865,14.83243461
24116,2.09,133639.0,1758.24,3.565013306,15.12011133
24117,1.06,345335.0,1411.22,3.780729968,15.33253226
24118,2.06,370906.0,1326.5,2.807627031,13.29514241
24119,0.02,165846.0,1997.29,4.675614106,15.61982324
24120,1.2,167976.0,759.61,2.715938824,17.33659839
24121,1.82,243273.0,1303.95,1.318003659,16.52144432
24122,1.92,385910.0,1236.25,1.410147819,15.53544216
24123,1.41,357722.0,1778.73,2.077878684,13.69610076
24124,1.47,140020.0,1791.75,3.504055447,17.54410426
24125,1.01,352364.0,1230.78,1.838550075,16.60008915
24126,1.52,136668.0,1611.72,1.232322658,15.96190145
24127,2.06,132048.0,1673.39,4.77528264,16.91044976
24128,0.39,127185.0,1019.48,0.244724072,15.55339051
24129,1.83,170895.0,973.82,3.641214556,15.4243099
24130,1.85,367869.0,1294.92,1.962938611,14.86347223
24131,2.89,131272.0,2156.26,1.079395317,14.93703604
24132,2.51,274011.0,1857.13,1.268633438,16.25290143
24133,0.87,353464.0,909.29,2.663044975,15.88000163
24134,1.68,347869.0,1966.22,1.288268978,15.6508535
24135,1.55,259244.0,1687.2,1.868436708,13.69748125
24136,1.31,371080.0,1759.94,2.344814435,14.0201892
24137,1.46,349005.0,1237.31,0.445880584,16.1575359
24138,1.44,125852.0,1877.45,2.252263039,14.90213239
24139,1.57,124607.0,1723.0,1.646229119,16.06093992
24140,2.44,367532.0,1781.62,3.938561513,15.61973321
24141,0.66,267111.0,1278.89,0.979356648,17.23319278
24142,1.46,375370.0,873.3,2.114621246,12.69043904
24143,2.16,261162.0,1706.66,1.667662593,14.37269305
24144,0.18,386051.0,1316.28,2.196189108,15.97977917
24145,2.04,259242.0,792.52,1.581417708,16.16514515
24146,1.84,380727.0,1813.65,3.051999473,15.8230392
24147,2.23,378251.0,1696.39,1.746534206,16.44364548
24148,1.46,368128.0,1977.29,1.363913645,16.4311303
24149,0.0,125522.0,1858.05,1.650430853,13.28046406
24150,2.19,248659.0,1878.16,3.607692032,12.62499345
24151,1.47,365186.0,818.16,1.715434828,13.78044916
24152,1.27,141304.0,1169.85,0.137634658,14.03285178
24153,2.05,135294.0,1076.79,1.620192672,16.19492591
24154,0.4,252319.0,2110.48,3.024988094,14.8697086
24155,2.14,361827.0,1921.41,1.883378809,16.12659373
24156,1.69,362170.0,2494.82,1.099432605,16.81909734
24157,1.87,143593.0,2297.36,1.799731062,13.39509456
24158,1.16,256337.0,1170.53,0.470688466,14.81407557
24159,1.59,369313.0,1377.06,3.469421866,15.5381668
24160,1.92,135495.0,1817.98,1.315869182,13.459913
24161,1.47,357315.0,2074.87,0.81147507,13.67254762
24162,0.57,358878.0,2048.43,1.702718581,14.73610253
24163,2.06,141383.0,1543.43,0.81294495,16.39147358
24164,1.01,352932.0,2016.06,0.767313495,14.36562672
24165,0.93,368893.0,1588.73,3.784520433,15.78109927
24166,2.72,335721.0,1244.57,1.144700157,14.04094328
24167,2.19,379081.0,2600.19,1.547121541,15.80989722
24168,2.29,374856.0,2220.2,3.600328815,15.92478564
24169,0.93,378894.0,1814.64,2.72668163,13.8707521
24170,1.06,370628.0,717.39,2.378702782,16.48840412
24171,2.24,382360.0,734.81,1.996047326,12.28329104
24172,1.4,166411.0,891.88,4.189999069,16.13371747
24173,2.46,380426.0,856.63,1.827752079,16.20249327
24174,1.89,234724.0,1720.41,4.930160279,11.3837706
24175,1.65,114947.0,1054.15,1.822591773,15.8279551
24176,1.06,379737.0,1703.97,2.577305536,15.99039981
24177,2.36,358779.0,2495.0,2.024645901,16.60892534
24178,1.64,364969.0,2060.42,1.425803172,15.7203959
24179,1.44,123419.0,2356.99,1.510376925,15.95686738
24180,3.02,257156.0,1988.98,1.468747413,15.98690697
24181,1.48,151940.0,642.73,0.787362174,15.58321932
24182,0.48,149725.0,1928.01,1.724747218,15.40851983
24183,2.24,252577.0,767.09,4.011924198,16.58062483
24184,1.25,385189.0,1235.33,1.615237824,16.11238744
24185,3.75,128945.0,1286.8,3.939843672,14.99286495
24186,1.52,135497.0,1739.34,0.660156715,16.54124663
24187,1.91,373938.0,1858.35,1.637964456,14.17232299
24188,1.96,148098.0,2727.02,3.357851911,16.69390343
24189,1.38,341929.0,1027.75,1.106318018,15.64248172
24190,1.88,245570.0,1290.79,4.071722091,13.19593092
24191,1.58,271522.0,1814.35,4.685492837,16.25147087
24192,0.49,152195.0,1877.87,1.576480325,14.94276791
24193,1.67,376812.0,932.74,1.413746916,13.0061737
24194,1.88,147826.0,721.7,2.582357938,15.66333834
24195,1.61,221952.0,1231.34,1.700087329,14.93861703
24196,1.46,261744.0,615.32,3.611103993,15.2858621
24197,1.88,259511.0,1197.65,1.135258525,14.45390997
24198,0.88,390642.0,1758.97,2.382855214,15.77462994
24199,3.14,385213.0,2484.44,2.421806962,16.10160197
24200,1.94,154735.0,1972.58,1.707909852,16.67483237
24201,1.67,242305.0,2191.73,1.952299035,14.10022244
24202,0.4,385555.0,1704.83,3.017750275,15.66897093
24203,1.42,385063.0,694.8,1.094158446,12.9470083
24204,2.71,375168.0,882.19,4.275250186,14.10931147
24205,2.26,355130.0,1652.61,1.085740077,13.75549721
24206,2.47,353071.0,2337.29,1.185674696,13.29115957
24207,1.91,166541.0,1240.17,1.905080018,16.87474067
24208,1.85,158851.0,2337.94,1.980781091,15.04708231
24209,1.39,152875.0,1246.72,2.450644748,16.19721424
24210,2.51,383172.0,1675.23,1.58835671,15.20135529
24211,1.58,138246.0,1317.33,3.593974961,15.30682474
24212,1.42,374890.0,2293.54,3.524398012,16.45157197
24213,1.78,353567.0,2345.18,2.387617721,16.09809543
24214,1.29,374127.0,2699.95,2.322494139,16.36615493
24215,2.28,171241.0,1924.95,1.40156481,16.13233172
24216,0.88,357305.0,1950.37,3.5783222,15.92565216
24217,0.95,120922.0,975.6,2.121445851,16.65224575
24218,1.26,395641.0,1891.45,2.009436193,15.78494647
24219,0.24,247423.0,1955.31,2.022312301,15.36518631
24220,1.59,255208.0,1067.29,4.703855675,16.26790672
24221,1.71,150877.0,907.81,1.977365808,13.55509388
24222,1.0,137434.0,1767.72,2.125411767,15.44245889
24223,1.03,267433.0,1783.41,4.25191559,13.76358918
24224,1.92,353724.0,1179.43,1.878840063,14.81125428
24225,2.31,372019.0,1174.56,1.593381376,15.4197584
24226,0.85,273042.0,2478.6,1.642928794,16.23825121
24227,1.09,370396.0,1173.91,1.697524901,15.67384889
24228,2.8,386303.0,1553.04,0.577422772,16.43346513
24229,1.49,343672.0,2528.95,0.885560901,16.27623638
24230,1.8,375884.0,1008.71,1.102674353,15.49584212
24231,1.14,357977.0,2412.18,1.139438486,13.79397872
24232,1.89,142683.0,1740.86,1.806826033,16.52375131
24233,0.68,370047.0,1625.93,1.646013008,15.26375587
24234,1.0,172440.0,1227.78,1.648363603,17.49349835
24235,1.1,252626.0,2051.98,1.889061385,15.40652173
24236,1.86,140871.0,1782.33,2.708899159,15.92467314
24237,2.17,157438.0,2100.35,2.112596836,15.50180795
24238,1.89,393542.0,1293.18,2.124805447,15.12003043
24239,1.31,132260.0,1737.2,2.426707403,14.00204545
24240,1.74,235932.0,2258.69,1.422721591,12.97860084
24241,0.75,382952.0,2449.34,2.828228639,16.8476763
24242,1.66,394037.0,785.46,2.678808569,13.18030513
24243,1.52,238774.0,1249.07,3.476514113,15.26031568
24244,2.27,389587.0,1876.05,1.678409922,16.45280502
24245,1.88,389401.0,1390.94,1.529853534,15.66066824
24246,1.99,376881.0,2318.04,4.270821744,15.33722973
24247,4.92,366273.0,899.7,1.90026263,16.94546024
24248,1.9,137066.0,1743.89,4.403997564,14.22553543
24249,2.25,263492.0,1746.2,2.400770301,16.13024051
24250,1.76,247738.0,1890.69,2.004173706,14.96370212
24251,2.08,116381.0,1257.5,1.922502333,15.26428111
24252,1.98,351718.0,1410.77,3.432134723,17.15684622
24253,1.67,391238.0,1453.98,4.068133766,15.49969163
24254,2.3,150263.0,2022.02,1.535095855,15.17490191
24255,1.4,150052.0,1220.9,0.434814708,14.66289975
24256,0.0,137583.0,1929.22,1.349396193,16.37302623
24257,1.25,346006.0,2105.17,1.070072221,14.38204017
24258,2.45,239361.0,1018.22,1.856670808,13.23186182
24259,1.6,132347.0,2278.18,1.734606147,15.58404509
24260,0.88,145133.0,1775.08,1.021813194,14.67060416
24261,1.26,377420.0,1055.23,1.793713941,16.66221915
24262,0.95,376236.0,1075.97,1.835949298,15.60124647
24263,1.96,248303.0,2194.46,4.41238523,15.95514784
24264,1.18,160501.0,1745.12,-0.03021852,15.70571342
24265,2.15,254813.0,1453.92,0.719979824,16.02238603
24266,2.51,266818.0,1174.78,2.089579228,17.57329698
24267,2.08,381103.0,2631.55,0.804140316,14.91127853
24268,1.22,385872.0,1484.52,1.185674204,15.46416055
24269,0.33,280020.0,1111.5,2.644504682,11.2583727
24270,1.58,369820.0,2390.86,2.063007022,16.38765831
24271,0.77,255486.0,1936.67,0.319335526,13.87174281
24272,1.07,365518.0,734.67,1.296913822,16.55927853
24273,1.92,235756.0,1758.87,0.349752877,14.89724374
24274,1.83,355897.0,1843.37,0.314218053,14.4190473
24275,2.0,369156.0,2566.03,1.165093629,15.22885356
24276,0.67,374971.0,1961.21,2.729736723,13.55752024
24277,2.02,375609.0,1220.98,3.562030414,13.6833111
24278,0.0,363174.0,881.07,1.387598037,16.14811016
24279,1.24,263586.0,1311.58,4.667370849,15.60986541
24280,1.07,361388.0,1722.15,4.833543372,16.41547384
24281,1.58,388471.0,1839.34,1.915577991,11.26499817
24282,0.98,349009.0,884.85,1.842793308,13.62761179
24283,1.78,400975.0,1544.22,2.839778324,14.0920638
24284,2.54,387234.0,2088.62,3.645999167,14.08479664
24285,0.7,143280.0,739.19,1.519834258,16.04771074
24286,1.88,165036.0,1231.89,1.683728555,16.2929989
24287,5.31,281238.0,1011.11,4.575386735,14.60009886
24288,0.67,394529.0,1006.78,1.518923495,15.06572172
24289,1.84,359235.0,1686.67,2.736520786,15.74342648
24290,1.68,231887.0,1334.87,1.832735314,15.31524737
24291,1.78,250406.0,856.54,4.190849386,15.6318272
24292,0.16,363777.0,1851.92,1.63154209,15.54526606
24293,1.18,252452.0,786.9,2.861380405,14.64733741
24294,1.86,362558.0,586.86,1.481049154,15.38503767
24295,1.47,150351.0,1923.76,3.117357285,15.67687999
24296,1.62,250249.0,1237.94,1.985424293,15.33100012
24297,1.37,160690.0,1939.72,1.516009172,11.83925593
24298,0.26,350244.0,2278.63,3.019233564,15.73853883
24299,1.98,242260.0,1444.33,0.98757815,17.6994836
24300,1.64,250866.0,862.19,3.516208488,15.61216877
24301,0.98,240700.0,2056.38,2.525983023,16.88671923
24302,1.28,263847.0,925.37,3.350809607,15.82251845
24303,0.58,370010.0,1939.27,3.79544197,16.73560658
24304,2.1,382361.0,1332.03,2.823873844,15.37913685
24305,1.59,369247.0,1750.64,1.702250782,13.05847508
24306,2.35,333729.0,2276.05,0.61193392,15.64747993
24307,2.39,160557.0,1833.28,1.453718026,15.52779829
24308,1.01,386589.0,1864.71,0.873707302,17.69422851
24309,1.65,372523.0,2516.96,1.354997039,15.09821167
24310,1.28,393690.0,1739.21,2.231260922,15.81457255
24311,0.9,360144.0,1830.07,1.795326297,14.33708962
24312,1.63,359258.0,827.49,1.853109801,15.33785213
24313,2.17,172488.0,810.25,3.832796854,16.51732615
24314,1.53,360347.0,1516.76,2.210276533,15.64129126
24315,0.88,245416.0,1338.51,3.000393129,15.74406073
24316,2.21,145673.0,819.69,3.128655215,16.89615876
24317,1.44,396424.0,1846.45,2.208031656,16.03650669
24318,0.66,151315.0,1797.1,1.396734475,16.39339053
24319,1.89,375906.0,1895.59,3.150321993,16.31054817
24320,1.18,371678.0,1097.36,0.79257078,15.1581344
24321,2.46,363707.0,1015.66,1.631894816,15.37875424
24322,1.64,238335.0,1877.11,1.593946015,15.68097886
24323,1.35,393777.0,1297.26,1.209509795,14.54964241
24324,1.95,144496.0,2244.82,2.011921895,15.73910886
24325,1.19,355333.0,1529.62,1.620029708,16.31049503
24326,1.17,365172.0,2502.3,1.660828531,12.89292385
24327,1.31,145587.0,1363.56,1.536620016,16.18040558
24328,1.98,379310.0,657.49,2.26324886,15.40198822
24329,1.62,161416.0,1432.1,2.174798144,14.42797866
24330,0.36,387553.0,2163.58,2.005449346,15.9466082
24331,1.56,126899.0,1906.76,3.008553428,15.46763344
24332,1.46,267271.0,2208.86,1.844850068,14.64923766
24333,1.91,154890.0,2314.92,1.676526705,15.33651337
24334,1.0,380186.0,2084.95,0.765221779,16.10021151
24335,0.7,138268.0,1254.91,1.864416802,13.13620195
24336,0.63,257555.0,1970.27,2.260344065,17.17351182
24337,1.38,139846.0,1899.14,1.702104225,15.88419199
24338,1.75,361167.0,2027.46,1.927914991,15.47181176
24339,0.93,182135.0,1842.26,1.971141055,15.224543
24340,0.84,344929.0,919.11,2.083754717,16.32549282
24341,0.52,252335.0,888.43,1.757610907,12.07878985
24342,0.71,127776.0,1812.43,0.78384506,13.66363581
24343,0.52,126411.0,907.58,1.701180778,13.834884
24344,0.35,353192.0,1378.88,4.020012861,15.91234781
24345,1.74,376853.0,2260.14,1.552713878,16.49810704
24346,2.44,128736.0,2218.68,2.244358213,15.94865789
24347,2.13,348133.0,1371.64,2.942577047,15.15933417
24348,0.55,248140.0,894.71,1.746796849,13.7015563
24349,1.65,377057.0,1889.87,1.498101199,15.32159589
24350,1.0,249489.0,1911.26,1.763564562,16.26149189
24351,2.46,351043.0,2288.3,2.779568242,15.61180667
24352,0.8,133385.0,1857.29,1.620348733,13.44670554
24353,0.97,364278.0,1869.61,0.931374116,17.12036728
24354,1.21,380447.0,1181.82,0.870316267,15.32484373
24355,1.41,373563.0,1186.8,1.829029661,14.2716278
24356,1.13,249171.0,1706.86,1.6720481,13.66750958
24357,1.5,131182.0,848.52,0.925660649,13.45367002
24358,1.08,369484.0,1958.79,4.163540266,14.0677583
24359,0.84,366112.0,1130.44,1.325897426,15.53627227
24360,1.3,147954.0,1945.84,1.819473401,15.6809275
24361,1.7,367506.0,1776.05,1.861195035,12.74558726
24362,1.31,351472.0,1597.82,-0.08923052,12.6827884
24363,2.24,350175.0,2211.56,1.94966705,15.70740266
24364,1.47,145097.0,1636.86,3.677708837,15.4737428
24365,2.12,382150.0,711.51,1.563771643,13.528588
24366,1.62,372445.0,1987.34,3.123223233,14.1571558
24367,1.36,370583.0,1025.95,4.241720986,15.57461742
24368,0.93,275105.0,1898.03,1.390089192,14.38207652
24369,0.29,158222.0,1737.25,3.513444729,16.34211775
24370,1.11,236305.0,778.46,1.431850632,13.72144308
24371,1.38,367441.0,1532.21,1.359516499,15.47039512
24372,1.68,373498.0,2211.68,2.879888594,15.84096928
24373,2.28,365388.0,1774.08,0.759571443,13.92927864
24374,0.22,352434.0,1829.82,2.004665881,12.51921732
24375,0.33,371775.0,1214.03,3.023432817,16.06215573
24376,0.86,137363.0,1765.18,0.978065261,15.52130419
24377,1.66,239183.0,1794.59,2.089480782,13.44009046
24378,2.03,132389.0,1584.5,1.191416153,15.71022982
24379,1.46,236145.0,2096.88,1.441784114,14.89729586
24380,1.13,131349.0,2183.29,1.437403223,15.7555205
24381,1.59,247889.0,1918.26,3.164106971,12.93173185
24382,1.49,157239.0,790.89,2.704569422,15.34543687
24383,1.64,239123.0,996.57,1.115090446,16.28137869
24384,1.79,353675.0,1330.64,1.207832588,15.06730211
24385,1.85,241648.0,1703.12,3.648823415,15.68826828
24386,5.09,254159.0,2412.46,0.376580648,14.25466038
24387,0.27,153425.0,1866.8,1.19767831,15.78606965
24388,1.22,250629.0,2313.36,1.63043911,15.24986071
24389,2.04,277645.0,1789.67,1.667312705,14.96495256
24390,1.61,373404.0,1585.73,2.821775704,14.59565641
24391,1.14,265084.0,1589.27,1.973821232,14.73084247
24392,2.11,345562.0,1884.9,1.632986017,11.35714283
24393,1.31,341898.0,1799.54,1.114900618,15.56849857
24394,1.39,382087.0,2029.13,-0.115471469,12.14696274
24395,2.4,134619.0,759.16,1.249434259,16.27771695
24396,2.19,354370.0,1984.23,1.322946212,15.53753863
24397,1.97,366181.0,1898.5,3.504473882,16.20804242
24398,2.95,368799.0,1414.91,1.476660627,16.3183093
24399,2.23,155019.0,921.67,2.459953333,13.79365717
24400,1.53,163321.0,1955.93,2.790730258,15.96256002
24401,2.46,356712.0,2214.49,3.431027166,13.55981292
24402,0.83,158212.0,1685.96,1.982513709,15.08345884
24403,1.2,383531.0,1493.2,1.733328988,11.2583727
24404,1.55,364592.0,1519.17,1.479900146,14.66025879
24405,1.31,234839.0,1907.32,0.858691578,13.19769787
24406,2.2,132630.0,617.03,0.806834515,14.39855138
24407,2.09,275079.0,1360.43,2.555635822,15.18720912
24408,1.36,377662.0,1775.9,3.556477256,12.54114541
24409,1.48,340735.0,2348.63,1.137662876,15.03195764
24410,0.33,381298.0,1742.49,0.244605096,15.73649682
24411,1.34,133463.0,1048.79,1.206588586,12.873017
24412,1.53,374515.0,1832.59,4.084852068,16.28821792
24413,1.13,377800.0,2102.71,1.547152195,15.89072114
24414,1.21,157787.0,1856.15,0.966661801,13.35549889
24415,1.91,370675.0,1816.35,2.867323667,16.17524156
24416,1.37,386969.0,2227.09,3.855075994,14.12970506
24417,0.76,261286.0,1771.01,2.452286829,13.24267993
24418,2.15,356907.0,950.48,1.875893823,16.24254767
24419,0.73,166539.0,924.14,3.599997264,15.93005889
24420,1.83,223659.0,1880.23,1.413807313,15.55624686
24421,1.01,385268.0,2356.21,2.75333847,15.00751115
24422,1.41,400191.0,2322.14,0.432100236,16.51688026
24423,1.45,363054.0,2055.33,1.387883858,13.44289472
24424,0.18,369515.0,1218.74,2.299208861,16.58660956
24425,0.53,131519.0,1844.47,2.278282695,15.98697747
24426,1.11,386198.0,1893.38,2.048159711,15.32526155
24427,1.91,350392.0,1764.52,2.386393394,15.63250574
24428,2.37,114947.0,2455.46,1.935598134,14.285282
24429,1.97,347840.0,652.21,1.936998109,14.79812972
24430,1.55,384360.0,2427.17,2.1288172,16.17968376
24431,1.21,383710.0,2326.07,4.159684815,15.46905619
24432,1.45,143243.0,2426.28,2.192552994,14.29484625
24433,0.76,371160.0,1828.37,1.778619448,15.67784289
24434,0.81,369634.0,1831.71,1.843759799,13.77357773
24435,0.46,266388.0,1934.87,3.571276427,17.54958197
24436,1.34,155493.0,1448.63,2.973695187,14.42482599
24437,1.61,391609.0,1925.53,1.703336521,15.3436313
24438,1.65,376739.0,1975.72,1.981365557,15.85635163
24439,0.64,136894.0,2447.5,1.980058007,14.99260473
24440,1.97,232399.0,989.13,3.610122008,13.91901405
24441,1.65,246719.0,1609.97,1.611533582,15.01068205
24442,2.33,248535.0,1836.94,1.528908383,15.40346007
24443,2.67,263604.0,1752.46,1.719948464,15.3840129
24444,0.94,372973.0,1834.11,2.24008546,15.95004198
24445,1.36,369547.0,1894.22,1.652833951,16.10308539
24446,1.34,341963.0,1391.75,1.741747089,15.70072002
24447,2.98,378830.0,2360.02,2.38248036,15.00616744
24448,1.2,379332.0,687.21,1.189367899,14.68773134
24449,2.04,382511.0,1338.44,1.43440228,15.85870624
24450,1.0,151037.0,1902.46,1.865693378,15.90148792
24451,1.98,156591.0,2133.49,2.135086689,15.30911932
24452,1.57,117345.0,1292.97,2.753851044,15.8029378
24453,2.15,389267.0,1546.89,3.483145999,16.38637444
24454,1.56,372866.0,1933.65,2.846013528,17.39544076
24455,1.94,364266.0,1272.46,-0.289634201,11.57876856
24456,1.51,353391.0,1799.82,-0.1818299,15.69082471
24457,1.53,378673.0,1672.44,2.700157661,15.28679666
24458,0.65,262721.0,1941.36,4.679189325,15.44660784
24459,1.53,379269.0,1944.58,2.216583612,15.97008577
24460,1.3,399723.0,848.94,1.8435889,13.54997846
24461,1.9,382331.0,1971.13,2.984255544,16.73483619
24462,1.58,165409.0,1269.71,1.891470439,13.14632846
24463,0.77,236673.0,586.86,4.290815389,17.58712376
24464,1.36,251612.0,2407.22,0.909456245,16.19192356
24465,1.27,387934.0,1907.78,2.248212031,16.44715583
24466,0.48,155238.0,1805.22,3.621510877,13.65011761
24467,2.25,260083.0,1802.05,2.020892157,16.18597622
24468,1.67,134582.0,2072.21,1.132751722,16.25264593
24469,2.68,393716.0,2394.41,1.421182228,16.14475461
24470,2.17,148138.0,1837.02,2.002056175,15.30617665
24471,3.86,238342.0,2361.48,4.476428724,16.4985694
24472,2.98,243305.0,1333.05,0.356106,14.79683573
24473,0.88,276470.0,1711.13,3.669763657,14.77235233
24474,1.58,357984.0,1454.66,1.474957572,15.16344252
24475,1.63,348507.0,1764.64,1.708189725,12.50885683
24476,0.55,381127.0,1943.49,2.71215805,17.73027397
24477,2.31,261456.0,1793.38,1.515494057,14.7568317
24478,1.09,150719.0,867.64,1.310608733,13.8193716
24479,0.12,381777.0,1857.42,-0.058894718,15.4515542
24480,1.36,261949.0,1172.61,2.644547861,13.6644635
24481,1.91,241868.0,1836.58,1.179245023,15.36825579
24482,0.44,246198.0,2456.63,2.024223411,14.46344552
24483,1.45,143480.0,1874.01,0.901664846,16.48825623
24484,0.95,353306.0,2543.72,0.776497663,14.48934745
24485,2.0,349289.0,1891.33,3.786809712,11.63564656
24486,1.3,360572.0,1920.62,2.135752211,14.58829887
24487,1.34,391904.0,2040.57,2.883227834,15.35293493
24488,1.88,249121.0,1474.54,2.408860785,17.05236614
24489,2.47,253320.0,817.22,3.792222137,13.47504584
24490,1.31,121224.0,1395.05,1.679840808,13.588885
24491,2.12,359814.0,2470.87,0.553053118,15.25176143
24492,0.32,352911.0,1293.89,2.300151699,13.06935479
24493,1.24,269504.0,811.47,3.026767419,12.87807042
24494,1.52,141946.0,1822.11,1.567757013,15.84033921
24495,0.93,374622.0,1758.14,2.570840856,14.23855225
24496,1.6,379841.0,1007.78,1.617927892,15.50372773
24497,2.0,137495.0,1326.71,1.463745846,15.31678471
24498,0.99,163414.0,1224.18,1.818567473,15.07709693
24499,0.79,162423.0,1852.34,3.394705859,15.65767403
24500,2.4,249427.0,795.25,1.788686511,15.34629203
24501,2.1,359776.0,2410.0,1.451339891,14.17581051
24502,1.68,129683.0,2087.54,3.162134452,12.77273774
24503,3.29,270399.0,2361.25,1.777376071,17.32678609
24504,1.75,355081.0,1648.65,1.947712384,14.27531222
24505,1.73,365624.0,1027.77,4.47255783,16.04956737
24506,2.02,362264.0,790.71,1.872966279,15.60028853
24507,2.08,253848.0,1227.62,1.995120639,12.12043657
24508,0.42,401119.0,951.05,2.988178806,15.52073395
24509,2.73,342150.0,1637.45,1.149220139,13.79239192
24510,2.18,162184.0,848.71,2.969869618,14.37830765
24511,1.6,348960.0,1863.34,1.664865891,15.97106322
24512,1.2,391101.0,1892.69,2.778699614,13.57708303
24513,1.31,258651.0,2199.27,1.616890964,13.87226428
24514,2.43,375266.0,1715.63,2.543377518,17.01416227
24515,1.64,352976.0,1146.68,1.963092668,16.43631541
24516,1.07,358240.0,1925.64,2.1541419,16.48406734
24517,1.75,396801.0,1717.38,1.598839426,14.58778872
24518,0.51,363942.0,1792.12,2.382099107,16.24390687
24519,0.89,155308.0,1061.62,2.015633968,16.90365338
24520,1.89,358082.0,1375.13,3.711626436,15.15733998
24521,0.63,382021.0,2338.56,2.157535802,16.07302684
24522,1.94,363312.0,672.42,1.786806254,13.11752873
24523,1.33,158842.0,810.18,1.468648408,16.36360266
24524,1.34,360166.0,1846.69,2.730808092,13.12910006
24525,1.29,136393.0,2249.39,2.106680068,15.20600609
24526,1.17,349668.0,1994.7,1.161921085,14.86400141
24527,1.54,231374.0,1710.04,1.429296589,15.82228091
24528,2.31,371625.0,1713.75,1.8961395,13.77645989
24529,0.94,155491.0,793.15,3.644382845,15.60622137
24530,2.12,146166.0,2357.45,2.760617531,15.62494717
24531,1.31,135503.0,1388.16,1.549419313,13.29485912
24532,1.8,359186.0,2251.47,2.110255113,17.14823518
24533,0.82,163226.0,1020.84,1.606665355,14.54152798
24534,1.56,363474.0,2321.3,1.989477706,13.669684
24535,1.0,129977.0,1906.15,1.599363359,14.54084901
24536,0.78,114947.0,1258.19,1.829926207,15.3419434
24537,1.62,360829.0,1006.76,0.799946416,16.56153369
24538,0.9,265710.0,1812.31,2.389441647,13.67451855
24539,2.23,171159.0,2722.0,-0.068487418,15.93560105
24540,1.8,145991.0,1066.13,4.708891118,13.55567881
24541,2.24,386857.0,1613.21,1.56758252,15.94259903
24542,1.81,375919.0,1996.52,1.316249587,12.91935446
24543,1.5,362519.0,840.18,0.569566349,13.80699859
24544,1.91,125190.0,1813.39,1.24727202,15.81559661
24545,0.29,387749.0,881.21,1.996373247,15.92592628
24546,1.91,241897.0,2138.45,1.708856061,13.89017004
24547,0.67,160320.0,2462.98,4.93924406,14.31226909
24548,0.86,359953.0,1817.26,1.517701184,15.56699551
24549,1.22,376956.0,2194.06,1.375714015,13.35836515
24550,0.98,390060.0,3000.71,3.111961875,13.96390607
24551,1.51,374173.0,922.8,2.990039338,14.53849085
24552,0.32,255969.0,1729.59,1.702110231,16.78236099
24553,1.49,267094.0,961.41,2.800400422,13.62325785
24554,1.19,373758.0,1892.62,-0.194702221,11.57690291
24555,0.98,144881.0,1359.97,2.226067237,16.02617055
24556,0.99,392594.0,1807.75,1.80541416,15.89103355
24557,1.96,348953.0,1860.79,1.623278293,13.49738556
24558,0.81,364906.0,2312.51,1.510702777,15.53432648
24559,1.14,378981.0,984.91,3.737713682,12.62158792
24560,2.83,144655.0,2207.13,1.660859974,16.28907772
24561,2.23,377885.0,1233.15,0.928544784,14.77028746
24562,2.29,372966.0,1334.35,4.21044135,15.37396798
24563,2.12,127447.0,1763.72,2.760437825,16.89261727
24564,0.87,365523.0,2553.23,1.410941145,14.29078418
24565,1.09,367556.0,1297.68,0.411771683,14.7118508
24566,1.26,146268.0,1767.03,1.094981105,13.20340493
24567,1.25,253051.0,1918.79,0.688396925,15.85389405
24568,1.58,372289.0,1032.2,2.465219748,14.69029973
24569,1.77,139189.0,2360.15,1.708548707,16.32329593
24570,1.3,151970.0,1902.2,2.639730857,12.72528049
24571,1.78,354409.0,1759.7,1.6896195,11.84919407
24572,1.82,366574.0,2058.81,2.319773948,13.74527231
24573,0.9,265857.0,1741.28,1.683168403,17.07973864
24574,1.41,362101.0,2676.72,0.778227067,14.89932832
24575,2.46,144170.0,1758.61,2.070552344,14.56028177
24576,1.97,379081.0,1524.7,1.773260203,16.08298352
24577,1.31,154145.0,1557.94,1.544235758,15.60845923
24578,0.94,381068.0,1477.98,1.551525432,14.66556217
24579,1.53,263035.0,1789.66,2.935576192,16.32737947
24580,1.22,375772.0,1320.54,0.913686972,13.63687086
24581,1.07,275184.0,1943.48,1.271580103,14.20910783
24582,1.38,175769.0,1954.17,4.225602011,13.76914774
24583,1.59,132109.0,2165.44,2.414373228,12.56206988
24584,1.16,363504.0,1873.12,1.336200918,13.41177835
24585,2.03,387572.0,1629.15,1.613442907,12.84430265
24586,0.94,279910.0,2007.97,1.697001881,15.53907675
24587,1.98,148275.0,1930.33,0.60823886,15.52552424
24588,2.35,143811.0,1242.62,2.565536428,16.25856522
24589,1.58,179322.0,2253.79,1.590700832,12.81615772
24590,1.36,135550.0,2299.67,4.301373624,13.39814924
24591,0.4,377138.0,1716.37,1.126665424,16.02048248
24592,1.24,379639.0,1463.09,4.547822215,15.90458519
24593,1.3,364999.0,2220.21,4.098930059,15.35113831
24594,1.84,139609.0,619.19,1.924429775,12.23566531
24595,0.8,353581.0,1913.54,0.805864546,16.67360838
24596,0.85,374674.0,2495.97,1.938432059,15.03646948
24597,0.86,370029.0,2571.79,1.131059272,14.24274668
24598,1.34,161241.0,2221.72,2.02121252,15.58353107
24599,1.21,376139.0,869.84,2.888393221,16.64968341
24600,0.92,346243.0,2362.74,1.129058725,15.84025468
24601,2.21,358390.0,1685.13,2.82275333,16.61678391
24602,2.04,380733.0,2205.59,2.662222286,15.67231602
24603,1.55,165543.0,1653.7,1.764064778,17.38330576
24604,1.92,242096.0,2313.58,0.968076005,15.92673941
24605,1.28,139948.0,3047.82,2.702190097,15.5904094
24606,1.83,144154.0,2654.2,3.686341055,15.98853405
24607,2.73,395517.0,1945.83,1.746467309,13.52763884
24608,2.02,130484.0,1796.96,1.481442559,15.33256889
24609,1.44,363617.0,767.8,2.01835734,16.89007525
24610,1.01,379758.0,1915.15,1.7615846,15.77459501
24611,1.44,373665.0,2535.76,2.433557437,16.85641363
24612,0.71,147591.0,2427.2,2.295856006,15.42774507
24613,2.56,362872.0,1317.15,3.281384583,13.31346361
24614,1.41,145490.0,1961.04,1.425303615,15.97097214
24615,1.8,382713.0,1968.82,1.175176221,16.04103051
24616,0.0,131753.0,1811.57,4.84479555,15.68606981
24617,1.33,364064.0,2377.58,2.017968405,13.89502382
24618,1.11,358298.0,1755.72,1.291466962,14.7145056
24619,2.46,338534.0,1075.63,4.149303823,15.32359358
24620,2.82,128632.0,1994.11,0.990968292,15.88844789
24621,2.78,155005.0,1843.32,1.146496519,15.18743219
24622,1.49,361927.0,1408.67,0.583515462,13.63679747
24623,1.71,369943.0,1483.4,1.495527563,14.7607329
24624,0.93,244621.0,1716.38,1.942913837,15.58848982
24625,2.47,351150.0,2189.05,2.712808404,13.6524696
24626,2.36,134253.0,746.57,0.90594456,12.49423258
24627,2.54,358545.0,1642.68,3.859437025,15.1332887
24628,0.39,371148.0,1875.08,4.760697766,13.62419343
24629,1.17,371534.0,2173.14,2.809340449,14.78205305
24630,2.87,365602.0,2327.46,2.225648359,13.03932979
24631,2.54,234085.0,1866.76,0.235129926,15.48996019
24632,0.78,372194.0,1837.31,1.216429083,15.82235921
24633,1.59,275830.0,1183.44,1.252273878,15.930999
24634,1.64,266358.0,784.3,1.536986554,16.3150117
24635,1.17,394977.0,1890.09,2.256943665,17.27726771
24636,1.1,364964.0,1555.2,2.533314752,15.60487829
24637,1.55,153110.0,1575.84,2.147076598,13.50248612
24638,1.48,159071.0,1930.52,2.217191842,16.24483885
24639,0.78,369511.0,2338.57,0.980716706,14.28311237
24640,1.26,363126.0,1920.14,3.65384966,15.39660852
24641,1.67,363766.0,1785.77,2.452034655,15.49439722
24642,1.64,395673.0,2228.36,0.442532407,13.66437938
24643,0.71,159698.0,1739.93,2.53382611,14.21241499
24644,1.36,252776.0,981.56,1.532351361,15.75689876
24645,1.91,251746.0,1310.03,2.431028115,15.70037625
24646,0.28,374901.0,1341.42,1.768376044,15.3077951
24647,1.96,365020.0,2521.32,2.857932867,13.13106233
24648,2.19,375503.0,1933.48,1.349412774,14.86335165
24649,1.98,387624.0,1852.27,2.325082806,15.24742363
24650,0.49,252646.0,2033.62,2.875027646,16.14526779
24651,0.8,133746.0,1982.16,2.08122278,15.95635635
24652,1.26,131872.0,827.35,0.762404677,14.79927146
24653,0.99,389459.0,2348.49,2.31581987,15.53240944
24654,2.01,374079.0,1026.33,2.36192559,16.00862779
24655,1.55,248330.0,1967.58,1.801021848,16.91287855
24656,2.77,349823.0,1758.07,0.207704356,15.09765452
24657,1.41,374169.0,1831.33,4.018218354,14.68883449
24658,0.4,134925.0,2214.48,0.90664232,13.41161389
24659,1.31,386445.0,2395.08,1.611927509,12.9428802
24660,1.06,401119.0,1379.99,3.528755837,15.59420278
24661,2.1,163043.0,2542.83,2.315488458,16.62360979
24662,1.35,350117.0,1206.36,2.083761358,13.79628529
24663,1.65,158260.0,2013.56,1.516899935,15.51345087
24664,0.35,367168.0,1448.62,1.507089426,15.02086576
24665,0.41,377490.0,1446.02,1.697944664,15.13785478
24666,1.24,372449.0,950.15,1.917086275,11.64502103
24667,1.44,352440.0,2138.26,2.959386547,14.12556249
24668,2.28,396830.0,2216.94,1.400612853,15.64915375
24669,1.38,263925.0,2003.23,2.877716306,16.74237613
24670,1.6,273678.0,1658.67,4.654612394,16.48068282
24671,1.12,376594.0,1798.59,4.358735994,16.65194413
24672,1.74,372930.0,1775.35,2.201073708,13.68228794
24673,1.41,360115.0,2242.01,0.838408964,14.64441209
24674,0.56,374100.0,1923.32,1.868174366,14.10771519
24675,1.72,136820.0,1770.12,1.742714632,17.05926202
24676,0.92,177635.0,996.45,4.333804524,15.39671435
24677,1.77,368869.0,1769.67,1.244819484,13.41075817
24678,1.5,357299.0,2416.28,2.824754963,16.17634298
24679,0.96,384153.0,734.54,1.582586108,16.00944025
24680,1.17,357111.0,1824.19,1.470556112,15.07837081
24681,2.1,385604.0,1477.55,2.355626411,15.39156291
24682,1.88,360913.0,2066.37,1.654353882,16.69182351
24683,1.04,363941.0,1345.81,3.581477685,17.40303748
24684,1.57,157527.0,1815.71,1.681335998,15.47648421
24685,1.79,362709.0,1901.76,1.738711065,14.31157453
24686,3.51,351550.0,1572.93,1.869083959,14.28631223
24687,1.39,139818.0,2200.04,1.850604717,16.8660244
24688,1.73,132941.0,948.53,3.962983471,13.39253147
24689,1.28,158368.0,1900.83,3.115152962,16.20690933
24690,1.52,379924.0,1576.36,1.806920884,15.96842776
24691,0.83,395642.0,1251.22,3.546868984,15.5802516
24692,1.97,388182.0,2325.09,1.942388653,13.6949861
24693,1.98,377446.0,1059.59,3.332590387,15.19497043
24694,2.93,349238.0,1791.64,1.419455845,14.72404985
24695,0.93,245320.0,2508.4,4.449027698,15.95221082
24696,2.25,239542.0,1941.18,1.398485631,16.20799926
24697,1.05,179568.0,2535.82,1.75153259,13.6690087
24698,1.6,139612.0,1875.7,1.125257342,13.73646679
24699,2.16,155704.0,894.2,1.336746094,15.72047882
24700,1.93,369877.0,1373.24,4.778373407,15.55749338
24701,1.73,135274.0,2456.28,2.401749546,15.50126454
24702,1.06,152014.0,1397.69,0.819854128,14.75025822
24703,1.81,152478.0,1020.25,3.849406089,15.73289057
24704,1.23,138964.0,1746.79,1.947363377,15.95062568
24705,0.25,134944.0,1321.99,1.903319861,16.7073904
24706,1.69,360163.0,1895.5,1.077814481,15.18915892
24707,2.18,147943.0,932.11,1.979734761,16.56912085
24708,1.6,354799.0,1849.52,3.458098634,15.940096
24709,2.62,263839.0,2837.28,1.85095193,16.40095203
24710,0.9,361457.0,1804.64,1.57519454,14.82122951
24711,1.36,278825.0,2393.92,3.508057565,15.95584061
24712,1.33,356024.0,2538.53,0.956022319,15.64313017
24713,1.21,386557.0,1801.38,4.93924406,17.02746231
24714,1.64,379753.0,1791.81,1.894784544,14.34228636
24715,0.84,255504.0,1129.24,3.793679793,16.08685118
24716,0.23,400914.0,1974.11,1.605117454,16.62382098
24717,1.75,374537.0,1940.59,4.151166278,15.33567918
24718,0.63,356519.0,2004.08,4.149573907,15.65619746
24719,2.47,364772.0,1931.13,2.280709837,15.59116837
24720,0.68,146707.0,1583.17,2.726755176,16.28161546
24721,1.35,253494.0,1810.08,1.633456125,17.38655357
24722,1.58,251357.0,3012.19,1.97439822,15.41933525
24723,2.96,137062.0,1819.03,0.823418158,15.37080216
24724,0.46,167672.0,1492.68,1.687315724,15.65387546
24725,1.15,254570.0,2636.31,4.415193214,16.00751705
24726,0.8,152799.0,2736.37,1.44420697,15.51516552
24727,1.8,393115.0,1977.11,2.833048593,14.77208478
24728,1.54,390323.0,1790.43,0.813870105,14.6103537
24729,3.13,159381.0,2021.43,2.370190453,13.44133998
24730,1.05,272494.0,1930.02,0.401131787,16.6659261
24731,1.8,246794.0,1879.06,3.991164811,13.9526536
24732,1.63,374418.0,1924.0,1.336473482,15.23094614
24733,1.77,266128.0,2487.97,1.453185394,15.02506052
24734,2.01,387339.0,649.61,1.739144595,14.79836136
24735,1.43,142308.0,1782.01,2.029917951,15.88742363
24736,2.09,374974.0,1815.14,1.974062139,13.53615404
24737,1.83,346978.0,1698.42,3.034157139,15.11974904
24738,1.82,375509.0,2400.33,2.322174701,12.80659305
24739,1.14,227125.0,2212.8,3.287804488,14.22547842
24740,0.25,126681.0,1402.83,2.060536186,15.90874258
24741,2.05,158389.0,1850.27,1.91210624,15.53279159
24742,1.45,348670.0,814.06,1.058046182,15.32832028
24743,1.81,381198.0,1926.03,1.263073648,15.67174631
24744,1.31,154883.0,1996.32,4.240066316,16.30942785
24745,0.09,370638.0,2183.01,3.372517739,15.24065181
24746,3.97,146376.0,2640.07,1.634873146,15.16630316
24747,2.33,168156.0,784.35,2.48086858,16.887688
24748,1.5,280221.0,2207.79,1.872263325,16.24804289
24749,1.74,372370.0,2469.59,1.924314502,15.02730142
24750,0.76,135926.0,2319.57,1.945397102,15.90501233
24751,3.84,158710.0,1389.87,2.205618565,16.34767275
24752,1.24,115841.0,1807.77,4.338518317,17.2170143
24753,1.79,378687.0,998.97,2.519741222,14.87580941
24754,0.13,257970.0,1900.22,4.851002972,15.43777762
24755,1.63,368658.0,2234.38,0.664927096,15.65301166
24756,1.26,163994.0,1929.68,1.997226171,15.9891382
24757,1.23,349908.0,831.07,1.873896298,16.69175279
24758,2.46,359686.0,2260.2,1.599259806,15.32921439
24759,1.79,398241.0,1758.18,3.493188731,14.20709235
24760,0.77,369461.0,2345.32,1.519255231,16.9008401
24761,0.97,364587.0,1204.04,0.663035393,15.30157302
24762,1.36,129576.0,1768.82,2.170580899,16.11063752
24763,0.52,147637.0,1951.64,1.158690587,14.73189952
24764,1.39,254410.0,1373.73,4.785004216,16.30432019
24765,0.86,261395.0,801.82,2.145022396,11.2583727
24766,1.67,379365.0,2677.69,1.667203585,15.4260865
24767,2.26,266893.0,1953.4,1.705803643,14.23598573
24768,1.59,379554.0,2212.61,3.645286261,15.67729731
24769,0.79,191597.0,1895.16,2.496387136,15.54704754
24770,1.06,140229.0,1713.46,1.886914925,15.06727947
24771,1.33,377790.0,871.7,3.260027621,16.53343647
24772,1.15,248658.0,1689.8,3.961218954,15.93922405
24773,2.13,263706.0,1808.01,2.03166533,15.90972259
24774,0.91,333487.0,1062.52,-0.326393035,16.52358565
24775,1.42,137840.0,1854.44,0.609036333,15.47215137
24776,2.66,148611.0,2184.95,2.37348876,12.11464214
24777,0.19,392022.0,1119.68,1.366574959,16.14019622
24778,1.42,387746.0,1745.14,2.279453757,16.8312228
24779,0.98,370435.0,844.87,3.18548983,15.38639391
24780,1.47,140604.0,2387.73,0.921429079,13.24251481
24781,1.58,353782.0,2442.88,2.463593842,16.46769005
24782,0.77,361386.0,1697.39,2.389854286,15.23157112
24783,1.85,361983.0,911.24,0.785126612,13.61842321
24784,1.88,246283.0,1718.23,0.792008017,15.70584477
24785,1.97,376432.0,1836.86,1.606387468,16.32441415
24786,0.72,134838.0,853.28,2.600019193,15.88937566
24787,1.4,349117.0,2146.28,1.900470635,12.72576168
24788,0.87,349305.0,2124.46,1.446444996,15.61382218
24789,0.89,264715.0,2221.16,3.987150246,15.60996094
24790,1.22,258209.0,2025.28,1.273348774,14.8653806
24791,2.03,353098.0,2775.17,3.806667094,12.06014005
24792,1.38,137223.0,761.92,1.127976062,16.15953304
24793,2.43,372394.0,1706.62,3.023238152,15.83221696
24794,2.11,359802.0,1607.57,0.889790735,15.69157079
24795,1.7,147405.0,1761.27,1.249443279,13.88425104
24796,2.18,369295.0,1835.24,2.615273153,12.72620667
24797,1.36,263039.0,1811.17,0.689485537,15.8249577
24798,2.58,245467.0,1914.0,1.115072747,13.86749908
24799,2.82,350916.0,1246.45,1.653529128,15.45357139
24800,1.91,371654.0,743.09,2.068498243,12.75389073
24801,1.29,258294.0,2373.38,1.823990314,16.74279103
24802,1.2,344814.0,2394.34,0.890077416,16.7969172
24803,0.3,349328.0,2498.6,1.058034647,14.9585575
24804,1.9,364113.0,1668.9,2.60415726,15.22176766
24805,1.56,359598.0,1700.23,2.060470584,12.28036618
24806,2.06,345024.0,685.94,1.951255627,13.92931198
24807,2.75,138108.0,2259.26,2.255881985,16.41297892
24808,1.99,383007.0,1806.34,2.090374074,13.13749319
24809,0.53,266640.0,870.79,0.417398998,16.78881302
24810,2.23,260324.0,885.6,2.852880765,16.95145193
24811,1.79,374604.0,2526.86,1.421356213,15.25023551
24812,2.41,153845.0,1580.49,2.990460323,16.51004418
24813,2.43,142812.0,1808.26,1.431087011,14.76336113
24814,0.93,149166.0,1974.16,1.940618077,14.06660778
24815,1.17,375421.0,1613.83,4.673924698,15.28066477
24816,0.0,374941.0,1758.34,4.590877764,16.58490913
24817,2.0,369181.0,1879.44,0.792296983,15.8024001
24818,1.53,249899.0,1839.7,4.540966818,14.32971769
24819,2.26,114947.0,1280.12,4.487779498,15.9886393
24820,1.08,358146.0,2122.02,4.692539966,14.65236744
24821,2.21,358484.0,1968.81,4.197915293,12.60298604
24822,0.0,380854.0,1915.37,1.383741464,15.01258246
24823,1.15,240108.0,1767.5,3.509768327,14.07173942
24824,1.33,357378.0,2172.74,1.055940635,16.97680091
24825,3.01,373159.0,1792.93,3.262713484,15.4176534
24826,1.22,364291.0,1906.08,2.454501981,16.26272447
24827,1.16,356310.0,761.86,1.969247952,15.65171896
24828,1.44,149263.0,2341.47,2.552193878,11.94935301
24829,0.94,362978.0,1849.13,1.904434027,16.45601858
24830,1.76,121435.0,1785.98,4.396442467,15.55025624
24831,0.61,369492.0,1860.06,1.591601392,15.99388539
24832,1.18,160513.0,1315.85,1.648910367,16.07964157
24833,1.65,375855.0,673.61,1.899497442,13.50444747
24834,1.27,381807.0,972.86,-0.097816799,16.29189625
24835,1.48,179100.0,2469.56,1.8488092,13.96191379
24836,1.54,397174.0,1831.52,4.182156084,12.02946751
24837,0.38,371080.0,2265.68,3.816671169,14.77629094
24838,0.36,401119.0,1923.79,1.899449181,15.67886308
24839,0.22,342319.0,2031.28,0.387215519,16.32403009
24840,1.77,126718.0,1809.27,1.06351462,15.68537305
24841,0.99,366376.0,1843.95,1.809907672,17.4749182
24842,0.05,383764.0,2032.21,3.629560415,15.89814575
24843,2.0,345109.0,1781.88,1.388612681,17.15327816
24844,0.99,265003.0,2028.93,4.135720983,15.74572891
24845,1.03,151629.0,699.99,3.570339966,13.33881564
24846,1.68,370355.0,883.08,2.058314067,16.40237931
24847,1.86,380992.0,2199.24,3.742644735,15.16902874
24848,2.39,265872.0,1702.3,1.5839915,16.05092752
24849,2.15,243534.0,2230.13,3.010345516,16.39093885
24850,0.52,344597.0,1264.72,2.848656652,11.35756428
24851,1.42,386834.0,1096.61,1.935202997,17.29127026
24852,0.81,350805.0,2439.21,3.047966384,15.47045019
24853,0.31,165180.0,1850.14,1.832156307,13.49473706
24854,2.83,144729.0,1855.29,1.311578933,15.45288598
24855,1.52,270840.0,1010.73,4.247542247,12.79566468
24856,1.44,259714.0,1983.57,2.064016032,16.40737005
24857,2.61,385536.0,1989.11,3.851781236,14.34535095
24858,1.12,374066.0,1828.49,1.923645636,13.92818658
24859,1.51,123042.0,1018.71,1.474043016,12.27125869
24860,1.4,133585.0,1776.89,1.873282977,16.72871275
24861,3.07,388663.0,2422.04,2.077795138,15.63165207
24862,1.19,161053.0,1817.61,3.68033688,15.62466111
24863,0.0,140538.0,2449.75,2.904454529,14.28204197
24864,1.57,382217.0,1762.42,1.768994993,16.4550649
24865,0.0,143452.0,1871.05,1.912512883,16.45157778
24866,1.35,170370.0,1851.3,2.074944063,16.52414949
24867,1.33,379793.0,2285.64,1.89795664,13.88788854
24868,2.15,277502.0,1937.72,1.924288024,14.25071139
24869,2.36,351029.0,1201.37,4.002234277,16.99846262
24870,1.63,382490.0,1956.63,0.847909157,15.02468088
24871,1.54,156531.0,971.55,1.803473425,14.84424584
24872,1.3,401119.0,982.76,4.330629775,15.85093384
24873,1.12,139142.0,1257.09,3.647995526,13.49745065
24874,1.4,364940.0,1348.87,3.069884181,14.80435801
24875,0.64,369698.0,1538.06,1.504474382,16.30295473
24876,1.18,345158.0,1418.2,0.750526078,14.43969742
24877,1.86,379986.0,708.22,3.169561659,12.97855269
24878,1.22,371378.0,1499.72,0.452574132,15.60396564
24879,0.36,369893.0,1035.83,1.759073342,14.06974417
24880,1.0,145061.0,847.77,1.822149141,15.12210072
24881,2.2,139300.0,1884.78,1.087854807,13.44130723
24882,1.42,242880.0,1000.93,1.693508391,14.36782488
24883,1.82,136745.0,1891.24,2.836253703,13.03640354
24884,1.81,383574.0,2290.82,2.445426444,12.14477217
24885,0.64,353598.0,2306.03,1.838501713,15.12103974
24886,0.78,157526.0,1438.02,3.19727287,17.26466177
24887,1.69,372428.0,2116.25,1.408399225,11.90685315
24888,2.11,256778.0,1265.45,-0.326393035,15.52263725
24889,1.36,341387.0,870.58,2.946265918,15.61120866
24890,1.11,256731.0,1134.35,1.500325961,16.57883837
24891,1.02,260472.0,1837.46,1.534263935,13.20369289
24892,1.59,273659.0,943.91,1.57179682,16.12316758
24893,2.76,378205.0,2400.57,4.35317818,16.6364206
24894,2.66,381637.0,1823.62,1.598581712,11.75187021
24895,1.86,359176.0,2300.8,0.472855863,15.0131851
24896,1.57,360109.0,1898.45,4.515372339,16.56038323
24897,1.35,343652.0,1143.54,3.178311412,14.82164267
24898,1.33,387303.0,998.75,1.147067096,15.12864267
24899,1.46,168982.0,884.1,0.705727489,13.45122396
24900,1.46,130958.0,1456.69,1.593698536,14.74226678
24901,1.85,152773.0,915.38,0.7308073,15.82049334
24902,1.72,172136.0,1275.57,3.812324701,13.5490439
24903,1.26,236867.0,1843.82,1.967525782,15.5828017
24904,1.69,353693.0,1760.61,2.82812226,12.03795118
24905,1.66,378645.0,2184.96,1.298069816,15.92712177
24906,0.98,379954.0,764.65,0.453370289,16.30219185
24907,0.98,132824.0,1335.58,1.274593923,15.4426211
24908,1.53,356611.0,1776.69,1.575805738,16.50394711
24909,0.85,279598.0,1810.03,4.417376201,14.99520481
24910,2.09,143579.0,1390.57,1.756474463,16.71127034
24911,0.96,243439.0,1832.46,1.694331862,15.82411909
24912,1.3,159211.0,1077.73,1.581038899,16.07230587
24913,2.19,391500.0,2516.84,0.91130653,13.87345518
24914,0.94,136920.0,1641.26,2.370445507,14.75999926
24915,1.31,268006.0,1613.99,1.866744601,15.4962023
24916,2.25,141813.0,2548.35,1.886118324,15.23651895
24917,1.28,120828.0,2272.19,3.315648715,15.80692628
24918,1.74,387272.0,2311.85,2.082652906,13.0214815
24919,1.25,141674.0,2404.8,3.55073784,14.17033577
24920,1.56,254184.0,1939.69,3.411448037,16.78157309
24921,1.33,388659.0,1738.68,1.738832226,15.41195232
24922,0.59,153318.0,904.12,2.550915165,15.89777709
24923,2.05,362933.0,1070.37,4.369268527,13.45727955
24924,0.39,171280.0,2279.11,1.786198384,16.83856851
24925,1.64,141631.0,1934.91,4.56274121,16.46517874
24926,1.89,369943.0,1314.88,4.166670372,14.94013044
24927,0.52,264635.0,1545.58,3.888948848,13.37825502
24928,1.73,141703.0,1762.44,1.395169181,14.82445633
24929,1.19,360473.0,1931.65,1.326161169,13.49048419
24930,0.52,388393.0,1305.66,0.535806652,17.3689579
24931,2.01,356774.0,801.62,2.044347934,15.06580361
24932,3.4,397127.0,2232.22,4.156389498,14.28208067
24933,1.12,397685.0,1609.63,1.250696035,15.80595859
24934,1.2,260737.0,1885.05,2.746092256,13.85521261
24935,1.39,152669.0,2493.31,1.464936854,14.04283189
24936,0.77,362706.0,1093.15,2.867405658,13.83674405
24937,2.65,159184.0,2213.54,2.217907269,16.31780154
24938,1.65,357984.0,2184.38,0.254585052,16.36520954
24939,1.17,370683.0,1393.81,2.523945717,13.44029207
24940,1.65,162604.0,693.77,2.631158225,12.69388839
24941,2.27,148775.0,2085.76,4.740487133,15.33325273
24942,0.13,349607.0,1004.63,3.293122901,15.21060327
24943,1.02,389808.0,1271.11,2.795940254,14.48205714
24944,1.54,350502.0,1914.09,3.342604899,11.45050972
24945,1.45,352364.0,2425.39,0.605812713,14.85063766
24946,2.17,397786.0,1052.67,0.692894685,13.27110957
24947,1.85,134504.0,1583.07,1.995259995,16.46673764
24948,0.81,386574.0,1561.35,3.105299787,15.84134597
24949,1.45,359923.0,2214.69,3.590508824,15.37272108
24950,1.02,138322.0,1223.43,0.170324512,15.90366209
24951,0.99,261047.0,778.97,2.667485058,15.77219652
24952,0.0,373034.0,1925.49,1.966779292,15.80558927
24953,1.85,374943.0,1414.35,1.213397913,14.99299628
24954,1.06,362980.0,1812.17,1.732594685,14.01889389
24955,1.2,365239.0,982.59,1.163129568,12.84050688
24956,1.51,372592.0,850.2,1.581908283,14.93474877
24957,2.82,233860.0,2295.93,1.629897464,14.98836347
24958,1.72,373871.0,1825.23,0.970313481,15.28847606
24959,2.15,347050.0,684.51,1.345155266,15.52784796
24960,2.06,343310.0,1921.34,1.166185279,16.4469905
24961,1.51,385924.0,1912.48,2.095358537,13.09060203
24962,1.66,367438.0,695.82,2.77478942,16.47881133
24963,1.54,376723.0,1695.05,2.37910059,16.85444216
24964,1.87,143840.0,1811.06,2.368808049,15.44739121
24965,1.77,144051.0,2189.36,-0.326393035,12.69219149
24966,2.06,358364.0,2319.27,-0.017560548,12.9754083
24967,2.02,382892.0,2364.47,1.56304132,16.00124696
24968,1.01,140096.0,1756.34,1.216466396,14.35026927
24969,1.72,381271.0,2122.26,2.025819492,15.46390874
24970,1.96,269849.0,1310.99,2.656884905,15.09738863
24971,0.63,148348.0,1139.86,3.097373153,14.88305308
24972,2.07,356918.0,2214.54,3.311148577,12.34015453
24973,2.26,264314.0,1295.85,1.344409413,14.94054614
24974,2.04,135329.0,688.05,3.205149947,17.05873237
24975,0.5,372261.0,1476.72,1.003391854,13.92577327
24976,2.11,251778.0,1029.74,2.848301291,11.95419827
24977,1.17,360488.0,1823.95,1.520946681,15.9539533
24978,0.98,371365.0,688.31,2.111003357,12.29712264
24979,2.01,233535.0,1307.87,2.250766285,11.2583727
24980,1.53,364766.0,2377.05,1.911620341,16.47716386
24981,0.16,164775.0,1948.57,4.002663893,15.36278936
24982,1.13,153217.0,801.16,2.588170698,14.23776481
24983,1.65,144623.0,1394.32,4.682126922,16.03374657
24984,0.66,151089.0,1900.9,1.323577008,16.11575118
24985,1.53,165650.0,1823.81,4.872127211,14.01363732
24986,1.74,361429.0,1017.05,2.010241499,13.40735193
24987,2.77,362618.0,1792.11,1.968109283,15.28676813
24988,1.48,370282.0,1022.62,3.110793922,15.8522496
24989,0.72,389227.0,2139.77,-0.326393035,15.97246216
24990,1.49,253904.0,693.31,1.731190634,15.54889881
24991,2.03,395863.0,862.86,3.6238665,15.09953332
24992,0.07,140251.0,996.51,2.854813263,16.81860565
24993,0.86,252060.0,2326.46,3.346770817,15.1605762
24994,0.93,261465.0,2374.52,3.195009014,16.23036137
24995,0.81,376093.0,1293.16,2.563712003,15.56071951
24996,1.6,255951.0,1807.28,3.655719085,15.88219094
24997,1.53,138424.0,2115.31,3.543628647,15.48531013
24998,1.72,127586.0,1840.57,0.519917934,15.00670426
24999,1.68,353724.0,2128.61,0.554654067,15.76383192
25000,1.42,362639.0,658.65,1.687984907,15.60181007
25001,0.59,353419.0,2468.78,2.250685057,15.9209815
25002,1.36,143834.0,737.87,2.571272954,15.35631948
25003,1.53,385131.0,1762.39,2.706029743,15.54905201
25004,2.06,355631.0,1869.94,1.203218924,15.47329127
25005,1.67,341891.0,1688.83,1.332734092,15.92731568
25006,1.76,370358.0,901.84,2.714470854,15.33197077
25007,2.18,373931.0,1979.77,0.592736542,15.77999265
25008,2.03,280868.0,1010.64,1.461550358,15.16577933
25009,1.44,269244.0,944.57,1.93730463,15.81468714
25010,1.53,350875.0,1782.54,3.704732079,15.18918649
25011,0.93,368614.0,1962.91,1.785208168,16.1297565
25012,2.11,354823.0,1786.34,1.11347819,12.81335766
25013,1.74,231618.0,2343.27,3.87868904,15.07708117
25014,3.13,262116.0,2199.75,1.611602815,15.35961736
25015,1.6,254028.0,1842.8,4.437918554,16.89377974
25016,1.05,275269.0,2031.21,1.575688435,17.33015892
25017,1.89,244442.0,755.06,0.848185713,15.94005988
25018,1.84,118434.0,1779.28,1.398415516,16.69892466
25019,0.22,284691.0,1084.25,1.575991642,15.89542384
25020,0.06,367907.0,1870.58,3.818132654,16.27844063
25021,1.7,355792.0,697.13,1.440564494,15.65817267
25022,0.94,137825.0,2330.32,2.474183024,16.73732737
25023,1.81,138739.0,2356.1,0.701906981,12.26765628
25024,1.77,132768.0,890.02,1.712358918,15.25414893
25025,0.5,163075.0,2005.37,2.917415152,14.88818227
25026,0.17,266317.0,1368.81,4.700591309,16.17793881
25027,0.25,141401.0,933.37,2.299564316,15.90102198
25028,0.02,390152.0,1966.77,2.243965194,16.35883851
25029,2.69,117813.0,2385.44,2.878512261,15.01245612
25030,0.74,377560.0,1890.96,2.228217619,15.60319777
25031,2.84,367805.0,1900.18,1.096876747,12.14588553
25032,2.55,339477.0,1772.73,2.708746406,15.83408402
25033,2.02,377824.0,613.98,3.8247261,15.36353784
25034,1.81,147986.0,1138.35,2.960350553,15.38019189
25035,2.8,117605.0,830.46,0.277271077,15.39348157
25036,1.96,132822.0,2271.6,1.43570348,14.8591595
25037,0.96,143040.0,1710.94,0.916871356,11.2583727
25038,1.05,356255.0,1647.25,2.035833671,16.10161951
25039,1.6,364734.0,2564.06,0.249655001,14.56271947
25040,0.92,358152.0,1891.36,2.263161943,14.06375344
25041,1.65,160058.0,1118.99,1.174832246,17.29809695
25042,1.38,385201.0,1293.72,4.083070072,16.95909906
25043,1.65,268317.0,827.2,1.314397012,15.45596349
25044,1.24,146433.0,1861.72,1.103407863,15.14117147
25045,2.55,135242.0,797.27,1.055024894,15.7958844
25046,0.66,370924.0,1501.93,1.466711996,12.77501878
25047,1.31,375578.0,1566.19,2.105454631,13.37085299
25048,1.58,350712.0,3047.82,0.522494986,15.0124255
25049,0.55,154608.0,2158.96,1.28045181,14.86348805
25050,1.56,386781.0,1003.55,3.569531567,16.21981081
25051,0.76,128122.0,1591.08,2.10480853,15.2242816
25052,1.37,250849.0,1240.48,2.889452161,13.51323467
25053,1.46,370368.0,1124.46,2.458201623,12.67955144
25054,0.87,385996.0,1947.38,3.106284311,13.66872454
25055,2.3,344136.0,1946.14,4.113137246,12.11485904
25056,2.12,388680.0,1585.34,2.716909275,14.37941956
25057,1.99,162649.0,1884.54,4.019692689,15.31500703
25058,1.46,359222.0,2512.38,4.283541884,16.10544976
25059,2.19,374249.0,2034.32,2.09912295,14.53120583
25060,1.12,386134.0,1840.71,4.757109735,17.73027397
25061,2.04,390680.0,1860.24,0.88580173,15.04415492
25062,1.42,139642.0,734.0,3.620110977,16.48613049
25063,1.02,360105.0,2475.43,3.207067742,16.49956814
25064,1.12,363543.0,1875.11,2.90122236,15.25314861
25065,1.3,368807.0,2141.44,0.555407056,15.31139124
25066,2.04,391879.0,1399.44,2.806022165,14.32022524
25067,0.93,363078.0,2275.01,0.894297515,11.2583727
25068,1.12,137285.0,1390.74,2.657441626,15.12303749
25069,1.96,378059.0,1614.27,1.544835881,12.17515345
25070,1.29,350685.0,2074.26,2.141819337,13.38112359
25071,1.35,133560.0,2388.03,2.056063468,15.93247137
25072,2.4,361953.0,2247.38,0.621173681,14.62363358
25073,1.01,277249.0,1249.58,0.940098588,15.82338736
25074,0.61,252221.0,1369.44,2.608267986,14.09454757
25075,1.29,363888.0,1883.83,1.747787127,15.99943033
25076,1.58,347829.0,1012.39,1.878270249,13.09288925
25077,1.55,114947.0,1451.22,1.337882866,16.02047444
25078,1.28,254292.0,1302.38,3.835754023,16.25681304
25079,1.82,362102.0,1879.15,3.843261365,15.28219245
25080,1.6,247483.0,1711.5,1.934832776,15.37422654
25081,1.09,145811.0,1691.7,3.165162353,16.10629996
25082,1.09,381845.0,1319.29,2.031598852,16.02120325
25083,1.47,252746.0,1444.47,1.651106671,13.70458902
25084,1.84,362140.0,1702.88,2.687984279,15.74469365
25085,2.48,140685.0,1050.99,1.671552439,13.62438666
25086,1.0,141691.0,2451.93,2.035431078,13.78282208
25087,1.07,151233.0,1024.03,3.43162287,16.25995241
25088,0.88,366552.0,2111.28,2.753388324,16.235223
25089,1.79,135578.0,1788.75,3.046621956,15.94134417
25090,2.17,167763.0,1841.53,3.566098891,17.73027397
25091,1.61,372166.0,1723.45,1.681050474,16.93260813
25092,1.16,265892.0,1963.1,1.590833643,15.00849133
25093,1.68,168630.0,2264.56,1.998030237,16.25327444
25094,1.48,250240.0,2615.52,1.785460844,15.9762277
25095,1.57,362828.0,2160.84,1.239212334,15.18166722
25096,0.76,374541.0,2630.7,1.628840914,13.53916325
25097,1.83,273172.0,2031.39,1.741224023,17.73027397
25098,1.95,355409.0,2433.81,1.239895336,14.84744765
25099,1.22,359336.0,1964.64,-0.316500782,15.18937763
25100,1.42,389374.0,1158.87,4.041801329,14.27269585
25101,2.13,139428.0,1833.94,2.441538506,15.24144109
25102,0.51,388853.0,1298.59,1.620640651,16.16314817
25103,2.51,344227.0,1099.77,2.022436243,13.97749147
25104,1.17,353139.0,1766.43,4.93924406,14.89972047
25105,1.2,157205.0,713.75,1.908643561,16.03238375
25106,1.03,385813.0,2372.81,1.780134824,16.14424828
25107,1.63,376385.0,1904.46,0.949743144,15.91235539
25108,0.5,366290.0,1912.65,1.660125026,14.1306146
25109,1.57,363116.0,1365.85,0.102298016,16.15260227
25110,1.43,252221.0,2451.87,1.112222414,15.82107132
25111,2.49,381795.0,1891.31,4.74247172,13.39784888
25112,0.95,371816.0,1829.75,2.79197882,11.55750704
25113,1.34,136022.0,2125.93,1.075120777,12.64183219
25114,2.14,390144.0,1807.23,1.564191923,15.46343436
25115,1.2,374155.0,1858.52,2.556040001,16.7067896
25116,1.69,360108.0,832.92,1.915350456,13.92857711
25117,1.92,339322.0,2091.63,2.033216403,15.42557329
25118,0.94,136289.0,1424.91,2.257838535,13.02223115
25119,0.7,374387.0,1854.34,1.477139122,14.04272894
25120,1.49,156405.0,1965.15,2.829092687,17.05485721
25121,1.16,357552.0,1264.26,3.452567228,12.85763748
25122,0.8,376876.0,967.61,2.410307884,15.9210924
25123,1.15,282032.0,2454.53,3.369308679,14.55113718
25124,2.19,336533.0,2211.46,2.983458712,16.39309075
25125,2.4,164828.0,1873.33,1.100347386,16.20703437
25126,1.62,384890.0,1310.65,0.945639793,13.2020392
25127,2.15,367470.0,1873.42,0.41477405,16.09320088
25128,0.45,379952.0,775.7,2.507121429,13.07668455
25129,2.1,372223.0,987.28,2.012011471,16.37176311
25130,2.01,370734.0,2458.67,3.66040835,13.16713457
25131,0.86,359929.0,1861.88,2.379593401,15.34278897
25132,1.51,167180.0,1595.63,0.796330803,14.49217767
25133,0.8,374939.0,1954.75,-0.006038202,16.32909698
25134,1.48,251085.0,1601.13,1.47370429,15.59965861
25135,2.01,373786.0,2178.65,2.394449418,15.38075981
25136,0.55,375916.0,1232.75,3.592796673,15.65354502
25137,0.0,156790.0,1276.79,1.488008031,15.71524447
25138,1.96,143394.0,1765.15,1.700184202,13.35152673
25139,1.75,373487.0,1532.55,3.761301763,16.33820378
25140,2.18,152524.0,1829.86,1.733144525,16.26280651
25141,1.89,149086.0,2361.59,2.296620297,15.24102652
25142,0.0,166757.0,1882.98,1.829016245,16.00695525
25143,1.97,362742.0,2524.79,1.597588943,15.95999371
25144,2.32,354967.0,980.54,1.481847742,13.09096753
25145,2.36,146789.0,1774.3,1.304849632,13.11222157
25146,0.62,351254.0,1659.28,1.674851214,15.55028382
25147,1.0,149128.0,1799.66,3.724081578,15.8477691
25148,1.56,349449.0,759.84,1.399090292,13.80751386
25149,1.58,253823.0,680.92,1.762402124,15.01377473
25150,1.71,386642.0,2333.47,2.425186285,15.60919514
25151,0.93,156578.0,2246.1,3.049630355,17.73027397
25152,1.54,371993.0,1726.01,1.149979664,16.13639831
25153,1.32,389984.0,2632.4,1.132101334,15.31249284
25154,1.8,250108.0,2443.47,1.681202309,15.43466654
25155,1.97,135708.0,773.12,0.98828375,14.49805636
25156,0.89,378094.0,1197.02,1.723523758,14.22224442
25157,0.11,381093.0,2452.95,2.946567057,14.84986595
25158,2.57,248419.0,1458.68,4.278580923,16.08160456
25159,2.31,254407.0,2423.35,1.048791617,15.47695848
25160,1.97,352867.0,752.36,2.966284714,12.31912846
25161,1.84,142725.0,1814.83,-0.234945135,13.51088334
25162,2.35,353848.0,2080.22,2.856370582,12.49173236
25163,0.29,145439.0,1307.49,0.710335013,14.14703152
25164,1.4,150636.0,1906.05,1.861765744,13.90651019
25165,0.95,140247.0,1149.59,1.192525442,11.98899977
25166,2.36,154941.0,1950.06,2.330036089,15.73984226
25167,0.69,372608.0,1673.01,3.58306945,15.13311037
25168,1.97,253855.0,1712.72,4.341413978,15.77619318
25169,1.67,154429.0,1930.41,3.77239174,16.85233832
25170,1.87,376630.0,1267.42,1.006038283,13.41556304
25171,1.91,377458.0,1250.9,3.660127457,15.32510787
25172,1.9,147630.0,2181.2,2.161037009,15.90978766
25173,2.01,151635.0,1873.52,2.404750429,15.20209761
25174,1.81,247271.0,1763.25,2.834300887,13.90632886
25175,2.22,392284.0,1973.21,3.447884051,16.26434515
25176,1.53,169052.0,1614.1,2.288061295,15.67367763
25177,1.59,361568.0,2398.57,0.972333703,15.10228707
25178,0.76,147029.0,1614.18,1.223208328,12.77727815
25179,0.46,137646.0,2213.44,1.656282607,16.49882856
25180,1.44,274809.0,1458.04,2.378139874,15.66022969
25181,0.99,353677.0,2145.96,2.176613849,13.99753281
25182,0.11,379419.0,2010.34,1.443934183,16.33842008
25183,1.55,125565.0,1409.91,2.091530029,15.30951629
25184,0.96,375372.0,2077.22,2.9385938,15.22645914
25185,1.42,129780.0,1045.02,1.892092684,14.75892888
25186,1.7,158789.0,1577.54,1.878757348,14.59412177
25187,1.25,372384.0,2133.97,1.782134315,15.6264284
25188,0.98,278181.0,1985.13,1.648170307,15.16775575
25189,1.12,358705.0,2173.95,1.858508978,11.81418729
25190,2.32,171592.0,2524.89,1.056012558,13.48054324
25191,0.99,266024.0,719.18,3.310248204,13.02132114
25192,0.9,374725.0,2138.84,4.087367027,13.26675515
25193,1.43,362619.0,1204.29,2.255165932,16.68221104
25194,0.54,251033.0,1281.09,1.758621341,16.93623393
25195,2.18,247372.0,1945.64,3.149444143,15.82216027
25196,0.85,357562.0,1303.68,1.653027815,15.31968562
25197,0.69,241241.0,1990.11,2.364376485,16.50303212
25198,0.84,159404.0,1097.18,3.565431924,16.28054914
25199,1.58,143131.0,1746.86,2.855633465,15.94619959
25200,1.29,372746.0,1547.73,1.185574187,15.64706431
25201,1.84,393422.0,1731.67,3.235450244,17.45859342
25202,1.18,352423.0,1616.33,2.434350481,16.11855352
25203,0.79,257258.0,1351.17,2.062232051,16.21072215
25204,1.87,265735.0,2314.12,4.409209911,15.19372063
25205,1.38,349996.0,2164.67,1.946891026,13.92962502
25206,0.55,243432.0,1849.05,0.995271578,13.07671569
25207,1.21,368137.0,965.86,1.247180702,15.95728946
25208,2.5,374990.0,1693.78,0.928028088,17.72435754
25209,2.09,356697.0,2270.57,1.705596646,15.71630757
25210,2.16,355263.0,2216.24,1.671883819,13.38332973
25211,1.66,353598.0,1506.88,1.87358587,15.14658267
25212,0.94,381247.0,1059.5,2.700476782,15.68200635
25213,1.4,122199.0,1909.26,1.95284444,15.36368799
25214,1.09,362760.0,1685.39,4.93924406,15.49002757
25215,1.99,142890.0,2403.46,1.554829613,14.42672688
25216,1.71,141175.0,954.21,1.9870533,16.42613873
25217,0.32,382336.0,2368.81,3.107458102,13.36582935
25218,1.15,365548.0,1617.43,1.862920713,16.17004401
25219,2.5,375274.0,1862.47,1.32057101,15.66562525
25220,1.84,373539.0,1881.09,2.000486309,13.2071887
25221,0.07,161583.0,1699.43,2.283557838,14.26495461
25222,1.02,151346.0,1862.29,1.597562193,14.56097333
25223,1.78,377450.0,1962.82,1.653789565,16.52642775
25224,2.33,385709.0,2486.03,2.533569954,12.79426451
25225,1.66,170055.0,1901.47,1.112650581,16.08646721
25226,0.63,372532.0,2351.81,2.160196013,15.9920026
25227,2.55,256170.0,1593.63,2.089117516,15.48695457
25228,1.1,378383.0,1488.36,4.678306692,15.13085786
25229,1.09,120771.0,715.78,4.258416013,16.78323525
25230,1.98,137023.0,1792.76,4.620691738,14.00053257
25231,0.71,395993.0,937.42,3.572872049,13.52737387
25232,0.49,261052.0,1895.89,2.843234993,16.48851698
25233,1.02,375301.0,1639.48,2.755235623,16.22825822
25234,3.05,246830.0,2107.22,2.935841688,12.84847624
25235,0.41,368110.0,1207.2,1.38770095,15.73459106
25236,2.49,395239.0,757.44,2.996775879,14.80546014
25237,2.38,351884.0,880.92,2.053368398,14.02966017
25238,2.05,352827.0,2274.09,1.874134877,14.23643914
25239,1.16,144985.0,733.44,2.446278524,15.13180848
25240,1.82,372332.0,2020.32,4.672192937,13.4174751
25241,0.88,259307.0,1635.76,2.515333353,17.63217446
25242,2.25,367484.0,2490.8,0.731229845,15.71277525
25243,0.36,363542.0,2002.16,1.391022124,14.75967826
25244,0.63,242593.0,874.3,3.960480439,17.73027397
25245,7.69,384811.0,2181.7,3.055969471,15.31495153
25246,1.02,382284.0,2485.75,1.885376968,16.01449431
25247,1.07,361975.0,2321.33,1.818602175,16.24068116
25248,3.2,128643.0,1419.59,1.835221758,13.86037958
25249,1.12,139088.0,2153.08,2.126379177,13.66658641
25250,1.84,358767.0,2468.69,3.485902697,12.99920868
25251,2.07,146235.0,845.81,2.108895177,16.98035063
25252,2.1,151141.0,843.31,0.661257479,16.39734442
25253,0.84,374678.0,1338.05,2.38869401,15.50856513
25254,0.97,135677.0,1533.28,1.448013572,13.87883944
25255,1.96,265450.0,1994.98,1.45980013,16.62464751
25256,0.68,370568.0,1825.07,3.542865142,14.10872253
25257,1.69,371200.0,1263.88,2.579063866,13.46664064
25258,1.2,248019.0,2129.86,1.486089533,15.69435893
25259,2.13,347208.0,1675.16,1.749566854,12.1250201
25260,1.46,126885.0,1863.17,0.180727376,14.54544526
25261,1.2,157798.0,1783.3,4.630834621,14.33172152
25262,0.49,126141.0,841.36,2.122169146,15.64705933
25263,0.99,374322.0,1216.22,3.732206231,15.49643479
25264,1.16,132691.0,1323.79,2.367016569,13.66005202
25265,0.76,173303.0,1961.93,1.722984524,15.66051874
25266,1.81,390068.0,1915.23,0.857492468,13.8051658
25267,1.75,257344.0,1841.24,1.947557067,13.18532069
25268,2.43,359418.0,1929.49,1.596649187,16.23455335
25269,1.35,381732.0,2371.84,2.679837991,13.22034758
25270,2.53,137533.0,2231.72,2.636539508,16.15815926
25271,1.61,160961.0,674.44,1.704547971,12.64555123
25272,1.46,367619.0,2443.65,1.703302389,14.97329967
25273,1.93,150372.0,1895.97,1.629805231,13.64145856
25274,1.21,352682.0,1839.88,1.231802848,13.35629307
25275,2.25,269006.0,1864.75,1.613807188,14.57257502
25276,2.1,400304.0,756.51,2.761180289,15.5906021
25277,1.9,244533.0,702.96,1.72227607,15.38200209
25278,1.56,136383.0,1877.18,4.481542819,13.53793777
25279,1.27,362646.0,1889.21,0.92555146,15.1498259
25280,1.02,374581.0,1772.89,1.764910189,13.13875364
25281,0.99,367116.0,867.95,-0.019054868,17.11845477
25282,0.57,274349.0,2173.86,2.996092716,13.20297508
25283,2.08,369074.0,1995.92,4.129459011,15.47836083
25284,2.08,261757.0,1942.97,1.163173326,16.20169052
25285,0.92,262039.0,2962.25,2.241244798,17.13418427
25286,1.73,341672.0,793.67,4.378856443,15.3705057
25287,0.09,378582.0,2459.78,2.099571321,15.19859172
25288,0.39,356724.0,1700.24,1.467500318,16.78562647
25289,0.44,379748.0,1643.75,0.634021232,15.40198922
25290,2.24,130426.0,762.0,2.231961213,14.80549323
25291,1.53,263869.0,2010.52,0.909951333,16.25507861
25292,1.3,371831.0,1763.66,4.644356989,17.68687766
25293,0.78,147268.0,1809.95,1.735880007,15.48095892
25294,1.01,379175.0,2177.52,2.594010725,15.10721118
25295,1.29,367623.0,2567.47,2.107684669,15.71430286
25296,1.17,261900.0,2608.29,1.235465744,13.23420704
25297,2.08,372095.0,1900.69,0.801949498,13.23041296
25298,2.45,375670.0,1447.11,1.68125545,13.65750853
25299,1.58,262269.0,1841.22,2.675226538,15.23068849
25300,0.77,153339.0,1812.65,3.950601118,15.3613377
25301,1.1,366557.0,682.95,3.483679384,15.99981502
25302,1.44,138803.0,799.75,1.735060073,15.41456111
25303,2.11,260748.0,1579.77,1.015700104,15.71323328
25304,0.33,398462.0,2133.18,3.74460755,12.12797157
25305,1.57,381966.0,1886.06,4.93924406,13.25885136
25306,0.42,378128.0,2112.97,3.466100411,14.14927799
25307,2.3,378493.0,2442.99,1.042204076,15.13512233
25308,0.64,266685.0,1007.19,1.619813518,16.29737341
25309,1.7,141641.0,1363.44,0.434539431,14.23934952
25310,2.32,246635.0,1713.73,2.977050983,15.24223895
25311,2.8,345610.0,2082.75,1.737000289,13.1796056
25312,2.05,142761.0,1880.71,1.169410231,14.34769007
25313,0.99,373112.0,2197.06,1.272347332,15.58085768
25314,1.7,136848.0,1966.44,1.259717556,13.09282627
25315,1.39,131577.0,2654.49,1.67357631,15.33870629
25316,1.21,390927.0,2416.77,0.770819075,14.37823168
25317,0.64,172564.0,1795.08,1.944562093,15.62243815
25318,3.23,379373.0,1406.59,2.069686829,15.955359
25319,1.49,388122.0,1630.04,0.992459445,15.50569254
25320,1.26,160860.0,866.37,1.601238443,15.54755046
25321,1.45,261922.0,586.86,2.155878845,15.08523607
25322,1.74,263836.0,1371.76,2.458192479,16.00184649
25323,0.79,260841.0,1957.89,2.202713258,17.42297087
25324,2.04,245363.0,1647.18,4.197546368,15.60523983
25325,1.67,268070.0,696.66,2.008285697,16.32354249
25326,0.82,365252.0,1751.42,1.869252014,13.4357137
25327,1.68,238035.0,1790.0,0.079637242,14.4908019
25328,0.42,370323.0,1031.66,2.706447727,15.59101977
25329,1.47,114947.0,1845.21,3.533827352,12.66335807
25330,1.53,147239.0,970.26,3.466370383,16.92507323
25331,1.51,127112.0,1829.65,1.87258006,13.41640163
25332,1.09,152888.0,1756.39,3.460137435,16.15312054
25333,0.88,263696.0,2110.57,4.113233534,14.89271253
25334,0.84,387714.0,1888.07,1.79312905,15.55312745
25335,1.04,277586.0,1597.7,1.598544682,15.42913225
25336,0.69,154171.0,838.07,0.966622079,15.69508798
25337,1.34,380396.0,1823.22,4.322779306,15.03288499
25338,1.14,394918.0,1478.38,1.873847086,15.26416163
25339,1.3,258534.0,1812.94,3.836947579,16.46584429
25340,1.85,366712.0,1066.32,2.248660367,17.02936349
25341,2.43,363316.0,1495.6,-0.326393035,15.20774986
25342,0.17,381581.0,1979.87,1.680414593,14.67167153
25343,0.46,374069.0,1693.07,2.556564363,13.93621123
25344,1.57,375011.0,2038.7,-0.326393035,17.65166463
25345,2.11,140695.0,1217.4,1.735375486,13.37221325
25346,2.02,236405.0,2257.89,3.720320876,14.63575486
25347,0.83,363296.0,990.45,1.201618241,16.57227786
25348,1.56,142805.0,849.73,2.890470785,16.12456735
25349,1.76,377566.0,2234.07,4.520726781,15.42252115
25350,1.02,390122.0,1894.77,1.522774685,15.02762257
25351,1.84,377422.0,662.62,4.339407939,13.75337072
25352,1.62,383272.0,1642.31,2.380603745,16.2893498
25353,1.05,148609.0,1807.33,1.510499413,15.87041557
25354,0.7,383690.0,2258.52,0.751016394,13.9556135
25355,0.79,254878.0,2658.11,1.312960774,15.80512226
25356,0.64,366106.0,2409.17,2.896122758,15.33932255
25357,2.72,273840.0,3047.82,2.568105788,16.03399544
25358,1.34,255488.0,2377.51,1.564063492,14.88191758
25359,2.36,162797.0,1843.0,1.457597353,12.96476336
25360,0.6,151996.0,1935.83,1.733743427,15.44747902
25361,1.77,363455.0,1059.45,1.253696345,15.41266831
25362,1.4,266940.0,1002.12,2.84986504,15.99422606
25363,1.9,266345.0,1267.26,2.969549166,13.19293903
25364,0.92,262319.0,2069.37,-0.326393035,16.01691172
25365,2.43,242740.0,730.01,1.634170238,11.79652438
25366,1.05,151833.0,1850.05,3.510052619,15.77618389
25367,0.1,118704.0,2245.45,1.685278329,16.28440041
25368,2.2,371263.0,1805.16,1.21302527,14.95856429
25369,0.7,130847.0,904.17,3.841659539,15.8429166
25370,0.78,178631.0,2387.35,1.338139767,14.95170331
25371,1.4,266935.0,1793.7,1.922369436,17.73027397
25372,0.89,138140.0,1653.04,4.546419407,15.26420332
25373,1.67,362355.0,1755.42,3.530619389,14.54832241
25374,0.58,278052.0,1754.09,0.264872024,14.57131665
25375,2.16,356908.0,1874.51,0.463197784,14.76900897
25376,1.54,372202.0,1204.6,1.786180747,15.93603484
25377,2.4,268915.0,1534.1,3.963835395,16.88337619
25378,2.12,268698.0,1716.51,0.680034677,15.47745517
25379,1.31,359417.0,1827.68,2.074942796,15.70164301
25380,1.15,358750.0,908.0,1.507347641,15.33724117
25381,1.65,369832.0,1862.47,3.18308221,16.4332619
25382,2.09,253107.0,2135.23,2.222332572,15.29073081
25383,0.42,359441.0,2286.8,3.467151996,14.89467934
25384,1.59,278125.0,2020.25,1.918309256,15.04482494
25385,1.87,370628.0,1937.36,1.659698791,15.26202015
25386,1.11,153018.0,1960.82,1.215503069,12.95287575
25387,1.64,257939.0,1904.48,0.734690182,14.22203711
25388,1.43,138237.0,1294.84,1.855509302,15.53673366
25389,1.84,338915.0,2484.86,2.217572967,15.53320844
25390,1.4,128119.0,2036.84,2.471676969,15.42152729
25391,0.77,384969.0,860.01,0.874096408,15.65700013
25392,1.79,142843.0,704.73,1.715107388,15.35518183
25393,2.02,270151.0,2066.05,1.547000288,15.73897824
25394,2.01,152332.0,1732.89,-0.161639493,15.82439495
25395,1.25,175455.0,2452.29,1.79410484,15.53917685
25396,0.92,358809.0,1801.81,1.284339694,13.61815352
25397,2.16,367883.0,1962.75,1.6593897,14.77768499
25398,0.85,382595.0,1089.42,1.754030104,15.3498448
25399,0.77,256736.0,1532.09,1.330602895,16.01472758
25400,2.4,391812.0,1825.76,1.231259501,16.21180592
25401,0.59,143608.0,1905.95,2.37080928,13.63869826
25402,1.29,352452.0,2409.93,3.096739947,14.85373112
25403,1.82,385434.0,2284.06,1.162490133,15.53668997
25404,0.94,372903.0,1928.8,1.846841438,15.53295039
25405,2.94,134436.0,1872.98,1.592910628,15.4325373
25406,2.15,158211.0,1836.47,1.516849763,15.54282653
25407,1.0,383293.0,2043.22,2.93939361,17.02258189
25408,1.85,380007.0,2313.5,1.351233361,15.57565424
25409,2.07,388296.0,2635.19,1.561422138,17.41382902
25410,0.24,154702.0,1970.44,1.830982424,16.27920618
25411,1.43,259737.0,3047.82,1.213097138,15.47144073
25412,2.14,343916.0,791.89,3.928199301,12.8465402
25413,1.04,272697.0,2348.12,2.195075497,14.00392992
25414,1.29,262108.0,1758.5,3.946555273,14.68317059
25415,0.33,166629.0,1650.68,2.085961735,16.18206535
25416,1.46,147643.0,1853.48,1.935367975,14.11372917
25417,1.42,388523.0,1931.38,2.271776794,15.08265636
25418,0.79,359611.0,2163.84,1.649000226,13.00122765
25419,2.29,156268.0,1195.81,1.814465617,14.56144121
25420,0.44,375362.0,1892.56,2.573270463,16.75440521
25421,1.65,153815.0,2508.62,1.620206029,15.62679803
25422,1.05,379313.0,2836.13,3.175876276,15.30791456
25423,0.35,378782.0,2019.13,3.064310019,15.60963924
25424,0.95,139192.0,2568.68,2.667792655,14.9156357
25425,1.13,363794.0,774.22,1.41551921,15.2104627
25426,0.6,385283.0,1872.2,2.843813467,17.21465279
25427,2.44,118631.0,954.75,0.924854455,16.65775476
25428,1.11,384643.0,1916.52,3.508129762,14.50980183
25429,2.98,376557.0,1932.67,3.231169376,15.07218255
25430,0.97,389532.0,2439.52,3.304891242,13.48480697
25431,0.61,360829.0,1474.73,1.984157167,14.56282802
25432,2.71,356602.0,1162.94,2.687847536,15.24637256
25433,1.17,167449.0,1755.48,1.66079453,14.89554496
25434,0.97,353412.0,2092.94,2.145060749,14.23224819
25435,0.82,374996.0,744.24,1.706715334,14.24403432
25436,1.41,367143.0,1363.06,1.428930362,16.08733699
25437,2.13,353612.0,586.86,0.717417494,13.20893042
25438,1.35,356474.0,1116.07,4.707132589,15.12131934
25439,1.38,370030.0,1784.07,1.491677406,16.06075641
25440,0.37,272089.0,1735.18,2.926314782,16.64222689
25441,1.79,247076.0,1010.82,1.66804688,15.61744998
25442,1.77,125606.0,2361.82,2.806600744,16.49786483
25443,1.12,125867.0,1141.23,1.510099815,14.74810299
25444,2.64,143927.0,1953.69,0.055211514,16.62085901
25445,2.19,262767.0,1759.66,1.533959586,13.34419866
25446,1.33,242775.0,1715.66,1.96253535,16.21295756
25447,1.0,137413.0,2413.95,2.158786911,15.12413197
25448,2.18,123390.0,1718.31,0.820181396,14.81562479
25449,0.12,136033.0,2992.59,1.621422307,16.68595953
25450,1.49,354754.0,1553.99,1.783080078,13.69067406
25451,1.5,141951.0,2251.32,2.81029952,15.81471479
25452,1.18,344203.0,1921.58,1.06040578,15.78424554
25453,1.39,377097.0,1528.22,1.09856807,14.35907345
25454,1.84,156743.0,2518.76,2.655878981,15.67869127
25455,1.19,262690.0,1908.47,4.289537151,16.36220737
25456,1.11,119016.0,2319.89,1.436454708,15.22671591
25457,0.77,152642.0,1387.75,3.969234349,13.4960534
25458,2.21,377118.0,1899.99,1.010356338,15.48215965
25459,1.94,347490.0,2042.6,3.404941548,13.60613434
25460,1.49,139855.0,1643.36,1.630018924,17.73027397
25461,2.26,376779.0,2233.27,2.990682821,16.7707944
25462,1.06,252811.0,1370.02,3.771948219,14.95373833
25463,2.47,247849.0,1975.53,1.217537639,17.09909433
25464,1.03,388393.0,1731.84,1.061511016,15.75162742
25465,2.1,259607.0,1336.08,2.418935224,16.17892104
25466,1.07,382121.0,1684.95,2.902528283,15.0242444
25467,2.02,352228.0,2241.91,1.545352926,16.40618733
25468,1.58,385405.0,1285.87,4.038102335,16.129293
25469,1.4,123964.0,654.13,4.456312188,15.10595561
25470,1.73,376868.0,754.38,2.526877326,16.11985254
25471,2.0,359193.0,1935.76,1.640160198,15.41390153
25472,2.41,166758.0,1035.37,3.062272538,15.50357282
25473,1.64,268797.0,2012.24,1.601030901,15.27742656
25474,2.44,149723.0,2544.85,2.40031819,13.37888658
25475,1.45,377969.0,1941.19,1.72198544,14.72131885
25476,2.28,382456.0,980.59,3.060744668,14.1553899
25477,1.04,381859.0,2420.14,3.752996955,17.20905785
25478,1.61,381931.0,1801.08,0.379774208,12.82383403
25479,1.15,266352.0,1581.75,3.811755501,13.7025469
25480,1.12,273174.0,1144.72,3.304928658,15.07003537
25481,1.99,342895.0,1565.61,2.674863936,15.15808952
25482,1.19,133838.0,1899.44,4.696420117,14.76265823
25483,2.2,125176.0,2233.57,0.083607372,13.10632087
25484,1.13,283421.0,2541.46,2.272945603,17.13542625
25485,1.51,270056.0,2051.74,2.303192789,14.29140145
25486,0.27,363498.0,2045.04,0.19195152,13.11305747
25487,1.35,116819.0,897.34,2.755983012,13.41751665
25488,0.87,392491.0,1754.55,2.406238733,15.12030671
25489,1.31,375976.0,1903.54,1.941260346,15.34675389
25490,2.39,118401.0,1817.39,0.865170935,14.72424455
25491,1.65,167472.0,1933.06,1.904994222,16.12696297
25492,2.72,401119.0,2004.84,3.16508093,15.90883562
25493,1.05,260762.0,1959.16,1.210365312,15.18754738
25494,0.99,255313.0,1736.55,2.418387834,15.22738151
25495,0.49,162447.0,1486.63,1.786370057,16.07440343
25496,0.93,138208.0,1864.61,1.841850989,16.01374823
25497,0.5,147523.0,1717.68,2.297262166,13.4622315
25498,0.73,130124.0,2222.5,2.816150605,16.41661216
25499,2.24,363780.0,1791.1,4.292116654,15.3916073
25500,2.33,157356.0,1847.98,3.172633382,14.77274485
25501,2.05,152230.0,1443.9,2.134915402,14.92113571
25502,0.1,359132.0,2446.19,2.796295456,13.66658933
25503,1.22,353133.0,2262.2,1.475222761,14.31388218
25504,0.61,167366.0,2178.21,2.084523082,17.43563649
25505,1.39,383664.0,1794.18,4.755058931,15.76312468
25506,0.91,125554.0,838.76,2.796909515,17.01207374
25507,1.95,360917.0,1884.47,1.816919303,15.84019031
25508,1.61,367458.0,1914.34,1.392218715,11.70949934
25509,0.18,151913.0,1055.9,3.337545926,15.84432639
25510,1.46,349459.0,2413.28,1.634077485,12.0100238
25511,2.6,256325.0,2534.54,1.769632518,15.14789008
25512,0.53,383358.0,1781.76,2.174136988,15.82461509
25513,1.03,359548.0,2494.2,0.775411062,13.27280582
25514,1.94,133187.0,1949.03,3.206338229,13.97572112
25515,1.51,371058.0,2271.03,3.378620124,15.73665194
25516,2.47,239322.0,850.0,2.544247116,15.56094192
25517,2.18,358317.0,1225.88,2.593883312,15.04120467
25518,1.45,368838.0,1239.64,4.581264956,11.2583727
25519,1.6,140839.0,2405.9,1.637706749,16.15061791
25520,2.01,362998.0,1146.95,1.38135267,16.1816177
25521,1.36,384911.0,2112.37,0.554510216,12.52984962
25522,1.29,379103.0,1275.26,4.525482757,15.02079088
25523,3.14,376797.0,1878.86,1.813941565,16.26458092
25524,1.47,357137.0,1908.28,0.079285929,13.45141084
25525,1.74,261476.0,1757.09,2.46149632,15.67978364
25526,1.75,356883.0,2292.55,2.227899066,15.7804537
25527,2.08,132447.0,2166.54,3.389884257,15.36819644
25528,0.78,132411.0,1803.43,3.015158273,16.4140985
25529,2.78,380021.0,2169.4,4.6030381,15.21225803
25530,0.27,157981.0,1865.16,2.903800075,13.51127099
25531,0.49,152545.0,2263.53,4.483482424,14.60149196
25532,0.72,140568.0,2406.35,0.949457229,15.93609925
25533,1.37,359170.0,2042.76,1.94249815,15.42077709
25534,1.49,374807.0,919.04,2.03984939,16.58274053
25535,1.7,366322.0,1764.22,4.142359277,12.57783253
25536,0.49,243472.0,2272.38,3.531739686,17.02821203
25537,1.46,361704.0,2081.86,3.101858667,12.22611973
25538,1.38,126691.0,1933.21,2.035586557,11.76390068
25539,0.7,392508.0,2395.9,2.468695686,15.69586155
25540,1.37,357484.0,1774.45,2.068100945,15.93908247
25541,2.43,262101.0,2273.54,3.198447271,14.97759958
25542,2.59,139486.0,1018.59,1.028807078,15.03936985
25543,1.69,244014.0,1516.86,2.644393662,16.94176357
25544,1.48,376966.0,793.71,3.741165234,16.25080599
25545,0.88,150248.0,856.59,1.499700066,15.6951041
25546,1.54,354574.0,1848.61,1.702588746,14.85274393
25547,2.07,363172.0,1428.55,1.451710397,11.50770557
25548,1.7,381873.0,2428.04,1.009994875,15.67265162
25549,1.0,373841.0,2322.44,3.357608952,15.29989172
25550,0.0,275220.0,1888.74,1.999675668,16.04470733
25551,1.48,262388.0,1433.12,1.964479591,13.27621027
25552,1.37,162485.0,1640.04,2.537008066,15.92302742
25553,1.17,161902.0,1113.41,1.39348659,13.64282931
25554,1.34,262366.0,1793.06,3.356884411,17.73027397
25555,0.0,273747.0,1836.5,3.152433322,14.09505399
25556,2.61,167554.0,1062.15,2.374307348,17.04017861
25557,1.72,395186.0,1584.0,2.388170851,15.51490117
25558,1.49,263362.0,1385.99,1.397257569,15.14244511
25559,0.63,161755.0,916.65,4.922982015,16.38030638
25560,1.43,241094.0,2370.77,3.525795964,15.78403125
25561,1.17,139922.0,1788.81,3.011241198,14.9093256
25562,0.95,356743.0,1054.29,-0.326393035,13.26902947
25563,1.27,385213.0,649.39,3.646794485,16.86878124
25564,0.74,127649.0,1887.15,1.981045015,15.07294077
25565,0.0,145330.0,1819.13,1.728703603,16.16024141
25566,2.35,374088.0,1812.48,1.19448431,16.44861151
25567,0.45,351531.0,2020.98,1.97568122,13.78146187
25568,1.83,258632.0,1834.2,2.121792172,13.6979423
25569,1.01,273917.0,1976.43,3.546165627,15.96488659
25570,1.96,240415.0,2581.58,1.15117431,12.90678915
25571,1.1,374757.0,940.39,2.194733965,15.29836536
25572,2.0,378003.0,1950.23,3.526383787,16.31553269
25573,1.95,361265.0,2128.71,2.678507551,15.68172209
25574,1.67,358464.0,2556.17,2.187895338,16.28607326
25575,2.22,359210.0,883.32,1.560762453,15.47736901
25576,1.22,161070.0,3047.82,1.485357869,14.80818889
25577,2.37,379730.0,2386.94,3.007929774,15.94227516
25578,1.39,358204.0,937.54,1.496688567,15.58594546
25579,1.15,142081.0,2820.18,3.19916494,15.39831178
25580,2.51,264047.0,2449.28,2.875104003,15.94811647
25581,0.61,388543.0,3047.82,2.326623771,16.47600884
25582,1.24,385141.0,1455.19,2.325919031,13.64045066
25583,1.76,135441.0,1830.73,1.363196256,14.3774215
25584,1.75,352796.0,1937.14,2.334879158,15.09090649
25585,0.95,255879.0,1943.36,0.928034236,16.17377398
25586,1.62,139381.0,999.74,2.204082378,15.86149295
25587,2.64,366363.0,879.82,1.596123784,15.80772209
25588,0.79,265152.0,1298.28,-0.069730789,15.32235791
25589,1.12,371966.0,1200.03,2.525200043,16.5554098
25590,1.45,260603.0,736.23,4.149440615,15.48507691
25591,1.78,153953.0,1814.59,1.429490202,12.997078
25592,1.37,269063.0,1767.0,1.652436746,15.71063426
25593,0.53,284032.0,1886.38,1.303148231,16.13569502
25594,0.7,365683.0,2297.2,1.509306538,17.28609038
25595,0.94,368972.0,1887.08,1.366267029,15.03522773
25596,2.61,398803.0,2089.01,3.167360398,15.99372846
25597,1.64,369663.0,2512.88,4.602304388,13.6524678
25598,1.58,385943.0,1874.14,1.981427317,15.93492847
25599,1.99,247189.0,2194.25,1.130987299,15.98282325
25600,2.01,360816.0,1841.91,0.693567889,13.40014612
25601,2.54,263375.0,743.42,0.401872843,14.82044385
25602,2.77,377891.0,1717.4,1.458346896,15.38132248
25603,1.59,275075.0,2004.5,0.016258152,17.647678
25604,2.03,383282.0,1807.94,0.021295247,15.78305462
25605,1.58,380294.0,2324.52,3.009416364,15.94253311
25606,1.92,122240.0,2200.85,2.911627847,13.53676911
25607,0.83,262870.0,1357.02,2.211888013,15.67872093
25608,1.81,365345.0,744.76,3.062446107,15.20120855
25609,1.68,367243.0,1036.22,0.933915007,16.69556922
25610,2.61,272553.0,2020.27,1.725925352,13.68463701
25611,1.6,351659.0,2718.45,1.975025016,15.13328509
25612,1.92,114947.0,1744.14,0.611195603,12.87728707
25613,2.25,357399.0,1842.41,4.171222927,13.14441395
25614,1.52,356518.0,2204.52,1.435637221,15.276159
25615,1.85,339833.0,1915.32,4.482033716,13.44402762
25616,0.23,253482.0,1898.6,2.142240324,16.42921747
25617,1.25,148718.0,1112.78,3.109274431,15.45786134
25618,1.98,367670.0,1516.21,1.828118259,11.30008077
25619,1.99,337056.0,1895.13,1.217287608,15.13931677
25620,1.12,389859.0,2358.61,1.642926304,16.04549883
25621,1.92,150379.0,1866.91,1.172420005,14.75124286
25622,0.51,363310.0,821.77,1.004596737,13.00557674
25623,2.22,357272.0,1370.67,2.023967658,13.68569442
25624,1.0,376564.0,769.57,2.976030532,15.63543757
25625,1.21,343367.0,1876.53,1.279716813,14.90987745
25626,4.33,385048.0,1143.63,2.691516132,15.56234664
25627,0.89,135982.0,2330.64,2.554140625,15.97647117
25628,0.05,368460.0,1923.11,2.906124845,15.93091038
25629,0.54,373295.0,1216.52,1.988866525,15.45726632
25630,0.79,140907.0,1564.36,3.055675752,15.4786185
25631,2.09,369860.0,1373.03,1.826055439,15.95141291
25632,0.84,389739.0,1645.21,1.744948672,16.07482154
25633,1.87,384603.0,2668.72,1.501279308,16.78843455
25634,0.88,146461.0,1648.3,1.76785721,16.31476529
25635,2.43,356389.0,1054.61,0.371157468,15.52815025
25636,1.9,117360.0,788.15,0.059569028,15.21976891
25637,2.35,360072.0,1495.2,3.467868708,15.31331073
25638,1.65,141451.0,704.44,0.886575796,16.11868563
25639,0.72,360582.0,629.86,2.346615492,15.60975206
25640,1.29,129142.0,1743.91,1.624386959,14.43671343
25641,2.68,141464.0,2316.97,1.5081795,14.88756653
25642,1.06,171431.0,2396.93,2.935759201,16.33857271
25643,2.66,134077.0,2205.7,1.430358699,14.37480604
25644,1.12,149180.0,2508.18,1.222646014,15.30206556
25645,1.13,139374.0,1519.89,0.795538535,15.6951713
25646,2.02,360780.0,1887.7,2.972035497,15.15333214
25647,3.14,140127.0,897.37,1.653861396,17.01061396
25648,2.68,364111.0,1320.85,2.963098818,13.29319203
25649,2.52,145182.0,1714.02,1.059058806,16.91600773
25650,1.31,151752.0,1292.62,3.082130027,13.71196258
25651,1.0,269552.0,1920.19,1.939553154,15.56526322
25652,1.02,136377.0,973.6,1.916996103,17.25282375
25653,1.89,350125.0,1812.63,1.575489343,16.20095293
25654,1.71,232634.0,2053.12,1.093379672,15.52588552
25655,2.56,159693.0,749.08,4.066517151,16.10913881
25656,1.4,364019.0,2424.35,1.566830369,13.03342819
25657,1.82,385142.0,2310.67,1.701733791,15.7723309
25658,0.99,251331.0,667.19,1.965744167,15.80487238
25659,0.68,375242.0,1004.73,2.110998772,11.73597104
25660,0.56,382598.0,1631.36,1.563686479,12.50073604
25661,1.04,275595.0,879.8,2.381864961,15.85146319
25662,1.17,359183.0,2285.09,3.675586392,14.73816195
25663,1.7,349218.0,1951.22,4.591157061,15.28146766
25664,0.75,370501.0,1378.95,2.328584524,16.55247403
25665,1.46,370531.0,592.47,2.797782804,16.26026134
25666,4.61,361036.0,2163.59,2.031612115,17.73027397
25667,2.01,366774.0,1566.96,2.74465595,16.99770975
25668,1.01,375585.0,1891.72,0.865214288,15.4398582
25669,0.65,377481.0,1962.65,2.193081483,16.20325094
25670,1.51,363719.0,1761.41,1.755064134,17.49161945
25671,1.54,363295.0,1670.02,0.799358488,15.87939708
25672,1.51,381391.0,977.93,2.019887027,14.45895991
25673,2.07,152499.0,2584.46,1.815201456,17.19996982
25674,1.98,386593.0,2438.18,3.773152458,16.53235647
25675,1.59,386462.0,2177.54,1.049261888,12.83832921
25676,1.3,248515.0,2024.16,2.399200535,16.19042524
25677,1.43,370798.0,1913.44,2.821809506,15.32763561
25678,4.47,355874.0,1345.15,1.227309094,12.70014481
25679,1.91,387095.0,1846.73,2.147727171,15.67290722
25680,1.97,368585.0,1565.42,1.197153855,16.07372047
25681,1.87,348598.0,1723.5,1.992872263,12.27716971
25682,1.51,171968.0,1724.68,1.820810492,16.39943448
25683,2.03,150492.0,1886.98,1.519860858,15.33498262
25684,2.28,148640.0,2163.22,1.583609812,14.35797563
25685,1.65,260461.0,2202.54,2.513551012,17.01997761
25686,2.16,386751.0,2178.83,1.16121283,16.23620715
25687,1.24,264207.0,2011.4,0.248633438,13.69952239
25688,0.75,276855.0,2036.94,0.330123221,13.27250299
25689,1.13,162034.0,608.69,3.938535408,15.56807467
25690,1.66,123132.0,586.86,1.539855744,16.17581592
25691,2.4,283875.0,2253.86,4.343367151,15.442973
25692,1.12,133595.0,1158.48,1.74879656,16.06427093
25693,0.1,383609.0,2311.28,3.548744835,12.36256054
25694,1.05,371301.0,786.32,2.47054628,14.12953653
25695,1.25,139422.0,1491.98,1.071807567,14.66785163
25696,0.69,360794.0,1607.41,1.049797606,15.1731834
25697,1.52,148642.0,2060.12,3.342724677,11.60389285
25698,6.28,265643.0,2025.19,2.963546992,15.21279418
25699,0.16,239355.0,2278.21,1.434599072,15.79551126
25700,2.28,143600.0,1742.27,0.90561808,14.10599591
25701,1.51,361630.0,1746.84,3.422969782,16.2949699
25702,1.45,345923.0,1736.0,1.323725739,15.94982121
25703,1.52,243770.0,2091.08,4.136173515,16.27627221
25704,1.31,142618.0,2155.4,2.565550994,16.69838586
25705,0.8,352938.0,2058.4,1.368767439,16.26315473
25706,0.67,388582.0,1933.27,4.511084811,16.24470777
25707,1.36,135373.0,1222.06,2.257169836,15.79533405
25708,1.47,141171.0,1899.79,2.748642269,14.72643706
25709,0.98,369838.0,2591.97,4.41463549,15.95604081
25710,0.67,378398.0,1823.11,3.244112959,11.44124588
25711,2.11,382441.0,1120.73,1.48418116,15.36020649
25712,2.38,151231.0,1195.43,0.878524931,13.58912306
25713,1.86,365502.0,819.87,0.360276912,15.4455334
25714,3.08,399015.0,1133.05,1.443811325,16.81464226
25715,1.32,375633.0,2574.64,2.420506288,16.94312171
25716,0.72,252950.0,1433.28,1.370739575,15.48893747
25717,2.68,379856.0,2220.49,1.676136729,15.25425766
25718,1.95,250884.0,1746.51,3.537864654,13.90161403
25719,1.57,352317.0,1822.66,3.532363805,16.35095903
25720,2.44,132704.0,2471.43,1.0200705,15.450232
25721,2.32,358351.0,1280.55,1.374959339,15.97285547
25722,1.44,263684.0,1787.23,1.718576733,16.36932846
25723,1.3,386808.0,2571.68,1.42327608,15.19606947
25724,1.11,376188.0,864.16,4.635181492,14.9905261
25725,1.94,374286.0,1968.34,1.525354956,15.82975102
25726,1.93,344637.0,1271.33,3.433015189,12.57116298
25727,2.16,151656.0,2191.71,1.925658982,16.83846951
25728,0.89,380653.0,1808.62,4.441594462,15.59470122
25729,0.87,266135.0,932.73,1.882297342,16.02203302
25730,1.19,365127.0,2079.07,1.277241416,15.72932812
25731,0.95,149843.0,909.16,1.935323877,12.56130202
25732,1.85,381362.0,1354.55,2.650000236,14.98270833
25733,0.6,266415.0,1779.69,1.975915426,14.71572516
25734,2.77,238689.0,1468.2,1.066822844,16.0105451
25735,1.59,370106.0,1185.11,1.01980003,15.34867179
25736,0.51,268361.0,1787.03,1.476058992,15.42128399
25737,0.88,391357.0,1235.2,1.012392637,11.9603804
25738,0.16,401119.0,896.84,2.603179019,15.68621713
25739,1.02,354941.0,1934.59,4.890070934,13.51344957
25740,1.56,130314.0,1170.44,-0.155814794,15.1096227
25741,0.81,349296.0,2476.67,1.24256075,15.85401667
25742,1.65,382961.0,643.32,1.07139523,14.9746215
25743,4.78,273120.0,2064.49,3.007997651,13.65809599
25744,1.69,223480.0,1689.05,4.675361434,16.03010911
25745,1.0,260392.0,1078.39,0.496436614,11.61305289
25746,2.53,377071.0,2205.54,1.967511312,16.72272901
25747,1.62,267658.0,1891.7,3.281652627,15.78551534
25748,1.99,147733.0,772.61,4.486710949,16.5970253
25749,1.72,394484.0,739.61,2.666683293,15.28077995
25750,1.41,379680.0,1143.06,1.40550047,14.39103075
25751,2.87,365901.0,2298.3,0.435835894,13.87615319
25752,3.16,130163.0,1785.21,2.764033739,14.77053853
25753,1.45,381054.0,1097.29,1.245490511,16.23426117
25754,1.45,385745.0,1748.91,0.184941665,15.39490733
25755,1.38,380298.0,1882.64,1.803436711,15.49412419
25756,1.92,363785.0,1961.15,1.83891227,15.79371836
25757,1.44,267293.0,1515.3,1.413841877,14.47764305
25758,1.32,387344.0,2116.66,1.710363191,13.93741184
25759,1.42,151459.0,1957.42,1.642562701,12.14096445
25760,1.81,146252.0,2013.62,2.014441808,15.94182909
25761,1.61,384872.0,1356.54,1.574489942,14.95109192
25762,1.32,235270.0,1980.5,4.28595568,11.48330784
25763,0.47,268515.0,1613.6,2.822053496,14.53023925
25764,1.11,264426.0,626.36,-0.326393035,15.36178579
25765,1.71,263717.0,2033.97,2.534757063,16.46275284
25766,2.02,360199.0,822.42,1.625971021,15.35328923
25767,1.25,375530.0,2061.82,3.316955893,15.94063898
25768,1.29,132608.0,2180.59,1.258996029,12.95825589
25769,1.53,349158.0,1415.72,3.345082225,14.45897619
25770,2.29,227257.0,629.29,0.896535751,15.54888942
25771,0.48,243432.0,1406.87,2.417823638,15.36230736
25772,2.02,377885.0,2262.76,1.662510094,11.2583727
25773,0.85,390000.0,1288.15,1.825442993,14.9310254
25774,0.85,259936.0,2329.61,1.230266078,12.99214831
25775,2.44,257182.0,1184.93,2.828697683,16.9064897
25776,1.55,221417.0,1792.77,2.066668926,14.35809883
25777,1.57,166061.0,1881.26,1.413355212,17.24169313
25778,1.09,145873.0,1499.32,1.554262635,15.04540509
25779,1.17,352704.0,1743.93,1.707673108,16.181824
25780,2.32,376415.0,1726.03,2.283575809,13.71935767
25781,1.65,347291.0,2009.98,0.579434101,12.37203897
25782,1.5,381210.0,1832.63,2.423289739,14.8830864
25783,1.72,162120.0,1794.49,1.063039573,15.32279647
25784,2.08,384655.0,2387.56,1.137657854,14.62845
25785,1.52,148984.0,1795.97,2.491248654,14.7446907
25786,0.61,150878.0,1497.4,3.388769776,15.83999631
25787,1.35,357985.0,1898.53,2.249998736,15.83588409
25788,0.82,149896.0,2191.35,3.306051187,14.68555157
25789,0.88,153315.0,1969.24,3.253676931,13.99225514
25790,1.96,249153.0,1562.22,1.737865484,14.39351154
25791,1.72,389105.0,1948.23,1.166233347,12.95512701
25792,0.53,138070.0,2226.64,2.366529974,14.84709237
25793,2.18,370711.0,1399.2,2.0174795,14.86980819
25794,0.55,386240.0,1817.48,2.158585125,15.58568137
25795,0.9,154363.0,1843.04,0.960268023,16.00972061
25796,0.75,366954.0,1444.27,3.470226438,15.11135969
25797,2.03,381123.0,2113.26,1.539256651,15.85830141
25798,2.11,257921.0,1676.83,3.476958362,16.08037679
25799,1.73,172969.0,1184.74,0.261254646,15.83711984
25800,0.32,388256.0,2030.69,4.235662397,16.88674923
25801,1.48,261089.0,1775.53,1.548108919,16.18233107
25802,1.62,137219.0,711.51,1.539580252,14.68366403
25803,0.48,242163.0,2091.44,1.73174587,14.83469112
25804,1.56,365662.0,1708.66,1.111346799,14.98679237
25805,1.05,152795.0,2416.87,1.78685896,16.64058241
25806,1.42,355638.0,1396.06,0.741861376,13.72109815
25807,1.85,229341.0,2756.08,2.037147539,12.4380115
25808,0.38,369368.0,1886.98,3.090977644,15.50063889
25809,0.62,148096.0,1799.57,1.019901386,13.94732464
25810,0.0,263905.0,1261.24,1.804874037,17.33494378
25811,1.43,157312.0,1626.92,-0.326393035,13.06930526
25812,2.81,401119.0,1756.71,1.222003763,16.10290575
25813,1.29,145274.0,958.7,0.683123514,16.26524119
25814,2.15,354613.0,1942.98,1.568755943,15.20224001
25815,1.35,155790.0,1883.93,4.219959213,15.63021884
25816,1.42,143824.0,1448.12,1.807356533,16.11253671
25817,1.38,266371.0,1639.51,2.104054746,17.02395413
25818,1.04,355964.0,1547.32,1.343803021,16.16843604
25819,1.48,368033.0,1206.52,1.893067944,15.66035605
25820,0.54,371395.0,1186.32,3.355148026,16.87400858
25821,1.11,277128.0,839.65,2.535059284,16.64397968
25822,1.19,131080.0,1851.67,1.507066888,15.59802432
25823,0.93,355089.0,1046.86,4.008097804,13.34938994
25824,1.21,272320.0,1836.45,3.252503288,15.46384762
25825,1.68,381422.0,1682.02,1.952376769,14.09762983
25826,0.69,146101.0,990.29,0.831307949,12.19468337
25827,2.19,156351.0,859.81,3.70816488,16.19648845
25828,0.44,386714.0,2534.18,1.892356512,15.31053388
25829,0.32,114947.0,917.3,4.592951175,16.08274411
25830,1.45,380037.0,1878.37,3.531480024,15.60800529
25831,1.39,376225.0,2276.78,3.645522006,17.31215773
25832,1.47,276818.0,1906.63,3.384754674,16.56848576
25833,0.5,241594.0,2394.47,1.012348547,16.58016941
25834,1.1,360772.0,969.02,4.125300745,15.51599325
25835,4.99,342599.0,2093.8,3.712079402,14.28225317
25836,1.36,368343.0,1865.3,2.084589706,12.97760035
25837,1.47,144653.0,2414.22,1.977868809,14.64134058
25838,1.62,114947.0,1842.65,1.27576217,15.34033344
25839,2.21,390395.0,1109.03,0.786956159,15.01017289
25840,1.39,367328.0,1350.44,1.583816008,15.98849154
25841,0.68,394561.0,2555.67,3.75121607,15.31482515
25842,2.46,337043.0,643.3,2.107283102,11.94141762
25843,0.42,366770.0,903.83,1.250681744,13.82626217
25844,1.21,149447.0,2297.62,1.305203551,15.94083025
25845,0.55,156054.0,1808.05,3.505790428,14.73063048
25846,0.46,135176.0,1189.53,1.513538039,16.10229023
25847,1.22,241183.0,1399.57,2.995509254,15.74814262
25848,1.99,258609.0,1897.9,3.459890589,16.31483944
25849,2.56,344707.0,1399.55,3.369994521,14.57295601
25850,1.17,378804.0,2391.95,2.565998441,15.20378612
25851,0.94,382676.0,1748.35,1.644068883,16.430178
25852,1.42,116954.0,1357.23,2.349729897,13.45138444
25853,1.86,143303.0,2381.07,1.791471109,17.43983592
25854,1.74,142459.0,696.39,1.136020086,16.26855587
25855,1.15,127778.0,2597.09,1.049377655,14.89502724
25856,0.61,149912.0,1984.32,1.267496791,12.14080082
25857,2.02,280710.0,1973.23,1.504147092,15.75563731
25858,0.13,277491.0,2358.99,1.300522683,15.45036504
25859,2.0,368238.0,2017.64,2.164300877,17.45655341
25860,1.31,371994.0,1683.22,3.265281537,14.25148376
25861,1.91,390617.0,1588.16,3.731821117,15.47876312
25862,1.47,139018.0,1469.18,0.945000384,15.70817416
25863,1.53,382903.0,717.58,1.940020278,16.64342266
25864,2.08,283096.0,1982.6,4.334930153,13.38031038
25865,1.12,389819.0,1910.19,3.156822766,13.7049407
25866,2.5,267789.0,1075.47,2.064731694,14.4065668
25867,1.36,151822.0,1933.87,2.273163512,15.85161131
25868,1.19,385975.0,1140.8,1.455060244,17.26925214
25869,0.88,134215.0,830.93,1.842582081,15.26822665
25870,1.55,141662.0,1887.77,2.219777116,16.81680264
25871,1.92,270665.0,1862.57,4.120360088,16.84464401
25872,0.95,120666.0,1341.86,1.736243198,16.95250861
25873,0.9,374825.0,1894.08,3.479007337,14.1259744
25874,1.9,233455.0,1719.17,1.739493011,14.22625786
25875,1.96,134649.0,1859.96,4.486759566,17.09701866
25876,1.2,381510.0,2175.56,1.580811325,16.86782424
25877,1.75,234328.0,1799.25,2.762509526,14.68204444
25878,1.57,348302.0,1719.21,1.29935244,13.43121874
25879,0.95,258870.0,2486.08,1.38620449,17.58510086
25880,1.85,356909.0,1272.2,4.593650557,16.56848233
25881,1.9,361323.0,2264.92,1.566767406,13.38505127
25882,2.01,379939.0,2294.82,1.181912467,15.8805931
25883,2.67,351666.0,1765.18,2.044157354,14.7684227
25884,1.77,257693.0,2109.8,1.590282524,15.53871888
25885,1.68,339141.0,2456.07,0.707352851,13.32184429
25886,1.8,171357.0,2779.57,1.759849004,15.99155354
25887,1.39,163670.0,1948.32,1.079782918,17.24621315
25888,0.72,235218.0,957.51,1.887080355,15.78455552
25889,0.13,149785.0,2030.55,2.445887959,15.79744463
25890,1.03,222564.0,1404.19,4.584211799,14.98097522
25891,0.92,146365.0,1437.63,2.218690793,15.39937441
25892,0.0,384942.0,2473.08,1.834616932,13.72948511
25893,1.69,162875.0,1221.15,1.969433273,15.98946774
25894,1.49,370142.0,1847.66,2.347936018,16.12799893
25895,4.52,266587.0,1827.41,1.337362458,15.06215197
25896,0.75,253169.0,2066.56,-0.102968383,13.54595863
25897,2.53,352610.0,1712.18,1.075873575,15.22887855
25898,1.01,356471.0,1251.45,2.237299918,14.37628722
25899,1.48,354303.0,586.9,0.396648159,12.70153682
25900,2.98,347489.0,1938.56,1.689029833,14.53562966
25901,2.59,141961.0,1292.52,3.51034874,16.42776031
25902,1.35,122513.0,1210.71,2.959075737,13.33615545
25903,1.42,378066.0,1708.49,1.486405158,17.21784852
25904,1.31,269929.0,1825.63,4.288545782,17.36946669
25905,0.71,381610.0,1946.75,2.425494553,15.09245858
25906,1.48,354459.0,2363.7,1.298725838,17.18780366
25907,2.25,352071.0,1222.7,0.293566666,17.48834287
25908,1.36,382001.0,598.9,1.605015698,16.59270026
25909,1.21,154652.0,671.84,0.753553059,16.36478351
25910,1.42,366413.0,1006.63,0.151532329,14.79093105
25911,0.31,371436.0,2786.17,3.085130718,14.80067266
25912,0.93,167780.0,1610.13,1.440752381,15.74956106
25913,1.8,221435.0,2294.76,2.354808448,13.09759462
25914,1.13,365271.0,2129.65,1.173394128,13.03065184
25915,2.15,134027.0,761.27,0.796739287,12.4150651
25916,0.57,157681.0,1838.41,1.146126242,14.62748117
25917,1.9,135753.0,744.13,0.226387826,15.50058289
25918,1.82,265325.0,1854.01,2.440513828,17.52522612
25919,1.12,148552.0,1027.17,1.841075115,15.42594074
25920,1.86,400548.0,918.47,1.522314718,14.62878369
25921,1.02,366990.0,970.29,2.168868136,17.17204879
25922,1.97,359645.0,776.2,1.609364921,15.11427329
25923,1.04,275408.0,1739.1,1.90333139,14.59469611
25924,0.81,148235.0,1186.59,0.387090592,16.67286074
25925,2.11,371024.0,2387.52,-0.05837266,15.18632131
25926,0.2,348489.0,2485.35,3.372449707,16.28919252
25927,1.87,135192.0,1670.61,2.471698596,13.70436124
25928,0.98,277235.0,1992.18,1.800390859,14.49853313
25929,0.72,384785.0,1374.62,1.37523653,12.67194751
25930,1.93,159217.0,2255.72,1.238357251,16.74198278
25931,2.06,373768.0,2218.25,2.296531096,15.18566946
25932,2.56,371887.0,1514.89,0.442812317,13.73753541
25933,0.05,353075.0,1974.57,3.598892023,15.45837661
25934,1.44,153999.0,1902.86,1.639392689,17.27514655
25935,0.31,274436.0,1043.81,3.811271613,15.67088696
25936,1.8,159692.0,2502.72,0.297373305,12.81934962
25937,2.15,137817.0,2042.18,1.330978856,16.6424955
25938,1.1,240262.0,1719.02,1.699443882,16.2409578
25939,1.41,350899.0,736.15,0.731827897,16.13875154
25940,0.96,146192.0,2803.4,0.74271508,15.18278922
25941,0.86,375168.0,1786.02,2.911136991,16.41800389
25942,0.69,141974.0,1483.74,1.77209653,16.0921251
25943,0.0,139575.0,1397.24,2.899643545,14.36617995
25944,1.06,370284.0,1216.11,3.721050135,16.60935222
25945,1.9,382224.0,1806.63,4.031572385,16.35904785
25946,2.3,361060.0,1498.51,2.107558582,15.58352417
25947,1.98,368182.0,1068.04,2.314762003,15.46171294
25948,2.08,349000.0,1778.72,-0.01839847,15.84722877
25949,1.77,253588.0,1881.52,1.127790269,16.72162656
25950,0.8,371220.0,1992.64,1.732683682,14.18795508
25951,0.93,127169.0,2496.04,3.302895242,14.23377633
25952,1.46,345787.0,2209.92,3.809747294,14.73731376
25953,0.79,114947.0,2316.98,3.025267571,13.6897585
25954,2.59,242703.0,1376.95,2.129344677,16.31060395
25955,1.4,154653.0,1334.9,0.694110079,15.25372381
25956,0.29,398127.0,2439.11,1.319509731,15.43765076
25957,0.97,254987.0,2524.79,2.413042884,17.50112195
25958,2.24,245779.0,1969.26,3.353326353,15.60291935
25959,1.58,270722.0,1754.59,2.925648224,16.83325267
25960,2.46,153484.0,1922.53,1.355394969,14.82117982
25961,1.24,164826.0,1466.07,1.504309666,14.25789727
25962,1.01,378050.0,1855.79,0.721461225,15.57618749
25963,0.9,146517.0,1720.58,1.830081,13.30865328
25964,2.0,128722.0,962.48,3.428352831,15.75955459
25965,0.3,355214.0,2368.17,-0.303451446,12.72911302
25966,2.01,355862.0,1097.07,3.272855274,16.15674627
25967,1.6,383737.0,1447.42,4.089787548,13.98510817
25968,1.26,137084.0,2155.69,1.79095606,15.55249324
25969,1.65,148231.0,756.08,1.45749471,13.16064563
25970,1.04,257212.0,1806.33,0.980554829,16.29608213
25971,0.11,362293.0,2547.41,1.256094995,16.83497135
25972,0.85,380531.0,1344.32,3.697363099,14.45042967
25973,1.54,386380.0,2158.34,2.03612139,13.47997314
25974,1.81,133128.0,1440.82,1.805744248,13.88079537
25975,0.98,156217.0,1939.25,4.286686904,16.95875688
25976,2.12,358849.0,1785.01,2.752331209,15.79236997
25977,0.99,372271.0,2334.76,1.965390956,15.38853821
25978,0.96,147676.0,1606.73,3.325569439,15.66392841
25979,0.84,249943.0,2070.89,1.881768252,14.95711989
25980,2.17,371883.0,1110.24,1.82085142,13.59906403
25981,1.92,384752.0,1266.09,1.164680628,15.55604851
25982,1.09,381379.0,1656.76,1.502619342,16.05584532
25983,0.99,172921.0,2268.78,2.098774237,14.97014892
25984,0.21,141977.0,2373.5,1.933447017,13.95588208
25985,1.44,374157.0,1943.82,2.841008639,14.0628012
25986,1.43,139480.0,1312.16,1.663964095,16.10603948
25987,0.89,155914.0,1749.85,1.250743368,15.32370832
25988,1.13,373363.0,1932.55,2.243180784,13.93507772
25989,1.65,363543.0,1644.05,2.15957529,12.0658749
25990,2.03,391978.0,2301.93,1.660089887,15.61913897
25991,0.86,391786.0,2286.79,4.401583322,15.86907458
25992,1.53,367944.0,1826.44,3.409207079,16.61921682
25993,2.06,241571.0,1356.39,4.555393927,14.11770431
25994,1.3,358689.0,1912.85,0.519157407,15.79084701
25995,2.12,236659.0,2418.2,2.588896316,15.70533589
25996,1.09,264144.0,1255.26,1.839860056,17.20966094
25997,1.37,375990.0,1924.37,1.964921483,13.36623535
25998,1.94,361213.0,1871.46,2.056340243,15.47978028
25999,2.76,137862.0,1147.63,1.862794156,13.94626207
26000,1.37,361485.0,1503.92,1.348017191,17.07803595
26001,1.31,256980.0,2402.21,1.477180823,15.88547188
26002,1.9,384996.0,1284.89,0.772550582,13.75244101
26003,1.33,360415.0,1268.69,2.801827635,15.01498312
26004,1.49,388898.0,1413.36,3.819329392,15.73106204
26005,1.13,385395.0,1891.34,1.362465617,13.41166434
26006,1.81,363858.0,2226.4,3.886942446,12.92342625
26007,1.18,166467.0,1823.71,1.880635306,15.15412134
26008,0.39,386504.0,1538.78,1.230562978,11.2583727
26009,2.32,147456.0,830.02,1.843707559,15.05876498
26010,2.22,167943.0,2519.04,1.549826784,14.71959746
26011,2.08,127548.0,1912.88,4.336846949,14.2264272
26012,0.55,382424.0,2451.79,0.582242353,15.81286772
26013,1.69,134126.0,1035.65,3.128141948,15.61925675
26014,1.34,358797.0,1693.38,2.84188034,16.22123061
26015,0.43,380304.0,1871.48,2.103938393,13.71684911
26016,0.7,376051.0,1922.42,1.256469711,17.07479175
26017,0.84,393600.0,758.66,4.655050243,16.97582299
26018,0.79,170097.0,1703.69,1.949763117,17.07147424
26019,1.7,368604.0,1783.29,3.143912854,15.15070705
26020,1.48,377574.0,853.0,4.418487598,15.10455503
26021,0.19,380683.0,1654.27,4.180576943,15.67858812
26022,1.77,380193.0,1793.99,1.270383478,15.50507197
26023,0.63,365892.0,1715.07,4.156068496,16.27898299
26024,1.24,152524.0,2449.07,0.070952198,16.34482977
26025,2.65,355024.0,1860.38,2.808511558,13.60484062
26026,0.8,137871.0,2110.06,1.336527987,15.24307593
26027,2.1,353232.0,2625.3,1.699268819,15.50132677
26028,0.41,164689.0,1426.15,1.797803088,17.23443573
26029,3.27,275028.0,2277.2,1.867468931,14.29865474
26030,0.79,352627.0,854.79,0.95252458,17.49576687
26031,1.41,391818.0,1325.67,2.688685287,14.4227135
26032,1.11,142917.0,1745.2,2.840218855,16.196499
26033,1.7,153346.0,1650.2,3.765940125,15.5964695
26034,1.47,363979.0,1724.03,0.791637705,15.30232149
26035,0.81,149047.0,1784.03,1.584410139,15.98008599
26036,1.34,262713.0,2528.8,4.172006587,16.06579276
26037,2.63,372845.0,2211.43,4.547352947,13.445804
26038,1.45,114947.0,1231.14,2.249256722,16.3941256
26039,1.04,383840.0,2354.87,0.290383353,15.71399696
26040,1.85,240332.0,2222.39,2.650575321,13.5714789
26041,0.34,143815.0,796.22,1.160603005,14.17996081
26042,2.68,354209.0,1331.33,1.486342091,13.51119415
26043,2.31,277334.0,1660.21,3.896625739,15.42160697
26044,2.11,372372.0,1695.25,3.296288447,16.81792042
26045,1.98,342493.0,892.28,1.405965491,15.11463048
26046,1.45,389533.0,1727.53,1.621564912,15.19364227
26047,1.92,363219.0,1837.83,-0.326393035,13.14645223
26048,1.56,265547.0,1814.65,2.993966168,15.86184984
26049,1.15,234604.0,1504.89,1.753034793,15.97945087
26050,2.3,329040.0,1226.39,3.589366592,15.77264417
26051,1.64,264200.0,2718.0,4.304096831,11.35248428
26052,1.96,372945.0,902.47,2.74314733,16.12467705
26053,0.89,245320.0,2371.51,2.422445222,15.86903771
26054,0.98,395189.0,3047.82,1.567497263,14.91744106
26055,0.65,371937.0,2248.74,2.808724833,16.07659996
26056,1.04,150973.0,1524.7,2.894164489,16.49937074
26057,0.85,155522.0,771.16,2.57667915,15.08473893
26058,2.29,148297.0,1905.8,1.401059204,14.6920169
26059,1.4,237899.0,1269.61,1.063720853,16.4037615
26060,0.59,367307.0,2074.02,4.256757006,13.35838584
26061,2.2,257065.0,1885.89,2.143853024,14.57723469
26062,2.01,382415.0,964.09,2.486879568,15.40877278
26063,2.15,379012.0,1653.96,1.659912744,14.15405419
26064,1.37,120026.0,1295.46,2.840439727,13.89344966
26065,1.33,262796.0,673.35,2.30550103,15.71299145
26066,1.57,162530.0,1087.45,3.555577391,11.2583727
26067,1.87,265644.0,2811.86,4.022140771,14.49578021
26068,1.56,153192.0,1700.75,4.93924406,16.14427742
26069,0.51,389316.0,1355.97,3.548521725,16.69740772
26070,0.34,156469.0,1842.13,3.667082856,15.84370418
26071,1.74,374662.0,638.52,4.468359605,12.14244711
26072,2.06,361980.0,1271.21,-0.326393035,13.63218396
26073,1.35,381245.0,1881.29,1.130961557,14.13218381
26074,1.88,349726.0,1933.14,3.080591917,16.14369845
26075,4.71,366781.0,1800.67,3.968776159,16.46867509
26076,0.52,372531.0,717.27,1.993604159,13.69809855
26077,0.36,257187.0,1822.2,2.083449987,15.1079195
26078,1.05,372180.0,779.71,0.999791509,16.61929544
26079,1.96,378720.0,1883.29,1.43977187,15.01759657
26080,0.82,258450.0,3047.82,1.934088213,17.05951162
26081,3.25,357189.0,1026.23,1.467729519,15.29180016
26082,2.2,354568.0,2336.89,1.479939581,17.00505414
26083,1.08,380585.0,1010.88,4.66012573,15.58674472
26084,1.36,342398.0,2009.84,1.816890722,14.22974568
26085,0.8,378212.0,1453.03,3.195530281,16.02934995
26086,1.44,373445.0,1880.98,0.04277342,14.64585758
26087,1.09,369811.0,1848.01,1.183931488,15.10129386
26088,2.18,263261.0,2121.18,3.657209116,15.34587793
26089,2.6,380300.0,2326.0,2.414239261,11.39440421
26090,0.4,158453.0,1798.61,1.949471524,15.66372927
26091,1.77,274158.0,2192.17,3.756030991,15.16085258
26092,1.38,362713.0,1928.17,2.092257422,13.4819297
26093,0.74,150831.0,1442.09,0.9902181,15.13949441
26094,0.26,157459.0,821.47,1.547362944,15.62200674
26095,0.64,158101.0,2350.62,-0.326393035,15.13676396
26096,2.29,349772.0,952.04,1.848874835,15.79542363
26097,2.99,146664.0,739.01,1.673357335,14.97574319
26098,2.28,349948.0,1534.44,3.660637296,16.70436873
26099,1.04,140911.0,2564.39,2.007539185,13.48610141
26100,1.39,381706.0,1752.74,1.833700435,15.9060768
26101,0.69,144154.0,836.98,3.903870837,16.1094402
26102,1.29,251958.0,1305.24,1.921300607,11.2583727
26103,1.1,350425.0,1804.77,-0.326393035,16.38997338
26104,1.72,249348.0,1306.25,3.761141041,13.3430631
26105,0.86,363899.0,1896.85,1.945119205,14.08431635
26106,1.87,288404.0,1998.58,0.299743773,15.54763721
26107,1.5,244885.0,1761.37,3.37819112,13.33151183
26108,0.77,397522.0,841.37,-0.293183304,14.05894126
26109,1.45,368407.0,843.63,3.988516178,13.69200966
26110,0.84,342397.0,1028.13,1.675706766,15.43783623
26111,0.34,380148.0,2398.99,1.40713359,13.3260231
26112,2.03,370416.0,1992.2,2.182760162,12.08883376
26113,2.23,356394.0,2056.47,4.017442905,12.99051361
26114,1.5,393380.0,1763.48,4.149687585,15.749865
26115,2.25,348096.0,787.27,-0.042996079,14.76718685
26116,2.44,345121.0,647.85,1.981145303,14.02782578
26117,2.32,256957.0,986.87,2.038219678,15.68315726
26118,0.88,176652.0,2646.38,1.831906199,15.6099502
26119,1.13,368111.0,1923.39,2.112203101,17.00656688
26120,1.23,344075.0,1808.52,2.053320593,15.3801036
26121,2.7,242273.0,2201.24,2.711433369,15.28557326
26122,1.83,370331.0,2098.27,2.654147554,14.27425101
26123,2.3,138325.0,2400.34,1.401473412,12.64222311
26124,1.89,369469.0,1724.71,1.349327681,16.34540813
26125,1.51,352718.0,1803.93,1.987502688,17.36364765
26126,1.91,372137.0,2483.97,0.968480456,15.08503162
26127,1.26,383627.0,2288.01,3.122069283,16.84213768
26128,0.73,378543.0,1624.95,1.816019058,13.52311432
26129,2.31,277660.0,1172.75,2.69875937,16.10490319
26130,1.5,376714.0,1996.43,2.327995341,16.0665607
26131,2.31,260818.0,1845.8,2.20459571,15.01235768
26132,2.35,243355.0,1478.82,1.941493689,15.05653517
26133,0.0,247343.0,1573.81,0.662011802,15.08144816
26134,1.58,388656.0,1210.47,1.100355606,15.29571473
26135,3.0,365050.0,896.85,4.256785822,15.55447545
26136,1.22,242337.0,1985.08,4.568022325,15.99329246
26137,0.98,363585.0,1986.99,0.31746449,13.39680033
26138,1.64,135793.0,1786.78,1.881221556,14.85062446
26139,0.65,389382.0,2682.06,2.13427016,12.57066787
26140,1.43,160145.0,1831.4,1.774598666,15.34278048
26141,1.42,365221.0,1397.06,3.265486172,15.99207935
26142,0.51,359051.0,1816.18,2.806942621,15.335891
26143,1.66,237918.0,1138.16,2.191801019,13.82604497
26144,0.92,249724.0,1935.48,0.518631462,14.58125651
26145,1.6,138940.0,2270.09,2.773216303,15.24642056
26146,0.67,354606.0,1813.73,1.662960077,13.88794393
26147,0.46,360660.0,836.03,2.563242146,16.62504217
26148,0.68,349472.0,1890.2,3.076523591,16.10080916
26149,1.03,364141.0,1859.97,1.882064307,15.663531
26150,2.68,342209.0,1728.37,1.159996372,14.75797198
26151,1.63,241575.0,1002.8,1.36250111,16.78899917
26152,1.3,153329.0,1930.96,0.467883185,15.78841715
26153,0.76,365456.0,2415.31,2.280865121,15.48333442
26154,1.24,375085.0,909.07,-0.318040364,13.18869915
26155,0.0,377288.0,2351.27,1.436069641,16.29759033
26156,0.25,163642.0,2351.81,3.050834329,16.94010086
26157,0.0,275228.0,1714.05,3.814844393,15.97566744
26158,1.93,252780.0,1350.83,1.820364125,14.37067903
26159,1.34,372374.0,2291.46,3.019390136,15.24550497
26160,1.61,115837.0,1979.55,2.701885833,12.85699948
26161,1.93,358800.0,2297.96,3.66027169,11.39350203
26162,1.6,349199.0,909.22,1.946569914,12.61255842
26163,1.58,153174.0,2008.28,1.827896181,15.78656737
26164,1.22,149618.0,1349.31,1.358485226,16.19495184
26165,1.62,281046.0,735.03,2.079835576,13.88234269
26166,0.63,359694.0,1829.63,2.3341213,13.20314799
26167,0.89,150614.0,586.86,2.89562613,14.82205639
26168,1.1,372107.0,1757.12,2.732385919,15.06818729
26169,1.22,252691.0,2336.82,2.441290547,15.43425906
26170,2.44,134070.0,1867.86,4.623296601,16.04106092
26171,1.76,348022.0,2298.89,1.177421467,15.72429831
26172,1.04,368937.0,1634.73,1.912206645,14.37673231
26173,2.39,160357.0,2285.11,2.563202209,15.67004865
26174,1.17,370640.0,816.14,2.246073448,12.97942701
26175,1.06,374877.0,973.67,1.919332571,15.82132731
26176,2.45,378578.0,1319.86,2.213965926,15.38682581
26177,2.87,252719.0,665.12,2.820768104,13.5166714
26178,1.4,162702.0,834.29,1.699641293,16.08646485
26179,1.05,279706.0,836.59,0.815777619,14.06080927
26180,0.61,156815.0,2308.84,1.690465476,16.07126126
26181,1.12,355510.0,1885.07,1.489673392,14.88152939
26182,1.85,370212.0,2118.6,4.271959195,14.93468535
26183,2.65,140529.0,1742.95,1.257743813,16.43579723
26184,1.81,143966.0,1447.2,1.957258198,16.29954798
26185,0.48,381623.0,2525.64,2.364305093,13.69059495
26186,2.07,362034.0,2187.23,1.991046914,15.82080578
26187,1.71,133665.0,1726.97,3.17194648,15.919738
26188,1.46,120661.0,1711.2,1.689418188,16.05328692
26189,2.09,162104.0,784.35,0.724704904,14.383638
26190,1.33,266561.0,1683.75,1.102960166,14.16550534
26191,0.98,370800.0,1477.58,1.117616159,16.95149713
26192,2.37,353121.0,1540.33,1.535529627,15.02740934
26193,1.52,365559.0,2275.69,1.917852222,12.71066349
26194,1.3,261767.0,1885.94,1.390449794,15.83913433
26195,1.48,143567.0,1842.01,2.579498374,16.47171552
26196,1.35,367989.0,1859.14,1.409636235,13.35562912
26197,1.9,254668.0,1994.79,3.780065775,15.51301888
26198,2.27,393340.0,1733.33,1.237943982,16.53656434
26199,0.88,143970.0,644.41,1.861086482,15.68939751
26200,2.46,362282.0,1781.9,1.817888892,15.67295685
26201,0.65,376836.0,1842.31,1.092165967,14.39086199
26202,1.05,250779.0,1071.96,4.591412539,12.51229236
26203,1.24,392482.0,2462.49,1.269618227,14.58179205
26204,1.89,249141.0,2045.24,1.484470893,15.66380223
26205,2.31,248831.0,1912.62,3.343676042,15.41891592
26206,1.34,388767.0,1677.72,1.433589609,14.42921389
26207,1.38,354067.0,1162.03,2.822961738,12.39945991
26208,2.07,258741.0,1667.55,1.587785815,15.15260182
26209,1.2,378702.0,1567.72,2.921071876,13.66562585
26210,2.72,382451.0,1416.57,1.341024345,15.14967294
26211,2.52,374400.0,1371.23,2.010904889,15.63181453
26212,1.81,347188.0,2118.19,1.933254645,15.77422826
26213,1.78,367277.0,1761.82,1.877447858,15.32940951
26214,1.4,147124.0,1772.76,4.277304094,12.54490235
26215,0.74,364695.0,2323.71,1.989450366,14.96768336
26216,0.81,371296.0,1388.35,2.233417035,14.11744797
26217,2.45,359880.0,2524.5,1.715608651,15.77366683
26218,1.5,369574.0,1850.2,3.518713694,15.36792273
26219,3.52,142635.0,2246.26,2.189254736,16.50415348
26220,1.92,135840.0,598.19,1.28972168,15.92988564
26221,2.25,168674.0,1048.77,1.392331877,13.73796846
26222,2.22,259062.0,1864.92,1.826495454,16.0577826
26223,1.07,277363.0,2371.21,3.364802854,13.29082311
26224,0.87,382231.0,2520.51,1.688506517,14.6777424
26225,0.37,353465.0,1840.22,1.241970319,15.98757155
26226,0.1,362446.0,1818.33,2.272126856,15.18001455
26227,1.0,379460.0,1957.46,1.710892059,17.00721168
26228,0.03,181629.0,1016.04,2.918264854,17.5605297
26229,0.0,132935.0,1737.23,2.823334519,14.29072317
26230,2.25,373222.0,2326.11,2.902739373,15.02231865
26231,1.77,251109.0,1768.89,3.90209036,14.38074894
26232,1.41,380369.0,2464.81,0.540099628,15.35970786
26233,0.35,392833.0,1643.09,3.912230401,15.38861135
26234,1.42,173926.0,878.18,1.562563626,14.28856426
26235,0.76,373062.0,1344.87,1.698666132,17.73027397
26236,0.44,149276.0,2322.5,1.605643371,15.49688279
26237,0.82,268648.0,2385.69,0.735608372,16.67550386
26238,1.94,378448.0,2216.35,4.628226886,16.05946832
26239,2.23,350193.0,893.52,1.973529277,16.11452363
26240,1.57,165786.0,2028.88,0.104227045,16.08626643
26241,0.77,280517.0,2335.14,1.995979744,16.15643674
26242,0.0,351141.0,1809.48,2.241258288,14.63815245
26243,1.73,133137.0,1347.86,1.340247927,13.53346633
26244,0.66,380632.0,1322.08,1.900741614,16.14905552
26245,1.49,357673.0,1828.39,2.201584298,14.17032393
26246,0.75,155453.0,1839.94,1.848860311,16.8273571
26247,0.82,359493.0,1882.18,1.209012275,12.74835006
26248,1.81,247813.0,2350.35,1.23746824,13.77588269
26249,1.81,249212.0,2674.2,2.212559935,15.59486403
26250,1.52,148712.0,1497.86,1.908431288,15.7834361
26251,1.0,381070.0,885.6,1.060899748,15.1697194
26252,1.46,380717.0,1313.86,4.054643545,15.99381526
26253,1.94,392621.0,1215.55,0.063061455,16.37919625
26254,1.99,375166.0,882.76,-0.06056837,14.33757437
26255,0.99,370643.0,1714.57,1.030869747,13.77591321
26256,2.28,277801.0,2327.07,1.62157977,14.93077509
26257,0.25,392140.0,1091.31,2.634994913,16.39180571
26258,0.41,384531.0,1619.38,0.335255514,15.41802395
26259,0.64,368834.0,1813.99,1.612720405,16.03939293
26260,1.95,167434.0,2537.17,3.257189623,14.80206446
26261,1.03,254067.0,2266.29,1.860040055,15.44136167
26262,0.97,141874.0,1321.85,1.355597726,14.94595786
26263,2.78,242688.0,1742.36,2.525139692,15.59139792
26264,2.07,373482.0,1964.46,2.152846932,13.60109726
26265,1.09,386037.0,2271.74,1.490325793,15.68879272
26266,0.17,347978.0,1837.8,0.856588489,13.69817561
26267,2.37,372459.0,2133.42,1.239451832,16.6625505
26268,1.5,356196.0,1704.53,1.770475842,15.20116438
26269,2.54,368912.0,1339.5,1.540176778,15.36870112
26270,1.9,349689.0,795.88,1.386724535,15.86767559
26271,1.08,383055.0,1944.67,3.005961343,13.55840079
26272,1.53,262602.0,2359.65,1.565833701,14.53966525
26273,1.4,367604.0,1878.68,2.709747832,15.91088465
26274,1.12,386796.0,895.04,2.939829508,14.67648262
26275,1.2,253739.0,997.13,3.155688539,13.13739916
26276,1.47,346409.0,1814.61,2.955656988,17.21931491
26277,0.87,338842.0,1797.35,0.838501815,15.21519768
26278,2.01,241798.0,1756.99,1.332962573,17.06733752
26279,1.81,250291.0,907.01,0.872877446,14.78603193
26280,1.5,248610.0,1838.85,2.822018644,15.39791336
26281,0.64,119480.0,1490.93,2.90360525,13.91723338
26282,2.48,359197.0,962.98,1.351814705,15.53759143
26283,2.03,267255.0,1170.69,2.009732165,15.45133017
26284,1.08,142684.0,1939.46,1.602969892,15.89074366
26285,1.37,349435.0,2179.07,1.119590551,14.95565046
26286,0.72,370382.0,1114.25,-0.112583865,15.31194947
26287,1.24,384607.0,2236.58,1.466662701,16.57518219
26288,2.19,379286.0,1999.96,0.233496621,14.94042329
26289,1.25,401119.0,1572.85,1.613550413,16.21913462
26290,1.4,267547.0,2047.45,2.642764097,16.82471159
26291,1.38,358237.0,1247.2,1.809240687,15.93020437
26292,1.82,364330.0,1906.02,4.832771797,14.7424947
26293,1.39,259518.0,2387.24,2.231640942,15.92669117
26294,2.24,150686.0,2456.97,2.802268955,15.72801402
26295,2.12,271914.0,1856.5,2.408347959,15.4670074
26296,1.36,380866.0,983.02,3.818213787,15.32365554
26297,2.38,373878.0,2628.97,1.66677386,15.17129174
26298,1.36,172248.0,1099.25,0.905849522,13.42684384
26299,1.08,149983.0,1832.06,1.356840851,15.93022978
26300,2.51,148605.0,2488.53,1.886976662,16.87012863
26301,0.52,386953.0,1221.71,3.3366273,17.20877163
26302,1.84,136199.0,2346.96,1.451178036,12.0696066
26303,1.0,376396.0,1894.95,1.529758789,16.29201488
26304,0.75,145804.0,1014.74,3.108107406,15.10406672
26305,1.09,165901.0,1592.58,4.070411713,15.80772571
26306,2.14,247866.0,1807.53,0.965667843,14.23918874
26307,1.64,391893.0,1488.7,3.562462827,15.87395803
26308,0.54,246938.0,1527.82,2.087295833,16.12735739
26309,1.86,138156.0,1620.93,3.596510711,14.3018696
26310,0.74,377328.0,1196.51,2.387939775,15.95847005
26311,1.25,371256.0,1826.49,2.160414683,15.14263565
26312,2.34,338903.0,1836.09,3.715909244,14.69945076
26313,0.38,156208.0,1759.91,1.388259182,16.02365516
26314,1.76,150620.0,2338.47,2.133174146,16.0763461
26315,0.97,142623.0,1919.89,1.730638832,17.10489345
26316,1.6,257910.0,1334.14,0.850973057,13.57786115
26317,1.0,356884.0,2197.58,1.342790383,15.05816575
26318,0.31,264556.0,2333.84,1.695110294,15.62094892
26319,0.64,114947.0,1467.09,1.664864654,13.5457622
26320,1.61,161961.0,1914.67,2.538281055,16.80341317
26321,2.32,348883.0,1469.72,1.074667383,15.2052927
26322,0.58,351923.0,1029.17,1.408281337,15.18527176
26323,1.23,395555.0,800.13,3.346422566,13.77960353
26324,0.83,248867.0,2420.65,1.499763347,13.91904195
26325,1.57,153403.0,1776.41,4.865697276,13.55031615
26326,2.35,333050.0,2823.73,1.603321565,15.9889134
26327,1.66,382579.0,1527.85,1.391751366,14.94462157
26328,1.09,380048.0,1420.73,1.873249865,16.44063839
26329,0.36,126031.0,1320.89,2.478238914,15.97948731
26330,2.05,360517.0,1984.17,3.038382971,15.3419952
26331,2.78,125294.0,1914.73,2.761757153,15.50766985
26332,1.61,375942.0,2156.01,2.850818595,14.9733582
26333,0.77,144812.0,1928.22,3.588793286,17.02440203
26334,0.88,174509.0,1522.59,1.046544489,17.49435572
26335,1.23,114947.0,781.53,1.925804285,16.40437015
26336,2.02,253235.0,1717.51,0.036163382,15.71144846
26337,1.41,142711.0,1161.05,1.6554443,15.86251842
26338,1.72,365310.0,2364.9,3.056325627,14.1989409
26339,2.6,153060.0,1987.91,0.939117049,15.26138565
26340,1.32,373752.0,1780.16,4.628109212,13.90575762
26341,2.26,114947.0,1919.76,1.22368628,15.41279699
26342,1.3,356335.0,1833.89,3.444508295,13.94554
26343,1.51,348980.0,1580.29,1.291328801,15.09795362
26344,2.13,125568.0,786.77,4.93924406,12.0833809
26345,1.08,380856.0,2774.51,2.159774744,16.29502274
26346,1.73,367218.0,1898.98,1.484498916,17.51174412
26347,1.3,372697.0,2379.14,1.339585082,15.36757428
26348,0.24,350893.0,1297.77,1.185949133,15.56820269
26349,0.6,389838.0,1964.91,2.089394649,11.39449669
26350,1.58,270312.0,2138.41,1.813733861,14.54087548
26351,1.31,162061.0,1059.6,1.545065176,15.75690643
26352,1.46,155562.0,1837.2,0.798511845,15.53177792
26353,1.39,342038.0,1164.89,1.310031709,15.18858996
26354,0.74,355540.0,1017.47,2.431988862,16.12930297
26355,0.94,252838.0,1852.06,0.005170745,15.20821747
26356,3.81,360358.0,656.33,0.168063856,14.98826584
26357,1.6,354340.0,767.33,1.277130243,13.66024198
26358,1.94,287802.0,2377.93,3.596265831,17.42509137
26359,1.44,134234.0,1903.87,0.713832714,14.17724537
26360,0.12,271236.0,1965.56,4.93924406,15.364485
26361,1.56,281975.0,2929.23,1.592657069,14.88609739
26362,1.01,139116.0,2395.13,3.291118077,15.57354957
26363,1.01,370716.0,2278.82,1.071664713,14.65635112
26364,1.06,382872.0,2878.31,3.994185245,15.43006327
26365,5.29,117624.0,1918.13,1.547767794,16.05408374
26366,0.81,122794.0,1731.41,1.686312003,16.36066494
26367,1.66,150754.0,2301.33,3.296906503,13.90911411
26368,1.89,147177.0,1673.31,1.76108849,14.22459003
26369,1.95,248189.0,1869.55,4.043273859,14.12464076
26370,1.64,383392.0,2540.71,3.509623934,15.19380641
26371,0.67,381550.0,1571.17,2.016944794,16.58681321
26372,1.28,123800.0,1858.1,1.593515487,13.66492854
26373,1.64,130511.0,1860.72,3.023237717,16.79719151
26374,1.73,133948.0,1311.31,0.686837418,15.60324563
26375,2.31,268691.0,2709.52,1.640072311,15.22256992
26376,1.66,266738.0,1818.29,2.07327828,14.35909772
26377,1.91,385515.0,1373.79,1.811073565,15.65496463
26378,1.3,260998.0,1916.25,1.927103878,15.59383486
26379,7.86,222674.0,1287.49,1.699055896,15.14888789
26380,1.51,354903.0,2152.37,1.886566922,15.93778229
26381,1.05,161932.0,2334.29,0.885247822,16.34523057
26382,1.01,352957.0,1762.16,1.143647391,12.47149415
26383,0.83,386763.0,888.15,3.733458075,16.0199798
26384,0.0,390445.0,1031.48,3.864284305,16.4476688
26385,2.21,260553.0,903.11,1.83537315,15.16381671
26386,1.4,162743.0,965.42,2.033109107,12.50023728
26387,2.76,349933.0,843.56,4.286114387,13.59681011
26388,1.27,168597.0,1865.51,1.563985393,13.80126285
26389,2.95,341732.0,2259.92,2.839289703,15.49160367
26390,2.4,148677.0,1833.72,1.390378468,12.2417987
26391,0.84,378814.0,756.17,4.511441259,13.21890893
26392,1.14,361386.0,1995.11,3.116407008,15.75442766
26393,1.57,133362.0,1035.29,4.254865162,15.43083394
26394,1.48,224382.0,1431.65,1.320901764,15.57000705
26395,0.31,384720.0,2114.49,3.65525906,14.42061971
26396,0.8,381825.0,1733.09,1.673027392,15.34141067
26397,0.83,365127.0,2536.18,-0.126079934,16.61507256
26398,1.24,144899.0,2818.05,1.256909355,13.66113184
26399,0.4,262864.0,1734.76,4.766733395,16.94121163
26400,1.91,360519.0,1969.15,3.504344172,13.27715102
26401,2.25,368076.0,1076.18,3.350953742,15.35538393
26402,1.92,362480.0,2094.7,3.639196944,15.39125867
26403,1.72,141205.0,780.21,2.082534644,16.38478263
26404,0.8,265349.0,1437.93,1.207142396,13.03734544
26405,2.31,348072.0,1301.62,3.748572762,14.78248387
26406,1.27,249235.0,2126.21,3.262545795,13.04102064
26407,0.95,263369.0,3030.19,2.986401865,12.74012961
26408,1.41,383528.0,1856.77,2.347678238,15.82702074
26409,0.95,357967.0,1581.94,1.929181774,12.85533494
26410,2.76,154913.0,2537.65,4.597953478,15.49541006
26411,2.42,359443.0,1804.07,1.582917201,13.52243766
26412,1.57,381528.0,1855.16,0.225407912,15.58317811
26413,1.18,355696.0,1892.28,3.435976003,14.47317483
26414,0.86,173436.0,2053.53,4.256023141,15.93929673
26415,1.9,140066.0,1800.98,1.445399473,16.26035504
26416,1.36,130451.0,827.75,1.698024633,14.20006973
26417,1.83,268456.0,1839.37,2.199169471,15.87227297
26418,1.99,249646.0,1908.74,4.93924406,16.24911981
26419,1.83,272718.0,1947.59,1.799498682,15.80602533
26420,1.58,341075.0,1237.19,1.227260317,15.30811215
26421,1.84,378741.0,1905.54,1.826782096,15.84888798
26422,0.37,281224.0,2125.55,1.59647059,15.41321941
26423,0.22,267824.0,1829.34,1.692449287,12.38654871
26424,1.42,131854.0,1434.95,2.097478839,16.24428646
26425,1.28,377939.0,2130.48,2.071594714,16.06489597
26426,1.23,381979.0,3047.82,2.901174624,15.45402621
26427,1.32,387655.0,1647.3,3.776294371,15.51801269
26428,1.5,376708.0,1878.03,2.088024481,15.00887542
26429,0.38,134629.0,1314.06,1.563899436,13.59073501
26430,1.93,383301.0,1815.18,1.373113024,17.02985951
26431,0.94,141021.0,2519.31,1.746085052,16.64748363
26432,0.0,350259.0,1330.63,1.341063323,15.75228204
26433,5.21,153829.0,1410.99,1.978696397,15.12147766
26434,1.62,363190.0,1892.59,1.881274297,14.66116524
26435,0.83,367418.0,2593.58,2.225050339,15.42210429
26436,0.39,361389.0,1267.54,0.660625513,14.32365896
26437,0.91,362816.0,2461.79,2.007049047,16.19270391
26438,1.53,363942.0,2276.11,1.31208491,15.48112515
26439,0.58,383203.0,2403.18,3.410518448,16.05018579
26440,2.21,376874.0,1553.7,2.196465038,16.49387577
26441,2.36,222622.0,2012.7,2.241834502,16.10790833
26442,2.48,379199.0,2135.0,3.447803996,14.83015239
26443,2.18,129605.0,1130.35,0.139268269,16.59585934
26444,1.16,372384.0,2504.63,1.73364288,12.95327397
26445,2.57,353083.0,1763.84,1.613456861,16.18336089
26446,0.59,383264.0,2303.44,0.458035346,13.37372899
26447,0.26,391290.0,1624.29,1.732223762,15.46665048
26448,0.31,349944.0,2149.54,1.652413766,14.42305185
26449,1.2,240612.0,1997.93,1.991210972,16.10909167
26450,0.86,272326.0,1801.88,1.36166567,15.82497006
26451,0.5,359505.0,2260.61,1.269020319,13.87800606
26452,1.51,258783.0,586.86,2.068225849,15.21367245
26453,1.59,165002.0,1820.73,4.548513176,16.30778431
26454,1.1,377891.0,2031.92,1.094478349,16.37451195
26455,0.86,145160.0,1807.16,2.992202571,16.57577848
26456,1.78,357703.0,848.38,1.712056314,14.02334036
26457,1.11,162501.0,2146.39,2.0992009,14.00023019
26458,2.67,168360.0,1553.17,1.945288085,17.30291885
26459,1.6,356599.0,887.83,0.275473951,15.59036268
26460,0.99,367367.0,883.02,1.888795855,16.60665318
26461,1.67,149925.0,1945.79,2.867200066,15.8540741
26462,0.37,260194.0,1115.24,2.751768854,16.38803377
26463,1.16,259004.0,1199.7,1.33450529,14.30199651
26464,1.76,356170.0,1866.49,2.418444753,15.07447712
26465,1.0,350942.0,931.41,2.126484063,13.76959955
26466,1.57,244062.0,2450.8,1.038108842,12.3425163
26467,2.38,355273.0,2443.49,1.56239467,14.40670526
26468,1.88,370064.0,1966.14,1.193307852,16.26478263
26469,1.88,134257.0,2045.54,1.519430582,13.45115097
26470,2.31,247128.0,632.72,2.626092225,15.60554532
26471,0.87,365789.0,2058.51,2.211906252,17.69282792
26472,0.94,352480.0,1474.62,2.471084576,12.71047697
26473,1.52,241690.0,2380.9,0.792842833,16.6435558
26474,4.32,368620.0,1872.45,3.376089468,15.23813858
26475,1.59,346793.0,1243.58,1.488714757,15.85125586
26476,0.46,148759.0,2235.53,0.829947445,12.1547373
26477,1.38,342732.0,1804.24,4.204890614,15.71880328
26478,1.8,367381.0,1306.51,1.234630568,15.83453211
26479,1.09,125467.0,984.02,1.577585221,13.55809268
26480,1.41,134141.0,1858.51,4.29288956,17.07636947
26481,1.14,263332.0,1360.42,3.001874633,15.91290194
26482,2.47,268385.0,1818.38,2.816295448,15.4873743
26483,2.45,150181.0,859.1,0.938753395,13.66781125
26484,2.46,277863.0,1122.79,2.967954201,13.45101055
26485,1.36,366693.0,1557.73,3.653965676,15.81789457
26486,1.01,152148.0,906.23,1.744338968,13.93782709
26487,0.91,240310.0,799.45,0.98515312,15.70624132
26488,2.42,364436.0,1510.83,2.706757008,14.39339536
26489,0.59,264899.0,2282.88,1.343482343,15.04694377
26490,1.85,371692.0,2919.47,3.159397677,16.01582592
26491,1.02,368669.0,1866.09,3.067874439,12.02187463
26492,0.98,161482.0,2416.88,1.517551301,15.46254806
26493,0.63,385152.0,689.21,2.243464726,16.01856389
26494,2.21,354618.0,1211.71,0.105008111,15.07478277
26495,1.18,386208.0,2545.18,2.703398273,14.13038902
26496,0.94,154492.0,1558.63,2.452617106,13.30349729
26497,1.15,383861.0,643.81,2.087448333,16.60540917
26498,2.45,179701.0,796.83,3.203352512,15.90456178
26499,1.59,390301.0,1836.03,2.774999555,15.83953833
26500,1.99,270044.0,1065.19,1.439087847,15.19075946
26501,2.78,381723.0,1283.93,-0.261609094,15.43781374
26502,2.66,126770.0,1338.33,1.153902211,16.2062234
26503,2.03,360210.0,586.86,1.285200062,15.87049818
26504,1.34,142861.0,2366.95,1.814320612,15.15206475
26505,1.42,154598.0,1849.17,3.491992983,17.2230499
26506,1.09,347864.0,1652.76,1.469141689,15.38997084
26507,2.1,143969.0,2208.55,3.566334796,15.94433515
26508,2.3,149923.0,2299.4,1.692674889,15.93831124
26509,1.0,147978.0,1738.67,1.667248741,16.38275175
26510,1.37,137821.0,2091.46,0.666951593,16.56533925
26511,0.35,125274.0,876.5,1.536054601,16.24265684
26512,4.75,378105.0,2061.55,1.430951011,15.74749035
26513,1.41,273181.0,1530.59,3.025063969,16.7581328
26514,1.94,360901.0,1448.73,3.240564291,14.88050657
26515,1.3,247491.0,2264.74,2.409869283,14.01236243
26516,0.6,246063.0,754.35,1.545208712,15.03316285
26517,0.83,377879.0,2025.15,2.069287271,15.32808108
26518,0.97,138175.0,1802.92,1.224149482,15.83142016
26519,1.2,371974.0,1975.6,-0.017377672,13.91551337
26520,1.51,155520.0,1954.04,2.685163889,15.69383698
26521,0.63,355855.0,1848.03,1.263692017,13.23715425
26522,1.52,272398.0,1892.17,2.080482781,13.99942042
26523,2.4,378610.0,1435.22,1.689478712,16.24738452
26524,1.27,380437.0,2308.13,0.487344948,17.73027397
26525,2.22,368536.0,1367.18,1.686613082,11.69236449
26526,2.36,249168.0,1891.23,1.288612473,14.50374809
26527,1.65,264552.0,707.9,3.476488101,15.51125299
26528,2.16,169950.0,1988.0,1.93402457,13.06440572
26529,2.12,389269.0,1835.59,1.675668981,15.85211441
26530,2.53,377351.0,1357.96,2.303038982,16.24080349
26531,1.86,375261.0,1575.39,1.111991742,15.68227369
26532,0.78,375469.0,1899.49,2.739344675,16.30445144
26533,1.92,373684.0,2016.22,3.436544784,15.72190108
26534,1.07,166164.0,2529.19,2.034947023,15.50283525
26535,0.65,247882.0,752.56,3.176939221,15.34177924
26536,2.84,163420.0,1881.03,1.546298442,13.15136594
26537,1.58,369581.0,1856.32,1.983164657,13.97529853
26538,1.67,378339.0,1554.6,1.038781625,12.54690654
26539,1.9,400152.0,2654.43,3.454992075,14.0446908
26540,1.07,147603.0,2308.73,2.294477799,16.43899763
26541,1.51,246868.0,2238.06,2.285073544,16.40329211
26542,1.48,254878.0,981.04,1.047244706,16.20954155
26543,1.38,354721.0,1923.63,2.067348786,16.1945225
26544,0.93,387304.0,1590.03,0.99900212,14.48067378
26545,2.17,127388.0,1410.35,0.392124346,14.93659162
26546,1.9,379364.0,1899.61,2.505560371,14.67852204
26547,1.63,146967.0,2539.1,1.006315104,11.64191761
26548,1.92,279619.0,2266.54,2.002297734,15.82465286
26549,1.09,378886.0,1747.74,1.571271697,14.44935792
26550,1.82,256781.0,1726.68,3.283804359,15.3709889
26551,2.07,261030.0,1852.48,1.836557628,16.22536952
26552,2.18,148786.0,2308.04,4.545032169,12.82028039
26553,2.58,134168.0,983.76,1.375722216,13.60289452
26554,1.22,386276.0,1080.83,1.363892528,15.29667368
26555,1.41,385692.0,1948.42,1.21354821,14.08558051
26556,1.7,378956.0,1439.62,0.856460985,13.22183583
26557,1.4,148486.0,762.56,3.595573665,16.28625248
26558,1.59,381723.0,1888.16,3.692132758,15.62829209
26559,1.76,348617.0,1267.31,1.414915613,14.82917472
26560,0.67,159768.0,1473.63,1.496045651,15.77959025
26561,2.09,166792.0,2664.65,1.419783721,13.67879118
26562,1.79,355608.0,2039.91,1.131179334,16.48824758
26563,2.16,368377.0,2469.34,2.674990382,13.32031871
26564,0.39,373256.0,1974.91,2.33287467,14.41805864
26565,1.15,367546.0,1038.96,0.647599214,15.05247024
26566,0.81,148768.0,1257.84,1.254336906,13.64232225
26567,2.56,355654.0,2167.09,0.872090811,15.9849243
26568,1.22,233400.0,1896.97,1.220382737,13.42521619
26569,1.17,240666.0,2434.19,1.874951909,13.83951923
26570,2.14,381614.0,2299.98,1.653125655,13.5634604
26571,1.87,139490.0,1772.08,3.153716063,14.48220604
26572,2.79,359626.0,1804.07,2.590170225,15.05314806
26573,1.5,374988.0,1872.78,2.108581739,16.63350157
26574,0.57,358975.0,2203.23,3.670921906,17.0781475
26575,2.04,362516.0,1904.87,1.283971593,15.56082387
26576,0.84,154556.0,967.56,2.777647771,17.33376261
26577,1.0,239651.0,900.23,3.56562973,16.8579714
26578,1.7,245220.0,1666.37,0.745012663,14.88293739
26579,2.6,255649.0,989.63,1.518121769,15.69067183
26580,2.54,359190.0,1988.18,2.116242646,17.00406385
26581,1.49,377763.0,1881.64,1.557080779,15.19086943
26582,1.32,378045.0,1121.0,1.445488233,12.44706148
26583,2.71,363571.0,1911.82,3.025467614,15.97565607
26584,0.72,267332.0,1818.91,3.190621813,14.82429513
26585,0.96,372079.0,2218.06,1.44292655,16.1819476
26586,1.58,355048.0,1633.18,0.724843492,14.43498675
26587,2.56,135062.0,2627.11,1.673220602,15.2770136
26588,1.53,125409.0,723.38,3.415019284,14.44751129
26589,2.43,141389.0,1811.81,-0.03008141,16.44924592
26590,2.25,364772.0,968.32,3.350188271,17.07246863
26591,1.2,396551.0,2205.51,3.757667074,16.80470403
26592,1.5,148609.0,1710.36,1.33383368,15.23250499
26593,0.64,152161.0,1908.65,0.060052387,13.86863209
26594,0.66,377443.0,644.71,3.926552652,15.24071495
26595,1.15,358893.0,1099.08,4.001287034,14.02709146
26596,1.11,370752.0,1321.29,2.504361968,14.02000775
26597,1.01,153084.0,1380.88,1.759687331,15.7689597
26598,0.65,189201.0,1259.82,1.97383251,15.76705381
26599,0.7,269372.0,1747.9,1.610420325,15.03710918
26600,0.78,266860.0,1708.06,2.178144891,13.03200508
26601,1.09,364276.0,1479.28,4.32544509,13.05252203
26602,0.96,142386.0,1801.19,1.183430332,15.18225461
26603,1.22,379660.0,2069.85,3.036942621,16.69352344
26604,0.91,375564.0,823.51,2.32885093,17.71635031
26605,1.73,119913.0,2268.86,2.547265996,17.26641235
26606,1.18,155708.0,1383.87,2.542870667,15.23693293
26607,2.05,249978.0,853.49,4.007043494,11.52033723
26608,1.72,360808.0,1885.11,1.357922975,15.78867549
26609,1.65,133351.0,1810.98,4.12698678,16.47510521
26610,1.57,368209.0,1794.84,2.040559176,13.12452744
26611,1.56,378098.0,2413.52,2.676159801,15.25845224
26612,0.67,363678.0,984.29,1.817493314,15.129082
26613,1.14,291584.0,2452.97,4.285608658,15.69770308
26614,1.64,125059.0,1705.36,1.330863426,14.6381569
26615,1.91,237018.0,1844.01,1.252304363,13.35895714
26616,0.97,262980.0,2470.13,1.583492419,12.60646082
26617,2.32,336749.0,2089.72,1.72947082,13.94906987
26618,0.31,391306.0,2416.64,0.903475948,14.22774822
26619,0.81,272190.0,2300.3,1.193876676,15.29753933
26620,0.71,350987.0,1291.15,1.450827638,12.18291899
26621,0.72,339595.0,670.32,0.55935981,13.59453145
26622,1.61,255381.0,1793.97,3.932370559,16.51585741
26623,1.45,142773.0,1297.8,2.850613542,13.37259925
26624,2.23,147249.0,718.78,1.661991328,13.27844833
26625,1.15,150987.0,1584.08,2.584634925,16.63938
26626,1.61,377040.0,1937.27,1.921500944,15.53303421
26627,1.36,139761.0,922.6,3.243277334,15.25183832
26628,2.34,150687.0,1875.24,3.535164444,14.49764586
26629,0.95,157796.0,1773.16,2.571116598,16.30767778
26630,1.37,273626.0,2229.31,2.24514731,14.3812365
26631,2.13,356449.0,965.75,1.628176834,15.36169725
26632,2.22,367991.0,1874.59,4.077864266,16.42930536
26633,1.94,355176.0,859.89,1.106209981,11.97934528
26634,2.36,125757.0,1452.42,1.65260247,14.61687656
26635,1.77,367570.0,2100.67,4.58477528,12.01757946
26636,2.9,355028.0,2230.77,2.529938428,14.00699611
26637,1.77,361932.0,1961.43,2.657539405,13.2529677
26638,0.88,353660.0,1376.77,2.021347226,12.04044289
26639,2.44,381477.0,1953.22,2.690780287,17.45436873
26640,2.42,142601.0,604.34,2.816604148,14.45259319
26641,1.76,249654.0,1536.73,1.37738736,13.77589998
26642,2.67,355633.0,650.33,1.981957659,14.68099768
26643,0.83,392148.0,2908.87,0.868615763,15.63098848
26644,1.45,124017.0,2155.38,1.542384135,15.28976931
26645,1.36,371635.0,1111.6,1.966552513,13.95711195
26646,2.11,261254.0,1051.4,2.571415822,13.53647545
26647,1.57,334400.0,2064.45,2.834512274,11.7742324
26648,1.53,151167.0,2789.95,3.701262047,15.73323274
26649,0.8,375356.0,1750.75,0.948373297,16.62354052
26650,1.68,144497.0,1897.8,1.697984471,15.78487473
26651,1.04,377157.0,1462.09,2.845760025,16.33675269
26652,1.08,350601.0,1218.23,1.469297714,15.53649802
26653,1.79,168413.0,1873.95,1.43351845,14.6914663
26654,1.04,248397.0,670.06,1.087582637,16.23567674
26655,1.57,131294.0,1745.47,0.507566091,15.52524594
26656,0.9,369762.0,830.6,0.988635235,16.85705216
26657,0.83,376198.0,1958.74,1.795316532,13.7800439
26658,2.8,358939.0,1428.92,3.349019884,16.69144519
26659,4.47,379218.0,1859.44,1.688247895,11.59367709
26660,0.39,270045.0,1946.01,3.975505038,16.09779435
26661,1.08,236196.0,1179.84,1.637935481,15.90278992
26662,1.86,123254.0,1887.39,1.852605468,15.74748943
26663,1.68,401119.0,1816.38,1.636331449,16.46324727
26664,0.54,391577.0,1298.89,3.317247443,15.93355497
26665,1.64,282619.0,1886.24,2.162578862,14.95875446
26666,0.33,393443.0,2315.83,3.238960933,16.56638814
26667,1.36,349149.0,1513.65,2.144431378,15.94721284
26668,1.29,156975.0,1608.4,0.919784488,14.81852167
26669,0.88,381408.0,622.54,1.560421891,15.93917122
26670,0.35,151071.0,1733.47,1.714861671,13.71611823
26671,1.6,135123.0,1887.96,1.27817243,14.85743794
26672,1.62,392116.0,1613.47,3.781235134,16.20454876
26673,1.6,170769.0,2295.32,2.050178043,13.69992103
26674,1.05,361862.0,1840.92,1.837936155,14.56123349
26675,1.23,150249.0,1296.74,1.271985662,13.44820879
26676,5.08,363531.0,1894.31,3.497881856,15.41914668
26677,2.59,249470.0,1723.27,4.561945674,14.04929783
26678,1.86,140560.0,1545.86,1.803511633,12.54214077
26679,0.16,259843.0,1523.21,1.53935559,16.30833376
26680,0.3,395624.0,1808.48,1.809764653,16.98862982
26681,2.7,364696.0,2139.82,1.286964508,15.14908755
26682,1.44,247465.0,1937.49,1.826399868,15.11080314
26683,1.43,146991.0,1860.93,1.709120374,12.47045977
26684,1.86,355382.0,1244.98,1.572927444,15.45353302
26685,0.74,374173.0,2539.53,2.069350037,15.14130933
26686,2.11,380972.0,1280.18,1.073267264,12.97730249
26687,1.8,388388.0,1800.01,1.060212416,13.91675996
26688,1.47,172085.0,1188.24,2.008233522,13.85815539
26689,1.57,372046.0,1206.27,2.417361824,16.54238181
26690,0.64,365663.0,1842.92,3.274745712,15.72555738
26691,1.77,265985.0,1970.18,1.770093835,16.13347518
26692,2.09,366751.0,1941.72,2.403159837,14.52654626
26693,1.03,148315.0,1904.9,1.002161504,14.9247332
26694,2.88,364598.0,2222.77,0.550628182,17.73027397
26695,0.34,357158.0,1646.48,4.04235499,17.68395093
26696,1.26,382977.0,835.79,2.778295005,15.79267649
26697,0.5,125108.0,839.57,2.443107379,16.65642798
26698,0.88,144567.0,2995.46,2.13075054,16.48150938
26699,1.31,397476.0,2501.24,1.534977453,13.74093497
26700,0.6,143098.0,858.26,0.730778696,14.15216206
26701,1.46,161645.0,1915.72,0.454727699,16.28940977
26702,0.46,367673.0,2269.45,1.957328795,15.33299226
26703,1.62,376488.0,1972.98,1.420192399,15.24254889
26704,2.0,260420.0,1538.91,1.951575335,15.85507409
26705,0.77,357694.0,1324.08,2.800471719,16.85067189
26706,1.67,381682.0,1706.4,1.110153221,15.88318044
26707,2.01,333444.0,904.43,1.094772843,16.36160673
26708,0.88,152428.0,1800.87,1.682838261,16.19919169
26709,1.75,393839.0,2018.26,3.761459093,15.55781719
26710,2.27,339431.0,1938.92,1.113434086,12.19579442
26711,1.69,128502.0,944.22,0.762428637,12.2973474
26712,0.69,371152.0,1518.24,2.281345421,16.05964912
26713,0.68,272534.0,2002.92,2.760493276,15.49978925
26714,1.67,373963.0,1828.77,3.082869304,12.13345924
26715,1.3,350241.0,1817.26,1.40904271,15.04707216
26716,0.08,246759.0,1229.17,0.129645206,14.86333185
26717,1.33,387209.0,2197.37,1.857163599,14.99466876
26718,1.14,253685.0,1297.9,2.166334218,14.29365591
26719,1.82,354661.0,1285.67,2.897519267,13.88383375
26720,0.87,164625.0,2477.7,1.374354755,14.35794884
26721,1.51,258568.0,2133.43,3.867248118,15.24683143
26722,1.55,268989.0,1038.35,3.04804453,14.59444578
26723,1.88,256402.0,1823.98,1.368193231,14.90551059
26724,1.31,327963.0,1883.54,1.853913199,15.75619915
26725,0.0,168099.0,2466.18,3.070733931,15.50383481
26726,0.73,385796.0,1769.92,3.556727594,15.05617304
26727,1.11,371240.0,1746.88,1.579226213,13.43524695
26728,1.74,247253.0,1653.11,2.31095654,15.46517083
26729,1.12,363646.0,952.06,0.385976457,16.47432002
26730,1.87,349201.0,1934.75,4.020626723,15.04316695
26731,0.89,358368.0,1833.58,1.174675562,15.92756762
26732,2.55,378291.0,1042.5,0.68167038,14.63869237
26733,2.59,369106.0,1819.44,1.811899119,15.44864228
26734,1.41,150642.0,1822.45,2.788228668,14.91569294
26735,0.88,266501.0,2831.06,2.367393763,15.24560793
26736,2.55,375366.0,2644.21,1.566060836,12.25429596
26737,1.19,401119.0,2319.09,1.070316038,15.78252276
26738,1.41,162164.0,1824.75,3.755849289,15.33479132
26739,1.86,385191.0,1880.32,1.622859203,16.53788675
26740,2.44,354306.0,947.49,3.574970102,14.22452807
26741,2.48,264037.0,1804.36,1.045474259,13.19494619
26742,0.91,361254.0,1826.35,3.645102187,15.64837534
26743,2.68,371742.0,2324.89,2.663308728,16.39281502
26744,0.96,145196.0,1506.35,1.379218039,14.47534083
26745,1.38,361491.0,2470.04,1.170987126,15.24734229
26746,0.76,259548.0,1821.78,3.350104116,16.3461554
26747,0.01,385548.0,2576.38,1.528209092,16.45358415
26748,1.43,397102.0,1604.04,1.483673713,15.47415312
26749,2.07,121108.0,1894.29,1.165799041,13.00844672
26750,1.28,373314.0,1502.41,3.78108219,14.26273667
26751,1.49,268415.0,960.6,2.105885335,13.64626022
26752,1.61,138558.0,1958.11,1.647471245,14.87257019
26753,1.88,371662.0,2221.54,1.875693194,14.88680479
26754,1.36,393551.0,2690.85,1.63996746,16.97955727
26755,1.98,165888.0,1638.41,2.870125028,15.65180694
26756,1.0,369407.0,1287.0,3.340058208,16.22368697
26757,0.35,130838.0,1895.68,2.387343186,14.81448454
26758,1.41,364547.0,1517.47,1.291445867,14.73703154
26759,1.41,358389.0,2091.2,3.692754344,15.48555107
26760,0.44,352251.0,1149.07,1.995030745,15.42667363
26761,2.41,358607.0,2854.99,3.144715422,15.62304026
26762,1.2,379566.0,2273.02,2.122458508,15.53040487
26763,1.85,362113.0,1009.83,2.562247783,13.34732511
26764,1.77,263359.0,1508.63,1.635362342,16.14128575
26765,1.44,146821.0,2460.58,2.622286971,14.6057168
26766,1.49,373592.0,2424.18,2.847569574,15.75082071
26767,1.49,385823.0,2443.32,1.414795655,14.35670603
26768,1.2,137046.0,1989.76,0.970775149,11.2583727
26769,1.19,390704.0,1330.75,2.653380808,16.46221235
26770,1.69,356932.0,1944.64,0.934355068,16.81288249
26771,2.31,135829.0,1786.7,0.189165357,16.33879399
26772,0.64,366231.0,2253.55,3.763810623,15.20370983
26773,1.86,344926.0,1740.53,1.207755744,14.97765476
26774,1.18,389114.0,1911.13,1.287027439,13.03126498
26775,0.51,383177.0,2210.47,2.470604211,13.56654803
26776,1.2,359811.0,587.75,2.490858457,14.92810149
26777,1.48,346552.0,2048.13,0.953605327,15.78775844
26778,1.57,151939.0,795.36,2.20705739,16.35530473
26779,1.08,368833.0,2278.87,2.010742901,14.26374584
26780,1.8,252165.0,1824.42,1.75203107,16.84680977
26781,2.96,345208.0,963.4,2.432028851,15.12035235
26782,2.02,393898.0,1987.69,1.243934631,16.15921133
26783,3.0,383294.0,1856.65,1.1511119,14.19651403
26784,1.37,386008.0,2093.18,2.172719827,12.49686809
26785,1.3,364264.0,2565.09,2.164759044,15.84824397
26786,1.72,374365.0,1021.51,1.66978955,15.82646431
26787,1.54,378511.0,2043.46,4.561414212,15.55694179
26788,1.19,265692.0,2238.6,1.525545973,14.8683066
26789,1.6,156463.0,1749.32,2.956657411,15.91444125
26790,1.4,277440.0,1495.21,3.511453624,15.84781965
26791,2.0,350505.0,1749.47,0.003390669,16.13670753
26792,0.38,374450.0,1763.12,2.174934643,15.93900086
26793,1.85,365509.0,2533.43,2.906734943,15.39935461
26794,2.0,140386.0,2153.56,2.030454537,14.63820852
26795,0.42,180022.0,2808.27,2.308638553,15.69496454
26796,1.27,393221.0,1839.35,1.424999762,12.86584182
26797,1.61,137704.0,2167.21,1.900381335,16.3193065
26798,0.67,352007.0,1438.82,2.654869201,15.61949924
26799,0.29,164227.0,2016.59,1.607992908,14.05131012
26800,1.87,258327.0,2412.08,1.797892237,14.32303454
26801,0.46,386709.0,1568.86,3.696547603,13.72446707
26802,1.54,376710.0,1601.28,2.553100906,14.6254198
26803,2.07,367390.0,1951.02,1.692401635,13.73332747
26804,2.25,390165.0,1418.79,-0.045303394,15.53087525
26805,1.39,362329.0,1847.09,2.169883719,15.48659538
26806,1.95,378200.0,2297.54,2.477994082,15.6992321
26807,1.56,252568.0,1940.95,1.119093122,17.48803928
26808,0.73,374654.0,1446.03,2.349604369,16.10565266
26809,1.39,355629.0,1893.56,2.567207137,14.00896704
26810,1.42,280404.0,1944.96,1.751146942,16.65901802
26811,1.28,154848.0,1574.23,4.93924406,15.74997259
26812,0.9,376097.0,1883.38,1.846411669,13.46477746
26813,1.31,292818.0,2603.2,1.905176158,15.78040693
26814,2.31,128490.0,2008.79,2.535751988,13.98090714
26815,1.13,383408.0,834.13,1.785951921,11.76964296
26816,0.15,259106.0,1970.52,1.117623517,17.35500378
26817,1.26,346201.0,2303.47,2.744281312,14.7313616
26818,1.24,388941.0,1930.86,1.514568082,17.72204204
26819,1.15,378640.0,1823.61,3.056998203,14.94887697
26820,1.4,373699.0,1184.72,1.935004176,15.76644287
26821,1.12,364270.0,1786.16,2.191868812,13.61518605
26822,1.85,114947.0,916.74,1.636798021,15.04541258
26823,2.6,269474.0,2570.93,1.59206837,15.57112511
26824,1.7,147557.0,731.0,3.262597393,14.8880137
26825,0.33,381827.0,818.5,2.41839825,15.94153452
26826,1.3,149207.0,2540.76,-0.081627148,16.17476983
26827,1.85,176501.0,2243.4,1.94028611,15.31155162
26828,2.17,361417.0,2036.52,0.752856027,13.5138829
26829,2.1,363155.0,1799.17,1.704270007,16.94345235
26830,2.14,133318.0,809.31,1.27136194,15.101002
26831,2.05,349405.0,1546.92,2.933678504,15.00013209
26832,1.76,335736.0,1838.15,3.613528135,11.58183116
26833,1.22,134127.0,2394.47,2.798924999,15.16227722
26834,0.99,261230.0,1425.38,2.010435367,13.67507193
26835,1.66,391383.0,1809.86,3.520424805,16.31734613
26836,2.47,147403.0,2267.09,1.160688325,13.16723934
26837,1.06,163443.0,2407.05,1.495248001,14.92163053
26838,2.02,140999.0,1756.34,1.662888809,15.85857772
26839,1.16,371063.0,1761.1,2.716865075,12.94465468
26840,1.87,381432.0,1921.63,1.673008227,15.37063344
26841,2.77,116678.0,2149.35,1.463801241,15.54010621
26842,2.08,371826.0,2263.98,2.663492265,16.24716189
26843,0.87,249902.0,1893.25,0.913740571,15.40478793
26844,1.64,382580.0,1664.08,2.867403505,15.09516292
26845,2.27,261530.0,1937.19,1.136634836,15.31900554
26846,0.36,391915.0,1306.71,4.399589622,17.39983224
26847,1.24,152366.0,1354.45,4.599610217,15.97270603
26848,0.51,268566.0,914.29,1.269259288,15.97448906
26849,1.84,117773.0,2375.05,1.208138028,15.19754254
26850,1.71,276549.0,1697.66,2.314980969,15.94509528
26851,1.52,368405.0,2372.54,1.765256571,13.73552309
26852,1.6,364871.0,1920.8,1.431500467,15.82406524
26853,1.18,139121.0,1917.48,2.24803294,14.9800346
26854,2.01,360849.0,988.88,1.958642998,14.0217982
26855,0.99,395985.0,2414.55,1.939812318,15.88805441
26856,1.65,380072.0,1473.22,1.758436276,16.26488073
26857,2.48,338938.0,1330.78,1.475812358,16.2695172
26858,1.31,367802.0,658.05,2.185327239,13.03652047
26859,1.6,264633.0,1928.96,0.638700279,15.17794741
26860,0.74,128385.0,1720.07,2.063308617,16.72546683
26861,0.5,147628.0,1630.62,2.797183003,12.66122098
26862,0.18,253015.0,1811.09,2.726794262,17.73027397
26863,1.25,357502.0,1250.01,0.297742085,15.06370971
26864,2.43,143683.0,1777.39,1.005311269,15.54262399
26865,1.28,398171.0,1731.05,1.348624098,13.89329246
26866,1.6,373467.0,2273.04,3.149176631,14.2340051
26867,1.49,370544.0,1396.71,1.395207237,13.71827181
26868,1.83,145009.0,1884.5,4.268795221,14.47951855
26869,2.78,147435.0,2153.37,2.718778869,15.58851307
26870,0.31,368418.0,2409.23,2.900623359,12.31096938
26871,1.52,365199.0,1222.09,2.353479228,15.9987759
26872,2.36,379026.0,1793.0,1.721043824,15.18605127
26873,0.93,368112.0,1229.32,3.125040628,16.0904668
26874,1.91,124866.0,2185.06,4.105189521,15.17398749
26875,0.08,363157.0,1368.74,1.46786786,12.80934903
26876,1.79,367301.0,881.98,1.3454675,12.59699942
26877,2.52,370221.0,1778.49,3.739702609,14.70897735
26878,1.55,266413.0,1825.48,2.83231098,16.13631552
26879,0.99,351430.0,934.12,2.257389992,16.13000581
26880,1.66,129801.0,1807.4,1.150645899,15.59860524
26881,0.89,257792.0,991.92,1.734072303,15.68261039
26882,0.77,359380.0,1899.07,3.409790362,15.97586393
26883,1.06,162303.0,2434.88,1.362195053,16.52738594
26884,2.12,358127.0,1944.9,1.397430424,14.9486519
26885,1.89,156158.0,2265.22,2.459435562,16.80992889
26886,0.69,263181.0,1736.66,3.037226915,15.35505519
26887,1.28,354492.0,1839.81,1.385985023,16.62778146
26888,2.08,362946.0,1827.91,2.141066175,13.36904488
26889,2.02,385797.0,1950.13,2.036690226,15.23660022
26890,1.82,175430.0,1391.9,2.549835438,16.10121109
26891,1.27,144373.0,2422.73,2.067227615,14.6569669
26892,1.02,140859.0,1879.89,1.231237975,15.80011744
26893,1.75,369915.0,1241.34,2.21074157,15.62119324
26894,1.8,362412.0,1585.73,1.0982343,15.20375662
26895,1.4,138635.0,1399.67,4.627581317,15.8412111
26896,1.16,264883.0,2646.32,2.876530357,15.49444192
26897,2.01,147805.0,1970.15,2.732060131,14.76520956
26898,1.06,264296.0,1592.21,0.985357877,15.84263216
26899,1.73,266430.0,1560.72,1.940850453,12.16489641
26900,2.5,120720.0,1660.11,0.908598244,15.99541682
26901,1.0,382499.0,1722.8,2.491850116,16.5235226
26902,2.07,141473.0,709.72,3.203941681,15.89495067
26903,1.7,165342.0,861.06,3.745329505,16.06222542
26904,0.85,368449.0,1840.28,1.867266928,13.87347358
26905,1.43,274229.0,1140.31,1.490603294,15.46649085
26906,1.62,162162.0,2195.22,3.813250008,15.59031932
26907,1.9,401119.0,2543.87,3.28480598,15.74411567
26908,2.43,333588.0,2179.5,1.200860686,13.62501232
26909,1.33,154133.0,1825.86,2.914922776,13.28826506
26910,1.16,351169.0,1400.73,4.133216282,17.35509489
26911,1.01,154204.0,1632.44,1.080006078,14.16170432
26912,1.17,259550.0,2006.79,4.270118103,14.18956962
26913,1.98,252094.0,1281.53,2.39724202,13.07760664
26914,1.42,363116.0,2030.46,1.55480741,14.17151331
26915,1.07,376524.0,2229.77,0.663903354,12.15939429
26916,2.12,376841.0,1053.79,1.457286274,16.13157631
26917,1.37,388576.0,1912.57,2.575189532,16.408789
26918,0.89,272473.0,1856.88,2.818816094,13.72944385
26919,2.06,360791.0,988.32,4.526375312,14.68362119
26920,2.47,132040.0,1915.67,1.754316625,13.53604743
26921,1.32,358089.0,2242.86,4.736354949,17.16623898
26922,1.82,260807.0,1581.11,1.925067794,16.61016418
26923,1.26,353430.0,1244.76,2.370007407,13.95500055
26924,0.59,365826.0,2203.82,0.80455972,16.04757466
26925,2.23,363393.0,1881.72,1.763194281,16.77721739
26926,0.27,152884.0,1314.87,2.679681787,16.02668239
26927,2.06,398864.0,1924.86,1.64905029,17.11289052
26928,2.08,364120.0,2542.34,1.498536174,15.16809287
26929,1.14,391059.0,1813.61,3.256731008,14.99402582
26930,1.72,251119.0,2642.19,1.901362085,15.61180072
26931,0.6,169417.0,1749.47,2.130899397,15.66778218
26932,1.44,253469.0,853.71,2.28781886,16.86927133
26933,1.75,352062.0,1075.4,4.112207725,14.33283576
26934,1.82,400510.0,1957.27,1.840479803,16.99976917
26935,1.91,156427.0,1424.87,1.57254224,14.42735268
26936,1.51,354833.0,1810.39,1.555981326,16.61093717
26937,0.91,343459.0,2208.26,0.605300957,15.42341556
26938,1.74,133366.0,1983.86,1.435312753,15.2683695
26939,1.8,370580.0,2265.79,3.02964281,15.2676018
26940,1.03,255957.0,1809.06,1.373396028,16.10885878
26941,1.25,384485.0,1856.9,1.648543827,15.33335304
26942,0.82,265525.0,838.07,1.815407908,17.73027397
26943,0.74,161508.0,1778.28,2.279599888,15.72144637
26944,4.07,357176.0,1061.63,1.920971441,17.04891542
26945,2.18,250179.0,2294.02,1.859742803,14.61839089
26946,1.72,371658.0,1787.52,1.170662308,15.85582873
26947,0.98,130175.0,1945.59,2.863602792,15.51374091
26948,1.89,272487.0,1840.0,4.901856103,17.40663181
26949,1.49,143274.0,2479.17,1.973138731,15.11928023
26950,0.93,360123.0,2294.74,1.719148305,15.88580044
26951,2.62,154984.0,1967.23,1.01276334,14.83213053
26952,1.04,134982.0,2205.06,1.924733967,13.38571505
26953,1.46,167077.0,1694.84,1.039140763,14.92994332
26954,1.48,272053.0,1153.21,1.625568743,15.23261845
26955,2.04,368145.0,1084.71,3.933225386,12.29020377
26956,1.56,148998.0,1880.26,1.17874845,16.61778854
26957,2.52,362292.0,2508.88,3.074526293,13.08481145
26958,1.15,255829.0,2283.52,4.19369074,17.48502035
26959,1.87,142962.0,1612.13,1.311728729,15.90986713
26960,1.39,157862.0,2253.94,4.341031999,15.29714071
26961,2.55,259988.0,763.03,2.736433164,14.98535355
26962,2.05,129595.0,640.43,2.982212503,13.23539557
26963,2.74,290891.0,1213.86,1.776154464,17.73027397
26964,0.81,370475.0,1250.47,0.485495554,16.37591945
26965,0.6,139975.0,1863.13,1.022549091,15.45460432
26966,1.0,120521.0,713.39,2.77436985,12.71536709
26967,0.9,361181.0,586.86,1.726323143,16.31373442
26968,1.65,378670.0,2189.07,4.631502754,12.85005522
26969,1.04,121114.0,2390.19,1.935697283,15.90959078
26970,2.16,363036.0,1652.71,3.89079869,17.31552363
26971,2.31,144881.0,882.96,1.827164231,16.72231819
26972,0.43,266400.0,2339.37,3.666800661,15.8026531
26973,1.92,280788.0,1869.58,4.653150453,15.90876401
26974,1.29,252532.0,1359.97,2.437662414,13.90154839
26975,2.03,358384.0,1956.09,0.8721018,17.13135489
26976,1.21,384117.0,938.28,3.289972619,13.74320915
26977,0.91,342407.0,1027.1,0.805822689,14.96366764
26978,1.24,278174.0,877.89,1.912159009,15.90661514
26979,0.87,139416.0,979.73,2.000824279,17.49442873
26980,1.43,349771.0,1122.0,2.568397724,13.63080078
26981,0.45,124844.0,2416.52,0.919496435,15.29913428
26982,1.14,260852.0,2382.31,1.774668758,15.92950879
26983,1.32,342990.0,1674.92,1.725655933,15.72625239
26984,1.88,279961.0,1893.76,1.116527373,14.06708844
26985,1.76,362173.0,1904.32,2.35995147,15.18070936
26986,1.01,360484.0,1472.45,2.164098421,16.75544145
26987,2.51,353761.0,1328.33,2.128105499,14.91275404
26988,1.05,389645.0,796.27,1.0292981,15.6274138
26989,0.18,360855.0,1052.08,1.573177331,14.81008081
26990,1.98,237053.0,1325.09,0.979119442,14.0975194
26991,1.28,137592.0,1735.84,1.516823347,11.71444875
26992,1.77,148708.0,2494.62,1.39942497,16.75069515
26993,1.28,356812.0,1900.96,2.929705304,15.56859048
26994,1.42,149786.0,632.55,1.291275476,12.94324795
26995,1.14,379907.0,1884.5,1.153520506,15.57059895
26996,0.99,114947.0,1799.9,3.53222536,12.55506421
26997,1.63,270033.0,763.12,0.102385547,11.75339374
26998,0.18,286953.0,1913.63,2.755642339,15.78509818
26999,0.81,125850.0,1858.39,0.636761763,14.87488576
27000,2.33,385310.0,808.35,1.624555283,16.00344447
27001,1.19,388406.0,1946.13,1.720806749,15.43851471
27002,4.34,339195.0,1058.48,2.915096573,13.11944239
27003,2.47,382013.0,2216.47,4.477767092,16.17449077
27004,1.74,342736.0,2381.47,1.951025305,14.10386324
27005,0.41,261175.0,2485.94,2.493102272,13.64611733
27006,1.53,147126.0,1525.81,3.21724749,16.16834954
27007,2.63,367569.0,1008.27,4.217104123,15.44881885
27008,0.01,362078.0,1542.09,4.173265167,13.29504973
27009,1.5,140837.0,2189.85,2.95204326,14.74918236
27010,1.35,244201.0,838.16,1.28886452,14.98086927
27011,2.23,357872.0,1777.59,2.628766575,12.96017495
27012,1.88,231370.0,1014.31,1.011707069,15.75448005
27013,1.35,139550.0,1799.72,0.344129423,15.45765964
27014,0.95,255120.0,2481.32,1.397989107,16.43115842
27015,3.13,266144.0,859.1,2.018029962,15.76477671
27016,0.14,377321.0,1840.67,3.951464887,17.04305533
27017,0.56,262150.0,1955.74,3.723638349,16.55452574
27018,1.14,375384.0,1497.09,2.20748152,14.94144783
27019,1.91,164796.0,2358.57,2.945426215,15.28916171
27020,1.28,147723.0,1544.0,2.970041951,15.61801976
27021,0.13,118693.0,1887.17,1.353580957,15.30781927
27022,2.63,141951.0,711.88,1.632989397,15.38147276
27023,1.27,157251.0,1972.1,3.407941083,15.2040097
27024,2.21,159621.0,1116.43,2.906853538,16.08584924
27025,0.88,281756.0,2547.69,3.405271395,15.86686274
27026,1.2,358311.0,2147.59,1.937137788,13.08007098
27027,0.42,360224.0,2358.27,1.621365562,15.52111703
27028,1.74,254690.0,1988.67,1.465272736,14.46557953
27029,1.82,356354.0,2128.39,2.848475831,16.67484234
27030,2.94,276883.0,1947.6,1.48005257,15.9910233
27031,1.39,139310.0,757.6,4.644470293,15.19048286
27032,3.4,364685.0,729.81,3.223026166,16.94407414
27033,2.2,142673.0,924.04,4.571272746,15.00816914
27034,1.3,126934.0,1978.01,1.990391018,15.74698882
27035,2.07,263640.0,786.44,3.251240187,13.19280414
27036,0.93,340568.0,2055.89,1.382793283,15.20127803
27037,1.07,255390.0,1711.21,1.884772191,13.87663654
27038,1.59,171342.0,2624.0,2.064408111,16.06824021
27039,2.01,260653.0,955.12,1.045801644,13.41817566
27040,0.97,266210.0,2430.62,2.937018768,15.55717156
27041,1.98,256237.0,1987.12,1.218013544,16.51918294
27042,1.84,377800.0,1732.05,3.944579622,15.78855629
27043,0.34,363615.0,2354.78,3.34782881,17.22656614
27044,0.94,162887.0,1906.52,3.332428127,14.17246619
27045,3.9,150315.0,1684.33,1.571506712,15.32812534
27046,1.21,160000.0,1576.55,2.54829834,13.85355947
27047,1.02,396984.0,1899.09,1.386814253,15.80419408
27048,1.51,391255.0,1367.69,2.483298112,15.73872877
27049,1.98,269027.0,1747.74,2.177013471,13.39980824
27050,1.1,335465.0,1549.9,1.392756344,13.53424195
27051,0.38,130242.0,1916.28,2.089663723,14.3528117
27052,0.0,346738.0,2271.55,1.505436663,15.54773384
27053,2.05,114947.0,586.86,-0.048832317,16.01321676
27054,1.44,341725.0,1897.99,1.234169411,15.35299177
27055,0.96,401119.0,2440.29,3.016793184,15.78832704
27056,1.99,370921.0,1476.16,2.888422068,13.14786325
27057,0.93,260032.0,2209.21,0.955231799,15.231585
27058,2.62,253032.0,820.91,1.201128165,15.79377292
27059,1.13,248453.0,964.73,0.983972343,13.73276985
27060,1.39,250697.0,1830.45,2.121190606,15.36938853
27061,1.71,340052.0,995.28,1.97759752,16.69462157
27062,0.8,379394.0,1424.93,1.223037625,15.08412165
27063,1.56,240564.0,1429.68,4.473272152,16.28709444
27064,1.76,171641.0,1809.0,2.255777291,15.52178139
27065,1.97,350162.0,2386.84,0.467792376,14.6163424
27066,1.31,390805.0,1846.6,2.85869619,11.90847487
27067,2.21,362675.0,1245.8,1.806982689,16.13742001
27068,1.78,384464.0,2335.28,1.402316725,15.67197957
27069,1.66,374583.0,919.24,3.495428416,15.68215909
27070,0.04,363870.0,1843.64,2.344954634,13.79812781
27071,0.95,359107.0,1811.59,-0.269913557,17.37439663
27072,1.44,381234.0,1465.96,1.823194679,14.13946928
27073,2.07,283066.0,638.36,2.864118231,13.78066995
27074,1.71,263375.0,2541.99,1.765642085,15.64504817
27075,0.26,354387.0,2790.05,2.925761839,15.04347948
27076,0.66,259948.0,1399.24,1.093723082,13.6190091
27077,1.07,382951.0,899.93,2.128187123,15.58917217
27078,1.13,383581.0,761.02,1.541759105,13.62859077
27079,1.89,377753.0,1353.56,3.704295441,12.17719407
27080,2.09,379199.0,1845.23,1.714475006,15.63887206
27081,1.94,154498.0,1022.37,2.118548633,15.01338124
27082,0.28,366144.0,994.29,0.923492861,15.35907425
27083,1.07,372411.0,2125.85,1.89566705,15.69388832
27084,2.07,363274.0,2210.8,2.918544865,15.37048369
27085,1.77,139092.0,1681.16,2.807762112,15.50066429
27086,2.28,383949.0,1864.28,1.403670113,14.84702731
27087,1.54,369024.0,1838.12,2.846002293,15.93964863
27088,1.27,350858.0,1002.55,2.224236023,15.57778941
27089,4.95,360339.0,1411.16,0.7651724,15.53021492
27090,2.34,364954.0,1873.17,1.725339172,15.09137418
27091,0.37,365868.0,1807.08,0.994988441,13.58404337
27092,2.45,371193.0,1848.19,2.189508495,14.25963792
27093,0.51,392346.0,1822.75,3.620831998,12.71759683
27094,2.44,392619.0,809.1,4.070796994,14.55111771
27095,1.46,375300.0,825.68,0.954817341,15.04603186
27096,0.27,372632.0,1721.9,1.807102777,15.66107217
27097,1.16,265329.0,823.46,0.945231901,15.49626599
27098,1.23,375854.0,2340.9,2.18648129,15.45056448
27099,1.94,370845.0,1439.4,2.309531851,15.32931546
27100,1.65,358165.0,1425.94,1.452942348,14.09858167
27101,2.14,160788.0,2162.24,3.525078022,14.37236239
27102,1.36,245939.0,1896.07,2.900092982,14.1240391
27103,0.38,164055.0,1772.55,3.686445279,15.51860363
27104,1.24,158859.0,1682.29,1.192274992,13.56193586
27105,1.18,144517.0,950.22,-0.326393035,15.32963579
27106,0.83,154129.0,884.51,1.383534579,14.26834213
27107,0.89,372925.0,2002.66,2.441098012,14.44411101
27108,0.35,385430.0,1412.48,1.65822426,14.64597305
27109,1.24,271428.0,2238.75,2.74098058,17.73027397
27110,1.5,364907.0,1867.99,1.660371495,14.88093768
27111,0.49,390595.0,2165.33,1.04052221,16.30186311
27112,0.83,396696.0,1244.97,2.011284895,13.18917582
27113,0.75,265428.0,1755.69,3.50091454,13.41355018
27114,1.48,250252.0,1353.21,-0.326393035,12.76433454
27115,1.5,368310.0,2533.16,0.368366194,15.57432867
27116,1.58,270635.0,2265.37,2.432827956,14.61206278
27117,1.7,157501.0,1469.8,3.568031511,15.50582588
27118,1.97,356396.0,2173.53,1.374694929,12.58126506
27119,1.33,393385.0,1972.21,3.139456761,16.62187502
27120,4.76,378540.0,1971.14,1.196912407,15.82071976
27121,0.75,352032.0,1175.3,2.101270391,15.88956
27122,1.26,373360.0,2192.94,2.06719037,15.59185094
27123,0.54,358893.0,1911.17,2.326390453,15.89695801
27124,1.44,380383.0,2402.18,2.117430468,17.28059909
27125,1.84,366489.0,1902.54,1.808155245,14.83276674
27126,1.37,394846.0,1911.88,2.418357336,15.16761145
27127,0.47,362937.0,1768.74,1.556427361,12.28648014
27128,1.39,367206.0,1304.93,2.344591462,15.82295652
27129,0.3,150345.0,1847.79,0.746380142,15.66403157
27130,1.57,148700.0,2017.48,2.055456346,13.74534433
27131,1.59,373662.0,2373.48,2.340581537,15.06202932
27132,1.14,356479.0,1278.15,3.667986849,15.24039265
27133,0.18,364278.0,1426.29,1.212007487,14.70516543
27134,1.99,331819.0,1916.38,4.857423354,16.67707722
27135,0.46,158764.0,1585.82,1.971556331,16.49230893
27136,2.11,394203.0,1518.54,3.594906828,16.19347829
27137,3.82,389534.0,1943.86,3.768631699,13.99818196
27138,2.97,362889.0,1929.29,1.467682958,16.62860222
27139,1.64,352298.0,1876.3,1.776811857,15.71104484
27140,1.38,117069.0,2024.37,2.805362353,14.88684435
27141,2.46,401119.0,2022.6,2.165167161,14.01316683
27142,2.05,154260.0,1917.4,1.29000556,15.48490913
27143,1.92,167581.0,1837.76,2.942922153,15.14696729
27144,3.03,344160.0,1557.95,1.712536328,15.39806089
27145,1.82,141972.0,671.45,1.444009926,15.71346709
27146,1.98,381563.0,1825.58,3.279892697,15.11066985
27147,1.19,393392.0,2153.28,0.910797164,14.2620995
27148,4.9,186884.0,1826.12,4.49769697,16.9006364
27149,2.82,366980.0,1907.59,3.020962473,15.96036448
27150,1.78,252060.0,2604.32,1.008668272,15.16184633
27151,2.51,161786.0,1871.2,2.979662898,15.80533864
27152,2.16,377518.0,1648.78,1.953654489,16.0244597
27153,2.16,382683.0,2487.52,2.338504418,15.51136898
27154,2.1,353844.0,2442.77,2.034228779,16.86336734
27155,2.49,361430.0,1549.1,1.602396874,16.27504552
27156,0.95,371384.0,1783.56,3.95271995,15.48897862
27157,1.55,377279.0,2394.17,1.265167912,13.70406444
27158,0.82,362323.0,2245.41,1.410056586,17.00764527
27159,1.35,376440.0,2206.39,0.557122012,15.34228142
27160,1.04,123382.0,1855.55,2.849101664,12.74316117
27161,1.67,362928.0,918.94,1.537863796,17.73027397
27162,1.25,150795.0,1798.61,2.051518828,15.93678331
27163,2.41,374947.0,1843.54,1.257984403,14.40553305
27164,1.61,383742.0,1304.49,2.090809674,15.75402615
27165,2.41,367943.0,1295.62,3.45944599,15.54065864
27166,0.0,260414.0,1931.16,1.925653846,13.67310302
27167,1.54,362780.0,1715.06,1.388576866,13.71828836
27168,1.41,262357.0,1434.33,1.403968739,15.25948682
27169,2.5,151457.0,1861.93,2.212961123,14.93106078
27170,1.33,381414.0,1904.21,1.868449628,15.91766205
27171,1.19,147129.0,1327.22,1.599975882,13.66845673
27172,2.05,130925.0,1117.98,3.419283859,15.46748626
27173,1.58,366570.0,1919.36,2.886082031,13.66588609
27174,2.31,346845.0,1899.16,0.561499351,14.9049416
27175,1.55,258847.0,1309.01,1.571960374,14.52635631
27176,1.69,362104.0,670.72,2.511196721,16.59305643
27177,0.7,268492.0,2218.53,4.064230134,14.92511794
27178,1.9,268320.0,1829.02,2.98550219,15.4034517
27179,1.05,260871.0,2219.31,3.215474349,14.85956323
27180,0.69,258154.0,1967.58,3.767031997,16.45305706
27181,1.64,363436.0,1912.85,0.672186026,15.7561554
27182,0.0,367954.0,2068.69,3.625687679,15.32637269
27183,1.3,248547.0,2349.52,0.318872695,15.95829807
27184,1.57,351461.0,1819.58,1.518045227,14.38182985
27185,1.89,140570.0,1893.39,1.125132347,13.7400339
27186,1.66,374833.0,1636.29,1.649543698,12.32923351
27187,2.1,259035.0,1745.29,1.908780192,15.11911826
27188,1.79,366692.0,1804.23,1.438795362,15.04550472
27189,2.27,362239.0,1210.81,1.341232959,15.30938428
27190,0.96,389321.0,2552.66,4.174531056,15.47315371
27191,1.88,387692.0,1024.03,0.739232529,15.6364523
27192,2.27,368727.0,2370.17,1.118252187,14.89812116
27193,1.93,157575.0,1800.04,1.861764218,14.94130381
27194,1.83,373175.0,1125.1,1.725605963,13.46344408
27195,0.81,154303.0,712.31,1.183705338,14.99787681
27196,0.78,269332.0,1808.16,3.391870351,16.0872621
27197,1.05,124763.0,1900.11,1.743724257,16.18008487
27198,1.14,365259.0,2284.24,0.721276876,16.75730943
27199,0.79,271062.0,854.18,1.661911806,16.28529993
27200,1.07,373781.0,1079.16,0.933611505,15.88433103
27201,1.12,362694.0,2248.78,2.367916796,13.78728163
27202,2.35,262953.0,1811.16,2.082524556,15.51884165
27203,1.25,372787.0,1893.67,2.878755566,13.32059827
27204,2.54,362836.0,1389.64,0.657181171,14.24338137
27205,0.38,148714.0,1814.63,2.287825396,15.7817626
27206,0.22,166754.0,1861.36,1.86459501,13.3129991
27207,1.62,359656.0,1916.85,1.459428624,11.2583727
27208,1.9,376242.0,1821.99,3.509338336,14.35178618
27209,0.18,161865.0,1541.66,2.726670235,11.78074978
27210,1.56,374945.0,1862.46,2.217238038,14.93733103
27211,1.67,151344.0,2220.85,4.082135509,14.91134475
27212,1.13,378666.0,2367.16,1.781821678,13.68812188
27213,1.75,347098.0,800.08,1.555540283,15.10732693
27214,2.26,385125.0,1850.04,1.020779187,16.74640085
27215,0.5,385160.0,1255.96,1.773292681,14.59700045
27216,0.57,372147.0,1381.07,1.686616518,14.4491654
27217,1.01,347958.0,1680.05,2.377686355,17.08827169
27218,1.79,252609.0,1900.85,1.745564472,15.15777307
27219,0.55,388929.0,1218.4,2.076238294,16.03252548
27220,1.99,159324.0,1577.73,1.07200235,15.17181524
27221,1.88,377976.0,1463.33,3.261857814,14.77002981
27222,1.99,355907.0,1708.79,4.310264178,15.90776099
27223,0.79,355666.0,1391.6,2.149731608,17.57737741
27224,0.85,379797.0,795.18,2.812814755,15.29726528
27225,2.2,151363.0,1790.41,1.708589301,15.39854238
27226,0.05,379674.0,2067.22,4.591534747,15.5270307
27227,0.87,398377.0,1203.66,1.551537623,16.38448791
27228,2.41,369408.0,1762.95,1.976860927,13.76589502
27229,1.13,268034.0,1904.02,2.920084582,12.5943539
27230,2.34,160004.0,1888.83,1.954275972,15.24005656
27231,1.99,250435.0,999.93,1.131161995,15.06695308
27232,2.32,269780.0,2138.95,2.993520011,13.94293324
27233,2.06,362691.0,1263.79,2.021990971,16.89738078
27234,0.42,359391.0,2614.77,2.499635762,15.46211018
27235,2.84,373558.0,2423.93,0.611356854,16.29144128
27236,2.79,139977.0,1805.9,1.7036605,16.21674924
27237,2.48,351820.0,1083.14,2.120898223,17.73027397
27238,1.62,134121.0,2094.49,2.098329526,12.693371
27239,1.3,343070.0,2281.45,1.336089696,14.18850506
27240,1.85,243983.0,1764.41,1.040443355,15.21779666
27241,2.33,266918.0,2637.57,1.724776483,15.47675738
27242,2.18,242923.0,2131.74,0.078917682,13.99710454
27243,0.45,263767.0,1791.05,1.997948099,15.78024548
27244,1.64,372197.0,900.32,1.365598187,14.25559517
27245,1.21,330434.0,2403.1,2.104510065,15.87241655
27246,2.17,122041.0,2219.84,0.645028743,13.3958886
27247,1.53,154194.0,1840.67,3.890459513,16.44823515
27248,1.21,159383.0,1023.94,3.782719025,14.9284822
27249,2.28,392393.0,1754.36,3.581306771,15.33649066
27250,1.4,155576.0,1815.09,4.618962388,14.25500447
27251,1.2,368083.0,1426.65,1.16681534,13.07886843
27252,1.56,358598.0,1408.86,3.513096539,13.73715915
27253,0.62,228579.0,2095.58,1.608324362,14.14682605
27254,1.98,387787.0,1758.85,3.972115295,13.55920955
27255,1.3,249814.0,1888.05,3.515431264,15.50481275
27256,1.91,258705.0,2309.65,2.749337684,16.67427825
27257,1.11,362266.0,1922.92,4.447158504,14.4745123
27258,0.85,379487.0,1803.96,1.549626503,15.50516858
27259,1.06,256577.0,1707.55,3.19124009,16.22121028
27260,0.83,391984.0,1812.0,2.188687355,15.31916248
27261,2.12,401119.0,1646.08,2.10937435,15.97414665
27262,1.05,396090.0,1991.71,3.635200229,16.37566043
27263,2.35,266825.0,1353.53,2.203203008,16.17300831
27264,0.82,144748.0,1330.24,2.30822591,14.25412686
27265,2.21,134672.0,936.61,1.614506675,14.06336733
27266,1.19,151459.0,1566.5,3.899744081,16.48253844
27267,1.83,133955.0,1844.59,2.645817352,15.42993631
27268,0.8,279002.0,1970.8,0.756244533,16.76110537
27269,0.28,378650.0,1633.64,1.609842969,15.27102588
27270,2.03,394678.0,1570.0,3.153665275,14.08443927
27271,1.92,371365.0,2476.74,3.663348743,16.33040032
27272,0.7,372869.0,875.86,2.055983171,14.29240349
27273,0.0,152045.0,2181.5,2.110671947,13.50962816
27274,1.44,252016.0,1548.42,-0.246315469,14.70668712
27275,0.17,270124.0,1865.92,3.442411685,16.94592986
27276,1.64,133238.0,1584.43,3.201767481,16.74338376
27277,1.3,271722.0,2281.0,1.231085543,12.96160479
27278,1.48,169638.0,1907.35,-0.326393035,13.46911857
27279,2.41,166332.0,758.25,4.491698874,16.52769964
27280,1.79,148873.0,1960.95,2.555896949,15.56109872
27281,2.14,151250.0,1748.03,1.379155817,15.26189655
27282,1.18,262570.0,675.63,1.590460877,15.39045555
27283,1.45,256264.0,1914.05,1.794795148,15.57380368
27284,0.0,367746.0,1017.03,2.792797839,16.17964585
27285,1.24,146576.0,1738.91,1.588667726,16.43765707
27286,2.72,152100.0,1545.34,2.195023729,16.33499359
27287,0.87,361643.0,801.21,1.992457903,16.40506954
27288,2.02,382488.0,1314.63,2.387246018,17.01349304
27289,1.79,354319.0,795.0,0.862286314,11.2583727
27290,0.83,164825.0,2489.06,2.998230059,16.27900192
27291,1.86,384235.0,2197.63,2.713870105,15.62020991
27292,1.07,277234.0,1019.63,3.664933516,15.31227938
27293,1.3,385547.0,2048.47,2.824066096,15.80978646
27294,1.38,274181.0,1975.42,4.21252491,15.91435943
27295,1.91,366637.0,1398.55,4.93924406,16.14279431
27296,3.53,371928.0,1995.48,3.214174339,15.88112617
27297,1.13,350232.0,1751.41,2.185079449,15.57512722
27298,0.88,394380.0,2624.22,2.382383785,15.99264664
27299,2.25,126388.0,1425.18,1.450552829,16.34806127
27300,1.74,362288.0,1859.84,2.321715121,15.254159
27301,0.93,378389.0,1977.48,2.240849025,15.94716197
27302,0.59,249936.0,1762.41,2.57387647,16.55013635
27303,1.52,140397.0,2084.8,2.253444485,15.74590929
27304,0.96,249403.0,1893.76,0.840760748,17.35889898
27305,0.85,135117.0,1323.54,3.690883986,15.53533236
27306,1.31,140691.0,1973.07,3.458516674,16.44037497
27307,1.2,340855.0,2112.08,1.257343279,15.0297922
27308,2.42,333062.0,1837.57,4.162820622,14.76271826
27309,1.09,374573.0,1768.2,2.596881197,14.17879447
27310,2.09,188030.0,1964.17,1.192238435,16.44817592
27311,1.56,276856.0,1135.58,2.177058394,12.6302148
27312,0.89,130512.0,1840.81,1.594579002,13.51219537
27313,1.46,347493.0,1992.95,2.154009041,14.14962702
27314,1.38,379523.0,1850.75,2.556165303,15.26396153
27315,2.38,157493.0,848.32,3.752372386,14.77135811
27316,1.69,346441.0,2058.41,1.416869671,15.68194093
27317,4.03,379941.0,1837.83,1.65184613,13.98709491
27318,0.62,389013.0,1683.2,1.944699379,15.94210708
27319,1.28,247130.0,1909.58,1.411830117,13.18615678
27320,1.63,369456.0,720.54,0.8213897,15.34735376
27321,0.32,356549.0,2137.5,1.89151914,13.49193114
27322,1.16,381983.0,2098.92,2.210385096,15.92262146
27323,2.77,350211.0,1426.68,0.726119091,13.47511164
27324,1.02,372622.0,1202.62,0.285608779,14.73359221
27325,1.15,153318.0,2251.91,2.375923023,15.0712562
27326,1.49,387950.0,1577.52,2.092419166,15.73966264
27327,1.11,372073.0,1829.39,3.529130737,15.38906144
27328,0.75,357630.0,1128.78,-0.326393035,14.69692722
27329,1.62,168576.0,1829.18,2.81656695,13.84793942
27330,0.41,241611.0,2452.65,2.720782017,15.99633684
27331,2.02,344153.0,2127.72,2.275881531,15.76668936
27332,2.21,369880.0,887.83,2.969996581,16.35385101
27333,1.35,348916.0,1841.0,1.371325103,15.89909999
27334,1.25,146641.0,1199.09,2.946098407,13.88348747
27335,1.65,358778.0,1914.36,1.603107728,15.72223907
27336,2.3,388587.0,970.35,3.112640649,15.38436726
27337,1.19,123219.0,1895.95,2.694078055,16.17506115
27338,0.43,263729.0,1878.01,3.797034017,16.55092127
27339,1.34,346190.0,713.78,1.528978041,14.39477806
27340,0.74,369843.0,1516.55,3.249775628,15.12981565
27341,2.29,230051.0,1548.06,0.849927052,12.17859529
27342,0.69,147418.0,1777.93,1.472811963,15.43187837
27343,1.74,358470.0,1734.73,2.237588412,15.19800168
27344,1.55,366954.0,1255.52,1.730462481,16.42215261
27345,1.14,259651.0,1856.22,2.053690844,16.44965691
27346,1.66,368512.0,1633.37,3.711245227,15.81033808
27347,1.05,386634.0,2348.11,1.575942411,15.99302463
27348,1.34,270001.0,1880.85,1.739852002,16.1583407
27349,1.34,375904.0,1931.76,3.737260223,15.40066694
27350,2.38,144251.0,1934.09,1.89989486,15.39746266
27351,0.47,163318.0,1850.26,2.769155855,14.1987234
27352,0.81,359213.0,1846.63,2.723083488,14.02769851
27353,0.69,352794.0,1244.4,1.894181646,13.42972997
27354,1.72,355801.0,2219.96,0.795161776,15.95672976
27355,2.41,126368.0,597.55,1.532313333,13.75048676
27356,1.74,240475.0,1912.46,1.337040866,16.95810309
27357,1.24,365928.0,2425.1,1.90878977,12.45786633
27358,1.48,273799.0,1719.78,2.944581208,16.70242997
27359,1.95,156427.0,1830.0,2.108925939,16.17177977
27360,0.5,179608.0,1035.47,2.549846481,16.16473501
27361,0.24,119675.0,1137.04,1.913789679,13.38490868
27362,2.2,137698.0,2253.44,0.325919823,15.2444487
27363,1.56,384181.0,2356.8,3.626175855,16.31732871
27364,2.09,262793.0,929.91,4.061580893,13.4357194
27365,1.42,264565.0,1835.31,2.04981928,15.23741297
27366,1.73,125458.0,1896.19,3.328703938,13.78404895
27367,1.96,254268.0,1571.25,1.41666606,15.13625337
27368,0.85,378071.0,797.94,4.489801906,15.66800342
27369,1.92,132244.0,1232.26,1.359430698,15.42232317
27370,1.11,248632.0,2560.0,4.54348667,16.36581209
27371,1.31,142087.0,2312.68,2.866183136,15.80689104
27372,1.11,382708.0,1564.7,2.840900335,16.04059118
27373,0.35,394531.0,1891.03,3.49111326,15.11185839
27374,2.81,376978.0,941.82,1.873546578,15.82857291
27375,2.06,367596.0,1828.65,2.110430366,16.22490434
27376,0.77,354736.0,1836.92,1.546832531,15.75259109
27377,2.49,252867.0,1775.9,-0.326393035,12.1178401
27378,1.59,375631.0,2532.97,1.785376603,13.65116567
27379,0.15,145332.0,2639.93,1.289236982,14.99995812
27380,1.61,226250.0,1868.62,2.143967421,13.89714849
27381,2.53,140067.0,1437.29,1.565854327,14.35280412
27382,1.75,139238.0,2286.64,3.588918691,17.57481034
27383,0.17,132074.0,2631.95,3.445728402,14.38328956
27384,1.35,267259.0,1967.69,2.044239889,15.25143952
27385,1.01,370947.0,730.19,3.800676679,12.50630204
27386,0.6,368177.0,2121.04,2.437131033,13.35245867
27387,1.95,364416.0,1739.45,2.00774314,13.73874591
27388,1.49,151914.0,1939.69,3.584288183,16.83789289
27389,2.86,377678.0,1434.0,4.31065647,14.5073392
27390,1.95,338305.0,2392.9,1.009932752,14.93390215
27391,2.19,153693.0,1839.52,0.822293609,16.6012122
27392,2.13,144332.0,1618.61,1.904502515,13.71221795
27393,0.83,389838.0,1789.32,0.616156037,15.89759201
27394,1.87,154752.0,1260.83,4.210083784,15.25125829
27395,1.09,370469.0,1232.5,1.924431215,14.7361439
27396,1.48,148084.0,1858.26,1.047920763,13.62216512
27397,0.98,342541.0,2805.63,1.818624976,15.59715766
27398,0.96,143702.0,1840.4,0.84830252,13.31444306
27399,2.29,261526.0,1133.88,1.323373816,15.04588614
27400,1.32,259163.0,1903.48,0.373021133,15.84894611
27401,2.03,121730.0,1466.67,0.328727922,11.2583727
27402,1.87,382873.0,2069.4,2.770269457,15.82258001
27403,2.48,394200.0,2359.26,1.573080067,15.00276894
27404,1.75,131815.0,1753.0,1.214314529,14.61698048
27405,1.21,275262.0,2332.07,3.172425415,16.91603336
27406,0.83,160911.0,915.89,2.988648601,16.20510553
27407,1.12,170930.0,971.18,2.049082734,15.87697891
27408,1.95,147323.0,1916.47,4.253799443,16.4710797
27409,0.35,151564.0,2187.73,2.038172832,14.46783191
27410,3.39,363265.0,737.76,2.874292077,13.30173579
27411,1.42,380032.0,2518.66,2.154096025,15.88373635
27412,1.72,265932.0,2090.78,1.449365148,15.20933079
27413,1.16,371563.0,1937.39,3.520776685,15.60670266
27414,2.09,129808.0,775.46,0.869926973,15.78199616
27415,2.33,378471.0,2297.03,1.983775097,12.87250113
27416,1.53,255964.0,2543.61,1.969241164,16.86927083
27417,0.77,139472.0,1870.88,0.366775722,15.86223981
27418,1.33,395835.0,1073.44,1.907527612,13.08913452
27419,1.0,378538.0,1809.46,1.810164486,15.80998659
27420,0.65,145734.0,1931.45,1.75514076,16.24358747
27421,1.21,374246.0,1001.5,3.499817704,14.19208878
27422,2.49,248446.0,1794.01,3.031285706,14.20484565
27423,2.19,384109.0,1180.86,1.666401065,13.28670958
27424,2.22,145854.0,2200.54,1.782167852,15.57173052
27425,0.94,338885.0,1919.65,2.213621516,13.23750828
27426,1.48,373946.0,1897.24,3.452881464,13.77022781
27427,2.78,364079.0,1722.13,1.360007808,16.94301066
27428,6.19,132869.0,1919.31,1.291013232,15.35326868
27429,1.94,349749.0,1498.43,1.930478847,14.96528966
27430,1.24,148726.0,2117.53,4.447820307,15.20160877
27431,0.96,362543.0,2461.53,1.40605593,13.83248909
27432,1.24,366692.0,810.83,1.541703092,14.56790772
27433,2.44,267963.0,1641.81,4.473446648,15.69190802
27434,1.74,363909.0,1280.9,1.829844744,13.08056668
27435,0.86,265343.0,1932.63,1.842642657,16.57724419
27436,2.21,149240.0,1407.52,2.146748255,14.02231768
27437,0.82,147188.0,1646.42,1.627770764,15.06857804
27438,2.28,142525.0,1757.15,1.438696292,15.51199916
27439,1.32,366623.0,1561.16,1.684392882,15.6071516
27440,1.48,368407.0,1858.64,2.97544435,13.18734949
27441,2.58,266025.0,1886.27,1.576162933,15.4095631
27442,2.17,257970.0,1144.16,1.469037409,15.30361079
27443,2.01,150347.0,865.88,1.418935848,16.02312781
27444,1.96,376551.0,1497.68,1.391229196,15.62643482
27445,0.5,177013.0,1926.78,3.208021439,16.46320144
27446,1.5,269844.0,1041.95,2.418422312,14.21396998
27447,0.68,376217.0,1649.16,4.76437088,12.93199667
27448,1.33,160475.0,1437.34,2.935441444,16.78278608
27449,2.21,377829.0,2276.14,2.058924894,16.0408894
27450,1.34,117143.0,1263.03,0.173808336,15.70711464
27451,0.74,140126.0,1296.37,1.266622064,14.84560534
27452,1.77,256185.0,1937.06,1.148259329,15.5379394
27453,1.22,377453.0,2468.2,0.511240109,15.00604799
27454,1.71,363976.0,2379.29,0.525930609,14.21052285
27455,2.26,369808.0,2408.07,2.379924467,13.94134464
27456,2.35,399883.0,1845.79,1.75675706,15.2335304
27457,1.41,396379.0,2320.56,1.645802243,15.9319142
27458,2.91,366805.0,1569.48,2.128556929,14.93206661
27459,1.93,382950.0,1938.32,1.222781538,13.64432208
27460,1.55,176386.0,1863.54,2.223544367,13.47712302
27461,1.06,378223.0,1845.63,3.276295818,13.31985197
27462,1.41,148622.0,2396.63,1.362764144,15.07414499
27463,1.32,361202.0,1617.58,1.348373466,14.79989303
27464,1.21,165886.0,1888.9,0.869276208,15.10834367
27465,2.25,128672.0,959.5,3.293017466,15.55501355
27466,1.87,135465.0,1816.24,1.627803596,15.51544794
27467,1.37,133767.0,2537.91,0.989375702,15.90427469
27468,1.42,360102.0,2003.16,1.75874933,16.91350599
27469,2.59,251271.0,605.39,2.840561749,13.58622061
27470,0.12,380706.0,1875.11,2.383789022,15.83636966
27471,0.32,361259.0,2112.26,4.861981522,13.68464007
27472,2.07,148395.0,1429.7,4.417587354,15.16348393
27473,0.48,131986.0,1804.97,1.925957665,16.90947792
27474,2.05,143607.0,879.51,3.514414498,17.12074428
27475,1.7,236381.0,2182.11,-0.326393035,12.17030985
27476,1.19,346237.0,783.24,1.237607266,13.97237396
27477,1.03,132357.0,1725.43,3.170119678,14.04738751
27478,1.6,145846.0,2281.04,2.886128979,15.4945411
27479,2.31,229214.0,1777.57,1.152688232,15.39816571
27480,0.84,350603.0,1881.89,1.388947453,15.5268903
27481,1.67,156698.0,892.69,1.30058295,15.35123627
27482,2.24,139737.0,876.94,4.319173575,15.08786673
27483,0.65,245602.0,917.98,1.751068304,15.87278683
27484,0.12,351271.0,1146.99,1.832506194,14.65005257
27485,1.76,366470.0,1814.33,1.931384266,12.13880217
27486,0.42,268394.0,2025.48,3.423514616,13.24894841
27487,1.23,391608.0,2477.04,1.380114436,16.4748438
27488,2.05,345453.0,1264.23,2.578069301,14.79904715
27489,1.23,362472.0,1158.3,1.431478068,15.48170717
27490,2.01,114947.0,1461.33,3.872618542,13.33462711
27491,1.75,140957.0,1853.99,2.085676274,16.82088379
27492,1.68,236966.0,1659.57,1.638993161,13.37541139
27493,0.87,370675.0,1965.44,2.834563614,14.28152637
27494,1.45,154668.0,1871.36,2.1361862,14.29045576
27495,0.8,392650.0,943.29,1.996581595,12.4152432
27496,0.84,399674.0,1423.99,2.843664948,16.51801499
27497,1.8,384459.0,1837.43,1.253461736,14.19548656
27498,2.45,352646.0,1816.49,2.477548907,15.14999234
27499,2.3,269752.0,2451.67,3.345201821,16.487216
27500,1.71,136593.0,1459.45,1.175586838,17.10852492
27501,0.67,178877.0,1888.0,4.426214382,16.12732537
27502,1.41,134773.0,1579.22,1.50696262,14.02278016
27503,0.28,149651.0,903.17,2.3054571,13.68402893
27504,2.38,140784.0,1749.72,1.344267004,15.14267255
27505,1.28,338143.0,2286.46,0.982576157,17.45935538
27506,1.55,133716.0,998.31,2.759907575,16.51036538
27507,1.62,374914.0,1868.65,2.870116684,12.69849253
27508,2.68,366979.0,1481.03,1.704690193,13.66763396
27509,0.0,383049.0,1737.35,1.205794953,15.79684753
27510,1.83,384595.0,1537.65,4.543409375,13.94057484
27511,1.36,261807.0,1733.29,1.399249986,15.75895004
27512,0.89,367070.0,1566.58,1.631054162,15.90796922
27513,1.76,148135.0,3018.25,4.135646533,13.90545638
27514,1.52,172162.0,1673.45,3.236770602,16.24505957
27515,0.79,273504.0,2096.38,2.505032184,16.14255883
27516,0.74,390756.0,1526.35,0.121966299,17.65926345
27517,1.4,389317.0,810.72,1.956350112,14.50955584
27518,0.93,136735.0,1702.6,1.798723084,15.5024188
27519,0.0,256274.0,1936.67,1.218705623,12.22619636
27520,1.77,331604.0,1752.4,2.864755914,15.00342667
27521,2.52,371918.0,1829.49,2.527641598,13.6803646
27522,1.05,353812.0,1973.88,1.298224807,13.93023636
27523,0.71,347185.0,1776.08,2.57415968,15.69063708
27524,1.5,361599.0,1406.99,1.831850848,16.84738181
27525,1.14,364287.0,1317.71,1.505324957,13.29877027
27526,0.09,374256.0,1385.68,1.581696956,13.81765071
27527,1.75,266733.0,1564.04,1.929579645,16.37925109
27528,1.45,144916.0,2190.01,1.872446203,15.60880063
27529,0.68,267252.0,2610.88,2.156626287,16.06985325
27530,2.05,345957.0,1829.35,1.291383708,15.54775904
27531,1.36,363354.0,1835.69,1.279592058,15.79834353
27532,1.77,137838.0,2841.97,1.531615213,16.23819804
27533,1.78,163651.0,2497.79,0.417015932,12.42406914
27534,0.06,367016.0,2211.98,1.541513421,14.11683749
27535,1.66,362272.0,2161.15,1.498979662,14.86941777
27536,1.32,367748.0,1774.08,2.01184605,14.89305334
27537,1.76,138902.0,1336.53,1.27122223,13.51447204
27538,1.38,385947.0,2053.74,1.816021685,13.55733124
27539,1.23,177284.0,1941.7,2.244144035,11.39891633
27540,0.63,378535.0,1647.67,1.332389116,14.43459248
27541,1.05,351358.0,2357.56,1.37462175,14.56217789
27542,0.79,351938.0,2601.7,2.644281887,13.1077362
27543,1.72,350137.0,1338.67,2.903601759,14.63023476
27544,1.65,366079.0,1464.45,1.291226487,16.46056575
27545,0.71,141588.0,1970.13,1.193031484,15.59830896
27546,1.66,393759.0,1861.88,2.927979647,13.87428694
27547,0.92,171484.0,1887.55,1.947087256,11.98652097
27548,1.45,374987.0,1857.86,2.598450929,15.29953504
27549,2.94,352673.0,1835.32,-0.326393035,15.45817741
27550,1.08,170823.0,708.41,3.690913733,15.13796684
27551,0.18,164322.0,1119.8,3.403555834,14.22811842
27552,1.4,354258.0,1712.49,2.06233909,13.41213968
27553,1.29,132808.0,1056.43,1.700985263,15.89257236
27554,1.24,365059.0,2428.2,4.70967119,14.74877985
27555,1.66,262103.0,982.12,1.871386548,16.45768
27556,2.44,242407.0,1796.13,0.675991841,14.96100073
27557,1.39,373127.0,1830.48,-0.322729568,14.59494137
27558,0.96,261245.0,1767.42,1.452789109,16.4753299
27559,1.28,377091.0,1963.75,2.449967602,17.00439026
27560,0.35,360561.0,2682.01,3.206353422,15.56814868
27561,0.0,378830.0,794.49,0.626393257,13.25453075
27562,1.43,373233.0,2290.81,2.068878986,15.2644268
27563,0.87,250798.0,1856.59,2.629456907,15.46333145
27564,1.63,380889.0,1687.9,2.048057934,15.63435161
27565,1.12,251580.0,1804.84,2.111363913,17.10641147
27566,1.07,367700.0,1399.62,4.308492792,16.33779562
27567,1.77,378699.0,2040.61,1.521462233,16.02188939
27568,1.92,159181.0,2217.67,1.944076242,15.21278393
27569,2.07,352972.0,2325.39,1.431982086,16.1379383
27570,0.95,336676.0,1515.11,1.469794269,15.39903716
27571,0.86,368742.0,2310.91,2.130674015,13.42769631
27572,1.6,263348.0,1659.85,2.951076878,16.63090434
27573,0.93,279421.0,1781.85,3.425697689,14.79628889
27574,1.42,364455.0,1733.28,2.581392575,15.58001202
27575,0.38,159551.0,1547.08,1.797837571,15.84927031
27576,0.85,373806.0,1769.31,1.849212744,15.11353694
27577,1.94,372470.0,1156.2,1.81513877,16.02206746
27578,0.83,356510.0,2409.57,1.377493977,13.7689082
27579,2.69,349217.0,1269.04,1.952402718,15.45664243
27580,0.8,372917.0,1606.23,1.526603751,13.30690436
27581,0.86,147515.0,1888.13,3.090134676,16.33066671
27582,0.65,254478.0,1834.86,3.00835254,14.91231436
27583,2.26,175479.0,2304.9,4.339120871,16.54908647
27584,1.61,372915.0,1798.83,1.502864074,13.25365466
27585,0.33,370278.0,1859.73,2.448006728,16.04184241
27586,2.49,141889.0,1872.04,1.151956929,15.97764197
27587,2.27,240093.0,1424.18,2.21513041,13.03883572
27588,1.88,269165.0,1898.56,0.916507258,14.37614048
27589,1.17,387389.0,1657.29,1.703297164,15.54873841
27590,1.79,354550.0,2193.42,1.037592162,11.74312281
27591,1.73,342506.0,998.88,1.534202308,13.81491882
27592,1.42,352446.0,992.77,3.051639899,15.97287186
27593,1.63,136928.0,2045.24,1.181547919,14.91641902
27594,1.68,165120.0,1663.12,4.567506063,15.6142437
27595,1.19,379132.0,1687.12,2.147069311,14.00049593
27596,0.69,366272.0,1922.12,2.052783383,15.78362802
27597,1.89,381541.0,2185.06,2.986318298,14.78662906
27598,1.2,149491.0,1252.58,2.547717001,15.06294678
27599,2.27,120870.0,1324.22,0.433944322,13.31886735
27600,2.03,359320.0,1921.19,0.800416221,16.34208634
27601,1.35,366719.0,1265.74,1.509813484,11.81236126
27602,1.35,228920.0,2202.38,1.837930753,15.84726967
27603,2.33,380589.0,1510.96,0.408163027,16.07244907
27604,0.74,158327.0,1893.31,3.684801738,16.02319409
27605,0.61,123047.0,1901.63,4.183708941,16.02885543
27606,2.08,352529.0,2128.5,1.430751544,13.97290549
27607,1.53,375465.0,1889.87,2.15420589,11.95072865
27608,0.49,385679.0,2411.83,1.868257973,14.10978076
27609,0.82,372081.0,1793.66,2.401385603,15.06842428
27610,1.96,164992.0,912.72,0.985983502,13.61841718
27611,0.51,261874.0,777.87,0.468690703,15.55591522
27612,0.8,273604.0,2454.69,3.222794992,16.15324385
27613,1.48,377252.0,1093.14,2.322621565,17.03662257
27614,1.18,363986.0,2513.19,2.761571977,17.30317874
27615,1.63,356101.0,1124.58,1.166277661,15.75234124
27616,1.79,160731.0,2080.96,1.326247177,15.16502817
27617,2.44,159887.0,1826.16,1.773999746,13.46051579
27618,1.99,152490.0,1899.55,2.076226293,14.41729423
27619,1.82,134968.0,945.44,0.771706767,15.26801227
27620,1.37,128169.0,1899.02,1.430152203,14.05483446
27621,2.08,350740.0,2010.67,1.308085376,15.24461173
27622,1.57,378629.0,1513.19,1.82849054,12.24274431
27623,1.58,366072.0,2049.05,2.889269211,12.93284172
27624,0.44,349584.0,2217.52,3.586388263,13.16214734
27625,0.74,377078.0,971.02,0.625367293,15.31855198
27626,1.09,369984.0,797.9,2.183546716,15.51439861
27627,0.25,160104.0,1848.44,3.982860467,16.72375986
27628,3.53,255108.0,2371.86,2.202238035,13.07350931
27629,0.9,264597.0,2105.1,3.594554047,15.23783656
27630,2.07,388124.0,1129.43,2.246623375,15.34926929
27631,0.95,150557.0,1746.1,4.187648001,16.10962673
27632,1.76,375626.0,1308.9,0.630179645,13.45499291
27633,1.99,374863.0,2032.93,2.494691886,15.398532
27634,1.4,381650.0,1018.6,2.435556642,12.58027498
27635,1.87,274839.0,1297.41,1.425070614,15.36329194
27636,2.29,244926.0,2048.28,0.443870228,13.10238828
27637,2.43,350181.0,987.78,1.732782849,13.56028096
27638,1.65,141691.0,2045.82,1.570209398,15.21188625
27639,2.48,382640.0,1941.51,2.855770945,16.13413307
27640,1.58,357174.0,1840.73,3.039863548,15.37108199
27641,1.99,157218.0,2269.12,4.801329921,14.32458824
27642,1.32,383336.0,1675.51,1.446884907,12.20041697
27643,1.18,376055.0,1792.2,1.288361435,13.6092426
27644,1.8,268199.0,1761.1,-0.071269402,15.72465177
27645,1.07,135996.0,806.13,2.919876081,16.3745262
27646,1.89,264567.0,2232.15,2.267881783,15.56521408
27647,0.94,333687.0,1163.65,3.765141914,15.43176357
27648,1.55,328139.0,815.05,4.014567452,14.11077104
27649,1.38,375714.0,1409.67,0.956947047,15.05232492
27650,0.86,170692.0,1892.21,4.26334786,13.35988446
27651,1.41,378787.0,2317.3,0.293222197,11.77471504
27652,0.47,255513.0,1454.43,2.16319229,15.79590291
27653,0.62,361121.0,1592.57,3.898689532,15.98647992
27654,1.48,366499.0,964.05,4.719866124,16.95948328
27655,1.32,370373.0,1189.19,2.011465625,13.03792592
27656,1.22,152881.0,1526.42,1.356305454,16.12544263
27657,2.16,374970.0,1369.82,1.736081931,15.71890094
27658,1.54,381786.0,2295.07,4.186051667,14.87490856
27659,1.59,246632.0,1214.58,1.369432964,16.21348225
27660,2.18,350825.0,939.69,1.337715167,13.4020691
27661,2.39,164628.0,1979.6,1.221622232,13.69964526
27662,0.23,387935.0,1833.95,0.64969135,16.09547399
27663,1.6,149539.0,1736.24,0.846351354,15.52646307
27664,1.75,149058.0,2213.59,1.332269171,13.23564215
27665,2.44,144164.0,2126.03,1.587511995,16.05896383
27666,4.46,362821.0,783.59,3.361194929,15.69413499
27667,2.64,333821.0,1152.97,1.514830301,13.85698307
27668,2.18,378802.0,2363.71,1.209620275,16.32461952
27669,1.12,360463.0,2270.19,2.209386364,16.28553936
27670,2.02,339349.0,1251.04,1.94413071,15.73135873
27671,1.53,256199.0,908.72,0.959353661,15.23453511
27672,1.19,374119.0,1837.72,1.372124921,13.76127069
27673,2.36,260229.0,1951.96,1.846677839,13.81891316
27674,1.01,349981.0,2318.93,1.246783446,15.36293757
27675,1.4,357398.0,751.03,3.111759251,15.95151338
27676,1.89,363016.0,1869.6,0.344905653,15.68959623
27677,0.66,401119.0,2982.12,2.745293318,16.21530003
27678,1.65,380572.0,2436.23,2.541204258,14.74800682
27679,0.25,249252.0,2566.46,2.000331166,13.33363912
27680,2.69,122978.0,2028.98,4.664859324,15.39084911
27681,1.84,152262.0,882.81,0.933177927,15.01698644
27682,1.44,372170.0,959.4,1.491918816,15.57203466
27683,1.62,357263.0,1039.57,0.9593494,14.48737734
27684,1.03,144005.0,1203.23,4.260473354,15.60346545
27685,1.13,363903.0,1480.28,1.721239423,14.22069583
27686,1.35,134173.0,1800.85,0.331403638,13.33811272
27687,0.69,161819.0,1795.38,2.067239696,13.77675285
27688,1.19,142394.0,1633.67,3.822629751,16.46005976
27689,0.47,160197.0,1947.81,3.138849554,13.08157996
27690,1.57,265895.0,2042.6,1.892111879,15.32000106
27691,0.52,377194.0,1825.95,2.619205965,17.15498016
27692,2.47,381615.0,2318.22,1.768698156,15.90971894
27693,0.84,126439.0,1910.52,2.178725217,16.18999182
27694,1.83,350644.0,1760.11,1.590596357,13.79238218
27695,1.49,371721.0,1372.77,0.81461012,16.18152688
27696,1.5,383608.0,1893.66,2.468107311,15.16063069
27697,1.06,360646.0,2210.68,1.590735198,11.97198741
27698,0.87,355235.0,2138.33,2.702519103,14.64951934
27699,2.02,243327.0,1912.34,3.012090068,14.7998263
27700,0.52,362581.0,2462.5,2.810117692,13.28457489
27701,1.89,143869.0,1013.45,1.755553012,15.32350563
27702,1.59,380669.0,1863.22,1.524218654,14.09015605
27703,1.39,353489.0,1670.34,1.440434103,13.42483992
27704,2.74,152476.0,1823.55,4.287941048,16.02304925
27705,0.95,133325.0,1528.8,3.23640747,16.38488639
27706,1.42,373487.0,2114.3,1.265141037,15.91659249
27707,1.25,143168.0,2441.59,3.010763898,15.70503573
27708,1.59,161829.0,2504.73,3.109731944,15.30945823
27709,1.66,265906.0,2506.59,1.581592136,13.73552448
27710,1.45,353510.0,1879.41,1.118040231,16.49286746
27711,1.96,372800.0,2246.79,1.826294198,14.65709597
27712,1.84,114947.0,752.28,1.826063285,15.61762708
27713,1.18,401119.0,2251.78,0.635023711,13.46681072
27714,1.09,140049.0,654.97,1.403328116,13.1509489
27715,1.73,262191.0,1074.82,4.743736882,16.13470133
27716,1.86,129362.0,1956.67,1.325285656,14.24336536
27717,0.74,349832.0,1654.21,2.489350482,14.00341228
27718,0.37,247757.0,1953.9,1.914506916,15.15681242
27719,1.16,363814.0,2181.0,1.930055904,17.10359795
27720,1.56,148599.0,1235.69,1.082605325,16.42755065
27721,1.33,373894.0,1913.63,1.296887227,16.91973373
27722,0.8,392528.0,1574.69,3.120443861,15.74367486
27723,1.59,401119.0,2094.35,1.884505174,15.18700224
27724,0.49,381801.0,2003.74,1.224407076,15.93626911
27725,0.83,258204.0,1870.99,1.514763282,16.45602722
27726,3.01,387515.0,2499.57,1.986235246,15.00686888
27727,1.75,165660.0,1859.12,2.919155536,14.32289736
27728,2.25,256183.0,924.58,1.052505328,15.62929166
27729,0.88,265444.0,1856.78,2.026812423,15.10804999
27730,1.78,147874.0,1302.32,2.556304201,16.615856
27731,1.56,377567.0,1400.91,2.417362504,15.50630785
27732,1.39,356237.0,737.2,3.558945532,14.55178812
27733,1.42,338808.0,869.42,1.36403283,13.58273722
27734,1.02,351417.0,1342.26,2.772765074,16.86035412
27735,1.4,384263.0,791.55,4.103455118,13.47773042
27736,1.71,371699.0,1850.66,2.023234675,13.22669766
27737,0.68,374164.0,1640.02,3.940636288,14.34260933
27738,1.48,178959.0,988.87,2.750639526,16.1129893
27739,1.34,152746.0,1806.48,1.906024219,16.99938743
27740,2.09,160730.0,2248.12,2.4579307,13.57032039
27741,1.42,159235.0,2229.93,0.44365939,15.09726112
27742,1.14,276563.0,1671.98,2.63663522,13.49873949
27743,2.01,175275.0,839.68,1.164945089,12.9036594
27744,2.23,149630.0,2097.52,3.801966971,15.78701293
27745,0.99,352551.0,1853.8,1.810802019,16.73784135
27746,0.56,156197.0,2462.76,0.95027667,15.34153113
27747,2.13,346803.0,1024.56,1.961513898,14.68162977
27748,0.92,375279.0,952.3,0.643974457,16.25459222
27749,2.51,268265.0,1575.33,1.640462544,15.33628271
27750,0.83,373898.0,945.94,2.852599799,17.40414332
27751,0.93,133206.0,897.61,3.230443021,13.91065068
27752,1.31,140350.0,2067.51,3.154019181,15.4719895
27753,1.42,371274.0,2235.08,1.32759526,16.8693914
27754,1.32,142591.0,2238.07,2.1836284,15.75235884
27755,2.57,151535.0,1359.89,1.693317517,15.5487708
27756,1.9,372559.0,702.24,0.806695481,15.24465631
27757,4.71,386620.0,1872.77,0.855732976,14.04803411
27758,1.46,378934.0,780.0,1.560976349,16.10168587
27759,2.11,358087.0,2554.08,2.267852517,17.08843117
27760,2.39,155990.0,2001.34,3.590983944,14.86977995
27761,0.91,140873.0,2225.49,2.931382545,13.59083976
27762,2.62,241978.0,2408.0,1.77480851,15.1308206
27763,1.11,379650.0,1962.72,2.806173547,14.87956229
27764,1.27,380931.0,1908.81,1.048082824,16.0896299
27765,0.41,165945.0,2274.43,1.908459859,12.65610541
27766,1.33,264841.0,1998.18,1.290477858,15.99608759
27767,1.54,366673.0,1804.18,0.863109723,15.14310269
27768,1.39,339038.0,689.13,2.229836593,13.6644426
27769,1.61,367663.0,1724.83,1.453537181,14.60462359
27770,1.53,146907.0,1388.47,1.727987785,15.55478358
27771,2.04,364888.0,1794.54,0.114277018,14.54474335
27772,0.97,369716.0,1787.58,0.834668646,13.74117304
27773,1.04,359289.0,2291.29,2.012027083,12.40921771
27774,1.33,381776.0,2512.76,1.53828765,15.34849731
27775,0.42,374513.0,1276.25,2.313164043,12.69065158
27776,1.81,349104.0,1079.46,0.862086753,17.1080479
27777,4.11,361997.0,1392.77,1.796140615,14.52209758
27778,1.01,158029.0,934.48,2.067711917,16.44127597
27779,1.62,258807.0,1733.54,3.597289886,13.57947309
27780,0.88,245039.0,880.73,2.390062049,13.74255469
27781,1.94,271168.0,1029.11,0.544613351,15.8616881
27782,1.17,360234.0,783.44,2.18158358,15.29246437
27783,1.85,125235.0,2967.3,1.388068002,16.18613894
27784,1.51,249278.0,2320.51,1.107815233,16.04824448
27785,2.34,364178.0,1521.33,0.84946721,14.67139937
27786,0.83,387144.0,1571.46,1.638136645,15.66997527
27787,1.51,395156.0,1943.9,1.854790798,16.08590656
27788,0.04,273357.0,3047.82,1.03257816,12.61732307
27789,0.67,257558.0,860.03,4.407532256,13.55091284
27790,1.36,384358.0,2431.41,3.714237853,15.88408636
27791,1.96,252552.0,1506.68,3.611769901,16.58070777
27792,2.1,118505.0,1805.54,1.555662364,13.92705879
27793,0.28,384941.0,2214.1,2.532402664,14.86873588
27794,1.79,383994.0,648.02,0.739541828,11.92675417
27795,1.63,139673.0,2304.97,1.492368733,15.27327794
27796,1.3,350430.0,1870.76,2.240824428,15.69028788
27797,1.31,373725.0,1828.49,1.231200953,13.84610657
27798,0.1,356497.0,1931.45,0.477857852,13.75911847
27799,1.27,371859.0,1021.53,2.793810543,12.09005544
27800,1.01,381319.0,2488.5,4.773508613,15.50541602
27801,0.78,362366.0,1871.62,1.71307185,13.6110612
27802,1.09,382267.0,2005.18,1.407763291,13.81592175
27803,1.34,288021.0,1880.32,0.349248645,13.81982017
27804,2.28,145806.0,1948.87,1.885511574,15.61386034
27805,1.15,373458.0,1981.08,2.991663827,16.02767492
27806,2.29,247953.0,2083.81,0.855335366,16.42665231
27807,0.62,375453.0,1687.53,1.76878055,16.19727523
27808,1.34,258540.0,1947.23,2.147270256,15.1424588
27809,2.2,353943.0,1350.12,4.624947462,16.72304239
27810,1.4,355808.0,2426.68,3.650305201,14.08846199
27811,2.48,248058.0,1849.47,4.905429958,16.40053271
27812,1.49,249474.0,1413.77,2.010622804,15.71049771
27813,0.31,373672.0,2175.35,4.011079142,15.29670375
27814,1.85,348249.0,1822.16,1.880170762,15.91210688
27815,1.34,151636.0,2062.05,1.843537812,15.53965456
27816,1.25,352221.0,1856.16,3.236970557,12.43917761
27817,0.92,134822.0,607.39,1.214011495,14.9177209
27818,1.01,353510.0,1723.01,2.607662877,15.78885506
27819,1.33,375895.0,2524.21,1.870912075,15.31651883
27820,0.33,173166.0,2249.96,4.716298015,14.41935819
27821,1.08,247494.0,2153.39,1.38317915,12.28117016
27822,0.41,279554.0,2326.62,4.088393057,15.45933843
27823,1.58,150619.0,1319.97,3.263243632,16.15891725
27824,0.59,151128.0,2483.79,2.857281794,15.77342002
27825,1.35,370619.0,2272.59,1.304496649,15.48691128
27826,2.62,379688.0,1454.81,1.720891443,14.23117256
27827,1.74,381050.0,1761.83,1.304643624,15.35176452
27828,1.09,284040.0,2436.2,3.203124482,15.30549653
27829,2.34,273479.0,1765.74,0.769126776,14.62269537
27830,1.14,372146.0,997.36,2.138992829,16.04096916
27831,1.64,267120.0,911.23,1.602537687,15.20794688
27832,0.68,254322.0,1641.04,2.280770079,13.53048647
27833,2.1,369448.0,1378.65,1.401776697,15.53289617
27834,0.98,350524.0,2412.15,1.120397342,15.15457126
27835,1.19,254822.0,2374.39,1.737005636,15.89691945
27836,1.02,144985.0,2007.93,2.891304822,15.92662988
27837,2.44,167624.0,1862.72,0.468086039,15.79210666
27838,0.96,263973.0,1814.71,1.996911344,13.91998472
27839,0.66,279594.0,2382.48,2.538043744,15.04888413
27840,2.03,397631.0,1430.93,2.824720312,15.6397139
27841,1.27,339552.0,2602.39,0.518787327,13.71436597
27842,1.11,137383.0,2661.71,2.206798674,15.69471211
27843,1.04,372714.0,2241.82,2.508645867,15.22471777
27844,2.71,159381.0,958.05,1.02455816,16.74639911
27845,2.25,119549.0,1840.47,3.023556152,15.66406762
27846,0.28,374529.0,1781.13,0.751601931,15.81123106
27847,0.4,254212.0,672.79,3.437202366,12.09041857
27848,0.36,371983.0,1252.58,2.811292607,11.8043669
27849,1.56,368414.0,1418.0,2.127425092,13.39379675
27850,1.21,243334.0,1798.45,0.553655066,15.00452214
27851,2.36,145040.0,2036.61,4.396272858,14.00570896
27852,2.08,149960.0,1781.5,0.601595393,16.19314176
27853,2.06,143361.0,2401.72,2.768316227,13.75513454
27854,2.03,365206.0,2470.86,2.607889481,15.87355288
27855,1.49,393741.0,1729.5,1.674413615,15.35336324
27856,2.18,246609.0,1937.98,1.273803746,15.42673076
27857,1.32,149083.0,2067.8,1.335800558,15.92326304
27858,2.24,130440.0,1178.51,2.902733463,16.4247669
27859,1.89,382281.0,1922.42,0.9872974,16.16054989
27860,1.35,358535.0,2716.79,2.470211905,16.82904339
27861,2.37,364900.0,1600.4,2.78603932,15.11064846
27862,2.09,374427.0,2079.03,4.03654247,14.10421205
27863,2.48,345821.0,2623.77,1.656070902,13.85678496
27864,0.68,157046.0,2261.08,2.988619351,16.20014272
27865,2.44,250861.0,1885.1,0.921082701,13.5047627
27866,0.51,358290.0,1996.68,1.23731474,16.29075536
27867,1.37,377829.0,1851.9,2.829434868,16.48461259
27868,2.03,261352.0,1598.07,1.860132587,14.28629173
27869,0.44,389190.0,1881.39,2.927750061,15.77401958
27870,3.88,121601.0,1700.74,1.900299023,14.92408372
27871,1.11,134030.0,1058.82,0.422081047,13.38488486
27872,1.55,351249.0,2205.2,1.494117057,16.03050462
27873,1.69,147310.0,2486.17,3.891639715,14.29782053
27874,2.31,127160.0,2444.49,2.758192716,15.36876726
27875,1.86,145791.0,2030.89,3.60060794,16.11028209
27876,1.7,120875.0,586.86,1.514488959,16.38335862
27877,2.24,155111.0,1824.36,4.030711039,15.8757427
27878,2.03,358898.0,1768.24,1.567781792,12.683247
27879,1.97,261645.0,2029.24,1.019737981,16.39664435
27880,1.41,353641.0,1789.19,2.858464528,15.59544591
27881,2.13,372730.0,586.86,1.652746115,14.22118091
27882,1.86,361481.0,586.86,2.3473307,13.2700318
27883,1.27,343998.0,1627.45,2.141946146,13.5478329
27884,0.76,150696.0,2252.71,4.157548951,15.20660053
27885,1.42,151037.0,1786.86,1.503558983,13.20547209
27886,0.8,391666.0,1661.44,2.291392545,14.90973723
27887,1.28,156208.0,1959.41,1.29791401,14.01998412
27888,0.89,349231.0,2240.84,2.062813517,14.050687
27889,2.05,348500.0,1868.51,1.003044442,15.55395582
27890,0.33,251903.0,1939.13,2.162052279,16.35622141
27891,1.5,252377.0,754.2,1.47762923,15.60522678
27892,1.3,164320.0,2195.22,1.49324488,17.32759086
27893,0.81,248150.0,943.67,1.54906757,13.7069686
27894,1.85,156804.0,1610.08,1.094763391,11.86541281
27895,2.14,350518.0,964.61,1.689741129,13.22077939
27896,2.13,362976.0,597.8,1.567872879,15.41473855
27897,0.69,115050.0,1891.3,2.082002643,15.7767166
27898,1.64,161363.0,1807.38,1.53926908,14.93207134
27899,1.66,365848.0,1769.82,1.419970929,16.02297843
27900,0.58,162389.0,733.24,4.677194546,15.75276921
27901,1.0,159628.0,1460.85,1.29567934,16.32087585
27902,2.16,269426.0,2349.02,2.913314392,16.43110168
27903,0.86,258729.0,2020.06,2.894306998,14.98589473
27904,1.1,265030.0,647.06,1.572806781,15.75491903
27905,1.66,242779.0,2080.88,2.255726712,15.70902062
27906,1.57,361312.0,2139.72,2.905559954,14.10447662
27907,2.27,114947.0,1116.83,3.040270164,14.86826135
27908,1.02,384595.0,1906.84,1.557656092,16.17375185
27909,1.03,145026.0,586.86,3.061264487,16.22354002
27910,0.34,391161.0,1958.19,3.149045909,13.75493462
27911,1.28,151744.0,1493.98,1.93941963,13.06156886
27912,2.04,351099.0,1888.49,1.843118524,15.46845643
27913,1.26,386146.0,2051.0,2.846249307,14.96794107
27914,1.84,278217.0,834.95,1.022401486,16.31907844
27915,1.17,369729.0,1878.91,1.892689269,15.59330821
27916,1.14,159574.0,2185.62,0.920593313,14.92010517
27917,1.57,134635.0,2310.68,0.197419721,15.81899853
27918,2.03,371347.0,1264.41,1.597420993,12.6270208
27919,0.81,351144.0,1795.91,2.132453992,16.39892294
27920,1.03,269977.0,1942.46,1.975723416,15.30650877
27921,1.34,139133.0,2059.75,1.183957408,13.63751415
27922,1.08,353489.0,2277.15,2.630198475,12.57027125
27923,0.63,160444.0,2258.33,0.813779333,17.08692294
27924,0.28,155619.0,2533.45,1.903568823,17.19951963
27925,1.5,267852.0,2003.98,3.739178115,17.11842914
27926,0.47,264272.0,2242.1,1.43104594,14.39269714
27927,1.51,373713.0,712.72,1.317729121,13.2002419
27928,1.49,345403.0,1355.12,0.929077883,14.44346908
27929,0.55,258731.0,1859.32,0.292784543,15.7690337
27930,1.73,354629.0,1850.49,3.698801494,15.96249748
27931,2.31,246681.0,1748.99,1.28526303,15.29398524
27932,1.13,271855.0,1365.38,2.561771846,14.59164213
27933,1.39,349269.0,1823.1,1.188757948,15.2323898
27934,0.86,147901.0,1271.87,1.491892272,14.6781708
27935,2.64,364528.0,1786.01,1.578916334,14.58368624
27936,2.09,173479.0,1284.39,2.000283913,17.67520124
27937,0.81,388856.0,2000.54,2.621296389,14.73461937
27938,3.06,140888.0,2182.43,0.745600436,15.63029819
27939,1.36,262297.0,1232.86,1.061576644,15.36509854
27940,0.55,345853.0,1311.24,1.650673865,15.85823399
27941,1.83,252990.0,1832.24,2.822648873,16.05526896
27942,1.33,261402.0,1949.26,2.128632071,13.85438919
27943,1.26,274153.0,1833.84,2.14369725,15.82750216
27944,1.76,365229.0,1873.89,1.565312893,15.91316657
27945,0.92,252274.0,2335.94,-0.057011486,13.74950404
27946,1.08,384235.0,1264.67,0.003731265,15.14178373
27947,1.15,158604.0,1944.55,1.914710466,15.96740819
27948,1.26,346429.0,1772.72,1.723801745,13.43983819
27949,1.75,141065.0,714.21,3.951204817,16.70791899
27950,0.3,365253.0,974.5,1.200662289,12.61571414
27951,0.72,372461.0,1316.95,4.911027517,15.35001212
27952,2.18,369424.0,2207.66,4.25107454,12.80484355
27953,0.79,388735.0,1299.06,3.819635293,13.67418124
27954,0.62,357429.0,1798.9,3.471417952,16.21116379
27955,1.76,268088.0,2295.16,2.620864638,15.85607384
27956,2.42,137657.0,1798.09,3.057522111,16.45852563
27957,1.44,167999.0,2186.88,1.606562491,15.86744147
27958,0.65,149047.0,2295.08,1.486841838,15.79811765
27959,1.15,166553.0,1885.13,2.331860931,15.98014372
27960,2.01,129901.0,2324.67,2.055868255,16.70187785
27961,5.43,363736.0,1862.51,1.123108505,14.53078381
27962,1.09,375124.0,1957.52,2.479127111,16.51699428
27963,2.39,367950.0,1428.35,1.137182835,11.87418402
27964,1.11,382878.0,1136.12,0.131540561,15.30769675
27965,0.45,253903.0,1968.89,1.874616793,16.90595289
27966,0.75,124669.0,1289.22,1.22779973,12.72466317
27967,0.76,361475.0,727.85,2.043028306,12.52290477
27968,1.05,274284.0,1802.74,2.722633126,14.59182078
27969,1.99,386043.0,2375.46,2.978951928,14.08350324
27970,1.12,386177.0,1839.16,1.553603358,12.56815695
27971,1.56,264014.0,2088.19,2.495425763,11.2583727
27972,2.59,366283.0,1887.45,4.463568,13.88838762
27973,0.31,165596.0,636.47,0.857922907,15.60741484
27974,1.53,128091.0,1544.92,1.722634666,13.8414257
27975,0.09,155548.0,1549.33,1.736202776,16.85547284
27976,2.2,160521.0,951.24,2.085671423,16.53361724
27977,2.96,155805.0,821.65,3.750498211,14.79246586
27978,1.0,350191.0,1529.99,1.219147507,15.59632706
27979,1.31,140780.0,1861.66,3.541652012,15.94893738
27980,2.06,138089.0,1914.0,1.730554355,16.04251886
27981,1.49,393463.0,1994.07,1.852043615,15.84248757
27982,1.91,371681.0,2219.96,1.119488864,15.12032821
27983,1.82,355255.0,1453.4,1.09715244,15.31895989
27984,1.6,133060.0,924.66,2.668154189,15.21939416
27985,1.0,363579.0,1297.56,4.072714638,14.85187358
27986,0.59,373445.0,1824.52,1.991239074,13.7346218
27987,1.7,145529.0,1824.49,1.791219592,16.8479869
27988,1.95,360929.0,2179.62,3.332316,15.99839672
27989,2.46,243569.0,1744.7,1.884810771,12.82103562
27990,1.2,150061.0,2165.65,1.841015367,13.6664809
27991,0.72,384567.0,2440.83,3.417844952,15.68051727
27992,0.78,362536.0,1602.28,2.286366841,13.70563617
27993,2.17,248454.0,677.88,1.255933519,14.67546382
27994,1.83,357958.0,2243.47,2.877826233,14.98908496
27995,1.71,344276.0,751.08,1.342194711,15.57334747
27996,1.23,135098.0,1423.34,3.683258712,13.77153841
27997,1.97,345381.0,1920.43,1.877574946,13.70042083
27998,0.82,147301.0,1824.38,1.085697574,16.06816643
27999,1.01,149618.0,1872.15,1.659697648,14.32647895
28000,1.67,135217.0,1219.35,0.79029446,15.58421726
28001,1.56,367457.0,2022.39,2.814075443,14.98767351
28002,1.27,367556.0,2402.73,3.068587849,14.55306249
28003,0.82,247128.0,1806.4,1.542276642,16.20031999
28004,0.75,234095.0,1482.13,2.144524946,15.49078983
28005,1.61,134272.0,1862.32,0.520085567,16.07507665
28006,0.99,373719.0,2290.47,2.183750847,14.29889872
28007,1.45,356658.0,1878.45,2.830663977,15.85128262
28008,3.01,372385.0,770.03,1.372361129,13.19031083
28009,1.03,365622.0,1779.61,1.977963872,15.07323384
28010,2.14,268737.0,1651.05,1.859156173,15.61754473
28011,1.4,163285.0,2326.68,1.548960152,12.0075636
28012,1.88,346820.0,1857.93,1.964728151,15.47618904
28013,1.25,374539.0,1622.76,2.584313674,14.91133043
28014,0.61,352600.0,1963.61,2.263729122,16.18340386
28015,0.98,382103.0,720.0,2.625103923,15.18401225
28016,2.54,150620.0,854.23,0.800549792,15.23625093
28017,1.87,395381.0,1429.97,1.021317715,13.45497075
28018,1.54,363222.0,2364.6,3.026336206,13.95754988
28019,2.92,153564.0,1603.58,0.372075115,14.20530704
28020,1.54,263133.0,1939.39,2.689030503,14.83461526
28021,2.3,153215.0,2317.18,1.844017768,16.343075
28022,1.86,276116.0,1705.24,1.319609393,15.7445357
28023,1.15,372646.0,842.72,0.968828928,15.75846041
28024,2.15,351736.0,1830.62,2.098706192,15.9544292
28025,2.63,177101.0,1812.02,2.86951797,15.23408641
28026,1.85,375574.0,976.91,1.827035945,15.63983018
28027,2.1,145169.0,2375.54,1.843285173,15.09774047
28028,0.61,161299.0,1810.4,2.013989563,15.42688348
28029,1.59,235557.0,1750.14,2.990015779,15.50247832
28030,1.48,156056.0,1464.83,0.825940731,13.66032726
28031,1.24,134076.0,1380.46,1.426235161,15.82816419
28032,1.64,387031.0,2175.72,1.511721865,16.93537082
28033,1.11,130039.0,1634.69,1.313840593,14.27150878
28034,2.35,354230.0,1470.92,1.234485717,15.77018565
28035,1.35,147046.0,1011.72,2.868988621,13.61710655
28036,1.37,278043.0,2343.47,-0.224713176,15.02345608
28037,0.67,386034.0,1954.68,2.044500298,13.50789968
28038,0.1,133206.0,1814.84,2.735550126,11.72234854
28039,1.89,146935.0,1638.85,1.548358277,17.14763698
28040,1.1,362344.0,841.79,3.048633478,15.4272477
28041,1.25,177801.0,1144.03,1.40768687,14.81335864
28042,1.1,368616.0,2386.72,0.348082123,15.44766711
28043,1.15,372873.0,2222.67,1.729103758,16.66066602
28044,1.09,147781.0,1926.83,3.290027346,13.34976481
28045,1.21,342785.0,1685.62,0.456090114,15.95113198
28046,2.73,254730.0,2180.0,3.008492362,13.17146966
28047,1.46,259439.0,2035.41,1.791399049,15.90487683
28048,0.47,163292.0,1888.29,1.52744665,14.06615415
28049,0.76,399875.0,2027.45,3.516239709,16.67643904
28050,0.98,357172.0,743.51,1.180053319,15.16469754
28051,1.92,370639.0,1801.09,2.908732808,16.27447832
28052,1.01,351303.0,679.53,1.652663112,15.48026056
28053,0.9,363929.0,1814.88,2.570380584,13.62530853
28054,0.98,252537.0,2288.57,3.743338255,13.88688305
28055,2.07,372408.0,920.87,1.855253138,15.56973772
28056,1.35,347939.0,2567.93,1.955033462,14.40559659
28057,1.77,273521.0,1603.04,2.883043071,13.64220728
28058,1.38,357446.0,1877.62,1.08520365,16.21417681
28059,1.79,345065.0,1180.51,3.990430087,16.44824481
28060,1.27,163414.0,1905.17,2.057513115,15.29294046
28061,1.08,135243.0,1307.79,1.839055433,13.19743531
28062,0.86,380521.0,991.3,0.911584945,13.19508781
28063,0.21,394316.0,1475.98,2.588012376,15.37055927
28064,0.94,254664.0,1854.96,2.0265984,16.38367075
28065,1.07,374264.0,1912.51,1.493021348,15.5177287
28066,1.77,370413.0,1753.64,3.779158445,15.79005725
28067,1.52,357519.0,1892.64,1.684505396,16.28737255
28068,2.26,394361.0,1854.73,1.34498194,16.53396611
28069,0.87,381510.0,1897.8,0.627997414,16.79085006
28070,0.99,249155.0,969.03,1.698912642,14.87321745
28071,0.28,134917.0,2434.65,2.24348405,15.62171079
28072,1.1,156093.0,1725.84,2.318120393,15.59654856
28073,2.44,347545.0,1707.19,4.588494413,13.49411897
28074,1.66,133532.0,1218.93,3.710672676,17.27072107
28075,0.75,397532.0,2698.59,2.088282274,17.73027397
28076,0.85,164549.0,964.44,2.311667143,16.00498117
28077,0.89,397386.0,586.86,2.789251271,16.82464151
28078,2.32,128662.0,1837.68,1.938563984,15.708079
28079,2.16,144043.0,2068.28,3.63164925,14.61692151
28080,2.16,257798.0,1921.56,3.036584048,13.71037224
28081,0.86,401119.0,1914.17,1.248770346,15.57747248
28082,1.43,375121.0,2490.48,1.286858905,16.19403836
28083,1.76,147549.0,1729.86,3.028767651,15.79884032
28084,1.92,350780.0,2528.61,1.076597641,15.13256565
28085,1.14,367261.0,2237.9,1.954121167,12.53129142
28086,1.41,146214.0,1820.09,1.183167091,15.51632021
28087,0.33,354920.0,824.48,1.599450688,15.81422706
28088,1.98,147838.0,911.16,1.52738977,14.9426628
28089,1.13,386991.0,1134.53,2.075228602,16.79341324
28090,1.48,333066.0,1960.82,1.434201734,14.51691482
28091,2.44,139755.0,1837.39,0.697992309,15.03864929
28092,2.32,373647.0,2198.43,3.728099859,16.73565944
28093,1.75,375594.0,1931.64,1.406470529,15.35127771
28094,1.47,375895.0,2585.9,0.089036011,15.46119875
28095,2.55,256181.0,2438.66,1.588000655,15.20033711
28096,1.06,387914.0,649.99,4.12174529,15.64485324
28097,1.35,362053.0,1767.12,4.136369508,12.78401906
28098,1.15,367428.0,1001.7,1.331451926,15.17063965
28099,2.1,375093.0,2392.63,1.436539471,15.90298929
28100,1.59,350061.0,1776.33,1.153743618,14.39239136
28101,0.42,145816.0,1654.59,1.766515488,13.297612
28102,1.89,266597.0,2170.69,1.553236775,15.41224647
28103,1.34,360481.0,1040.04,3.673608972,16.62593092
28104,1.9,362909.0,1834.8,2.950742716,14.81873694
28105,4.86,345947.0,1966.18,3.686025469,15.49891232
28106,0.79,349920.0,2043.46,1.186400336,15.88412309
28107,0.82,368895.0,2596.25,1.746979666,15.85498085
28108,1.41,379983.0,1534.88,3.274998055,16.33423784
28109,1.74,266748.0,2142.36,4.318003247,16.67947471
28110,1.31,270400.0,2341.91,2.61282805,14.35635857
28111,1.33,149477.0,1963.74,2.08665444,13.73623631
28112,0.85,165845.0,727.03,3.65527687,15.61884463
28113,1.84,159827.0,692.88,2.513051927,15.61217477
28114,2.68,359250.0,1216.91,1.795751624,16.12971881
28115,0.52,360070.0,1971.95,2.531950512,14.46878233
28116,1.93,381244.0,1850.42,3.635037567,16.26268679
28117,1.19,367326.0,1971.49,2.305275613,16.19984692
28118,1.69,363146.0,1717.28,2.207740862,14.31361458
28119,1.66,150217.0,2140.3,3.050500371,15.57582201
28120,1.45,120309.0,927.18,2.219682504,13.59543676
28121,1.65,144581.0,855.84,2.909817541,16.34961377
28122,1.8,145270.0,1777.66,1.568369842,15.59864591
28123,1.08,365250.0,2388.9,1.04078952,14.21057378
28124,2.0,280145.0,2154.5,0.84043654,13.83650636
28125,1.06,129612.0,2536.81,2.82552357,15.4632728
28126,1.3,360695.0,1733.21,1.750957725,15.89404666
28127,0.82,145288.0,2302.15,1.633147644,12.99768039
28128,2.47,140677.0,2403.2,3.483956873,14.02717213
28129,1.83,361362.0,1818.77,3.847954093,17.73027397
28130,1.86,246603.0,2504.27,0.922413901,15.45822129
28131,2.71,342456.0,1687.15,1.013360953,13.80332039
28132,2.02,128912.0,1752.14,1.517887193,15.53294093
28133,1.4,136932.0,3047.82,2.21885485,15.51035696
28134,1.22,390285.0,2480.02,3.911358059,15.96726462
28135,2.42,367075.0,1831.37,0.764432733,13.87995936
28136,1.49,269404.0,1749.53,1.303298027,16.19428147
28137,2.04,362026.0,2241.52,3.275554278,14.16727262
28138,1.05,178827.0,1645.07,2.287384705,16.17389609
28139,2.27,154161.0,791.67,1.059750446,15.49936696
28140,0.95,372690.0,1002.86,0.103795317,12.69806805
28141,2.43,140817.0,786.95,1.061434701,12.359627
28142,2.22,129980.0,1932.04,1.595583192,15.90900555
28143,1.06,144643.0,1191.96,3.208840506,16.50521717
28144,1.28,380176.0,1267.72,1.478819679,14.501139
28145,1.06,366626.0,880.71,2.876317087,17.52631501
28146,2.83,267729.0,2311.94,3.155729057,13.81029443
28147,1.19,376005.0,2139.74,1.689422771,17.28538994
28148,0.94,397340.0,2289.5,1.642823511,12.05676692
28149,1.24,370422.0,2246.3,2.031496418,15.91144418
28150,0.72,378740.0,1760.78,2.808626524,14.19965677
28151,1.51,365599.0,2093.71,2.446461763,16.15612257
28152,2.06,359774.0,1754.33,4.379601177,15.17999469
28153,0.77,375880.0,2366.4,3.261050172,15.24164365
28154,1.06,240702.0,1155.73,2.176231908,14.78331369
28155,1.3,150220.0,1736.23,3.588749873,16.71058999
28156,1.28,368174.0,1192.88,2.227650016,15.84354671
28157,1.82,379471.0,1892.25,0.225147531,15.69109681
28158,2.59,354515.0,602.66,2.819119255,14.79279577
28159,0.98,270633.0,954.89,2.36794464,13.87230029
28160,0.69,165434.0,1879.9,4.064353879,15.78544732
28161,1.73,367054.0,1979.06,1.012827001,15.95253475
28162,1.92,130635.0,838.63,1.392023094,14.1293762
28163,1.74,256250.0,2135.03,2.186096417,15.98816188
28164,0.29,357124.0,1793.57,1.470914534,14.36401395
28165,2.46,158708.0,1898.65,1.326220815,16.30911804
28166,1.25,357994.0,1952.91,1.814857579,15.98770644
28167,0.73,150738.0,2610.16,2.051699069,14.78763545
28168,1.82,399993.0,2013.26,1.727303359,17.17935326
28169,1.53,267480.0,1763.48,1.966785116,13.54179471
28170,1.13,274279.0,1873.44,0.642364932,15.0021838
28171,1.7,251417.0,1318.79,4.19126498,16.16590012
28172,1.6,340133.0,1105.39,1.653859174,15.2414709
28173,2.12,401119.0,1897.91,0.623869105,15.16711338
28174,2.71,141446.0,920.79,-0.116961491,15.52624993
28175,1.49,256307.0,2164.26,3.125124433,17.34295085
28176,2.44,146856.0,1541.55,1.268393877,14.73129775
28177,2.26,358884.0,1251.0,2.086487648,16.05257066
28178,1.6,147367.0,1810.87,1.397022225,13.03789958
28179,1.07,134994.0,894.83,1.466907457,15.28185077
28180,0.61,371350.0,1830.62,2.026380375,16.15155418
28181,1.43,166709.0,1803.24,3.001119206,15.44232202
28182,2.0,147476.0,1861.46,1.376342495,14.2343449
28183,1.84,382016.0,844.65,0.835539106,15.29207641
28184,1.38,362271.0,2259.98,1.704002074,14.36213697
28185,1.01,372750.0,1991.82,2.223947714,15.82965842
28186,2.64,392912.0,892.33,1.366217214,15.02443501
28187,2.61,379178.0,1840.31,1.710734801,17.37443602
28188,1.91,271582.0,1751.59,1.584019259,16.37631472
28189,1.12,143619.0,1790.45,2.707910725,16.44161159
28190,1.5,372539.0,998.41,2.526673464,13.72143151
28191,3.99,366320.0,1817.31,4.48210617,15.09519444
28192,2.42,166375.0,1574.44,1.948313798,15.59005544
28193,1.76,146082.0,2011.64,0.765555106,16.03991322
28194,1.16,265324.0,2161.32,1.091774107,15.79997415
28195,1.42,258023.0,2317.39,1.577505579,15.24290948
28196,0.76,269721.0,1485.25,4.285166935,14.80330839
28197,2.31,259479.0,2780.09,2.479823667,14.16963682
28198,1.1,261433.0,819.53,1.880410419,16.33171945
28199,1.73,343231.0,1402.05,2.122153454,15.47870863
28200,0.86,378542.0,1772.03,4.565434347,16.06131434
28201,1.87,401119.0,1968.68,1.201907129,15.44616759
28202,1.99,361221.0,2245.4,3.341293379,14.80896601
28203,1.19,278134.0,1029.84,2.155135968,13.48313969
28204,2.84,339432.0,837.18,1.46473986,16.34681922
28205,1.35,130886.0,2077.01,0.999684393,17.18225377
28206,1.29,381084.0,2349.85,-0.018798742,15.10779348
28207,1.53,375973.0,1950.68,3.992929197,17.22247714
28208,0.49,359368.0,844.84,1.202642776,11.87107448
28209,2.51,356233.0,1477.94,2.776722332,16.31670359
28210,1.83,354430.0,1110.56,2.554848814,15.73219544
28211,1.42,154838.0,1886.99,1.416783211,16.04597274
28212,2.11,363526.0,1160.22,1.419761321,15.55808468
28213,1.4,376064.0,1791.27,4.474010722,15.28681144
28214,1.73,172971.0,3047.82,1.937883837,12.8379239
28215,2.18,357164.0,1132.1,2.934057518,12.82913915
28216,1.56,380675.0,1707.39,1.827986098,16.16220833
28217,0.63,356049.0,1002.83,1.177942742,13.19771178
28218,1.77,382148.0,1815.39,1.551402208,15.6684497
28219,1.53,156023.0,1522.06,1.663396648,13.20550375
28220,1.19,367843.0,2618.7,1.321800739,12.75366746
28221,1.58,373703.0,1947.95,4.867096985,15.12000102
28222,0.86,353884.0,1149.38,3.308593808,17.36442882
28223,1.13,141670.0,803.07,1.062339982,14.82237949
28224,1.61,253438.0,1771.76,1.29539964,13.6247891
28225,0.99,367544.0,1999.98,3.23574559,12.58465172
28226,1.17,374726.0,1903.21,3.5367265,16.22584411
28227,0.36,367229.0,2299.95,4.147334667,15.8449941
28228,0.52,256931.0,1922.14,2.024445382,14.43112359
28229,1.15,381019.0,1574.85,1.280911943,15.68525692
28230,1.93,374522.0,1533.37,2.143017903,15.07898008
28231,1.8,377419.0,1489.16,1.696730052,16.07156857
28232,1.41,251832.0,1283.61,3.475701993,13.05841092
28233,1.28,157020.0,1867.86,4.817747665,15.60663964
28234,2.53,371318.0,1835.44,1.244047745,13.3655533
28235,1.8,334565.0,1233.8,0.420193434,15.05681915
28236,0.77,250176.0,1780.31,3.42972377,16.00098288
28237,1.27,331557.0,660.81,0.598336561,15.86504608
28238,1.15,368045.0,2220.28,2.424641411,17.41478439
28239,1.88,141552.0,652.7,1.890811813,13.74022664
28240,1.4,137979.0,1291.37,2.917620401,13.52113112
28241,1.05,121914.0,2388.98,1.097461909,16.58996067
28242,2.52,137221.0,1880.42,-0.307923796,14.31102169
28243,1.03,351061.0,1898.68,2.953028347,14.6444839
28244,0.31,127592.0,1680.98,1.724756779,14.12597581
28245,2.29,365990.0,1819.96,4.112909582,13.93503098
28246,1.21,358470.0,947.9,1.967383664,14.45727006
28247,1.39,354835.0,1760.07,1.488259016,15.77690562
28248,1.61,391205.0,900.34,3.671591884,16.09929418
28249,0.95,376661.0,1834.29,0.97041263,15.92815478
28250,1.0,371185.0,1291.23,4.612962619,16.99628331
28251,1.82,388075.0,1850.1,1.087688705,13.57789473
28252,1.76,139840.0,888.98,1.514010563,12.00753645
28253,1.54,364169.0,2052.2,2.914801274,16.59944865
28254,1.25,385581.0,2470.05,3.691584151,16.48339791
28255,1.21,117022.0,2384.57,1.458031591,15.64159522
28256,1.25,393611.0,839.19,2.264916629,15.21791948
28257,1.2,389559.0,2544.59,1.497349903,14.01072952
28258,1.77,130286.0,906.72,1.633149159,15.92157042
28259,1.58,378087.0,1358.61,4.124385902,13.94494387
28260,1.58,374900.0,1867.38,1.986919365,13.60869222
28261,1.66,362166.0,1802.18,1.854200368,16.15435342
28262,2.17,386189.0,1793.49,2.870579,15.57571226
28263,1.72,159786.0,1022.15,1.778955095,13.63869458
28264,2.66,136448.0,2424.69,3.393649081,15.85247439
28265,1.82,153522.0,1895.51,2.360508613,13.26583333
28266,1.6,377107.0,2309.84,1.938264849,15.12923216
28267,1.55,383536.0,1041.42,2.471393089,14.31585973
28268,1.22,155657.0,2191.64,1.417676373,14.04430205
28269,1.29,246262.0,1896.98,3.309256386,14.954238
28270,2.13,357680.0,719.13,2.640716393,13.47131807
28271,1.36,366721.0,1938.03,1.982802597,15.35748332
28272,2.34,263838.0,931.66,2.835018037,15.32834221
28273,0.09,147562.0,2141.79,0.571913809,15.64591111
28274,1.02,257075.0,1824.32,1.544599043,16.00952454
28275,2.75,129060.0,1650.55,1.521179668,15.49411365
28276,1.27,372061.0,1906.92,3.754397786,15.36413447
28277,1.76,117524.0,1300.45,1.662435822,13.70956521
28278,1.78,255191.0,2259.02,3.585968499,15.99292312
28279,1.14,264116.0,2392.05,3.363533252,12.83036706
28280,1.38,391058.0,1622.83,3.667094702,13.5891791
28281,0.31,386865.0,2389.75,3.969381355,14.18466764
28282,1.31,166541.0,1073.79,0.644786473,13.60896309
28283,1.66,152977.0,1835.6,1.136034025,15.33310461
28284,1.8,369121.0,2152.47,0.990946668,16.00051811
28285,1.0,339003.0,1010.51,0.625057574,15.68429484
28286,1.93,160566.0,2258.2,4.029735209,15.5199522
28287,1.4,139568.0,1671.16,3.324859181,15.22141772
28288,2.27,146031.0,1883.42,3.149924816,15.63797927
28289,2.02,369279.0,1873.63,4.50850331,15.47864509
28290,0.56,375856.0,2014.87,3.315383405,16.24217574
28291,0.4,151931.0,1702.83,2.137177407,12.35334482
28292,1.68,373709.0,1487.17,1.849250266,16.42979822
28293,0.97,372226.0,1895.37,1.620421121,13.712991
28294,0.71,360972.0,1811.56,0.928801613,14.27577319
28295,0.4,389759.0,811.55,2.92361111,14.3326279
28296,0.91,263421.0,1824.88,1.741293026,15.01833691
28297,0.59,256673.0,1662.84,4.27696601,15.94162225
28298,2.02,353962.0,1927.68,3.627224885,15.41006603
28299,1.12,387515.0,1608.08,1.817534609,16.43764498
28300,0.38,378849.0,1969.12,3.107401339,13.64017593
28301,0.0,374444.0,2173.12,3.087708221,17.7258382
28302,1.1,142612.0,1489.63,1.704210303,13.46620207
28303,0.87,367063.0,2195.18,2.016700077,12.97916387
28304,1.34,376833.0,2357.87,2.010555107,13.64169887
28305,1.35,156599.0,2018.49,1.52406698,14.16619837
28306,1.36,156129.0,1910.56,2.404826611,14.77335843
28307,1.5,140234.0,2266.41,2.659625864,15.54444119
28308,1.19,364761.0,1591.5,1.578505669,15.40608468
28309,1.89,371711.0,3002.56,1.619376619,14.98518208
28310,0.85,271838.0,1592.23,1.242983461,16.38890701
28311,0.95,385868.0,1811.52,1.886344587,17.14528742
28312,1.28,390060.0,1880.84,1.657025797,15.75823405
28313,0.59,148420.0,2246.69,3.89941882,15.73293622
28314,0.9,353989.0,2452.55,0.885747004,15.70425614
28315,1.46,169288.0,708.93,1.510159887,16.67168832
28316,1.84,364273.0,1241.35,-0.250193966,15.45142463
28317,0.92,166926.0,1754.62,1.451358849,11.49535937
28318,1.21,240376.0,1993.99,4.337430572,16.07488958
28319,1.64,377725.0,1298.94,3.229643354,15.22084045
28320,2.3,147086.0,962.06,1.833652961,13.87166183
28321,1.58,141028.0,782.04,1.584317786,12.42511972
28322,1.66,159190.0,1207.72,1.781405851,14.23185326
28323,1.31,366661.0,1366.45,2.312295095,14.11295701
28324,0.92,360902.0,2040.12,1.700697642,12.06068497
28325,2.58,355014.0,946.0,1.525511633,14.99471383
28326,1.41,356290.0,2059.32,0.250324413,15.10985425
28327,2.08,227536.0,2379.78,1.557060746,12.8256343
28328,0.46,387777.0,1940.88,1.518067223,15.42103256
28329,1.72,142794.0,1607.12,0.650707417,15.80228719
28330,2.54,384952.0,2835.72,1.87297804,15.37932472
28331,1.54,366852.0,1910.18,4.330863316,12.73833327
28332,1.79,145948.0,2745.88,2.102197811,13.1958689
28333,1.32,377180.0,2260.64,0.776928029,15.2548271
28334,0.4,387483.0,2697.69,1.89604984,16.26743113
28335,0.82,283900.0,2973.46,2.224050411,12.4813423
28336,1.58,249682.0,1853.49,0.648682848,13.59350155
28337,1.57,136060.0,619.2,0.275051707,15.47033023
28338,1.14,145309.0,776.76,2.609852039,14.96823818
28339,2.66,249738.0,1708.41,1.482926955,12.63029591
28340,1.52,153442.0,1048.64,4.33765532,13.69695391
28341,1.68,134851.0,1955.97,3.213009626,13.07165146
28342,1.98,291118.0,586.86,1.874417115,15.98732404
28343,0.93,370781.0,1942.63,2.039858023,16.26881336
28344,0.73,359536.0,1744.0,1.002299406,16.00784223
28345,1.91,132690.0,1938.06,1.805330837,14.79387749
28346,2.62,381993.0,866.24,1.432783853,13.06039394
28347,1.33,389929.0,1933.27,1.247846666,16.03546682
28348,1.73,363309.0,1789.97,1.285757063,14.82115447
28349,0.65,392349.0,2204.53,2.045640696,14.00497895
28350,2.32,382492.0,846.78,3.695967069,15.63319309
28351,0.54,369509.0,1584.21,2.359702607,15.87662448
28352,1.96,366030.0,1797.65,0.458218435,16.043257
28353,2.55,367647.0,2453.66,1.019291827,15.69591808
28354,1.86,360276.0,1879.72,1.937485384,15.48320073
28355,1.32,375749.0,892.67,0.987955896,14.93989492
28356,1.47,241130.0,1448.46,1.766398008,16.34556609
28357,1.42,372252.0,1726.2,3.979010731,13.64036417
28358,0.55,263819.0,1862.05,4.3378567,16.68017137
28359,0.97,373209.0,2001.94,1.479704683,15.6867859
28360,2.1,142690.0,1830.68,-0.037631448,14.9186045
28361,1.72,250062.0,2456.13,1.407336331,15.96488582
28362,0.97,165915.0,1923.36,1.552454129,16.88531356
28363,0.73,380883.0,2428.09,2.752603443,16.8060785
28364,2.14,349026.0,1375.47,3.110470187,13.29874061
28365,1.86,351465.0,1811.36,1.360286604,16.39166707
28366,1.03,257553.0,1105.26,1.17798845,15.82009276
28367,1.23,363206.0,1071.74,2.78464608,15.21945121
28368,2.33,171015.0,1758.15,2.39480411,16.10306363
28369,1.98,126749.0,1968.56,1.900008221,14.79810303
28370,1.44,376508.0,2563.84,2.967900866,14.97552716
28371,0.75,367908.0,2455.33,2.230249896,15.16899929
28372,1.2,139671.0,984.57,4.849704614,15.07809677
28373,2.6,143009.0,1783.77,1.15630284,13.40439361
28374,1.29,364519.0,752.58,2.542497739,17.44988332
28375,2.25,376448.0,1746.09,0.90371795,15.41777232
28376,2.46,151177.0,810.78,4.250216893,14.1466565
28377,2.19,171749.0,1849.77,4.623669191,13.1709794
28378,0.9,391507.0,1699.64,4.283690442,15.49728014
28379,1.22,267364.0,796.63,2.151016501,17.13084571
28380,0.57,142368.0,715.41,1.13120381,14.067202
28381,0.93,248455.0,938.85,1.560949598,16.00222767
28382,0.48,390141.0,1906.67,0.982508013,12.65788438
28383,1.19,265581.0,1815.19,1.100087964,15.56691763
28384,1.3,384397.0,721.72,2.261472323,15.61864964
28385,1.6,275896.0,1669.56,2.002692393,11.56785501
28386,0.96,157373.0,1836.24,1.603968072,13.89677408
28387,0.49,178173.0,1806.76,2.709795733,14.82475377
28388,0.07,341750.0,1604.36,3.02611402,15.50210361
28389,0.66,169627.0,921.9,1.607395375,15.23808866
28390,1.49,257199.0,1308.36,2.11518278,16.3254958
28391,0.46,367486.0,1492.5,1.538997719,13.64157047
28392,1.05,363709.0,2237.51,1.997051221,15.79555631
28393,1.17,373534.0,1845.87,3.43464743,16.20695762
28394,0.72,144840.0,1772.25,0.982673096,16.08992204
28395,2.23,137180.0,859.68,1.745858637,15.99222931
28396,2.35,254540.0,1809.15,2.249483525,16.69778061
28397,1.83,264494.0,1578.34,2.12654358,15.81167857
28398,1.83,166095.0,1975.97,2.243106669,16.26462036
28399,1.3,234745.0,1823.0,1.650708826,16.49957872
28400,1.68,259838.0,2406.32,2.747036113,14.25343931
28401,1.28,360498.0,1144.19,1.336881368,13.96642704
28402,0.95,359620.0,1826.35,3.892107219,13.6753969
28403,1.52,348135.0,2166.57,-0.326393035,17.58762027
28404,1.39,170978.0,879.19,1.467388471,14.44757553
28405,1.17,361486.0,781.37,2.406622105,16.08398056
28406,1.84,354167.0,1058.99,0.965616922,14.29616929
28407,0.58,372185.0,2390.29,0.963218734,13.38980696
28408,1.42,357003.0,2230.92,2.917951852,16.71983458
28409,1.81,389937.0,640.21,1.437305195,15.33879828
28410,2.21,366247.0,1888.93,2.073068159,13.11634465
28411,0.76,379683.0,1793.03,0.322519717,12.23584721
28412,1.59,125272.0,1952.54,1.397948419,14.12207331
28413,2.79,122196.0,2133.27,1.335149679,15.28192658
28414,1.42,366099.0,2139.23,1.177024125,15.2087192
28415,1.84,144862.0,1225.39,3.286775012,15.64166979
28416,1.6,261436.0,2341.32,3.084726887,15.61211593
28417,1.86,243353.0,1978.59,0.085859184,11.2583727
28418,1.16,135684.0,1978.5,3.230846533,15.67587858
28419,3.46,153701.0,2430.31,3.130591851,15.9549554
28420,0.96,366924.0,1690.54,2.112235465,15.86470356
28421,1.38,377459.0,2216.66,4.312028442,15.67672485
28422,1.56,350417.0,2563.15,1.49787325,14.62627117
28423,2.33,247900.0,2183.89,3.374118654,16.65168559
28424,0.85,380640.0,1155.8,1.626433492,14.11614303
28425,1.29,233509.0,1291.6,2.854137777,17.70115313
28426,0.63,392419.0,2278.04,2.376068458,12.89632258
28427,4.85,151597.0,872.85,2.898047745,15.58048794
28428,0.87,270052.0,1737.18,1.237880019,15.45270173
28429,2.39,152949.0,1636.17,1.074082082,15.07262204
28430,2.03,344420.0,1823.57,1.77415036,16.14919835
28431,1.29,145150.0,888.35,3.546502542,15.20562247
28432,1.3,149361.0,1725.38,1.079066199,15.86947915
28433,1.14,387233.0,586.86,4.06829503,16.2202915
28434,1.09,255616.0,862.51,1.43883411,14.71041032
28435,5.1,123072.0,1750.26,3.057049053,15.75143741
28436,2.28,251891.0,2181.45,3.765358919,15.71077197
28437,0.73,124091.0,2262.62,3.506889299,15.01363667
28438,1.49,144095.0,1708.88,1.696730553,15.16347041
28439,1.47,401119.0,1860.82,1.454989824,16.68658018
28440,2.2,168748.0,1556.39,1.346629749,15.61778815
28441,1.43,168344.0,2436.39,1.477102221,16.38536147
28442,2.25,141095.0,2266.44,1.017804236,15.02510008
28443,1.24,246874.0,1058.92,1.433618011,17.0384462
28444,2.33,152795.0,2373.08,4.265789206,14.96486763
28445,1.93,394667.0,950.94,1.911625704,15.95421046
28446,1.04,359317.0,1810.77,3.953318751,16.78127376
28447,1.35,356969.0,1332.63,1.61490753,12.76302508
28448,2.82,342460.0,1620.35,1.339509156,15.0784364
28449,0.77,374831.0,1939.09,4.93924406,14.23786076
28450,1.84,244432.0,1846.23,1.938094044,15.69697903
28451,1.17,256569.0,2017.58,1.661001164,15.84782003
28452,1.77,375436.0,1881.62,0.455336831,14.13059017
28453,0.68,362237.0,1466.85,1.930301041,15.82690687
28454,1.68,383128.0,1810.95,2.22228841,15.91093499
28455,1.09,268582.0,1060.45,1.944660749,14.08671898
28456,3.34,140439.0,1163.48,2.750192257,16.87258948
28457,1.86,260572.0,795.45,1.537375347,16.11156772
28458,1.07,270937.0,1747.72,3.973103405,14.23716153
28459,1.24,155257.0,1846.96,2.738736783,16.11038244
28460,2.23,267973.0,2122.28,2.106700698,16.0490935
28461,2.24,369148.0,695.89,3.78810833,12.92051932
28462,1.07,373213.0,1615.11,1.790617912,13.77840659
28463,1.39,383575.0,1910.29,2.404437929,16.38154941
28464,3.79,352909.0,1194.51,4.603172294,13.33086276
28465,2.54,238586.0,1867.28,0.824201708,16.18161126
28466,0.92,388020.0,1403.6,1.799727876,15.06958622
28467,0.32,144064.0,2341.27,0.928830276,16.37020742
28468,1.27,126523.0,2300.34,1.742160655,16.93107823
28469,1.63,258608.0,1896.35,1.646358278,13.85132077
28470,2.12,267987.0,586.86,4.536032752,14.74366641
28471,0.94,153949.0,1312.24,1.745589202,13.24559159
28472,1.69,156290.0,1844.91,4.484481698,17.4146368
28473,1.71,126587.0,2474.89,2.133609747,14.23632852
28474,0.77,274548.0,1778.42,2.907199186,16.17209
28475,0.51,152297.0,901.57,1.921330433,13.49522025
28476,1.46,261201.0,2237.08,3.62050132,14.86997536
28477,0.8,359927.0,2392.24,0.742570293,16.25446566
28478,2.28,376216.0,1694.63,2.694957804,16.58672469
28479,0.56,373774.0,1375.66,3.94052972,13.9747301
28480,0.37,366419.0,1323.12,2.252859462,16.27080491
28481,2.66,257426.0,2250.23,1.883951244,17.17787526
28482,1.09,353473.0,1014.5,1.680244641,16.0554546
28483,1.63,376705.0,1929.53,1.99494486,15.92106657
28484,0.84,368756.0,1103.65,1.75909558,14.20670147
28485,1.59,136259.0,1850.72,3.401852847,16.42434413
28486,2.61,133064.0,1036.2,0.358148766,16.00884859
28487,1.07,267496.0,1737.08,3.781604695,15.74203795
28488,1.38,381413.0,946.49,0.960914077,14.45313988
28489,2.13,361102.0,2229.64,2.711114987,16.25499662
28490,1.26,262587.0,1846.25,4.398262079,16.71568612
28491,1.46,366576.0,2270.64,1.623022496,12.09077232
28492,1.56,236922.0,1402.22,3.087221916,15.8357953
28493,2.24,250209.0,2126.48,2.715942373,15.1773445
28494,1.44,366476.0,2307.5,2.322522567,14.27820595
28495,1.61,148437.0,1900.02,0.787938315,13.57037291
28496,1.72,361159.0,1786.45,1.492940844,16.83326152
28497,2.47,367835.0,2443.32,1.880592251,15.57837224
28498,2.11,382191.0,632.81,1.730939249,15.88220032
28499,2.01,337862.0,1739.46,2.35675201,13.21251473
28500,3.09,371828.0,1243.92,1.270444327,14.89890824
28501,1.6,129936.0,920.84,1.986154642,15.87395526
28502,2.23,257970.0,772.35,2.153473846,13.90968976
28503,1.62,156759.0,1992.77,1.498164704,14.09748771
28504,1.32,152690.0,1371.15,0.256169866,15.84118756
28505,0.64,155055.0,1802.46,1.543263884,14.50411143
28506,1.47,381700.0,1874.46,1.874105861,15.9207609
28507,1.33,161531.0,1074.54,2.145220742,16.29051144
28508,1.38,370511.0,2343.41,3.426019594,15.19346941
28509,1.0,364376.0,2070.18,4.357206548,16.88849745
28510,0.5,134502.0,1805.16,3.088475905,15.94264901
28511,0.33,379365.0,1507.73,2.102490527,14.35887672
28512,1.88,122434.0,1614.05,1.479116955,16.72972562
28513,1.41,253804.0,1280.77,2.302818938,15.90957372
28514,1.76,136071.0,2208.05,2.75113478,14.5208274
28515,1.44,256574.0,2447.46,1.823116031,14.32191124
28516,0.61,361984.0,1033.92,2.058233363,17.57700059
28517,2.02,393442.0,1214.61,3.547136664,17.06503905
28518,2.06,368917.0,2367.29,4.565943663,15.69742003
28519,1.17,366698.0,928.83,1.857266103,13.94386108
28520,1.09,149971.0,1322.88,-0.164856938,12.22891372
28521,1.28,346451.0,1720.13,2.888181271,15.46143583
28522,0.62,264234.0,2103.23,1.083517848,13.31732015
28523,2.06,366299.0,1623.37,1.934668149,12.94622348
28524,0.0,398648.0,1907.93,1.817014498,16.38272251
28525,1.75,164817.0,2482.23,2.966733898,14.29610814
28526,0.77,158493.0,1933.71,0.565900542,14.88978351
28527,1.4,354947.0,1905.3,2.581554825,14.6343501
28528,1.98,359018.0,1732.23,1.129953799,16.15032208
28529,2.26,390994.0,1326.36,1.955973228,15.49957221
28530,0.85,367282.0,2534.38,1.750212727,14.13518904
28531,1.73,152351.0,2336.8,1.272640495,15.38236978
28532,1.74,355997.0,1892.39,2.924262543,15.69643511
28533,2.28,338920.0,1128.19,1.692531752,15.26771293
28534,2.0,373552.0,2379.28,0.311768697,16.59052745
28535,1.2,144555.0,1799.66,2.706991874,16.22304762
28536,2.16,138811.0,2681.69,1.287748535,17.05740418
28537,1.76,146675.0,1915.26,2.023907035,13.68941648
28538,0.82,357816.0,1698.42,2.933295983,15.54423163
28539,1.11,384895.0,2527.42,2.778448434,16.06816132
28540,0.81,384735.0,1910.21,2.070967287,15.6808378
28541,2.02,353446.0,1340.54,3.022554792,13.51497951
28542,4.08,169033.0,835.53,1.248938416,16.23529775
28543,1.56,384913.0,824.97,0.837593789,16.66469518
28544,1.62,377868.0,1683.19,1.644539666,15.96337592
28545,0.5,389572.0,1822.08,0.173976621,16.06557953
28546,2.37,129639.0,1771.26,1.388669698,14.34234765
28547,2.76,383898.0,2094.72,1.601126571,16.1295153
28548,0.77,141159.0,2709.32,3.216277995,17.73027397
28549,1.5,230471.0,2063.52,4.56957264,13.72380716
28550,1.25,378947.0,1993.59,2.098679451,13.69992329
28551,0.81,145979.0,2397.18,3.434200067,14.20271327
28552,1.03,381512.0,1905.91,1.015903617,16.06534102
28553,2.89,365878.0,1684.1,1.914964728,14.54303297
28554,0.0,248188.0,2155.29,1.370873659,15.47406148
28555,0.65,260715.0,2892.73,4.738676872,16.65314837
28556,0.61,380010.0,2104.55,2.829453626,15.5153722
28557,0.97,149672.0,1423.48,2.693008785,15.14442585
28558,1.36,377571.0,1273.29,2.452388195,17.36332837
28559,1.78,249132.0,1337.14,1.255242943,15.59298794
28560,0.96,373377.0,736.08,4.392937729,16.2064321
28561,2.14,292003.0,1850.74,0.946178752,16.13326654
28562,1.49,242088.0,1871.71,1.72356522,15.50106264
28563,2.04,375472.0,2735.33,0.737628843,15.26016697
28564,1.97,251108.0,911.74,2.18988328,15.04507676
28565,2.21,391300.0,2062.32,2.115190759,15.76579562
28566,0.7,392230.0,1805.96,2.015856144,12.99101993
28567,1.16,119467.0,2599.42,3.078204948,13.42774696
28568,1.92,146045.0,1080.41,4.455066596,12.66759334
28569,0.79,383713.0,1873.51,2.878649501,15.23066897
28570,0.0,268662.0,1267.89,3.194592482,15.53614196
28571,1.19,242973.0,1264.86,1.925259208,15.78590009
28572,1.16,224378.0,1311.76,2.040819474,14.78327426
28573,2.14,378572.0,1505.61,4.604462001,16.39960305
28574,2.38,263708.0,1673.7,2.272333757,14.85429163
28575,2.53,156340.0,1770.68,0.79063869,16.34713927
28576,1.38,374841.0,1920.61,2.51269474,17.15893766
28577,1.62,146022.0,1422.91,1.435913933,13.26298795
28578,0.74,248199.0,839.2,1.595194874,15.05758248
28579,2.87,262750.0,1309.3,1.164048437,17.02548277
28580,2.11,244806.0,1774.6,3.432658997,15.41975774
28581,2.37,380020.0,1746.13,2.322221222,17.30273888
28582,1.09,353878.0,2153.37,3.182870382,12.07329065
28583,1.37,363913.0,2542.04,2.142910195,13.53635121
28584,0.51,385807.0,2367.57,2.151155983,16.11843748
28585,1.28,169815.0,2180.24,3.611934304,16.8529065
28586,1.4,243814.0,1908.64,2.845627177,12.61645057
28587,2.32,370514.0,878.07,1.74745342,15.9410551
28588,2.45,266634.0,2264.96,2.153451092,16.33023273
28589,0.76,234689.0,1088.13,1.396104354,15.17928831
28590,2.98,388588.0,1730.93,1.637975011,13.34862287
28591,0.98,156254.0,1142.82,2.14337147,14.22288522
28592,1.75,381222.0,1911.78,2.336645599,15.61238038
28593,1.69,364497.0,1233.54,2.527058054,13.09797476
28594,1.54,153807.0,2298.25,2.223344024,15.49306547
28595,2.2,364288.0,1276.26,1.918156622,14.73539383
28596,0.63,148460.0,1923.68,1.680352625,15.21764522
28597,1.58,126568.0,1634.75,2.001066705,14.49111805
28598,0.49,377425.0,1919.37,1.357601816,15.14704786
28599,1.58,366255.0,904.84,3.49217997,16.17618652
28600,1.69,276535.0,1780.57,1.442452807,17.31233896
28601,2.32,374063.0,1495.81,1.048031119,16.04325286
28602,1.58,357460.0,1955.96,0.92546189,15.86608481
28603,0.76,380912.0,1793.2,0.94863861,15.81854513
28604,1.3,261955.0,740.76,2.36394957,15.82585297
28605,2.55,114947.0,1352.75,3.186037745,12.23942996
28606,1.14,151118.0,668.89,3.704955434,14.12385427
28607,1.48,394175.0,2570.59,2.506557089,15.03744919
28608,0.94,352879.0,1962.22,1.714044849,16.26521529
28609,1.11,373969.0,1911.61,2.606482788,12.98538673
28610,3.05,161761.0,1499.12,1.928288412,15.91885064
28611,0.32,276572.0,1881.77,1.147069673,15.72944059
28612,1.4,144405.0,1730.77,1.070824018,12.81483573
28613,0.52,158714.0,2023.16,3.51183191,12.33183755
28614,0.63,347884.0,2220.36,1.576555943,13.75518485
28615,2.58,258019.0,2338.28,1.579995178,14.87622407
28616,2.27,146470.0,2055.06,1.286404072,15.3365005
28617,1.64,151023.0,2332.55,3.340138749,14.43737234
28618,0.56,247292.0,1913.22,4.384670813,15.9582477
28619,1.24,130133.0,1891.11,1.705182147,15.51518312
28620,1.62,161247.0,1496.49,3.27687333,15.76500684
28621,1.73,359946.0,2520.08,2.355222124,14.26975491
28622,2.31,281685.0,1932.11,2.710762684,16.1574372
28623,1.76,366479.0,1675.18,1.190464921,15.480433
28624,1.97,344345.0,1738.18,1.561195065,15.57541994
28625,1.43,401048.0,1308.63,1.909539494,16.02326155
28626,1.73,258278.0,1495.46,1.563898591,13.78151385
28627,2.04,146500.0,1225.61,1.927923004,13.6988552
28628,0.0,349251.0,691.35,0.956050231,12.99190441
28629,2.26,386643.0,2361.7,1.633793369,14.62344776
28630,2.56,373472.0,1839.21,0.436694847,15.53947477
28631,0.66,355879.0,883.09,1.781604557,14.41953475
28632,1.22,361974.0,853.6,1.551540799,16.84110573
28633,0.42,389935.0,2533.14,2.685687733,16.51255624
28634,1.88,388500.0,2207.47,1.255984892,15.97764526
28635,2.23,389622.0,1819.37,3.406428059,16.60393467
28636,2.14,366386.0,1379.19,2.35332501,14.27561703
28637,1.26,160844.0,2038.23,3.158722035,15.03756335
28638,1.12,368547.0,1808.03,1.903586529,13.47614855
28639,0.02,165258.0,1382.12,0.856659362,17.73027397
28640,0.89,378482.0,1943.46,1.534896984,13.36094595
28641,1.47,150985.0,1715.38,1.120737998,14.78121444
28642,0.64,372873.0,1743.34,0.77995091,13.50819194
28643,2.24,275998.0,1507.3,2.456088391,14.22610413
28644,1.5,384450.0,2832.57,0.809247526,16.12637538
28645,1.06,366776.0,1476.2,0.172685976,16.0492777
28646,1.38,365493.0,1439.24,3.328287477,17.19275561
28647,1.67,369353.0,1413.19,1.744323338,16.07388065
28648,1.43,376285.0,2376.07,1.968264007,13.1116396
28649,0.34,154861.0,643.24,2.330528983,16.36184794
28650,2.08,376345.0,1371.33,0.274150031,15.4504736
28651,1.72,395905.0,777.49,3.860621781,15.24334189
28652,1.09,349385.0,1775.1,1.242128294,15.52050073
28653,1.67,251602.0,798.29,1.893254321,15.40163864
28654,1.04,367420.0,1946.74,1.031316827,13.21550093
28655,0.0,365855.0,2368.18,1.292267064,15.34483014
28656,1.21,343174.0,2026.2,2.175838448,16.86192721
28657,0.92,141911.0,1793.41,4.631653558,12.19476672
28658,0.37,385431.0,2052.39,2.528065446,13.41310846
28659,1.18,139577.0,1869.34,2.276150325,15.4432304
28660,1.5,122802.0,1931.77,3.094889992,16.98722322
28661,1.48,339173.0,1150.73,2.110713407,13.97945223
28662,2.91,376276.0,1731.9,1.681595371,16.74438395
28663,0.35,358323.0,1945.33,2.923387367,15.04813319
28664,2.45,128423.0,2344.58,0.168025348,13.98790801
28665,0.9,381447.0,3047.82,3.111858664,16.59401998
28666,1.81,364956.0,1787.95,1.01273924,14.6537752
28667,0.46,366053.0,1411.68,1.635952609,15.79398752
28668,2.03,176200.0,2127.81,1.421361222,15.20095332
28669,1.37,123841.0,1784.44,1.260696192,13.50507708
28670,1.68,126925.0,1742.88,1.688427175,15.75912604
28671,1.89,393711.0,1978.33,0.767642182,17.73027397
28672,0.89,390522.0,1631.35,2.197977039,15.54064821
28673,1.33,352552.0,1685.91,1.872677921,16.07921526
28674,0.62,256185.0,1963.87,2.416058409,15.64874798
28675,1.5,140148.0,2579.52,1.78133907,13.31652739
28676,0.71,386719.0,1787.22,2.307276348,14.7317259
28677,1.67,237394.0,1241.18,4.219304244,13.32838876
28678,1.17,252067.0,1890.84,3.163549534,14.71272259
28679,1.34,392029.0,2016.36,0.592345194,15.44934028
28680,1.15,156049.0,1732.47,2.176548011,17.36000202
28681,1.76,153092.0,2446.05,0.324636613,14.94908732
28682,0.79,364327.0,1733.25,3.067421915,16.00113758
28683,0.78,373454.0,1890.98,1.687512976,14.79541491
28684,1.58,368717.0,1804.99,0.963082002,15.67220538
28685,1.75,375653.0,937.41,3.708599473,16.21168401
28686,1.25,155055.0,2136.77,1.370550781,15.16558486
28687,1.68,380277.0,1817.75,1.323251351,15.93112483
28688,1.56,382308.0,2583.73,0.789500915,16.25350846
28689,0.82,367950.0,1296.49,3.886525909,14.83776953
28690,1.88,364906.0,1560.93,3.044627497,16.02964755
28691,1.63,368597.0,2284.99,0.337087448,14.14028995
28692,1.42,256135.0,1534.75,3.008352714,13.90962363
28693,2.48,242137.0,1842.51,2.737992876,17.51878258
28694,2.13,350440.0,1642.16,1.61385134,13.18819833
28695,0.61,263028.0,1834.33,1.601273779,15.75009724
28696,2.05,374004.0,1437.38,1.737319579,15.02446847
28697,1.69,365177.0,2091.66,1.48894441,13.4451508
28698,2.59,263678.0,785.34,2.271540522,15.83486685
28699,1.11,349324.0,986.48,0.963775971,15.18944734
28700,1.42,396281.0,1408.93,1.779039902,14.26732102
28701,1.74,138046.0,1420.73,1.078242911,16.44766182
28702,0.77,252669.0,2592.89,1.558849879,17.12874004
28703,2.0,273355.0,1943.01,1.744469112,13.97949881
28704,1.52,247595.0,2159.84,1.628715862,15.53957335
28705,2.41,172482.0,1856.1,1.876851504,14.69154516
28706,0.35,148111.0,2122.73,3.190782486,16.17199902
28707,0.76,374917.0,1653.53,1.454105259,15.88002089
28708,1.07,366544.0,2032.61,0.72691045,15.14926942
28709,1.36,366713.0,939.29,2.180773087,15.98803676
28710,2.1,166532.0,1741.0,1.312224066,16.27026399
28711,1.03,171139.0,2463.43,1.430031253,15.00945967
28712,1.91,378696.0,1970.52,1.133681797,17.22322939
28713,1.61,375558.0,2252.5,1.558623588,13.53097017
28714,0.91,276706.0,1333.16,2.043889601,15.70597632
28715,1.91,144453.0,904.96,2.212812221,14.00662719
28716,1.99,258312.0,1109.54,2.968816962,14.07246425
28717,1.14,334658.0,2234.42,2.222930893,15.3376486
28718,1.96,258546.0,2697.49,1.536358609,14.8704214
28719,1.85,386378.0,971.58,1.67834134,15.11322115
28720,0.91,390026.0,2317.88,3.464774328,16.69006618
28721,0.42,152219.0,1905.87,1.413740907,13.26435407
28722,1.1,359377.0,1841.22,1.633054235,15.0256763
28723,1.21,170635.0,1809.63,3.230315863,15.09626522
28724,1.2,261130.0,2115.94,4.575413614,13.97177767
28725,0.78,264604.0,2398.41,2.530062324,15.87792773
28726,1.08,379307.0,2504.89,1.563416183,14.09207535
28727,5.1,373608.0,1833.2,0.374921855,15.28654671
28728,1.27,264436.0,1641.39,2.013238768,15.98185714
28729,2.48,165356.0,1100.48,1.213020575,15.27017676
28730,1.59,132243.0,1312.91,0.853152198,12.35061691
28731,0.88,376495.0,2021.42,1.042323045,15.22554024
28732,1.64,360881.0,2302.52,3.278211424,15.98629868
28733,1.13,266393.0,1150.64,2.730253898,16.23424241
28734,1.91,347038.0,1873.06,2.098747381,15.65169847
28735,1.3,368444.0,1595.22,3.582968569,16.60482626
28736,2.3,361433.0,1617.62,2.735887578,13.88576333
28737,2.28,162462.0,1995.25,2.15339713,15.74206742
28738,1.78,140459.0,909.47,1.637309784,14.06640653
28739,1.16,150641.0,1952.51,1.883062664,16.50503645
28740,2.48,132373.0,1348.96,3.700349358,16.74823545
28741,1.05,169424.0,2232.43,2.052312266,16.47643758
28742,2.17,353445.0,1927.61,1.809620888,15.76355479
28743,2.49,139580.0,1857.83,0.303121872,16.23450413
28744,1.49,392097.0,1855.39,1.53269981,15.27733569
28745,1.36,368411.0,1479.54,1.021841864,17.02501213
28746,2.68,242225.0,860.74,2.168200142,13.26088343
28747,1.77,371522.0,1739.78,1.477898505,16.11423815
28748,0.77,130153.0,1642.77,3.384713553,17.3628916
28749,0.75,368036.0,1879.02,1.837403179,16.46066871
28750,1.19,379720.0,1967.59,1.628343938,16.59625205
28751,1.0,366052.0,2580.29,1.261857941,15.96619675
28752,1.4,134087.0,1018.77,2.866892097,15.41917272
28753,1.02,351094.0,2463.13,3.450089264,13.25858586
28754,1.55,160040.0,1909.3,1.281591571,15.34355589
28755,0.49,364436.0,2325.25,4.449006236,14.90236203
28756,1.3,147480.0,2023.78,3.011375015,14.57985551
28757,1.53,383113.0,2211.94,1.909619261,16.04060032
28758,0.63,367534.0,1803.13,2.154810198,15.68083164
28759,1.94,368371.0,2139.55,1.223513366,14.90724212
28760,1.25,158097.0,1983.61,4.017230914,15.3646775
28761,1.66,368225.0,1518.75,0.115362788,14.74294723
28762,0.47,157950.0,1892.91,0.618613253,16.03367005
28763,1.17,145481.0,1501.94,0.556668457,14.02119949
28764,1.42,275690.0,2056.72,2.669022573,15.52849396
28765,1.41,247384.0,2340.54,1.780040677,14.31560711
28766,1.89,366033.0,1777.72,1.717020179,16.95993543
28767,2.35,239084.0,1573.51,1.720025015,15.21970452
28768,0.75,143096.0,1709.48,1.898925641,15.10097906
28769,1.71,160173.0,1595.08,1.511027783,16.92186456
28770,2.16,354965.0,1078.86,2.188633624,13.20873111
28771,1.01,141848.0,848.81,1.922746672,15.34899749
28772,2.09,377386.0,927.51,2.014777252,15.85347006
28773,1.95,386084.0,1120.87,3.624638182,15.17759714
28774,2.43,375173.0,1958.09,2.005122845,16.92115561
28775,1.14,244818.0,1744.03,2.368452737,13.86527553
28776,2.82,248266.0,2642.37,4.255984199,13.57737483
28777,1.51,346033.0,1484.21,0.782680871,12.89629808
28778,1.52,392860.0,2357.56,3.152253838,14.36254336
28779,1.74,167665.0,978.09,0.316320368,13.61449118
28780,1.94,158551.0,2090.69,3.149273423,15.77866053
28781,1.76,143623.0,635.6,1.479400835,15.2857768
28782,2.18,360981.0,1186.25,1.718939408,14.96669665
28783,2.34,128162.0,1686.97,1.081790811,16.53267188
28784,1.2,381539.0,1740.77,1.526914011,15.48988849
28785,1.08,379013.0,1462.11,1.287231173,15.31238174
28786,1.6,379461.0,2139.43,3.491781153,15.77923794
28787,0.7,150509.0,2337.65,2.086306288,13.80439967
28788,1.37,401119.0,1808.15,2.162319155,15.221972
28789,0.07,371127.0,1740.58,3.618779732,15.76472066
28790,1.21,360495.0,1815.86,0.778279563,14.8026904
28791,1.2,254859.0,2413.51,2.847719001,16.76296401
28792,1.44,367220.0,1747.77,1.457813252,17.06845082
28793,1.75,359048.0,667.3,1.845383799,15.02741139
28794,2.17,274729.0,1879.45,2.103292414,16.93886312
28795,1.26,264854.0,2081.34,1.722615333,15.49386261
28796,0.74,140775.0,922.94,3.680781795,16.40038819
28797,0.78,155777.0,820.01,1.51514066,16.11222586
28798,1.17,162089.0,1178.61,1.473441328,16.53710385
28799,1.78,151963.0,1052.13,4.481416073,16.88019902
28800,1.17,123594.0,1657.44,0.776737608,16.27813361
28801,2.13,347493.0,2195.76,4.234073218,13.42936181
28802,2.67,350192.0,994.42,1.373231476,17.61807647
28803,2.34,354016.0,1463.63,4.834585141,14.82498948
28804,0.9,355274.0,1900.1,3.845146434,15.32845322
28805,1.21,138242.0,1779.29,2.535744322,15.9288811
28806,0.63,371708.0,1994.11,1.027243562,16.02814055
28807,0.56,160369.0,2386.08,2.916838455,15.37187493
28808,1.2,162960.0,1071.93,2.712115401,13.9013616
28809,1.7,346126.0,2091.15,2.808465936,15.82688446
28810,2.06,137138.0,661.45,1.742150555,12.78732388
28811,1.73,176752.0,1018.76,2.121160031,15.25524003
28812,1.46,372059.0,955.29,3.032351901,15.65154205
28813,1.34,143634.0,1910.59,2.045650069,16.47417643
28814,0.82,364507.0,845.67,1.912778276,14.8900845
28815,1.06,361098.0,1865.11,1.334471629,15.12980816
28816,0.47,361526.0,843.33,4.412981246,15.42974053
28817,2.81,158071.0,939.51,2.804452546,16.83840085
28818,2.33,366903.0,1809.86,3.452819267,15.41585637
28819,1.48,160758.0,2257.52,1.811216283,15.37426482
28820,2.06,368620.0,1526.45,1.856205113,16.9579884
28821,1.19,267467.0,1947.08,1.391907206,16.09176293
28822,0.64,382669.0,1821.49,0.052861489,11.53046935
28823,0.95,375345.0,740.96,2.437056698,15.46865745
28824,2.07,384481.0,1937.18,1.286603109,15.87841038
28825,0.84,391106.0,817.43,3.574371316,15.92133281
28826,1.19,392962.0,797.49,3.556153582,13.85206207
28827,1.69,150330.0,786.3,2.847865054,13.61009948
28828,0.5,127348.0,1826.51,4.123797898,16.1645198
28829,1.61,161164.0,2298.68,0.755208095,15.55235922
28830,2.0,369173.0,2396.57,1.86759814,13.17675643
28831,0.64,264102.0,1705.01,1.513143518,14.89849908
28832,1.53,343381.0,1145.6,0.880987398,15.70724699
28833,0.89,392875.0,2192.9,2.08979895,15.18823428
28834,1.36,354553.0,1751.65,1.110843195,16.04974426
28835,1.39,371512.0,1437.06,2.189889195,15.88524303
28836,1.84,245319.0,1404.07,1.343716548,12.73906505
28837,1.35,369885.0,2098.75,1.279734614,12.24104907
28838,2.41,136081.0,1986.23,1.834466268,15.84046109
28839,1.3,176468.0,1282.65,2.276108828,15.09591955
28840,2.68,376180.0,1383.74,0.332390699,15.16494807
28841,1.71,345727.0,1956.55,1.199959469,15.60218283
28842,1.66,372729.0,2240.54,1.541899398,15.87843066
28843,1.53,155300.0,1721.01,0.868037427,16.54015272
28844,1.53,374353.0,1985.78,2.799359613,14.89631467
28845,1.28,362759.0,1797.7,1.327335991,15.1116831
28846,0.0,161699.0,1878.2,2.647188827,15.80239691
28847,1.89,391449.0,1462.41,1.688681853,16.1468731
28848,0.97,364460.0,2208.02,4.161431325,16.15197127
28849,0.36,397500.0,884.42,4.825438646,17.3509361
28850,2.3,257736.0,1022.63,3.053246457,15.26520984
28851,2.24,242856.0,1244.66,0.819393339,15.36693618
28852,1.74,158234.0,1380.86,1.987399839,15.65003344
28853,1.67,350675.0,2109.39,2.954849859,15.50411847
28854,0.74,395955.0,2386.88,1.75681381,15.0701847
28855,0.49,138510.0,2277.13,4.336527214,16.24563124
28856,0.45,366706.0,1654.3,2.042840795,16.0546121
28857,1.86,373011.0,1067.58,2.334265149,12.37068638
28858,1.97,353962.0,1799.56,1.574619018,15.42620988
28859,2.31,255964.0,2485.77,2.908121039,14.03934515
28860,2.36,121153.0,2395.09,1.608809118,13.28638853
28861,1.86,158857.0,1818.79,3.818349388,16.4856999
28862,0.56,163291.0,2009.51,1.454530262,16.14294565
28863,2.16,114947.0,2301.51,1.747805328,14.80588983
28864,2.7,118744.0,748.68,-0.289500309,17.11093554
28865,1.54,252686.0,1069.19,1.473054465,14.98819558
28866,1.6,139017.0,1968.6,2.645796843,17.42096871
28867,0.86,363385.0,1200.07,1.762734583,15.43630697
28868,2.21,363564.0,2083.12,0.384626657,15.79629496
28869,1.41,250109.0,1952.18,1.711442884,13.49347072
28870,0.62,375356.0,2320.91,1.849709181,15.59237182
28871,1.49,384366.0,1194.78,1.671820305,14.20323718
28872,2.6,275598.0,1965.15,1.908011988,15.45914077
28873,1.58,359014.0,1793.25,1.933564512,14.03268103
28874,1.21,255932.0,2326.68,0.917747196,15.31840602
28875,0.0,267034.0,1607.3,2.42338946,17.03034421
28876,1.96,362038.0,1917.34,0.790286135,12.87199622
28877,1.09,367792.0,1852.24,1.676586423,15.98936631
28878,0.61,401119.0,2049.53,2.806851486,15.64893446
28879,0.63,382009.0,1777.21,4.165793066,11.28293911
28880,1.57,273482.0,1896.15,1.441551624,16.46992328
28881,2.22,344268.0,1211.59,4.178392033,14.63751917
28882,2.07,130061.0,1615.13,4.069045685,14.67053952
28883,0.95,162076.0,1435.66,2.8010593,15.01110349
28884,1.8,249780.0,1810.67,1.230051431,14.82182522
28885,1.23,245757.0,1416.37,2.653413479,16.19275877
28886,1.83,150314.0,2786.99,2.378007417,15.74564004
28887,2.0,378750.0,2043.12,2.498283952,16.18349354
28888,1.17,144273.0,2433.67,2.565185737,11.99560453
28889,0.73,114947.0,1719.52,4.654102803,15.30963916
28890,1.63,370750.0,1027.27,1.462425127,14.19478305
28891,1.02,369043.0,1755.24,1.339861379,13.83834614
28892,1.13,350177.0,1447.29,3.963720705,15.74752152
28893,1.44,156978.0,599.98,3.242544905,14.27879722
28894,0.97,344396.0,1961.23,2.210711429,15.97857079
28895,0.95,355634.0,760.01,1.264900654,11.93282026
28896,2.01,350351.0,2261.45,2.797305209,16.54475864
28897,0.34,365356.0,1617.68,1.253042914,15.79412124
28898,1.47,269893.0,2705.97,2.704236058,13.90748794
28899,1.46,371549.0,970.0,3.728814071,13.77669898
28900,1.84,159348.0,1367.28,2.505421842,15.73569398
28901,0.29,280659.0,1704.42,0.924691835,15.57483789
28902,2.16,353301.0,1983.58,1.55452013,16.25163259
28903,1.43,166662.0,1814.07,0.753424959,15.6509312
28904,0.85,136856.0,2317.37,2.250339782,15.52931156
28905,2.44,368934.0,1985.21,2.837380556,16.01057752
28906,0.12,154934.0,1893.73,1.08772467,15.73901312
28907,0.24,362592.0,901.16,3.263744916,16.55882699
28908,1.17,158286.0,1795.98,1.367620651,15.88561115
28909,5.27,116718.0,2296.64,1.879524775,15.60764018
28910,2.09,367647.0,1809.31,1.55840175,15.8775367
28911,2.58,363095.0,2123.48,1.902394964,13.48347376
28912,2.21,374692.0,1784.54,-0.287152881,15.90977259
28913,2.28,253130.0,1657.26,1.166485861,13.85488511
28914,1.86,376894.0,796.8,1.540199885,15.10054351
28915,1.9,378475.0,1951.43,0.935239119,13.9746555
28916,0.28,228134.0,2293.37,0.566423462,16.35310811
28917,0.6,372707.0,1328.31,3.015231791,15.46971079
28918,1.93,248669.0,795.8,1.796302193,15.20103324
28919,1.06,364245.0,2007.28,4.331480477,15.45974433
28920,1.09,266580.0,1724.79,2.895570397,13.41621883
28921,1.78,375648.0,1771.0,2.937774606,15.72380366
28922,1.83,136389.0,2170.31,2.478001857,11.92808608
28923,1.81,135146.0,1823.76,2.017334213,15.42625284
28924,0.93,159117.0,1578.93,1.987456092,14.20286399
28925,2.19,360502.0,2288.99,2.56367313,16.45160261
28926,1.88,359954.0,1824.88,1.460311727,15.67375262
28927,0.86,354975.0,2607.42,1.386727496,12.81317444
28928,1.4,144140.0,1378.73,1.929877121,15.43473882
28929,0.91,355401.0,683.02,1.701455934,13.78821628
28930,2.22,369023.0,932.96,-0.289693601,15.0225786
28931,1.66,358761.0,2095.32,2.862044263,13.2301567
28932,1.19,182818.0,3047.82,3.729545285,14.44808387
28933,2.51,132717.0,1475.78,1.092706873,15.29560092
28934,2.06,379585.0,2153.03,0.933852166,14.50836228
28935,1.28,274197.0,2305.15,1.591511252,14.85931454
28936,1.22,373809.0,2134.65,2.035436858,16.62750128
28937,2.5,370963.0,1868.55,1.904358443,13.83488508
28938,0.8,171855.0,1869.4,1.408014764,14.21640263
28939,6.01,375459.0,2225.75,2.979356005,15.03082374
28940,1.68,374397.0,1971.49,0.686359495,15.99515934
28941,1.66,156167.0,1822.28,1.955921796,17.35375942
28942,2.06,155384.0,1838.84,2.865442445,16.2378944
28943,0.75,161362.0,1722.89,1.604484818,15.96484859
28944,1.76,245977.0,1804.85,1.437230047,12.12024069
28945,2.2,374747.0,1981.22,3.979539328,15.37876711
28946,0.75,268924.0,2396.96,4.09548965,16.30679616
28947,0.28,361743.0,2863.51,2.727160869,17.73027397
28948,3.15,379425.0,1868.8,1.363076006,15.27979152
28949,1.51,129028.0,2542.44,1.264720777,13.47546065
28950,1.65,137079.0,1531.24,1.552069102,13.16010307
28951,1.16,391909.0,1014.48,1.851208181,15.74332129
28952,1.56,396883.0,1706.29,2.961525616,15.1363199
28953,0.82,377399.0,1408.91,3.687177169,15.1877554
28954,0.91,250709.0,2427.78,0.916368667,12.49495207
28955,1.27,360300.0,2317.81,2.7885348,13.71407576
28956,0.61,353721.0,1841.32,2.182429833,13.43505733
28957,1.64,361507.0,1403.97,2.281841669,16.1979063
28958,0.47,397635.0,1859.35,2.792712613,15.85557687
28959,1.84,386855.0,1699.72,1.900181803,15.40291849
28960,1.27,142987.0,2290.66,2.01682035,14.95612734
28961,2.23,136822.0,1796.91,0.400017438,15.59013171
28962,1.31,156129.0,907.38,2.506381788,13.41661095
28963,1.04,371613.0,700.43,2.177955111,16.35101003
28964,1.64,150992.0,2288.48,2.422374879,13.8570468
28965,2.45,234041.0,2416.11,3.969972463,15.06099244
28966,0.24,335295.0,2065.71,2.044308128,16.98016069
28967,1.12,360152.0,2117.07,1.846146498,15.5154739
28968,1.11,269231.0,2513.5,2.821468471,16.16399491
28969,2.05,255813.0,1001.79,1.17551837,14.94998428
28970,1.59,356162.0,1969.95,2.157929087,15.3194006
28971,1.94,368043.0,1276.58,1.331043206,13.79755376
28972,0.59,357533.0,835.42,4.706012386,16.02981519
28973,0.49,363232.0,1773.03,2.084583869,15.98135882
28974,1.98,375785.0,1361.17,0.427793262,15.19027665
28975,1.61,265114.0,1100.4,2.537862215,16.31576499
28976,2.01,148046.0,1253.73,1.615335633,16.50237122
28977,0.72,258291.0,1260.96,1.727461248,14.02751566
28978,0.89,349963.0,2332.02,1.697933563,12.94097977
28979,1.72,378854.0,1121.28,1.930885909,15.11204295
28980,2.41,369658.0,607.42,1.453710324,13.63360879
28981,0.88,272250.0,1876.03,2.186449741,14.51945441
28982,2.43,365242.0,1684.95,4.448176275,14.85247293
28983,4.34,358890.0,2274.31,1.639361046,16.21074491
28984,2.19,119173.0,1258.37,2.310678232,12.49120272
28985,0.34,397875.0,2002.09,0.770244738,15.03634975
28986,0.76,260785.0,2417.61,1.801924589,14.15687261
28987,0.99,363828.0,2815.22,1.411821979,15.128991
28988,1.28,148682.0,2218.41,2.385036967,15.26507888
28989,1.32,141044.0,1292.98,3.984103572,16.48604681
28990,1.03,349389.0,1439.58,1.896714728,14.51594666
28991,1.86,389055.0,1831.8,3.844363409,12.33288722
28992,0.86,149412.0,2568.9,1.88850452,16.38413565
28993,1.86,265570.0,1296.21,2.53516466,13.9623972
28994,1.39,145988.0,2255.03,1.06370238,16.02363197
28995,1.55,387648.0,1872.93,0.93878404,15.62193615
28996,1.72,380820.0,1879.25,3.030003431,13.26457623
28997,2.66,356195.0,2311.75,2.055166317,15.81326727
28998,0.94,247835.0,1555.47,2.302124688,15.30417892
28999,1.92,260001.0,764.12,2.009401533,16.03174583
29000,2.13,256974.0,1815.77,1.879916073,15.37722108
29001,1.01,388014.0,2561.92,3.262720786,15.92177693
29002,1.62,373305.0,586.86,2.726274035,16.67619488
29003,2.26,283509.0,1325.63,2.046624363,15.77527894
29004,2.16,355722.0,2530.21,0.793602411,13.57881976
29005,1.8,157980.0,1936.68,1.742605831,13.42386578
29006,0.84,375677.0,1614.83,1.704004734,13.61102802
29007,1.07,263721.0,1952.99,3.012760071,14.2120008
29008,0.65,154358.0,1979.42,2.722307772,16.21138731
29009,2.11,161513.0,1946.98,1.366279686,12.61914808
29010,1.11,247588.0,2438.4,3.021289742,14.30379138
29011,0.81,351774.0,1913.33,1.868797649,15.38054431
29012,2.13,381674.0,2006.14,1.942776736,14.51631224
29013,0.42,147294.0,1656.24,4.302074436,14.44906215
29014,2.54,250198.0,2253.95,1.226787657,14.08930679
29015,6.2,135808.0,1647.06,4.648573375,16.33726419
29016,0.82,162221.0,1766.19,3.22610143,15.80730409
29017,1.5,163229.0,2266.21,0.383415273,13.06175318
29018,1.88,151826.0,1978.33,1.75953766,16.96490972
29019,0.76,131539.0,1687.82,0.597283361,16.04415438
29020,2.3,141393.0,1682.6,1.055812787,15.64651295
29021,0.82,377739.0,2294.27,1.426129844,15.28129184
29022,2.12,257248.0,1651.29,3.061451705,15.52556652
29023,2.42,348315.0,2480.42,3.598407321,15.08016558
29024,1.15,368633.0,642.18,1.061252938,15.66352838
29025,2.32,139664.0,2405.38,1.956339264,17.34855445
29026,1.48,366572.0,777.74,1.800315706,13.5850334
29027,1.83,138971.0,1362.05,3.388270131,16.09472957
29028,1.63,375357.0,965.4,3.880954962,15.96543464
29029,2.42,368432.0,1748.69,2.834598403,17.21516395
29030,1.69,382165.0,1610.68,1.564952465,15.64656289
29031,2.51,376045.0,2205.34,3.324702628,16.2655254
29032,2.08,145051.0,1825.46,3.353180457,14.72324248
29033,2.23,376686.0,1192.77,0.720581977,15.42261138
29034,1.68,389104.0,2268.15,1.904101745,15.45448009
29035,1.39,248267.0,1826.6,3.615029546,17.57413085
29036,0.95,381926.0,1905.68,2.068276124,14.49293415
29037,0.33,381835.0,2021.9,0.742939709,14.34122776
29038,3.19,273975.0,1799.99,4.358672011,15.60540308
29039,1.93,357519.0,2247.46,0.251554332,16.6696421
29040,1.58,239547.0,1098.64,0.953611274,13.85068011
29041,1.43,184183.0,1810.62,4.93924406,15.82582185
29042,1.1,275418.0,1760.8,2.544384442,16.25157262
29043,1.45,379767.0,1031.23,2.105970816,16.12550843
29044,1.38,356799.0,1934.35,1.472121427,13.76291838
29045,0.17,145859.0,2347.41,0.005772596,14.67150653
29046,1.99,361793.0,1842.98,1.807074113,15.52546615
29047,0.79,156611.0,1991.51,3.136873451,16.74530688
29048,2.49,259794.0,2553.31,3.038718552,16.12180019
29049,1.77,148410.0,964.09,1.69483017,14.14218661
29050,1.64,223466.0,2428.14,1.718729817,16.60085063
29051,3.36,380538.0,1960.01,1.547726636,13.98867349
29052,1.44,368637.0,2439.47,1.180680927,15.71912424
29053,1.56,269148.0,966.58,3.018657964,16.94318656
29054,1.8,387821.0,1635.91,1.850450166,15.82268849
29055,2.13,270610.0,966.21,4.468225845,17.35433217
29056,2.72,372281.0,1593.24,1.297652261,16.60470062
29057,1.36,386933.0,2059.35,1.021268783,13.20530185
29058,1.51,374318.0,1842.67,1.281453495,15.05839133
29059,0.48,131870.0,2332.42,1.809560216,16.41864432
29060,1.35,154958.0,1882.48,1.700443731,13.87652388
29061,0.54,375872.0,1616.86,1.937222602,17.22738135
29062,1.29,352418.0,1840.1,1.582115452,16.38058151
29063,1.58,265224.0,1930.93,-0.326393035,13.81385292
29064,1.64,376752.0,2078.21,0.872702603,15.40885535
29065,2.32,269817.0,1480.09,3.781802213,15.25983406
29066,1.91,231513.0,1779.81,1.212732939,15.31558006
29067,1.19,158582.0,777.0,2.265457142,17.21737526
29068,2.39,146331.0,989.31,3.661314866,14.2677854
29069,1.5,259773.0,1073.4,1.440653296,15.27315961
29070,1.97,394295.0,2402.79,1.16751483,16.11284069
29071,1.01,234684.0,700.57,1.383766127,13.8632628
29072,2.07,368789.0,1939.99,2.244290559,15.27969258
29073,1.79,370930.0,1861.42,-0.326393035,13.46505995
29074,2.11,149723.0,2183.28,0.706966116,15.82212448
29075,2.24,376787.0,1825.81,1.134429417,17.02261464
29076,0.72,358857.0,2410.49,1.383235488,13.97632284
29077,1.34,279206.0,1818.89,0.789254366,16.37803797
29078,1.53,389366.0,1785.72,3.920755101,16.12782113
29079,0.25,152828.0,1820.51,2.055472137,15.68397605
29080,2.32,369188.0,1813.52,1.533078283,13.4477487
29081,1.09,345321.0,1750.93,2.174968336,13.54504991
29082,1.91,273108.0,1162.32,3.585698504,16.28148716
29083,2.02,248022.0,1788.52,2.468203023,15.21523128
29084,0.6,244335.0,2045.48,1.983694014,14.39034139
29085,2.48,129437.0,2305.6,2.258067924,16.66076508
29086,1.28,233138.0,986.92,1.961232692,12.05188686
29087,1.51,148403.0,2454.02,2.470508929,14.33961783
29088,0.87,382767.0,2275.38,1.489399849,13.41617656
29089,1.7,263019.0,890.35,4.241681362,14.70675195
29090,1.65,116703.0,1587.41,1.842182656,15.75559749
29091,1.26,150342.0,719.14,0.68712025,16.55314483
29092,1.22,347818.0,1549.16,0.418360064,14.90016258
29093,1.4,353199.0,1460.99,1.939435258,15.88142723
29094,1.56,372273.0,1797.65,1.649594585,11.39823319
29095,1.3,361428.0,2749.93,3.035300644,14.11885137
29096,1.24,232743.0,2140.99,3.278503156,12.31266404
29097,1.51,383070.0,1928.23,1.685652921,16.10775536
29098,2.42,249291.0,1682.49,1.874469791,14.21930717
29099,1.07,351452.0,2509.18,0.506430482,16.85200729
29100,1.09,377695.0,1933.9,2.13771984,15.9035584
29101,1.12,131535.0,2274.64,1.281218615,14.56476047
29102,1.55,382675.0,1822.4,3.933351791,13.62529037
29103,0.89,254491.0,1140.14,1.798340307,13.22220009
29104,1.43,372022.0,1766.57,0.890735708,13.10680618
29105,2.53,142031.0,1839.01,0.889654782,15.66547102
29106,1.8,262756.0,1881.67,2.149097049,14.38969625
29107,0.3,259982.0,2395.93,1.364211835,16.42197117
29108,1.85,162698.0,1799.76,3.036590894,14.76442925
29109,2.19,138995.0,2030.79,1.802136529,14.85712643
29110,1.5,374774.0,1646.85,1.847134653,15.5190525
29111,1.2,139331.0,1286.64,2.957269207,15.18427276
29112,0.81,367109.0,866.31,0.992198601,16.04988095
29113,2.08,262016.0,1784.32,2.046368394,16.42836482
29114,1.28,157404.0,2194.35,3.586655115,13.23041204
29115,1.49,140354.0,765.49,2.244150764,15.11446057
29116,0.76,365479.0,586.86,1.275203803,15.29777557
29117,1.34,128941.0,1319.96,1.145633508,12.63857094
29118,0.59,141194.0,2422.21,2.93058239,16.52272113
29119,2.08,370351.0,1021.4,1.629311603,16.75952836
29120,2.34,271173.0,2002.87,1.587030549,13.15424851
29121,1.28,278395.0,2198.9,1.546985293,16.58817253
29122,2.33,133636.0,1815.79,0.821283131,14.45251897
29123,0.41,359742.0,1434.98,1.736031963,17.07342506
29124,1.44,124774.0,710.56,2.017028956,15.53500831
29125,0.99,343709.0,2081.86,2.724481291,16.10154593
29126,0.75,395318.0,2256.32,0.355382878,15.47469969
29127,0.04,370442.0,1858.44,1.356529211,17.6215532
29128,1.53,118901.0,1319.64,0.098806261,12.51110984
29129,2.01,119660.0,1192.83,1.563285229,14.30741476
29130,2.3,346877.0,1901.84,3.12121442,17.18050866
29131,0.7,371708.0,2321.58,2.359948775,15.68956499
29132,2.47,141503.0,911.57,1.126733099,13.19408623
29133,2.04,146082.0,2245.79,3.00236521,15.20333225
29134,0.84,247422.0,2352.05,1.206166365,16.9513648
29135,1.31,256911.0,1944.09,1.496688866,15.67598703
29136,1.85,382415.0,807.71,2.617997484,16.0883438
29137,5.6,390661.0,1900.96,1.766439041,15.05607184
29138,1.67,373409.0,1834.85,3.805420356,16.2732469
29139,1.18,251429.0,2580.04,2.043789234,15.54669179
29140,1.96,256362.0,2023.34,1.396496687,16.69286152
29141,0.53,364500.0,1782.2,2.050137245,16.60867139
29142,1.72,351088.0,1806.58,1.665538376,14.63758351
29143,1.57,364004.0,1315.18,1.99323895,15.56814369
29144,2.43,353104.0,2268.06,2.411423248,16.36315483
29145,1.14,254326.0,1972.46,3.914143963,14.26726191
29146,1.92,261039.0,1819.65,1.583909715,14.03355272
29147,1.31,252834.0,635.23,1.163749847,15.37971748
29148,1.19,272638.0,1401.41,2.364599619,14.0370782
29149,1.56,260353.0,851.54,1.56808377,13.70074285
29150,1.05,392138.0,1802.42,1.765696696,13.62579499
29151,1.75,158439.0,1828.9,4.622577749,16.39369735
29152,1.11,146693.0,806.67,1.572090108,13.0206671
29153,2.32,252660.0,1674.36,3.67403637,15.56536989
29154,2.1,114947.0,703.0,2.287179206,17.65793462
29155,0.37,276417.0,1137.02,3.489097586,16.25891803
29156,0.95,262838.0,1061.16,1.951708985,16.9488797
29157,1.96,389149.0,1113.31,1.597668942,16.60475852
29158,1.7,138948.0,1920.32,2.766320187,15.35654436
29159,1.66,380521.0,1948.19,1.112125764,15.49385851
29160,1.72,154272.0,1719.0,1.988605264,16.32626283
29161,2.63,144281.0,1222.17,2.058605991,13.36070137
29162,1.67,166306.0,1774.21,4.069627503,14.43890382
29163,1.7,346736.0,1589.75,2.380379145,16.84064406
29164,1.61,126805.0,890.15,1.340449954,13.25129432
29165,1.78,122148.0,1814.8,1.827480012,16.87888045
29166,0.95,363870.0,1173.63,2.288486238,15.89046776
29167,1.52,135383.0,2154.7,1.710458403,12.17825648
29168,1.12,338853.0,1755.71,2.49929672,13.33777437
29169,1.47,170474.0,2564.52,4.814682632,14.35746072
29170,1.73,390453.0,2284.4,3.426087698,16.68423921
29171,1.45,355683.0,1158.26,2.340627472,15.52390132
29172,2.03,153801.0,957.54,2.831082974,15.15437862
29173,0.62,362114.0,1793.58,0.235287932,15.9952143
29174,1.04,384825.0,2355.65,3.512295991,15.59637202
29175,2.34,164534.0,1588.42,1.298160081,17.0598699
29176,1.9,381578.0,2186.41,3.722034512,16.31327665
29177,0.59,364079.0,2438.83,1.267424053,15.8555334
29178,2.48,377532.0,1876.91,0.945177433,15.89654352
29179,1.06,359804.0,2193.11,1.563933677,15.62065058
29180,0.99,143560.0,1484.24,1.387249092,15.58312186
29181,1.08,392108.0,1605.46,1.75503328,12.17841022
29182,3.86,266707.0,1042.58,2.089545293,15.92213181
29183,0.82,385237.0,1792.15,2.894602891,17.38674669
29184,0.0,367884.0,2039.1,1.876145302,15.67989751
29185,1.69,238423.0,2208.61,1.935902627,16.36600993
29186,2.07,154429.0,1811.8,1.793236496,15.80030134
29187,1.6,267712.0,1687.68,1.419214914,13.19563105
29188,0.81,362492.0,1754.76,2.935204185,16.98376378
29189,0.85,357116.0,1564.42,1.790076765,15.05175715
29190,0.47,386495.0,1467.38,2.1245144,17.73027397
29191,1.4,347210.0,1829.22,1.711005316,13.70279025
29192,1.53,282353.0,2552.46,1.687315426,16.28569821
29193,1.51,384204.0,704.76,2.53644778,14.3498807
29194,0.78,246316.0,1846.54,2.810054883,15.78399373
29195,0.43,385170.0,2381.57,1.60804815,14.65238449
29196,1.99,383793.0,2590.24,2.980520271,16.43912125
29197,3.07,271567.0,1838.26,2.922980327,13.76006048
29198,1.9,373687.0,1963.05,1.612347977,16.1587449
29199,0.96,254737.0,2384.37,0.064201231,13.01890105
29200,1.97,358184.0,1922.53,0.905513255,13.67879281
29201,1.53,174088.0,1510.86,1.748460599,15.41581513
29202,1.47,351933.0,1288.27,0.85323358,13.13308524
29203,1.83,139912.0,2204.07,0.946979625,15.64541841
29204,1.61,392077.0,1629.75,1.80244212,15.49372493
29205,2.13,383982.0,1514.9,1.847425126,15.92072154
29206,0.52,367086.0,1976.65,1.983441664,13.00719484
29207,1.63,150513.0,719.32,1.146958402,15.44121145
29208,0.63,376661.0,2240.24,1.744309044,14.83261481
29209,0.99,267802.0,1560.52,3.499291835,16.33944726
29210,1.4,363732.0,2018.87,2.83402581,14.60640825
29211,2.78,386662.0,1459.37,3.907411209,13.82167176
29212,1.8,367454.0,2123.32,1.415519554,13.3012832
29213,2.18,156475.0,1450.55,1.95263485,15.42949387
29214,2.03,372305.0,1916.13,1.349782976,14.73379405
29215,1.31,260795.0,1655.15,1.771169071,14.90761383
29216,1.61,348653.0,1311.7,2.655969449,15.55880703
29217,1.09,174960.0,2004.44,1.944274456,16.03423007
29218,1.49,157482.0,1963.23,0.260457173,15.4768629
29219,0.87,349568.0,636.97,3.37468693,15.00393606
29220,1.3,344812.0,1793.67,2.555283808,16.22322248
29221,2.88,346156.0,2242.99,1.082365944,15.1600091
29222,1.02,351390.0,1645.51,3.637764426,15.66064583
29223,1.51,386515.0,1888.03,1.311535182,12.99960851
29224,1.26,167755.0,1369.6,4.142098989,15.18494914
29225,1.12,377808.0,1439.39,3.912814564,14.67357763
29226,1.16,230679.0,2215.14,2.932259291,13.20129384
29227,1.66,356543.0,1286.73,0.976515972,15.14155962
29228,2.07,289084.0,2046.56,0.887274134,16.75212802
29229,1.52,364617.0,1822.23,2.217686612,14.85979235
29230,1.36,390680.0,1943.3,1.247461307,15.28674316
29231,2.1,250221.0,1016.78,1.431894043,15.44867013
29232,1.43,129291.0,2015.44,2.984902543,16.54879676
29233,1.65,339590.0,706.99,0.563647358,16.59801781
29234,2.08,380328.0,1303.04,2.067979393,15.10524874
29235,2.21,364255.0,1226.53,0.847313478,13.28144615
29236,1.33,401119.0,2487.04,2.38609713,15.84783945
29237,1.75,163313.0,1633.05,1.876600768,13.51541256
29238,1.37,163772.0,1857.48,1.868957512,16.53542937
29239,2.7,131773.0,2614.31,1.988785829,15.04565294
29240,2.1,356814.0,1043.51,3.377354735,16.52724795
29241,2.04,367653.0,2327.14,3.838650028,14.92081614
29242,1.33,157354.0,2363.15,0.622999138,15.47536514
29243,1.29,150121.0,1775.99,1.130009511,15.70589557
29244,1.48,149455.0,1178.88,-0.052519875,15.5812875
29245,0.79,369799.0,2073.48,2.014864531,16.63696897
29246,1.74,367972.0,2060.4,2.353159392,12.80151109
29247,2.7,334067.0,1876.09,1.321135521,14.74739739
29248,2.71,262043.0,1984.16,2.845615443,17.51991467
29249,1.37,278802.0,2091.42,1.812785296,15.47876868
29250,2.12,245025.0,1605.15,0.565606626,13.54976342
29251,1.1,145576.0,1896.8,2.959164614,13.64803875
29252,0.43,359965.0,1581.2,2.017008437,15.27392944
29253,1.44,368525.0,2622.56,0.264593436,15.65243823
29254,1.3,256355.0,2518.53,1.600162674,14.86242123
29255,1.61,350234.0,719.97,1.028843902,12.65545302
29256,0.24,351954.0,2191.55,0.940147186,15.23434626
29257,1.19,161878.0,2261.33,2.599454923,15.44711259
29258,0.81,394026.0,2075.51,-0.326393035,16.05536546
29259,0.88,363840.0,2205.56,3.886063544,15.53781184
29260,1.36,245357.0,824.1,2.264404748,14.32725403
29261,0.71,247589.0,1771.02,3.238268137,15.69452096
29262,1.41,158362.0,1418.15,3.603226653,15.15913797
29263,1.98,227924.0,1141.69,1.249154078,14.75760574
29264,2.23,169570.0,2100.23,3.96780294,17.73027397
29265,0.95,365669.0,1785.0,2.65298539,13.36097675
29266,1.98,133163.0,1046.36,1.588343846,14.71899107
29267,1.67,343669.0,1698.41,2.783829692,14.11151938
29268,1.53,340824.0,586.86,1.721016213,17.17984402
29269,1.4,148454.0,960.96,4.018446508,14.97532311
29270,0.79,363748.0,866.39,2.49697668,15.70557538
29271,1.74,362109.0,586.86,0.827511047,15.98709196
29272,2.37,238216.0,2318.64,4.457911578,16.2074277
29273,1.41,265149.0,792.82,0.726504787,13.88324807
29274,1.68,150622.0,833.94,2.612066505,14.3515926
29275,1.39,144984.0,1050.4,2.31225272,15.38844711
29276,1.07,373499.0,1895.46,1.783527393,15.17897266
29277,2.02,375913.0,1689.68,0.02554146,15.10216826
29278,0.66,372908.0,1666.47,2.613873745,15.1392301
29279,1.72,130490.0,902.02,2.142621057,16.30942386
29280,0.91,145526.0,778.29,3.060284371,13.75193994
29281,0.61,125273.0,973.53,1.858960986,15.61043682
29282,1.59,397444.0,2324.21,1.58740385,14.97918506
29283,1.37,157985.0,697.65,1.831582645,16.2726041
29284,0.99,372292.0,1471.93,3.969522726,17.55894721
29285,1.25,349747.0,2432.33,3.030005127,12.3789681
29286,0.76,382222.0,1794.99,1.283140986,15.40146139
29287,0.63,378138.0,2880.12,1.345783617,15.89867883
29288,1.2,393605.0,1490.36,4.773159566,14.13836981
29289,0.65,130680.0,2385.26,-0.262673123,16.903321
29290,1.06,271333.0,1287.53,1.592226679,12.14159484
29291,1.92,157567.0,2021.17,1.61650299,16.39421514
29292,2.29,149686.0,2515.67,0.700106327,14.10598284
29293,1.14,392633.0,786.88,1.452630862,15.67215157
29294,1.59,132289.0,1285.78,3.123675704,16.22718171
29295,1.44,130578.0,731.17,3.027179898,15.79930151
29296,0.93,267611.0,2891.06,2.319558892,14.22892979
29297,1.0,360961.0,1795.31,1.684462526,14.30424001
29298,2.11,347975.0,1376.23,0.747869472,16.73269604
29299,0.44,355063.0,906.54,1.128832426,15.95667091
29300,1.26,382732.0,1236.8,0.256502357,15.50370619
29301,1.82,291817.0,1784.54,1.542080931,16.47686757
29302,1.19,242072.0,2265.21,2.043199615,13.33283118
29303,0.48,373850.0,938.32,1.983789953,16.94153501
29304,1.21,358219.0,1932.83,2.543236654,15.57859901
29305,1.19,264094.0,2398.36,1.184896943,13.57083824
29306,1.83,276258.0,1936.78,2.835501218,16.37077688
29307,1.34,373624.0,2466.6,3.192479725,14.15133476
29308,1.49,371677.0,1991.44,2.416563759,16.44771673
29309,1.67,367306.0,838.88,2.271620956,13.903786
29310,1.42,354638.0,1903.59,3.192457129,13.52736366
29311,1.11,373848.0,1573.56,1.111110025,15.28850108
29312,0.83,392439.0,1774.93,2.373380425,17.09471307
29313,2.07,168940.0,2411.09,2.059583279,13.01131548
29314,1.47,387327.0,1929.03,3.540761129,13.73167878
29315,2.81,384998.0,2012.27,3.858959748,15.96693708
29316,1.51,391129.0,923.57,3.43010567,15.5054497
29317,1.45,128337.0,2242.13,1.454610667,15.8729118
29318,2.28,350330.0,2290.82,2.715094003,11.57515256
29319,1.49,139361.0,2780.09,0.612787372,13.54807241
29320,0.89,353592.0,1178.03,1.467757717,15.76797818
29321,1.95,147892.0,701.88,2.124977644,17.04158674
29322,2.55,368707.0,2033.1,1.202501493,15.5374246
29323,1.18,167454.0,2264.85,3.264617502,11.32601237
29324,2.57,352268.0,2390.76,2.089292003,15.77362936
29325,1.59,140280.0,1470.62,0.557469618,15.55006884
29326,2.33,130450.0,2334.15,3.39751947,11.70742036
29327,1.6,148265.0,1635.4,4.017976117,13.77300609
29328,1.33,266474.0,2371.68,1.631034256,15.84327988
29329,0.99,147203.0,1919.88,3.922846442,13.51186717
29330,1.15,360488.0,1972.47,2.571999169,15.75135537
29331,1.78,174993.0,2090.03,4.032805055,16.27800349
29332,1.89,256358.0,2285.59,3.224406335,15.95449827
29333,0.33,364597.0,995.68,4.26385492,15.89924738
29334,1.21,347951.0,2368.16,2.552266978,13.75025997
29335,2.0,121966.0,1345.99,0.951434506,15.43140719
29336,1.53,252061.0,2452.73,2.447774461,16.0364209
29337,0.72,370347.0,1303.95,2.303625615,16.36934749
29338,1.83,155860.0,1838.79,1.54133264,14.0882697
29339,2.52,369191.0,2413.69,2.938262895,14.76771708
29340,1.82,114947.0,902.24,2.206781314,13.75219698
29341,1.28,374847.0,1840.44,2.116818999,13.60985703
29342,0.76,356541.0,1744.8,2.27082783,15.1511793
29343,1.55,261929.0,1897.81,3.528477102,15.53791245
29344,1.09,247225.0,1858.53,1.893658964,15.24442195
29345,2.32,150798.0,972.2,2.86252748,15.30398302
29346,0.66,257922.0,1557.47,1.746694209,15.80002658
29347,1.06,336984.0,1284.2,2.108701003,16.34207904
29348,0.97,363916.0,1963.92,1.404927953,15.76969709
29349,3.99,149969.0,1389.78,3.409971913,13.89666476
29350,1.18,356200.0,2357.26,0.933228497,12.41186757
29351,1.58,348981.0,1135.01,2.666937025,16.78889693
29352,1.78,362044.0,1469.12,2.122658701,16.72782163
29353,1.72,380247.0,2347.49,0.531848068,15.40210109
29354,1.49,365395.0,1485.31,3.470282759,15.96136479
29355,2.09,387485.0,1719.23,4.375253982,15.90215151
29356,0.31,374771.0,2245.67,2.204358183,15.76917931
29357,1.18,338203.0,1802.26,3.883415788,15.17765028
29358,0.88,357049.0,2017.0,1.504794412,16.04276048
29359,0.52,384070.0,1521.43,1.76717583,14.00769555
29360,1.34,265948.0,2307.25,1.716779754,15.66445842
29361,2.49,148041.0,1414.83,1.210270289,15.87048863
29362,0.21,148103.0,1788.55,3.40304468,16.39763915
29363,0.78,282451.0,2422.45,1.336609882,15.36251279
29364,1.03,152007.0,985.16,2.875053455,16.24670582
29365,1.44,257526.0,1907.63,1.287410953,16.09702537
29366,1.67,376667.0,2598.9,1.898517642,16.67201119
29367,1.53,163430.0,1901.09,2.125417829,17.37880084
29368,1.12,120841.0,1818.3,4.042739898,15.05716751
29369,1.49,388162.0,1802.58,0.827192836,15.3783289
29370,1.43,388663.0,1817.34,0.594522738,12.9916
29371,1.14,367988.0,2385.31,1.734801974,15.98337548
29372,1.36,165177.0,2151.43,1.24586508,15.95621579
29373,0.93,348525.0,1762.62,2.066178427,14.75174708
29374,0.69,353733.0,1744.97,2.476972816,12.17712522
29375,1.44,365488.0,787.36,3.588157403,16.45663187
29376,1.7,263162.0,1825.29,1.477950449,15.15873287
29377,1.86,391400.0,2125.44,2.10138651,15.59234088
29378,1.17,160581.0,2334.88,3.637102617,16.22973718
29379,0.9,163473.0,1238.01,1.211621271,15.31485657
29380,3.02,153060.0,829.28,1.773902844,16.08195038
29381,1.96,383098.0,1771.04,2.384688643,13.52641877
29382,2.05,256233.0,1159.33,1.400889189,12.47605488
29383,0.83,382422.0,2366.33,2.233021495,12.95293848
29384,1.81,337923.0,2282.12,1.278368298,15.44480104
29385,2.46,117781.0,1843.56,2.697556726,15.28186595
29386,1.83,154296.0,1539.28,1.555927385,15.98925018
29387,0.97,377145.0,1278.6,1.479253668,13.75625164
29388,1.53,142312.0,2453.99,2.163937608,16.23129552
29389,2.38,254777.0,1798.32,3.435592645,15.1601655
29390,2.56,352388.0,1711.94,4.084613133,15.37149927
29391,2.37,266865.0,782.46,4.674952489,16.30730987
29392,1.66,165668.0,2643.13,1.872670154,14.70549179
29393,1.04,375982.0,1787.74,1.110823859,14.98549474
29394,1.75,232108.0,1717.44,1.372324271,15.3589444
29395,1.28,367516.0,1838.95,2.124482302,15.58446413
29396,0.27,141513.0,1440.48,2.080556784,16.82142213
29397,1.84,160812.0,2426.34,4.93924406,15.94970094
29398,1.95,354987.0,1870.68,1.685274527,16.12232827
29399,2.35,243679.0,2455.9,2.342842205,13.73204396
29400,1.6,373144.0,1347.83,3.148251733,13.68693387
29401,2.08,141367.0,1716.15,0.202784993,15.7839877
29402,1.53,285153.0,2310.01,2.533357188,16.32361573
29403,1.98,288138.0,1939.68,2.532052178,13.51163728
29404,2.02,381649.0,1359.91,1.561096943,15.55975489
29405,0.77,261042.0,1951.71,1.540638172,16.19797461
29406,2.47,353047.0,1837.02,0.949807095,12.31796049
29407,3.03,114947.0,1163.18,1.261881039,15.53583579
29408,1.13,387125.0,1962.94,1.789504973,15.44694664
29409,0.37,381004.0,1972.99,2.274374679,15.08673788
29410,0.48,344317.0,2348.26,1.291932313,14.35087006
29411,0.43,363167.0,1466.25,2.387716988,12.95169366
29412,1.51,373175.0,2521.84,0.176698892,13.38058999
29413,1.2,256242.0,2244.46,2.493555314,14.33525138
29414,1.82,372036.0,1807.44,1.103912149,15.41537648
29415,1.91,124399.0,1985.81,1.11427768,14.46619648
29416,1.52,343307.0,2428.38,1.292885486,16.23182252
29417,1.63,153629.0,858.08,2.391037413,13.41449767
29418,1.69,365674.0,1787.0,1.874511383,15.96259939
29419,1.76,352276.0,1316.58,0.845749598,12.67229097
29420,1.82,148654.0,1856.35,1.412174854,16.36326707
29421,1.71,255987.0,713.03,3.316727593,14.55673525
29422,3.02,372453.0,1920.29,1.278582631,15.75024297
29423,0.67,146921.0,2009.17,4.913497789,17.12921312
29424,1.63,159611.0,1997.69,2.19302182,15.84372492
29425,1.95,133156.0,1792.24,3.319771144,15.77090131
29426,1.59,366041.0,1337.87,1.33163595,15.54376985
29427,2.29,134316.0,1837.51,1.574382951,13.95355679
29428,0.36,137774.0,1771.06,2.089156229,15.22799272
29429,1.16,365789.0,1800.54,2.147596655,14.72227778
29430,1.55,369859.0,1540.13,1.250511945,13.79925494
29431,1.72,143580.0,1983.11,3.372095352,15.3739246
29432,1.66,362981.0,1406.16,0.682948073,14.87687217
29433,0.86,273073.0,903.82,1.882779315,15.76353738
29434,1.91,244585.0,1767.73,2.007638621,14.11509147
29435,0.5,347215.0,1396.54,0.758590462,15.87215764
29436,1.62,393473.0,2306.49,1.761984529,14.48332551
29437,2.14,361074.0,1268.1,2.906056423,15.13415154
29438,1.41,365727.0,736.1,1.789939331,15.72705464
29439,1.7,266244.0,1490.43,3.340390363,15.44759233
29440,1.33,374125.0,902.05,1.642761502,15.92209579
29441,1.82,374632.0,871.51,1.87531645,14.94070534
29442,2.03,382225.0,737.45,4.125791049,14.25760093
29443,1.21,369617.0,1823.68,1.963444168,13.19866794
29444,2.13,155958.0,1862.18,1.144775914,14.20418579
29445,1.92,367283.0,1928.76,2.786569761,16.66830024
29446,0.85,367254.0,1952.85,2.124854975,12.89929278
29447,0.73,331566.0,1752.27,0.916876646,13.02615889
29448,1.74,254524.0,1440.62,2.79829627,14.23482235
29449,0.89,156210.0,1866.73,1.283934347,16.0164987
29450,0.92,373970.0,736.72,1.825178325,13.24440069
29451,0.69,178247.0,1702.41,1.85169321,15.48039317
29452,1.89,368773.0,1930.9,1.64013494,15.40829492
29453,1.11,161925.0,1934.26,3.470612059,13.08290344
29454,1.77,334049.0,1411.48,1.551841268,15.19764882
29455,1.66,377157.0,2152.33,2.998765945,14.13065572
29456,1.31,184610.0,1891.65,1.720799405,15.53629459
29457,1.84,363840.0,1696.38,4.3762958,14.31828382
29458,1.08,281567.0,2703.29,3.203707632,13.89373352
29459,1.42,373662.0,860.94,1.619470064,15.78499619
29460,1.53,376969.0,929.31,0.245706187,15.2499026
29461,1.65,243358.0,2226.55,2.853077839,16.36448415
29462,2.29,361669.0,1430.96,4.554661459,14.92584496
29463,1.84,233818.0,1527.01,1.972748228,15.74147909
29464,0.48,349449.0,1985.98,3.166493661,17.05663978
29465,1.03,385336.0,1720.57,1.56180845,15.6823236
29466,0.41,373688.0,1503.14,3.870067218,15.76739496
29467,0.83,135529.0,2549.26,4.921458062,13.99624623
29468,1.26,358479.0,2206.01,-0.138435815,13.20668489
29469,0.32,353149.0,2078.13,2.839419427,16.79917531
29470,1.8,392689.0,2703.54,1.923944316,13.79160908
29471,0.98,374508.0,1952.98,1.747196611,13.68872696
29472,1.36,342630.0,1808.52,-0.24378619,14.85434735
29473,0.58,244089.0,1676.44,2.219805634,13.76048935
29474,0.62,122001.0,966.31,1.964310366,16.11732718
29475,1.44,260636.0,2047.29,1.081071238,15.24285827
29476,0.95,148979.0,2356.31,1.42577751,16.06236457
29477,1.78,147447.0,1786.99,1.072130375,14.91201582
29478,1.39,347482.0,1071.21,2.482968222,14.44305016
29479,0.71,382578.0,1716.5,4.720506476,16.02275269
29480,1.77,144934.0,747.06,1.937695339,14.6695293
29481,2.93,401119.0,2396.98,2.043193581,15.18308252
29482,2.47,120863.0,1004.35,1.367547537,15.21993694
29483,2.02,380510.0,832.89,1.644532794,12.75135143
29484,1.71,267324.0,968.25,1.508735542,15.7867871
29485,0.61,381089.0,1776.74,2.046801812,13.53089859
29486,3.51,269202.0,1928.65,0.721663647,16.03746955
29487,0.99,380770.0,2379.84,2.360049773,16.586065
29488,2.11,265694.0,1808.46,3.199835414,15.85966882
29489,1.62,149517.0,2115.11,3.655211523,14.45055675
29490,1.75,384602.0,2146.99,2.052256219,15.53695047
29491,0.4,157439.0,2295.75,3.168204588,15.9957236
29492,1.71,144955.0,644.11,0.798303459,15.64885708
29493,1.99,381225.0,1156.83,1.086562257,15.86129603
29494,1.08,155908.0,1995.55,1.916960674,12.96615186
29495,1.5,256245.0,2364.61,2.356033232,15.63371429
29496,1.16,169939.0,1277.76,3.987519835,15.10996336
29497,1.97,130753.0,1864.11,2.95149544,15.56826553
29498,2.67,120935.0,2212.13,2.032210289,11.2583727
29499,2.27,250911.0,2804.18,1.396874262,15.00624431
29500,2.23,137698.0,2327.62,1.469750786,13.64196412
29501,0.2,395104.0,756.85,1.242780269,15.1550448
29502,2.61,156949.0,692.94,3.923456572,16.14349523
29503,0.66,370122.0,963.26,3.066556177,16.4964971
29504,1.99,246265.0,1109.37,2.997020076,15.2081671
29505,1.35,382935.0,1821.14,4.2084646,14.24715005
29506,1.43,287129.0,822.92,0.933780053,14.17176504
29507,2.5,391267.0,896.27,1.775121683,15.57561137
29508,0.45,366633.0,1416.15,1.709781023,15.17410445
29509,1.09,359761.0,2345.98,3.795412998,16.46481692
29510,1.92,286339.0,1894.94,1.968310835,15.0349644
29511,1.21,370942.0,2449.03,1.951461685,14.9042356
29512,1.86,372867.0,2711.47,1.947911007,15.79019833
29513,2.01,349127.0,755.64,4.395728502,14.51326705
29514,0.61,370304.0,1823.15,3.93652698,15.089379
29515,0.81,401119.0,2274.33,2.930665104,14.99297496
29516,1.36,368694.0,2232.65,3.537472367,15.19305112
29517,0.76,363116.0,2568.98,1.980834106,13.53108553
29518,0.96,240227.0,1736.07,2.420591514,16.30468076
29519,1.45,158012.0,2361.73,4.93924406,13.85281762
29520,1.44,147458.0,1759.6,1.59920421,13.11043893
29521,1.31,146154.0,1998.11,3.466212794,13.28922197
29522,1.48,378623.0,1931.18,2.911233974,15.56572548
29523,1.01,388550.0,2196.89,0.750316137,15.3435196
29524,1.12,150060.0,1944.64,3.558301183,15.92673035
29525,1.86,253739.0,2460.84,2.580871248,15.12773889
29526,1.17,343815.0,1772.51,0.882490616,13.70017038
29527,1.51,363741.0,1826.14,1.858320097,15.43657067
29528,1.98,370760.0,1721.15,1.519563721,14.00422449
29529,0.33,390636.0,2505.88,2.529106506,17.3994114
29530,1.27,357852.0,2500.68,2.803786732,13.53980574
29531,1.77,148022.0,1483.62,2.509273345,15.91463215
29532,1.91,163536.0,1856.93,1.312732902,13.77551413
29533,1.62,375703.0,2220.47,0.550067998,16.25852877
29534,1.54,278719.0,1920.38,0.333449149,14.91529464
29535,1.85,345739.0,1835.01,4.259163879,14.99351255
29536,0.46,347108.0,2252.87,0.642676831,13.60504834
29537,1.54,258906.0,2063.44,2.853150972,12.51669438
29538,2.17,233699.0,1846.42,2.914143167,15.2606345
29539,1.68,377700.0,1176.58,-0.020463267,13.62334745
29540,1.71,149816.0,1787.72,2.782362051,17.40875389
29541,2.45,262728.0,1042.66,1.991520067,15.47383422
29542,2.98,396746.0,1695.99,3.223923595,14.95222579
29543,2.82,250196.0,1211.85,1.346265368,16.41260374
29544,1.21,354053.0,2389.44,2.86185696,14.21802096
29545,1.43,379441.0,1890.99,1.272166507,13.96081058
29546,1.7,275033.0,1426.18,2.07818541,15.73046152
29547,1.88,339526.0,953.08,1.74832533,12.51858325
29548,2.14,158541.0,2301.51,1.832723611,15.29878516
29549,0.99,370752.0,2496.47,3.703800781,13.454012
29550,0.94,365138.0,1782.09,3.711086863,15.31033125
29551,1.07,377282.0,695.75,1.55594,13.8359197
29552,1.85,339656.0,1937.18,0.139601998,13.98496469
29553,1.01,353145.0,1131.87,2.205270864,15.56110877
29554,2.06,366200.0,1894.97,2.94604529,16.38095223
29555,1.58,160399.0,2413.68,2.547767152,15.80066473
29556,1.76,274599.0,1495.69,0.592864179,15.85424899
29557,2.19,344273.0,997.5,-0.326393035,14.80165324
29558,2.14,367343.0,1564.99,1.099816641,15.49211016
29559,1.0,397478.0,2015.16,2.404282256,14.14442497
29560,0.88,363569.0,1249.21,3.199657083,15.01639186
29561,3.02,346016.0,1679.81,2.052719175,14.96158789
29562,1.36,150716.0,1813.36,2.218858928,15.80931802
29563,0.43,378870.0,2010.99,2.343683303,16.64126591
29564,2.26,252328.0,1757.16,1.884513362,13.0537276
29565,0.92,148556.0,2457.09,1.731087647,16.61164896
29566,2.1,374850.0,662.51,2.00265007,16.89858076
29567,1.77,384989.0,1790.99,-0.064111423,14.91061432
29568,1.72,152998.0,2419.17,1.623841765,15.24878341
29569,0.6,269610.0,1800.23,4.277424629,15.54801341
29570,0.66,382434.0,2300.13,1.252839572,14.2658763
29571,1.86,161194.0,853.86,1.529073408,13.61683346
29572,2.44,251471.0,2510.15,1.642544554,12.07256103
29573,2.37,361624.0,2253.7,0.694408544,12.89226427
29574,2.12,121012.0,1995.16,1.696258489,14.78767633
29575,0.28,256866.0,2407.72,1.127290504,12.83950389
29576,1.15,376554.0,607.46,1.225765751,15.96412233
29577,2.11,250876.0,912.37,1.854912816,16.88109135
29578,1.94,354777.0,2356.07,1.240876114,13.07543954
29579,0.85,353945.0,2040.79,0.106250165,15.21705945
29580,0.77,389634.0,1748.65,2.0076844,15.79141587
29581,0.08,366223.0,1878.61,2.970997679,14.37238912
29582,1.7,354003.0,899.35,2.399237161,13.6155198
29583,1.45,122528.0,1144.25,2.20105563,15.74624176
29584,2.11,371055.0,1569.92,1.833476459,14.88991315
29585,2.25,124165.0,2831.53,1.401914029,14.8293454
29586,0.9,398306.0,2618.41,2.012398294,15.8981223
29587,0.92,380745.0,916.38,1.831595058,15.49862919
29588,1.81,387766.0,1706.49,1.396159005,15.64919225
29589,1.07,397606.0,1871.22,3.339140584,14.41615355
29590,2.16,379241.0,2434.83,2.192732756,16.95489813
29591,1.08,252460.0,1813.54,-0.128242131,15.44985486
29592,0.5,354874.0,2363.36,1.421525602,14.20987353
29593,1.93,137272.0,2329.65,0.061720962,16.18050007
29594,1.83,129926.0,1818.43,2.17902858,16.00174958
29595,1.18,168331.0,1785.61,2.148481134,15.78097584
29596,1.51,264746.0,927.57,3.514465413,15.94937616
29597,1.13,383644.0,1469.03,1.171364294,14.4949439
29598,1.61,371539.0,2662.3,2.785557408,15.44171757
29599,0.36,158743.0,1808.1,1.500007858,14.66781348
29600,1.41,162405.0,1154.54,3.353022412,17.43624607
29601,1.63,350011.0,1752.4,2.257682973,15.17431026
29602,1.74,258681.0,1871.08,1.352868832,15.5421469
29603,2.46,358689.0,1255.54,1.617946615,15.62509638
29604,1.78,169493.0,2182.11,1.526104093,16.06489756
29605,0.27,158411.0,1848.92,2.673596207,13.64308886
29606,1.45,381013.0,1712.03,1.254829486,15.16197245
29607,2.07,348764.0,2031.84,1.661665517,15.72648951
29608,0.93,256469.0,942.14,1.680660828,16.82558036
29609,1.85,359407.0,744.23,1.17307294,14.93172462
29610,1.61,341712.0,2302.42,1.603087604,15.38412609
29611,1.05,374366.0,2369.29,1.8511534,15.78208179
29612,1.82,167942.0,1263.36,4.123574615,13.59223461
29613,1.51,131052.0,874.78,1.244400482,12.35957349
29614,1.15,251306.0,2328.36,1.755295548,15.93985958
29615,1.7,238249.0,2007.36,0.033531976,12.79948822
29616,0.79,370080.0,1917.28,1.186540304,14.78188611
29617,0.63,257059.0,1484.24,2.087933089,13.95273657
29618,0.9,147184.0,1945.01,2.219469015,14.0824939
29619,2.03,250514.0,2383.29,2.939541403,16.87029315
29620,0.56,261216.0,1512.54,2.258856486,16.55010013
29621,1.67,359515.0,2128.98,2.077677888,15.92976037
29622,1.73,250259.0,2236.96,2.004417915,15.81682357
29623,3.15,247596.0,2075.04,1.154082592,13.98039694
29624,2.11,271671.0,1865.01,3.054670875,15.56264796
29625,0.72,154508.0,1689.3,0.73756155,15.17869256
29626,0.0,363458.0,1779.23,1.287087211,14.0907549
29627,0.7,394827.0,952.54,0.747519321,14.49626444
29628,1.86,353668.0,891.92,2.11806286,15.38141737
29629,1.86,136559.0,1229.92,1.308916297,13.81011534
29630,1.67,386014.0,1202.57,1.584883015,16.40410054
29631,3.24,362285.0,2271.28,2.874678842,13.36109194
29632,1.69,142171.0,859.61,1.625374717,17.42989482
29633,1.52,361019.0,728.13,3.348519693,14.86490666
29634,0.0,378098.0,2282.85,2.944662553,16.07663919
29635,1.74,165033.0,2176.37,2.174507772,15.99912893
29636,1.23,134237.0,1853.63,2.961909293,15.41146968
29637,1.59,281494.0,949.37,1.176438372,14.11280126
29638,0.4,361278.0,1862.14,2.721222742,15.69353501
29639,2.45,166887.0,1748.02,2.233549142,16.65959995
29640,2.01,142939.0,2198.5,1.929882681,15.29719844
29641,1.3,263039.0,1036.66,2.021012368,16.08101921
29642,0.91,256432.0,897.69,2.958603071,15.81129803
29643,1.48,124293.0,1694.68,4.127107678,13.47543034
29644,1.8,261111.0,1846.56,1.140602131,14.15682798
29645,1.34,365135.0,2011.71,1.24411366,16.46442158
29646,1.87,114947.0,778.24,2.386302828,15.30288541
29647,2.07,352881.0,1652.87,3.173177979,15.28633669
29648,1.9,261377.0,1288.25,3.537917756,14.36264774
29649,0.68,365660.0,2342.88,1.691051678,15.06324622
29650,1.66,159543.0,2470.13,1.305134076,13.84274788
29651,1.42,179332.0,2358.74,4.332160002,16.01067204
29652,2.5,357740.0,1705.0,1.080495842,13.68792672
29653,0.83,374797.0,1824.14,3.125180442,15.42996083
29654,0.0,384067.0,1437.42,1.815346498,13.97186963
29655,1.31,370335.0,2558.11,4.080002925,15.74000774
29656,1.02,388015.0,1894.14,3.543206461,16.85538136
29657,1.86,247936.0,1943.84,1.495979578,15.18329195
29658,1.69,390571.0,1916.84,1.516487448,13.08064106
29659,0.69,365159.0,922.72,2.643248358,15.71972377
29660,1.39,134300.0,2442.56,1.692549834,15.40399934
29661,1.18,382454.0,1529.96,2.063715282,15.93523151
29662,0.68,272290.0,1868.84,0.607245857,15.45512513
29663,2.28,267365.0,890.93,2.313883074,14.49263973
29664,0.59,256137.0,2338.29,2.125175179,16.12241558
29665,0.88,268153.0,1934.98,2.161761748,15.62355061
29666,1.95,376305.0,1411.81,3.758895684,14.34839211
29667,0.95,376768.0,1508.29,2.150269759,16.2338487
29668,1.26,132362.0,1138.92,0.6039129,13.66879935
29669,2.02,395199.0,2352.51,0.300933622,13.68791198
29670,3.21,261938.0,1827.75,3.994116255,16.07120716
29671,1.82,254461.0,1337.08,1.482864964,15.61576375
29672,1.45,114947.0,2038.37,1.35076616,14.91757687
29673,1.56,142297.0,2154.97,1.161040499,12.44952355
29674,0.55,127358.0,2325.94,1.852218756,15.82210966
29675,2.35,270478.0,2614.75,2.361909453,16.03426227
29676,1.57,372171.0,2199.31,3.410920574,14.8536403
29677,1.34,384979.0,1784.67,4.560638598,15.73155166
29678,1.5,348187.0,1149.58,1.362126397,15.99711432
29679,1.41,351471.0,1156.08,2.107180399,15.90204724
29680,1.89,379664.0,1251.68,1.908870863,15.63451138
29681,1.88,355831.0,748.52,4.004554284,14.06446397
29682,2.7,366629.0,1723.14,0.810653791,14.50413256
29683,1.44,364227.0,1837.66,0.933084156,14.0354713
29684,2.21,358420.0,1883.31,1.530104327,12.00441753
29685,1.85,386098.0,791.49,4.108265517,15.23748217
29686,1.7,270986.0,787.36,1.894547238,14.95067549
29687,2.1,129131.0,2178.53,1.529178728,13.99356966
29688,0.79,271706.0,2356.69,3.57829098,13.54692951
29689,1.02,146483.0,997.38,3.346618512,16.15196152
29690,1.09,278096.0,1564.7,1.659021094,15.86665649
29691,0.88,163746.0,2383.03,1.906773159,15.20319386
29692,0.35,130573.0,1044.86,2.819774651,13.39954281
29693,0.47,377325.0,2166.5,2.083639882,13.74656594
29694,2.43,366125.0,910.21,1.614895979,14.8459628
29695,2.1,365086.0,1623.5,1.954412914,16.38570644
29696,2.1,244543.0,1826.03,0.95627462,12.36327838
29697,1.21,136855.0,2242.63,2.033847262,15.65605748
29698,1.33,372237.0,1399.55,4.362872041,12.14689223
29699,1.16,376722.0,715.61,2.987268561,15.84371398
29700,0.0,262639.0,897.26,1.259447371,16.54018054
29701,1.76,352589.0,1332.27,1.911508474,15.66198035
29702,1.91,147494.0,757.78,3.728247371,16.23772085
29703,1.47,165518.0,2238.55,-0.326393035,16.13438639
29704,2.22,157018.0,1532.15,1.410237822,15.92122008
29705,1.51,388141.0,1434.77,2.322438185,15.80976666
29706,1.61,268123.0,1966.93,1.395739674,16.40910108
29707,1.8,372043.0,2096.71,1.760899951,14.78134851
29708,0.49,396316.0,1795.04,1.619476381,15.72733012
29709,2.83,360207.0,2308.84,1.750135256,16.40988313
29710,0.25,366875.0,1989.75,1.250018175,15.39897159
29711,0.8,377113.0,2262.88,2.335945518,14.3944307
29712,1.24,384370.0,840.89,1.229517661,15.27253869
29713,1.95,137187.0,917.02,1.291499576,16.37640386
29714,2.55,369073.0,790.02,3.219046415,14.67726486
29715,2.15,383661.0,1198.11,0.832632787,16.92057417
29716,0.68,367403.0,2118.75,1.929694391,15.14198884
29717,0.76,158642.0,1614.93,1.664046713,16.92632384
29718,1.41,360178.0,1958.89,3.472667093,15.29964032
29719,1.86,376519.0,804.26,3.86868896,15.65288406
29720,6.14,384850.0,2524.77,0.774857803,14.15202642
29721,2.44,268226.0,1328.81,1.526387722,17.36895145
29722,0.84,386807.0,1859.73,1.001881155,15.47988658
29723,1.06,356744.0,1467.31,2.39263196,15.83308202
29724,1.44,399909.0,1251.87,1.889226596,14.7928661
29725,1.78,365171.0,1593.71,0.802073586,13.4240021
29726,1.95,148860.0,659.69,1.770337624,15.30208635
29727,0.88,270686.0,2032.27,1.618228454,14.99256625
29728,1.64,388234.0,1501.27,0.83540264,13.89271449
29729,2.63,367321.0,1459.69,1.67553793,15.27219478
29730,1.58,358875.0,1817.9,1.990036238,15.29328309
29731,1.24,127834.0,925.95,2.060750473,15.08542062
29732,2.08,126116.0,2334.58,3.040894941,13.53121178
29733,1.57,373286.0,1874.98,1.780365324,16.12517745
29734,2.16,367995.0,666.96,3.348376749,15.90192015
29735,1.63,364224.0,1479.18,1.424181602,15.49057243
29736,0.38,259667.0,1955.75,3.954976662,15.2257196
29737,0.74,370384.0,1352.89,3.690270864,15.6776956
29738,1.31,362433.0,2385.11,1.497027994,14.39544903
29739,1.26,131878.0,2739.21,1.165055882,15.5004111
29740,1.14,384199.0,2209.41,2.704766148,15.31893401
29741,0.95,389605.0,1272.32,1.795732274,13.68490255
29742,1.43,385083.0,1488.66,0.889965125,13.95772387
29743,1.39,393618.0,1416.94,2.757736281,14.46103967
29744,2.02,366125.0,1102.27,1.94572291,12.84758359
29745,1.43,163315.0,1653.27,2.621003328,14.18770565
29746,0.69,249334.0,2019.84,2.41441903,13.90329631
29747,1.46,382882.0,919.06,1.125260632,15.63740496
29748,2.17,368154.0,670.12,0.65848155,15.62687303
29749,1.54,379301.0,1071.65,0.201095586,16.39463492
29750,0.88,165100.0,826.99,1.554979753,13.02398151
29751,1.66,361871.0,863.44,2.90649821,16.68556307
29752,1.15,353311.0,1895.41,2.127817266,16.44746717
29753,1.37,382050.0,2586.29,2.905863011,16.34469747
29754,1.71,375095.0,1833.78,1.219214805,16.11755017
29755,1.07,138289.0,1392.08,3.532837038,14.53519152
29756,0.26,380938.0,2449.33,1.51386407,16.82639328
29757,1.09,150707.0,1952.44,1.669097119,16.04323941
29758,1.01,155200.0,1918.25,1.566314419,12.50573403
29759,1.04,252948.0,2377.79,1.798641472,15.91488039
29760,2.25,376940.0,2009.09,2.170187192,15.93579133
29761,1.75,380130.0,1903.78,1.711103179,13.96554796
29762,1.89,259093.0,1868.48,1.762204991,13.28306825
29763,1.52,380380.0,1672.62,1.380201384,17.35451701
29764,1.79,370246.0,1809.77,3.680952078,15.19757733
29765,1.87,365640.0,2484.57,1.788983138,16.21805919
29766,1.14,369792.0,1850.09,2.631249012,15.4752603
29767,0.23,369241.0,1946.78,4.207880383,15.37799088
29768,2.77,346430.0,713.87,1.813722601,15.29637874
29769,1.37,254616.0,1896.98,1.123513441,15.83484364
29770,2.19,353796.0,998.13,1.143324499,15.41138179
29771,0.7,282517.0,1413.03,2.470363541,15.46168499
29772,2.29,176181.0,971.64,2.185669807,15.64403724
29773,0.74,362909.0,2652.3,1.960815662,15.5313151
29774,2.17,256975.0,1800.59,2.689267314,16.0740176
29775,1.67,283452.0,2641.15,1.226907281,15.46258147
29776,0.83,363618.0,2311.17,2.312606454,16.18368335
29777,1.26,274501.0,1964.31,3.070989231,14.41285023
29778,1.57,358196.0,1462.77,1.221941103,16.50382542
29779,0.79,257098.0,1471.92,1.507458721,16.25600078
29780,0.77,367378.0,1835.7,1.900004919,16.44590846
29781,1.06,347221.0,1832.83,1.704145704,17.73027397
29782,1.66,358111.0,1649.28,2.797948803,13.1809664
29783,2.35,369996.0,1965.28,1.22481984,15.76911238
29784,1.57,258562.0,1960.69,1.880382419,14.86945164
29785,0.74,346615.0,955.75,1.38751303,14.42180849
29786,1.18,370396.0,1480.53,1.361094744,17.34033
29787,1.94,375903.0,1311.12,0.681233327,16.62041146
29788,1.98,384659.0,1943.32,2.103744589,15.7350412
29789,1.49,272660.0,832.67,3.364903174,13.32833514
29790,1.79,397096.0,1648.3,3.482684286,16.09291246
29791,2.78,169415.0,1852.63,1.429717372,15.58765917
29792,0.83,398961.0,1136.51,1.306823584,13.74076774
29793,1.7,376264.0,1466.75,1.079738849,15.99147671
29794,1.96,388710.0,1893.94,3.345263278,16.28982279
29795,1.61,251644.0,1745.22,1.137311511,17.0547856
29796,0.97,374212.0,1266.82,4.606320065,15.88397027
29797,1.09,350098.0,1230.51,4.663957429,15.6266598
29798,2.06,352760.0,788.46,1.853076746,15.56829821
29799,1.42,150208.0,2013.61,0.876610609,16.16696042
29800,1.31,122767.0,1780.44,2.239181645,11.94435475
29801,1.16,254700.0,1982.36,1.406719104,13.55004369
29802,2.03,389168.0,1990.98,2.955143634,15.04490723
29803,1.32,242775.0,2497.09,2.344946638,15.2751726
29804,1.54,145791.0,1132.59,2.285876577,15.74652128
29805,4.74,242254.0,2259.14,2.404787038,16.21028562
29806,1.5,135604.0,945.81,2.01598677,14.18396885
29807,0.86,255259.0,2274.94,2.509461307,14.60212467
29808,1.44,128286.0,1780.38,3.92488798,13.01521885
29809,1.28,253597.0,1883.11,2.903264605,11.87959757
29810,2.07,262060.0,866.52,3.348391138,14.53214553
29811,1.17,144628.0,1625.52,0.928294003,16.17001807
29812,1.76,259326.0,1722.9,0.922352931,13.36122671
29813,1.49,143341.0,1099.2,2.411760812,13.50453504
29814,1.32,339535.0,2362.37,0.734904226,15.28570605
29815,3.7,359993.0,1807.15,1.473480638,15.97986136
29816,0.83,370828.0,1835.33,1.480895445,12.99474345
29817,1.45,142489.0,1518.06,1.651578557,15.15027861
29818,1.5,140969.0,1901.96,0.583729208,14.62245602
29819,1.98,149652.0,2529.3,1.689513399,15.36079546
29820,2.46,114947.0,1479.4,3.605675288,16.18641831
29821,1.71,348952.0,700.61,2.307709192,12.85301948
29822,0.74,377993.0,734.44,2.27000869,15.71166994
29823,1.44,142499.0,796.94,0.30425074,17.32765494
29824,1.38,345456.0,1259.2,1.552133685,15.64867044
29825,1.55,370042.0,1464.53,3.02429285,16.74651275
29826,1.68,386419.0,2202.71,3.09358092,14.40360594
29827,1.91,137168.0,2194.64,1.051988975,15.32532189
29828,1.8,386333.0,2058.12,1.285355375,16.90573182
29829,2.28,257041.0,1938.73,3.757857925,13.24952177
29830,1.08,144185.0,2591.63,1.908658487,15.18372998
29831,1.86,350505.0,1108.5,4.475530135,15.77701997
29832,1.64,265102.0,1837.23,1.589510633,16.48679812
29833,1.62,352579.0,846.45,1.501206993,15.26118127
29834,2.12,117391.0,1654.4,1.67910047,13.44169134
29835,3.12,343854.0,1849.65,3.895825631,14.99787837
29836,0.64,143502.0,1811.58,1.305179396,15.5151743
29837,0.29,361665.0,2326.79,0.797619521,16.21206296
29838,0.55,370806.0,1249.61,4.518248573,16.20745442
29839,1.56,168809.0,3047.82,1.144103978,14.42243323
29840,1.27,359624.0,1355.35,1.288560008,14.72719359
29841,2.35,380170.0,1890.81,1.759299495,16.01688016
29842,2.04,268090.0,2085.41,2.250981087,15.78730087
29843,1.56,373845.0,1101.2,2.0391078,14.34061627
29844,2.35,149071.0,1685.35,1.713222177,13.34794003
29845,0.45,366926.0,935.27,0.794033063,16.81493132
29846,0.68,261767.0,2452.18,3.021406955,13.53562119
29847,2.25,251709.0,2033.23,2.061266867,15.67244285
29848,0.99,363557.0,1723.72,2.112703654,15.95454095
29849,1.41,379680.0,678.12,1.857105216,15.26924974
29850,1.75,143980.0,896.16,1.583342019,14.68653638
29851,1.42,360442.0,1400.79,3.687339229,15.81484006
29852,1.59,267798.0,1134.49,1.479425264,15.7884555
29853,2.1,354469.0,1821.58,2.152909295,13.04581758
29854,1.58,241577.0,1041.97,1.519892168,15.12186228
29855,1.28,362035.0,2378.47,2.180381923,16.00357099
29856,1.96,349999.0,1852.37,2.032262754,15.71423944
29857,2.65,157684.0,1880.58,3.489409377,12.26050567
29858,0.7,357046.0,1980.17,0.664722161,16.73507363
29859,1.44,363716.0,1946.33,2.18157777,14.4782454
29860,0.9,283439.0,1963.31,1.30642255,17.39698091
29861,1.29,148378.0,1950.98,1.713525776,15.69632423
29862,0.62,349501.0,1818.22,0.681086993,15.05907643
29863,1.04,148404.0,1940.55,1.567122289,14.5274779
29864,1.62,149386.0,1825.09,1.840235667,13.70709076
29865,1.75,130533.0,1785.57,2.216844832,13.77764005
29866,4.53,365131.0,1923.9,2.121444895,15.18370902
29867,1.82,366971.0,1769.13,1.212650297,13.02386077
29868,1.26,349062.0,1731.73,1.518317613,13.31650848
29869,0.97,379639.0,1798.57,3.003035765,12.07800863
29870,2.28,373067.0,1800.59,1.087186646,15.6969481
29871,1.73,153342.0,2376.51,2.500076639,16.94891952
29872,1.71,255596.0,600.93,4.032396748,14.90342222
29873,1.36,150078.0,1169.39,2.7974855,14.80376797
29874,2.03,152002.0,1619.97,3.234829191,17.2603229
29875,1.15,253829.0,2554.84,1.438135646,14.25230846
29876,0.4,370881.0,1126.65,1.320387411,15.47782649
29877,1.47,158938.0,1924.49,1.895127937,16.77693295
29878,0.75,261488.0,1834.41,2.45964659,16.29840302
29879,0.14,379602.0,1977.56,1.506592621,14.98415565
29880,0.88,368364.0,2066.52,1.544555159,15.97719593
29881,1.91,369486.0,1596.68,3.452929191,14.68871185
29882,2.35,255208.0,1868.1,1.994930547,15.42081457
29883,2.17,148231.0,2527.98,1.270256087,15.18983265
29884,0.48,379051.0,2568.74,3.255542896,15.55735358
29885,1.97,368547.0,1919.31,2.773261909,15.62740244
29886,2.23,353819.0,638.0,1.723349587,14.93857542
29887,4.39,381886.0,1816.98,3.498509889,16.00067343
29888,1.51,357637.0,2461.13,1.585466928,12.67347876
29889,1.17,147576.0,1935.41,1.565927691,15.14458561
29890,1.45,126843.0,1843.21,1.545993717,15.03338704
29891,0.67,245947.0,1545.56,0.915913808,15.2209465
29892,1.55,238756.0,1109.43,1.143427752,15.03631395
29893,1.08,155554.0,2036.08,0.122686155,15.64480138
29894,1.24,148390.0,1810.98,1.172211941,15.73907869
29895,0.59,136756.0,1918.7,1.634155883,17.48420139
29896,1.49,372710.0,2213.11,2.904278571,14.91225624
29897,1.45,372275.0,1763.85,2.065865414,15.97646482
29898,1.74,383045.0,1853.59,1.715730142,16.63004328
29899,2.08,376693.0,1948.85,0.087876426,13.42667777
29900,1.02,360205.0,2226.54,2.356073288,15.99056977
29901,1.63,140153.0,939.09,1.360489503,15.8052988
29902,2.03,391040.0,1365.67,3.320360171,15.2740473
29903,1.2,274464.0,2332.03,3.174366924,15.65013887
29904,1.41,365090.0,972.05,1.865336038,15.70328182
29905,1.63,260860.0,1882.0,1.591376698,15.3277762
29906,0.91,144732.0,2092.41,1.777420117,16.26692573
29907,0.24,367678.0,1521.92,1.03985957,15.33574325
29908,1.15,267303.0,865.34,2.734808701,12.09002611
29909,1.36,179508.0,1718.74,2.499507437,16.19041147
29910,1.39,339616.0,1781.02,2.182779004,15.44240096
29911,2.07,253126.0,2481.05,2.264155975,15.22409212
29912,1.99,157920.0,777.25,4.093236564,16.04905529
29913,1.3,114947.0,776.91,0.551910202,14.87683483
29914,0.77,346955.0,1879.56,2.117988694,11.99632768
29915,1.06,396269.0,1568.98,1.112360504,15.7324624
29916,2.07,356918.0,1382.78,4.073816107,12.40660489
29917,1.52,258819.0,2142.47,2.250180662,15.64812879
29918,1.21,161537.0,694.54,4.515736382,15.64255164
29919,1.7,169534.0,1955.23,2.263712055,16.49944047
29920,1.17,383386.0,2147.7,1.368304655,15.374902
29921,1.19,375486.0,2406.44,1.549706755,14.02041779
29922,2.37,353861.0,2128.3,2.834152192,12.46480807
29923,1.62,166817.0,1964.13,1.609536203,13.85342179
29924,1.89,132030.0,840.67,2.007427338,16.40227598
29925,1.04,362216.0,2490.97,3.503617924,14.09652634
29926,2.26,376948.0,1090.8,1.09809939,16.62774978
29927,2.55,375956.0,736.7,3.408802948,13.61664475
29928,0.29,383562.0,1516.81,1.30101597,15.23688296
29929,1.79,267667.0,2163.3,1.852321087,15.49291338
29930,0.32,384990.0,1881.38,1.836336268,14.71648558
29931,1.05,361009.0,808.81,1.667533251,12.79532492
29932,1.11,261003.0,1268.99,4.18612933,16.41210082
29933,0.99,382816.0,1866.45,1.388274653,15.26296268
29934,0.35,164943.0,1754.55,3.423223916,16.13743479
29935,1.82,130712.0,1845.53,0.418513751,15.11914716
29936,1.15,362721.0,2491.95,3.41539303,16.16529989
29937,1.17,351058.0,1820.39,1.952033009,15.90202012
29938,0.57,147928.0,1828.43,2.278457765,15.53144519
29939,1.39,222186.0,642.99,0.946685417,11.84280458
29940,2.28,257410.0,2410.18,1.53544131,16.29440732
29941,1.93,147690.0,1051.54,2.655759717,15.34179253
29942,2.78,256930.0,1800.31,1.214134866,17.46273138
29943,0.16,148147.0,1874.86,4.034918881,15.27040474
29944,2.99,242820.0,848.15,3.46009759,11.92111781
29945,1.32,253846.0,1934.06,1.868898437,14.78827098
29946,1.1,375775.0,1820.8,1.701799203,16.05873493
29947,3.24,247976.0,2410.03,4.806526878,13.92610526
29948,0.8,391036.0,1495.0,2.328189774,15.31203262
29949,1.78,367339.0,882.5,1.84200364,16.72412694
29950,1.08,378163.0,1563.34,1.149323325,16.91713354
29951,2.39,397532.0,2271.71,3.750667508,16.29390407
29952,1.94,363841.0,1783.42,0.829109886,13.62858388
29953,2.05,176240.0,2159.9,2.059695986,15.07252465
29954,2.22,352369.0,1111.73,2.219083383,15.60964821
29955,0.0,377607.0,2489.35,-0.277100645,14.349536
29956,0.73,269293.0,1253.26,1.684498358,15.91922309
29957,1.14,367155.0,1058.48,4.596113234,11.7055041
29958,1.4,328484.0,1824.5,2.010535883,13.4278637
29959,1.62,140299.0,1809.35,2.291620717,16.6806256
29960,1.26,268397.0,887.87,2.10331633,15.20634097
29961,1.12,156077.0,2276.22,1.735857973,13.60907725
29962,2.01,371944.0,2250.78,0.29622141,14.62632324
29963,2.22,161608.0,1896.19,1.680475343,14.37460191
29964,0.6,369413.0,1731.13,1.892430989,16.51009361
29965,1.23,159773.0,1517.86,1.995413471,13.95129152
29966,1.74,135354.0,1887.25,1.431226033,15.85927155
29967,1.9,251336.0,1431.73,1.527607311,15.03988579
29968,1.17,253090.0,2226.46,2.30705111,14.78879685
29969,1.69,258930.0,901.51,1.458211816,14.93890328
29970,1.58,392585.0,1777.55,2.17464346,12.3351419
29971,1.63,124367.0,1302.39,1.539823162,15.74538736
29972,0.82,260010.0,716.68,2.143454557,16.93283082
29973,1.39,362284.0,2317.0,1.397830328,15.38276969
29974,0.9,136913.0,1883.22,0.502375072,14.82158548
29975,0.83,396667.0,1920.03,1.984153558,14.75473569
29976,1.02,372207.0,2102.6,1.487592633,15.52279723
29977,2.15,357536.0,1991.22,1.352222528,14.85708331
29978,2.14,257065.0,1700.77,3.438657581,16.40477293
29979,0.84,275022.0,1834.34,2.649789534,13.60065873
29980,1.33,372040.0,2243.3,2.113684859,12.50671432
29981,1.5,365231.0,1068.02,1.714302831,16.40899836
29982,1.95,393977.0,2281.33,1.585354468,15.65170587
29983,1.67,372639.0,2336.49,1.282980611,15.11017209
29984,0.49,160543.0,1281.81,1.594157411,15.9332161
29985,1.93,164162.0,1008.02,2.934815065,17.26098588
29986,1.0,146213.0,845.11,1.44789022,12.26032288
29987,0.61,370314.0,1805.1,1.491669283,16.01557698
29988,0.49,381161.0,1921.33,1.856593138,13.478229
29989,0.76,394301.0,1806.93,3.858477232,15.22530448
29990,1.39,378138.0,2195.9,1.297526031,14.37570814
29991,1.67,262976.0,1525.23,2.388270851,13.82340254
29992,1.87,376847.0,677.16,2.557596077,13.86338233
29993,1.18,353755.0,2325.04,-0.326393035,16.50604842
29994,1.04,385047.0,2064.53,2.639098375,12.43705914
29995,1.78,280758.0,1889.46,1.610739877,15.87863937
29996,1.33,350232.0,1546.26,2.743361878,15.59111791
29997,2.21,126395.0,1252.07,2.00899659,13.27274209
29998,0.72,379479.0,2469.83,3.322360383,13.31794766
29999,2.57,147876.0,1368.23,0.088431764,15.7476538
30000,1.25,152408.0,1411.49,2.45407235,17.35846404
30001,0.01,366280.0,1039.92,2.700984448,15.79454489
30002,1.28,169721.0,1774.97,0.801626486,14.16505257
30003,1.0,157165.0,2481.11,3.905921878,12.99317957
30004,2.01,251872.0,1035.27,1.532962688,16.43491704
30005,2.23,401086.0,767.31,1.729768638,15.29991768
30006,0.35,270195.0,1619.38,3.5219378,15.72460577
30007,0.98,130380.0,1902.68,4.057047908,14.75607465
30008,1.64,254376.0,2423.12,3.177726435,13.95337514
30009,1.29,257585.0,2190.12,0.501507143,14.30367245
30010,2.69,377146.0,2289.94,3.320362353,15.59918534
30011,1.55,349913.0,1334.57,2.126332389,15.34321001
30012,0.39,384917.0,1854.22,1.639249073,16.40927197
30013,0.33,363493.0,2474.65,0.330905778,14.01009196
30014,0.55,139133.0,1462.57,1.628641965,15.96350387
30015,0.68,363869.0,2457.24,3.270030083,13.82149262
30016,1.56,162114.0,2526.2,0.986047201,16.43146217
30017,2.34,365228.0,1771.11,1.644163594,15.68638649
30018,1.66,243460.0,586.86,2.19342192,16.71006165
30019,1.48,150822.0,1392.82,2.635173702,12.06629595
30020,2.12,351356.0,2371.31,1.525966743,16.2546795
30021,1.15,262068.0,1970.66,1.927277521,16.45314523
30022,1.7,159116.0,1051.78,1.848788394,15.55785478
30023,1.39,250584.0,1872.28,4.224881067,13.20523769
30024,1.22,138940.0,1058.41,2.179793507,16.03445764
30025,2.27,154323.0,764.45,1.907291998,16.03617136
30026,1.14,360083.0,1781.18,2.618932235,16.14956938
30027,0.71,369587.0,2463.34,2.264307868,16.75768489
30028,0.4,160949.0,1513.8,1.168186261,14.80094358
30029,2.76,244662.0,1965.17,3.573822442,15.78606927
30030,1.17,374664.0,2137.96,2.08373913,15.14816916
30031,0.82,150033.0,1531.13,2.152930327,17.2572818
30032,1.91,152218.0,1935.72,1.654581268,12.91229015
30033,1.3,362111.0,2232.39,1.826954408,15.4342733
30034,2.62,369176.0,1820.04,1.000057567,17.53543092
30035,2.1,129329.0,2158.57,2.376464329,14.89405657
30036,0.64,138012.0,1924.36,0.990923927,12.4464435
30037,1.54,363719.0,1698.48,3.254138368,15.5374939
30038,1.18,123878.0,1861.75,4.603406749,15.32895559
30039,1.69,177632.0,1602.32,1.199168423,17.0044421
30040,0.68,383019.0,2342.33,2.924541503,16.03272795
30041,0.52,141828.0,1971.2,2.9699508,14.26310297
30042,1.79,233675.0,1270.95,1.023053878,14.97976044
30043,1.16,140669.0,1455.33,1.260250122,14.53479995
30044,1.42,365581.0,734.29,0.989631037,13.4771396
30045,1.59,360452.0,1871.99,2.012566728,13.75636629
30046,2.54,157946.0,971.5,-0.195510383,15.47845333
30047,2.64,137948.0,1503.67,2.187743309,15.70898997
30048,1.29,372314.0,2114.59,3.159418199,15.2084015
30049,1.16,253900.0,1874.99,4.644463117,14.82600612
30050,0.61,148539.0,734.51,3.022067972,15.65452349
30051,1.52,222671.0,1981.82,2.371255503,16.39793906
30052,1.13,151750.0,863.85,1.479119709,16.33793708
30053,1.85,359101.0,1337.15,3.611579774,15.84552207
30054,2.41,140065.0,1922.57,3.395934804,15.81512019
30055,0.68,371644.0,2461.41,1.599002491,15.18979427
30056,2.53,350214.0,1292.67,2.309326381,15.37799071
30057,2.43,142783.0,1171.81,2.444651057,16.14976537
30058,0.0,160337.0,1838.11,4.354826807,16.6206679
30059,1.72,381332.0,1949.59,1.459986827,12.92965565
30060,1.85,368536.0,1265.73,2.342996714,16.36628661
30061,2.62,356460.0,2113.41,2.065812065,12.28834775
30062,2.04,273977.0,1172.14,1.5528883,16.52459335
30063,3.81,352202.0,1863.28,0.970951737,13.67855169
30064,0.8,268758.0,1815.29,1.673797123,14.66225102
30065,1.54,181398.0,2347.74,4.690051533,15.91510349
30066,1.9,259761.0,1710.02,0.582652492,13.18758167
30067,1.96,231638.0,2278.47,1.913549925,14.92600203
30068,1.4,169069.0,833.42,1.550349662,16.04749874
30069,0.86,371011.0,1934.8,4.382088383,15.35672688
30070,0.42,284647.0,1193.49,2.239349476,14.05405203
30071,1.21,262473.0,2689.39,0.437970208,15.74026899
30072,1.75,356988.0,1872.56,1.208807385,15.73886625
30073,5.17,374641.0,1453.35,0.550671789,13.48850489
30074,1.27,166477.0,1829.83,1.203268601,15.46700933
30075,2.45,382090.0,2506.27,0.727992844,13.9987645
30076,1.54,369601.0,1730.71,3.817967214,15.5280814
30077,1.77,234027.0,1431.9,0.942972693,13.48683304
30078,1.62,237396.0,2273.18,1.449658671,16.20759307
30079,2.16,142726.0,1972.81,2.271850999,16.4950995
30080,1.21,365013.0,1399.5,1.9014292,15.2313567
30081,0.91,257802.0,2387.31,3.64200238,14.52979754
30082,1.98,366490.0,789.54,1.246609487,13.98594004
30083,1.87,361772.0,1389.79,2.96276108,15.13094896
30084,1.78,131159.0,1953.71,3.335189016,16.10605141
30085,3.05,387896.0,1985.32,0.404072146,16.35020934
30086,1.35,341411.0,2139.4,1.372749011,15.64570259
30087,2.02,150893.0,906.63,2.161442735,16.15807737
30088,2.42,263661.0,773.18,0.66528368,16.84498152
30089,1.86,243900.0,2284.73,1.381692877,15.79879742
30090,1.57,273031.0,2639.73,1.716103497,16.08574771
30091,1.4,162379.0,2550.45,2.602483681,15.63988686
30092,1.48,254714.0,838.14,2.969616508,15.80601929
30093,0.93,376852.0,2558.47,1.441059356,15.68316087
30094,1.22,372851.0,2150.45,1.408169317,13.44512619
30095,1.33,258215.0,826.73,1.128473242,15.10343629
30096,2.29,348523.0,1275.2,1.398440811,13.36473331
30097,1.15,344494.0,1842.43,1.177694906,14.3409285
30098,1.18,126382.0,1176.64,2.328364265,15.83960168
30099,1.96,263156.0,710.09,1.71889976,17.52892067
30100,1.53,143175.0,2635.6,3.339989755,12.83531152
30101,1.08,176834.0,1947.2,0.419756595,15.85907295
30102,1.92,345782.0,1593.03,3.90624524,15.71830326
30103,1.16,154262.0,798.84,1.454302186,15.54494887
30104,1.07,362030.0,2161.09,0.399537015,14.12082502
30105,2.28,267929.0,2140.28,1.972822242,16.02298703
30106,2.58,375605.0,2305.51,3.611796968,14.61178333
30107,1.58,389440.0,2357.18,1.316946815,13.46738938
30108,2.38,185003.0,1801.81,1.688482996,17.47064932
30109,0.82,362625.0,1235.44,1.945196026,17.6646982
30110,1.41,254866.0,1799.21,3.902067554,15.36925066
30111,0.89,131228.0,1984.59,1.998620688,14.05648529
30112,0.77,363085.0,2232.86,1.613184786,16.20660278
30113,1.13,245475.0,912.05,1.033879369,16.27590835
30114,1.46,245559.0,2043.7,1.818186958,12.45392263
30115,0.78,383037.0,1896.92,4.139298866,16.15844853
30116,1.2,379979.0,1925.88,0.440400795,16.24388657
30117,1.34,386485.0,1873.92,1.644850289,14.18107717
30118,2.53,161106.0,2337.3,1.989628573,16.97485126
30119,1.57,146068.0,1894.07,1.486512575,15.46855439
30120,1.15,268182.0,983.95,2.374336392,15.53556582
30121,1.93,358068.0,1857.47,1.011572362,13.30158411
30122,0.61,383998.0,1371.83,0.051252926,16.05133173
30123,0.91,364503.0,2167.19,2.972510447,15.53533707
30124,0.51,384188.0,1987.23,1.830033797,15.59548081
30125,0.58,380673.0,1928.28,0.039074982,15.15004317
30126,4.07,148553.0,818.15,1.629048787,12.65443859
30127,0.44,364940.0,1933.26,4.467201657,16.07771099
30128,2.13,138230.0,1896.91,3.086737367,16.00456924
30129,0.46,369903.0,679.84,3.701882738,14.54286068
30130,1.72,266642.0,2336.45,1.965451661,15.69504496
30131,1.37,368705.0,1324.83,2.909544363,14.85611651
30132,1.45,340169.0,1794.01,3.007533838,15.50790681
30133,1.71,254830.0,1898.66,0.92488244,13.78896362
30134,0.36,371660.0,1678.6,1.740088514,16.4072501
30135,1.74,355065.0,1924.65,3.817850655,15.82106957
30136,2.31,372873.0,2307.48,1.887426422,14.59029949
30137,2.11,370368.0,1504.05,2.379054487,15.63954545
30138,1.6,358693.0,1808.62,1.596032782,15.55529041
30139,4.94,136781.0,1250.45,0.669206158,16.47085654
30140,0.85,361004.0,825.35,1.149835242,16.24731387
30141,2.43,343593.0,2243.29,2.68499494,16.46343568
30142,0.66,368866.0,1827.43,2.01889516,14.19489331
30143,1.16,376638.0,737.16,2.112842587,16.68292286
30144,0.8,385207.0,2004.43,0.234350863,17.46222358
30145,1.45,138094.0,826.96,2.556070036,16.08547175
30146,1.23,150657.0,1997.77,2.278551817,15.74108343
30147,1.21,169845.0,2185.21,3.275244078,15.0225539
30148,1.73,375345.0,1935.11,1.526592041,16.67185112
30149,2.18,270914.0,866.35,1.03561527,14.53411291
30150,1.7,386561.0,2005.43,2.289982515,13.57318204
30151,1.21,139253.0,1198.39,0.885460796,13.39411888
30152,1.66,368947.0,1710.56,2.116126142,14.44352543
30153,0.81,266797.0,2329.62,1.766825485,12.98777724
30154,1.61,371280.0,867.62,1.859431357,13.92868716
30155,0.82,155697.0,2319.74,1.226260961,15.10040628
30156,1.59,156743.0,1518.35,2.688572457,15.56707415
30157,0.34,373195.0,1543.48,4.138431929,15.58413122
30158,1.05,259830.0,2327.57,2.010547307,14.36348439
30159,3.37,375333.0,912.41,1.612607694,16.23244492
30160,1.11,373076.0,1089.64,1.285010337,16.7011396
30161,0.71,376377.0,1599.65,1.243784146,12.58481477
30162,1.82,280276.0,1798.85,1.830128898,16.27089245
30163,1.64,343496.0,1857.5,3.087330996,13.82385277
30164,1.41,372620.0,1842.71,4.273340556,13.69428651
30165,0.38,366334.0,1939.01,1.771073454,14.85579473
30166,0.73,165571.0,2177.76,1.706224976,14.88652712
30167,1.23,382043.0,869.19,3.607460911,15.06320218
30168,0.0,368250.0,2206.63,2.720263621,15.89235593
30169,0.42,379901.0,1963.42,3.083006635,17.19401045
30170,1.6,144921.0,1924.38,4.250862176,14.92203581
30171,1.91,134951.0,839.4,0.549643865,14.74199477
30172,1.89,147487.0,961.06,4.041562763,16.15471019
30173,0.78,387440.0,792.91,1.456582021,11.46605464
30174,1.39,359544.0,982.73,0.967913874,11.61260947
30175,1.13,260862.0,1851.05,1.595686071,14.18350735
30176,3.28,360779.0,1408.21,1.118873343,14.99193652
30177,1.2,245142.0,2142.24,1.548918544,16.9818442
30178,0.37,267532.0,2262.35,1.635140263,15.56396327
30179,1.69,380300.0,761.75,1.558649762,14.76861025
30180,1.7,144235.0,2374.38,1.903110929,15.68578649
30181,1.55,264229.0,1005.22,1.210418338,13.39645498
30182,2.27,258222.0,2403.84,1.887348136,15.19890415
30183,1.62,352326.0,2369.45,1.563256309,17.15828533
30184,1.63,366973.0,1776.55,3.594909037,15.38440306
30185,3.21,250307.0,1619.02,2.728880484,16.97578904
30186,2.33,363329.0,1795.48,0.20455985,16.23329631
30187,1.93,367788.0,1809.99,4.527126701,15.81486994
30188,1.12,370207.0,586.86,1.653689065,13.1822028
30189,0.74,142918.0,2294.75,3.913273558,16.28323341
30190,1.38,381055.0,719.96,1.336690174,14.59984383
30191,1.8,381017.0,2550.62,1.729706229,15.355193
30192,1.45,371281.0,1749.2,3.104183437,15.56119676
30193,0.74,147558.0,2286.87,1.382302277,16.3099687
30194,0.81,161411.0,1549.4,1.300345676,15.54492998
30195,2.01,271136.0,701.98,4.176311027,11.8425771
30196,1.05,361782.0,2240.79,1.777637404,15.9817037
30197,0.46,256216.0,2067.28,1.036886687,15.50892713
30198,1.14,114947.0,1224.67,1.444370113,15.59248317
30199,0.44,363559.0,1042.75,1.937700563,13.05250151
30200,1.93,252265.0,1884.6,1.055720603,13.04200698
30201,1.84,253698.0,773.66,3.292611088,12.66261473
30202,2.0,372818.0,799.63,1.368934246,13.59671369
30203,2.0,139512.0,1538.17,1.758470199,15.77399771
30204,0.82,375934.0,2023.89,3.578802213,15.76920794
30205,2.23,371598.0,3047.82,1.112702287,12.68862881
30206,1.45,374022.0,751.78,3.618009694,15.91122041
30207,0.61,254904.0,1786.39,1.537283078,11.82954846
30208,1.95,376551.0,1868.23,1.378289777,16.77509776
30209,1.83,382963.0,1859.88,2.455720443,16.48203414
30210,0.02,379682.0,2195.1,0.554177461,13.24545809
30211,1.15,354602.0,1882.87,2.104827591,13.50967656
30212,1.34,355508.0,1800.11,1.602665699,13.1968133
30213,1.66,353343.0,1955.21,0.378961313,16.9197286
30214,1.18,161358.0,3047.82,3.985413201,14.37283585
30215,0.74,222887.0,1693.88,1.190630178,14.6841055
30216,1.19,142638.0,1868.82,1.595025166,13.92240569
30217,0.78,368012.0,1785.58,1.47984211,15.78376872
30218,1.84,249812.0,2386.49,1.706944179,13.78205893
30219,2.31,154023.0,1857.67,1.88765815,15.74089987
30220,1.18,353080.0,1957.59,0.7007875,14.13062637
30221,1.15,384782.0,982.27,2.822475053,17.42500536
30222,1.29,269541.0,1937.76,2.407804846,17.73027397
30223,1.25,147120.0,703.07,1.95994079,15.91951245
30224,1.51,358918.0,1840.78,4.245302237,17.09569175
30225,0.18,136936.0,1572.08,0.684888206,14.29603261
30226,1.21,136349.0,2455.39,2.519980408,13.79113401
30227,2.55,151928.0,1715.47,0.373525377,12.66052898
30228,1.42,362828.0,1893.05,1.198209241,12.33174212
30229,1.41,135641.0,2287.38,0.710537751,13.39205062
30230,2.07,391508.0,1052.08,2.042982912,16.10090103
30231,0.65,344958.0,1780.61,3.928864022,17.1737552
30232,2.07,271193.0,1699.95,2.029430125,15.07706024
30233,0.56,382956.0,1431.11,1.957052147,13.08190944
30234,2.01,140661.0,885.94,1.026842774,16.48890988
30235,1.55,360187.0,3047.82,4.114503231,16.22011751
30236,1.84,375274.0,2688.6,1.625334467,13.64073331
30237,1.16,164728.0,1207.1,2.348574639,15.49425382
30238,1.43,161400.0,3047.82,1.8629893,16.7379163
30239,0.92,138620.0,2055.47,1.486646734,16.73664401
30240,1.45,356073.0,1848.91,2.79764821,13.92195822
30241,2.93,154278.0,1935.55,1.590570441,14.85322954
30242,0.83,365936.0,2430.0,2.358585909,15.72538182
30243,1.39,150107.0,1706.01,3.06799166,15.95122914
30244,2.34,381363.0,2109.02,4.315084142,16.76169388
30245,2.04,380387.0,2403.18,1.962651042,15.07888735
30246,1.96,363408.0,1656.19,-0.226532195,12.50803253
30247,2.11,379836.0,1322.14,2.125738965,14.92061874
30248,1.42,164386.0,1619.85,1.491571146,16.18315032
30249,1.38,153394.0,1173.86,0.694553717,15.48099448
30250,0.19,384468.0,1865.83,1.774487882,14.05651097
30251,0.77,140462.0,2042.4,1.712793093,17.49207516
30252,1.17,354883.0,832.06,3.948443219,13.40527758
30253,0.82,230519.0,1512.96,2.771449432,14.94679803
30254,1.68,388597.0,1733.89,3.636277625,13.42047223
30255,2.76,122566.0,1573.13,4.132878573,14.91700205
30256,0.26,155616.0,2612.86,1.242036557,15.34221616
30257,0.89,365264.0,1339.61,1.080219849,15.34711114
30258,2.12,356390.0,1751.63,1.738746012,15.62062947
30259,1.47,143918.0,1028.11,4.036849955,15.31700419
30260,0.63,384372.0,1080.0,1.620286169,16.16974078
30261,1.05,162417.0,1495.67,1.624676316,15.84784095
30262,1.29,161681.0,1966.02,2.17886107,15.63035906
30263,1.46,278993.0,2363.81,2.132076043,16.4010046
30264,2.73,381665.0,1083.13,1.406286302,14.76776616
30265,1.91,382856.0,2641.5,2.767746312,14.91752724
30266,1.83,253191.0,1736.33,1.936436316,12.94766235
30267,0.47,138142.0,722.4,1.825532076,17.46294279
30268,2.83,361409.0,1504.77,1.971505115,13.85726177
30269,0.93,251196.0,2185.07,2.051519171,13.35550412
30270,1.21,158749.0,2420.44,2.117255617,17.41702942
30271,0.61,386123.0,1976.6,4.5664708,15.17380302
30272,0.9,168111.0,1090.54,1.461657913,13.45089623
30273,0.48,379081.0,2136.27,2.845460971,14.18449545
30274,0.42,368451.0,1759.4,1.307355851,15.70834925
30275,2.3,362915.0,2235.33,1.116746537,15.95614507
30276,1.23,379720.0,2489.93,1.731271621,15.7690073
30277,1.27,248318.0,1326.52,-0.326393035,15.76008858
30278,2.03,261000.0,2558.85,-0.047796333,13.62993601
30279,1.61,148443.0,1898.12,1.512802248,15.2909
30280,2.83,145637.0,911.67,0.443968985,13.06046331
30281,2.31,152357.0,1772.17,1.890504386,15.58568389
30282,1.2,279722.0,858.88,2.355574172,15.65796096
30283,0.55,380886.0,2542.03,1.959193418,13.80617128
30284,1.61,255434.0,1475.64,2.401858544,13.33065013
30285,1.31,341560.0,1935.18,3.078940325,13.38000863
30286,1.56,258550.0,1489.71,3.523228911,13.73839955
30287,0.7,250520.0,1598.65,1.985909284,13.47494013
30288,0.0,376499.0,1820.33,4.337654362,15.79072338
30289,1.2,246321.0,3002.88,1.113130892,14.45165339
30290,2.67,127583.0,2534.09,1.601476721,16.19480239
30291,1.94,362188.0,1926.61,3.498774319,15.23843982
30292,1.75,142036.0,1477.68,2.869972199,13.83164395
30293,2.88,362999.0,920.53,0.764534338,16.27198617
30294,0.33,142980.0,755.52,2.330988355,15.38021161
30295,1.56,350808.0,1586.98,4.142229903,16.65191143
30296,1.35,272244.0,2413.59,1.39579136,14.63157076
30297,1.84,169711.0,2445.74,3.542984336,17.67756585
30298,2.67,160123.0,1939.26,1.001773336,14.79274215
30299,1.91,137656.0,2664.67,1.275565116,13.70267925
30300,1.65,359818.0,1788.0,1.348773465,15.75991157
30301,1.83,396989.0,1848.52,2.133107511,15.39498967
30302,1.92,377395.0,989.31,3.19443234,15.77995977
30303,1.76,256767.0,2265.13,1.903631945,15.3433703
30304,1.15,345662.0,2116.61,3.142427799,13.0247826
30305,0.52,354889.0,1165.62,0.436783273,15.06312321
30306,3.57,364122.0,1873.85,0.372366919,14.57539171
30307,0.59,153977.0,826.5,1.612473579,15.33115204
30308,1.84,379331.0,1739.64,0.280810537,13.60471012
30309,0.93,379258.0,1725.18,1.807185045,16.13563289
30310,0.68,385115.0,1875.2,2.832724481,13.26657924
30311,0.94,165279.0,2278.62,3.784619279,17.0516585
30312,1.5,255301.0,2232.86,3.795714982,17.02674022
30313,2.23,356648.0,1839.7,0.2703687,13.74387947
30314,1.57,152308.0,819.95,0.716490751,15.74967639
30315,1.0,355090.0,2026.61,2.315419402,13.24161487
30316,1.69,364384.0,2414.8,1.275278169,14.98477069
30317,1.09,386221.0,2159.88,3.619920968,16.33685497
30318,1.29,367185.0,1367.02,4.182620394,15.88394821
30319,2.23,266303.0,2289.65,2.222267656,13.94778856
30320,2.09,350047.0,691.25,1.880535562,15.04879299
30321,1.1,264062.0,1919.74,2.040335519,16.1653994
30322,0.11,375570.0,2419.1,2.403605944,15.66942463
30323,1.63,168866.0,2506.06,1.687970885,15.69729319
30324,2.63,360215.0,868.28,4.176848971,15.50298303
30325,1.04,131225.0,1307.22,3.034185709,16.1723316
30326,1.04,276334.0,1502.93,1.338946469,13.78597448
30327,1.29,363740.0,1483.08,2.55518849,15.68431183
30328,0.94,401119.0,1048.11,2.321627012,12.54684757
30329,0.78,377667.0,586.86,3.76003103,15.79293265
30330,1.87,371089.0,1653.22,3.610045355,14.7724816
30331,1.83,132190.0,2992.46,0.467197421,14.73825729
30332,1.33,154187.0,1365.64,2.04368929,15.27945225
30333,2.49,351217.0,1808.18,1.884465745,15.32114874
30334,1.96,396095.0,1535.93,3.728365965,15.51102741
30335,0.58,369241.0,726.62,3.456246424,14.95195391
30336,2.89,253086.0,2618.56,1.405822628,13.88272714
30337,1.41,260623.0,1782.27,3.02219657,16.76499431
30338,0.99,176994.0,1298.06,4.700849153,15.5179769
30339,2.39,359930.0,1856.43,0.6316068,12.0496647
30340,1.92,361702.0,1764.39,3.517923675,14.92452191
30341,2.04,151103.0,1667.57,1.507509739,17.08803827
30342,1.15,385674.0,1907.63,1.320585282,16.0056725
30343,1.58,381826.0,2483.77,1.060119396,13.71865598
30344,2.51,159624.0,1801.76,1.797207316,15.20491087
30345,1.47,376313.0,1850.31,0.601969263,15.77565963
30346,2.09,255976.0,1858.81,1.174751744,15.51258188
30347,2.06,353248.0,1911.25,3.477931775,15.49669392
30348,0.88,354973.0,2221.11,4.535930764,16.23118375
30349,1.11,139053.0,1874.27,1.811777558,15.22197835
30350,0.45,388243.0,1361.61,3.685195334,16.38462962
30351,1.99,364645.0,2279.08,4.65582763,15.27988967
30352,1.71,171890.0,1865.64,1.917472721,13.55398988
30353,0.96,247912.0,1989.56,1.650742691,15.3288715
30354,1.34,384105.0,1808.61,2.590818687,15.45801721
30355,1.26,132121.0,1318.28,1.404430646,15.03225556
30356,0.61,277557.0,1062.22,2.957043948,15.48303663
30357,2.1,150400.0,1568.63,2.012609826,13.0463876
30358,1.58,138197.0,1833.17,1.078212345,15.71016176
30359,1.04,271539.0,1371.23,4.118902109,14.30542813
30360,1.05,376582.0,2151.6,1.196816525,16.19768061
30361,1.58,254100.0,1950.44,1.484789702,12.01230894
30362,1.92,146020.0,813.52,2.343257782,16.03064228
30363,0.43,362768.0,1791.19,2.274524101,15.47529955
30364,1.93,385204.0,1631.09,1.643360219,13.84633163
30365,1.03,377189.0,1732.66,1.291645688,14.36386365
30366,1.94,272093.0,1184.58,2.273835309,15.88353975
30367,3.06,150349.0,1888.83,1.84296408,15.83269825
30368,0.0,128325.0,2169.85,1.602058905,15.85314251
30369,1.57,360228.0,1888.6,1.570405733,14.69599428
30370,0.58,363507.0,1872.95,1.781338935,15.27661805
30371,3.13,232415.0,951.35,1.747750249,14.31078462
30372,1.81,379540.0,2006.07,0.988494076,15.94790366
30373,2.83,363589.0,2208.7,0.682348247,14.7736001
30374,1.23,161002.0,761.39,1.81325938,16.4578756
30375,1.69,273913.0,867.21,2.097525031,15.64101764
30376,0.74,370664.0,1510.75,1.881451309,16.2633143
30377,1.13,364610.0,2398.53,4.467449452,16.25448769
30378,1.39,344195.0,1617.5,1.975122924,16.08270751
30379,2.03,144442.0,1166.08,1.005830382,14.01866294
30380,2.26,133769.0,2310.08,4.21996432,16.84570881
30381,3.07,369937.0,2024.43,0.166903772,16.26547157
30382,0.62,256417.0,2359.52,2.102690374,15.54724224
30383,0.69,383835.0,669.53,3.631497481,16.88007403
30384,1.04,255955.0,1777.66,1.275258758,15.31645273
30385,2.44,134278.0,872.56,3.043393197,13.74079917
30386,2.26,390519.0,2034.17,-0.326393035,15.63990873
30387,1.06,384322.0,1987.22,2.961079267,15.43757092
30388,0.87,358803.0,1872.45,1.074466757,15.31251776
30389,1.28,362397.0,2309.44,1.529580918,15.65370668
30390,2.17,251000.0,2409.39,1.497754565,13.71302685
30391,2.14,155968.0,2366.75,1.970019927,14.9856576
30392,1.79,144824.0,1939.93,2.105396289,15.65172805
30393,2.14,260053.0,1609.1,1.61465792,15.78115148
30394,1.53,361760.0,1696.68,1.850665358,13.4565279
30395,0.47,143673.0,2419.58,1.166000097,15.5978065
30396,0.77,365722.0,2175.1,1.732066063,16.97075656
30397,1.28,136888.0,1824.14,0.984295342,16.56680403
30398,1.11,353981.0,1378.83,1.094562746,17.73027397
30399,1.06,369656.0,2411.12,3.614938691,14.92711991
30400,1.2,167542.0,1762.3,0.46435273,14.0033468
30401,1.41,259885.0,1793.5,2.432620761,14.55865141
30402,2.99,223309.0,1373.89,0.62388615,15.13266979
30403,2.67,352285.0,1776.55,2.410851567,15.62438411
30404,1.02,267465.0,2142.03,2.644405757,15.26243519
30405,1.33,401119.0,1016.0,3.270724274,15.98711593
30406,0.49,147982.0,1732.44,1.475029491,15.82798854
30407,2.27,386055.0,1810.66,0.122644391,15.88010051
30408,0.33,165815.0,2242.33,2.145287603,16.42161591
30409,1.62,389253.0,2126.85,4.718119724,13.71624445
30410,0.73,132366.0,1833.49,-0.145497961,15.6203061
30411,0.06,155944.0,673.94,3.161650855,15.7357996
30412,1.96,139289.0,1854.5,1.340002482,12.88520294
30413,1.67,350691.0,2370.97,4.233405151,15.75573489
30414,1.42,359359.0,2439.81,0.879916984,12.01563192
30415,1.93,353067.0,1912.36,2.872861681,12.83212916
30416,1.27,295970.0,2098.64,0.766172448,16.96505162
30417,1.95,227952.0,2277.34,2.106695625,15.11786562
30418,0.91,381978.0,1875.84,2.323222689,11.83769271
30419,2.24,270661.0,1464.2,1.134892107,15.17937853
30420,1.89,361666.0,2069.63,1.311403899,15.35778875
30421,0.0,164595.0,1138.68,1.630548656,12.28987933
30422,1.65,262769.0,1938.18,2.94013765,14.68273947
30423,0.1,374962.0,1692.52,2.427805436,13.78165914
30424,0.0,160590.0,1484.8,1.754049012,15.27553571
30425,1.27,130525.0,2328.55,4.523642458,12.13682424
30426,1.24,128397.0,631.13,0.708933807,13.77209318
30427,1.4,398034.0,2556.58,3.836249617,13.81484211
30428,1.11,377645.0,835.73,3.688214447,15.56628219
30429,1.64,137282.0,1804.73,2.229463592,15.90984178
30430,1.32,272217.0,1735.51,2.008456557,17.62791068
30431,0.8,373026.0,2265.19,2.008417418,14.72525707
30432,1.23,267828.0,1868.81,2.134891608,15.33082316
30433,1.57,381363.0,1884.6,2.272970443,14.51126307
30434,1.69,358434.0,1281.71,1.514689427,14.50634607
30435,0.19,362808.0,1796.22,0.665986497,16.30637345
30436,2.43,132741.0,1964.01,2.957653447,13.98805748
30437,1.68,365147.0,2086.62,0.389488007,15.306539
30438,1.74,373782.0,1857.38,1.100146261,15.09836378
30439,1.75,171231.0,1786.75,1.9263142,13.61050567
30440,2.07,166609.0,2152.01,3.866546795,14.95538438
30441,2.2,130944.0,797.51,4.681852281,15.44851239
30442,2.31,384460.0,2246.77,2.370357353,15.41933796
30443,2.59,130716.0,640.72,2.282173681,15.55448367
30444,0.71,374141.0,1965.99,1.111007184,15.51744149
30445,1.79,148753.0,1429.27,1.276629963,14.950085
30446,0.67,369268.0,701.59,0.586970911,16.38331711
30447,1.16,249291.0,2374.64,1.528514474,15.83184384
30448,2.12,370873.0,1101.13,2.25864283,15.56582466
30449,2.72,362445.0,1867.5,2.363122106,14.33959929
30450,0.89,373558.0,801.49,2.102979148,17.65076747
30451,1.33,156032.0,1492.04,2.441965513,11.81847905
30452,1.75,357250.0,1765.61,1.414600983,11.85030458
30453,1.41,234149.0,1094.97,1.036102778,14.89019129
30454,1.21,379321.0,920.96,1.883773428,15.73270261
30455,1.82,156182.0,1876.1,3.794415547,16.08174677
30456,1.77,266303.0,1864.39,4.069726079,14.84292329
30457,2.02,387566.0,659.73,1.431656392,13.61699307
30458,1.04,174973.0,1432.61,4.114075684,15.72194332
30459,3.04,253877.0,1525.46,2.274469697,16.02914356
30460,1.4,383251.0,1794.0,1.249689225,16.15690454
30461,2.32,145192.0,2101.11,3.531093447,15.53415647
30462,1.84,370052.0,1877.68,1.183129301,16.23977645
30463,1.75,386063.0,1641.72,2.240065741,16.52521632
30464,1.37,245460.0,1775.82,2.20294657,15.42362015
30465,2.38,361679.0,1879.84,1.431738551,15.38743626
30466,1.37,379603.0,1807.99,1.703311388,15.93065235
30467,0.24,136221.0,1951.2,1.80941004,14.34397652
30468,2.19,267816.0,1877.98,3.635776466,14.7082866
30469,2.02,377229.0,1112.75,1.53133102,13.11817795
30470,2.89,145384.0,2322.56,2.742224535,15.91114696
30471,1.52,267963.0,851.84,4.064843349,13.14416813
30472,0.32,118739.0,1811.47,1.895303687,14.66711188
30473,2.43,394109.0,1753.1,1.680750246,17.37059668
30474,1.31,275115.0,1131.75,1.495913209,15.69001014
30475,2.74,369062.0,1314.46,1.896483194,15.48625969
30476,0.61,139663.0,2233.96,0.286577509,15.81637727
30477,1.0,243054.0,1972.46,2.051832809,16.22153232
30478,1.0,148833.0,791.61,4.141537995,15.59695871
30479,1.2,131140.0,2470.1,1.090196371,15.80834416
30480,2.07,378544.0,1789.51,3.659875947,15.9844588
30481,1.51,264616.0,1782.99,0.014757263,15.91479602
30482,1.3,390166.0,1860.25,3.08003702,16.91011239
30483,1.77,377314.0,1452.72,1.343648271,15.28772848
30484,0.5,273743.0,1273.7,0.935272191,13.56486291
30485,1.97,381104.0,1851.73,1.281245629,15.80584098
30486,0.99,365497.0,1522.44,2.298437666,16.07382249
30487,1.91,262355.0,2358.31,4.601849335,15.74528602
30488,0.88,144304.0,1798.24,1.940434136,15.39322108
30489,0.85,380162.0,1628.05,2.870501686,15.50494531
30490,1.63,157920.0,2429.93,3.766778577,14.63909357
30491,1.67,340771.0,1772.48,4.136797952,14.13639475
30492,1.85,365681.0,2071.46,1.191981284,16.36483561
30493,1.74,370827.0,2079.33,0.945120629,15.96477092
30494,1.36,362430.0,2393.19,0.96013616,16.00904762
30495,2.18,366783.0,2706.43,0.489062293,16.3230928
30496,2.25,130535.0,1619.42,0.462379484,17.0455368
30497,0.79,166118.0,1941.78,1.906393473,16.22372345
30498,0.91,382588.0,1963.69,1.507735558,15.82112292
30499,1.88,362438.0,1844.49,0.347519434,16.66832799
30500,1.9,245697.0,2312.18,0.667093977,16.3571394
30501,1.48,132881.0,835.39,0.718618276,14.23202011
30502,1.53,373223.0,1275.32,1.478791229,13.2605287
30503,1.55,375261.0,751.35,1.966659891,15.10057969
30504,0.72,376863.0,1925.85,1.95444339,14.25796498
30505,1.33,362469.0,696.88,0.917904185,15.24128231
30506,1.57,369691.0,1970.27,0.002322503,15.63524875
30507,1.72,377246.0,1581.58,3.767294957,15.21508651
30508,2.01,144340.0,1926.95,0.519241341,17.24383036
30509,1.23,163685.0,1206.0,2.815926211,16.17646745
30510,2.45,131250.0,586.86,2.449717775,12.36500293
30511,1.17,361976.0,1966.11,1.922342871,14.84146272
30512,1.12,257476.0,2076.11,2.192365993,17.69205273
30513,2.54,384590.0,2354.63,0.113568952,14.32407147
30514,1.68,114947.0,1537.37,2.663983915,13.80282685
30515,0.5,261484.0,694.36,2.038601864,13.8713584
30516,3.05,129092.0,1446.62,1.271250204,15.34197149
30517,2.21,269630.0,1502.56,2.648971582,13.94407846
30518,1.13,132394.0,2371.1,1.603338998,16.66108415
30519,2.1,239462.0,1334.6,3.529917284,14.41134791
30520,1.95,350921.0,1933.08,0.006698385,16.20596893
30521,1.84,154340.0,1102.2,1.540508261,13.60478864
30522,0.53,249452.0,2222.69,1.262982505,16.32101819
30523,1.14,377679.0,1800.76,2.329661787,16.1138034
30524,2.04,384588.0,1813.38,1.469247416,16.10370311
30525,2.26,334697.0,2170.95,2.753946022,14.66337933
30526,0.86,374419.0,1338.76,3.08249595,15.73988656
30527,0.97,367290.0,2331.16,2.070448923,14.6791075
30528,1.84,372082.0,1343.74,0.494641197,15.97829459
30529,0.52,341712.0,2030.04,0.834867647,14.75280122
30530,1.79,164877.0,1900.2,3.697003296,16.08670147
30531,2.01,372318.0,1830.3,2.757507434,14.66414449
30532,1.84,362087.0,2174.98,0.250235579,14.08988415
30533,1.09,366185.0,2358.8,1.796552959,13.06699378
30534,0.63,140876.0,1252.78,1.404842445,16.17375019
30535,0.81,147112.0,2407.32,2.108745291,16.35342226
30536,2.06,352380.0,2384.27,1.540837768,15.62550964
30537,1.83,380711.0,1936.8,1.924630255,16.12312704
30538,0.0,367119.0,1945.99,2.482062373,14.05701688
30539,1.43,365458.0,1380.03,1.621197317,13.16336466
30540,0.85,133690.0,724.55,1.593337285,16.36721535
30541,1.42,152403.0,2462.66,3.426128546,11.9287814
30542,1.39,134708.0,1755.15,1.468352209,15.13189833
30543,4.79,268052.0,2526.97,2.882617337,15.56705224
30544,1.38,371406.0,1809.77,-0.162576036,14.27007877
30545,1.2,164232.0,913.56,0.511302493,15.27479403
30546,1.68,160266.0,2286.53,2.818500562,15.65866434
30547,1.58,249468.0,1882.63,1.581968235,14.48853507
30548,0.38,150138.0,1942.5,3.8332531,15.54665281
30549,1.87,367367.0,1713.52,0.484708467,17.11679924
30550,2.18,365891.0,1795.96,0.896438733,17.26528938
30551,2.38,259170.0,1719.96,4.008320713,16.13227397
30552,2.6,258799.0,1903.56,2.808923404,15.90122262
30553,2.18,154542.0,2334.92,0.983870645,16.06512005
30554,1.88,378465.0,1887.83,1.896066048,13.46786704
30555,0.99,376265.0,2246.67,1.570103512,12.90191122
30556,1.29,397245.0,722.86,0.050142766,13.86716688
30557,1.99,387186.0,1934.04,4.57391469,16.1456354
30558,3.71,366000.0,1779.17,2.318950394,13.77188479
30559,1.33,250016.0,2074.67,1.227274631,15.5173912
30560,1.13,364828.0,1426.64,0.419899217,15.84968845
30561,2.12,366850.0,1875.78,0.755857301,16.9558581
30562,1.72,264279.0,2342.65,2.554688502,13.85374593
30563,1.67,371384.0,2438.54,2.801126211,15.04122779
30564,1.03,246747.0,2140.89,1.747859866,15.98180572
30565,2.23,378429.0,2437.37,2.897981074,11.86596087
30566,0.91,267621.0,2011.51,1.528569967,13.99944261
30567,1.2,337050.0,2131.28,1.548901868,13.48237345
30568,0.18,151923.0,1092.34,2.10807315,16.51950934
30569,0.84,351360.0,878.46,1.619766507,15.42156688
30570,1.49,386887.0,1907.07,2.061034419,14.9544917
30571,1.4,270258.0,2788.54,2.161853613,15.51729781
30572,1.68,259255.0,946.73,1.351378775,15.40772885
30573,2.38,236754.0,2316.16,1.742675506,16.37457276
30574,1.8,392287.0,910.91,0.621848816,16.28025694
30575,2.11,358361.0,843.64,1.886679961,15.6211291
30576,1.81,359096.0,1774.41,1.331730027,16.90899783
30577,0.78,364885.0,1152.88,2.217476691,15.64859224
30578,1.39,142766.0,801.38,2.545098057,16.19736186
30579,0.64,373656.0,2158.08,2.057476621,15.82292616
30580,0.76,139767.0,1232.62,0.967057042,16.0574428
30581,1.73,374966.0,1758.12,3.424169435,15.60264291
30582,1.57,126483.0,1823.39,1.774495003,14.30493008
30583,2.28,372226.0,1084.15,1.648301011,16.91801032
30584,0.51,351705.0,1818.05,2.457813831,13.5954084
30585,2.54,237703.0,1221.39,0.869765972,15.1009793
30586,1.92,359176.0,1879.58,4.346686309,16.98526055
30587,2.47,142318.0,2442.79,3.476998374,15.39742244
30588,1.41,148521.0,1894.4,2.004264592,15.63411167
30589,0.32,389247.0,1939.58,1.874810114,13.27781033
30590,1.55,145277.0,629.98,2.298927153,13.47763923
30591,1.2,253840.0,1216.47,3.339105203,13.00439301
30592,1.05,245090.0,818.38,0.796341053,14.13800595
30593,1.83,370801.0,1835.21,2.273945326,13.89042405
30594,1.27,143075.0,1877.32,2.63451431,16.85278219
30595,1.03,396484.0,1836.89,1.915281297,14.10267296
30596,3.89,364725.0,2012.23,2.217672841,14.45543688
30597,1.16,373868.0,1847.98,3.749446479,15.59087444
30598,1.46,245150.0,1275.86,1.784149515,17.13006703
30599,2.02,258406.0,2577.8,4.260696682,12.86929413
30600,1.09,354793.0,1464.22,2.572932311,16.70647337
30601,1.67,248756.0,1803.21,3.348987995,15.39586652
30602,1.63,355943.0,1913.21,3.542985726,12.09819479
30603,1.55,126722.0,2599.32,3.067967231,13.64296663
30604,0.21,239874.0,919.59,1.834289619,17.11157537
30605,1.51,361841.0,2423.44,1.050115054,15.91618232
30606,1.92,260030.0,2427.89,1.055545893,17.07858763
30607,2.07,121747.0,2040.87,2.24947514,15.68710891
30608,0.59,272582.0,2461.48,3.764349252,16.27967065
30609,1.61,245326.0,2128.3,1.609269898,14.34820999
30610,2.03,379524.0,1863.5,4.183660688,16.35552861
30611,2.44,151458.0,2417.27,2.204594431,15.23283535
30612,1.39,163078.0,1928.15,1.228622454,16.17816764
30613,1.94,339273.0,982.52,1.063877441,11.6158811
30614,2.27,392015.0,1723.73,1.317273621,13.08761186
30615,1.4,144139.0,793.67,4.67279296,15.01566643
30616,2.23,149304.0,1899.44,1.795282377,15.35139214
30617,0.89,250353.0,1854.65,3.32648269,15.00996607
30618,1.64,276000.0,1330.44,3.198968504,15.29995503
30619,1.46,362695.0,1196.43,3.543696956,17.10562194
30620,1.61,354196.0,1431.15,1.30738291,16.0899425
30621,1.61,384327.0,2252.82,1.48627782,13.92153422
30622,2.11,355123.0,770.57,2.411882198,13.15697275
30623,2.07,118780.0,956.06,1.047554567,15.14304661
30624,1.66,378048.0,1752.0,0.857663464,13.78188258
30625,1.37,372698.0,2326.88,2.032615854,14.93714327
30626,0.88,351154.0,1741.45,1.991232922,13.04549149
30627,1.04,249164.0,1771.7,2.474713983,15.58205346
30628,1.34,148500.0,1870.35,0.109775228,13.69113415
30629,2.53,372154.0,1615.05,0.751787643,16.32003761
30630,1.37,365104.0,2533.11,3.146726508,15.06615688
30631,1.3,377684.0,1742.22,3.7475472,15.97629305
30632,1.38,161457.0,2323.63,1.337223526,16.28446828
30633,1.72,168220.0,2429.39,1.712578472,14.75031337
30634,0.56,156146.0,1306.49,2.834180605,15.12944898
30635,1.81,236188.0,1358.69,3.320204278,15.19283133
30636,1.61,384632.0,1785.91,1.448070161,15.98574857
30637,1.76,345368.0,1880.41,1.228486554,15.57428342
30638,1.33,151547.0,1915.02,1.575705232,16.78714815
30639,1.42,282368.0,2135.61,1.890944405,16.13118881
30640,1.37,362348.0,2564.96,0.652316518,14.37136906
30641,1.01,357557.0,1605.31,1.162363749,13.1522516
30642,0.34,377206.0,1670.69,2.212253082,16.40430959
30643,1.63,370248.0,1259.17,1.837002674,15.36019188
30644,2.24,254954.0,1116.65,3.895482118,16.3643181
30645,1.76,283221.0,1035.55,2.086498056,16.05733605
30646,1.49,373270.0,2319.47,2.218014405,12.47910422
30647,0.12,383200.0,2259.25,1.968498624,15.01491423
30648,0.84,131478.0,1504.91,3.42791051,15.99187316
30649,0.84,246344.0,1867.85,1.409285918,13.33638825
30650,1.47,143470.0,749.72,-0.175825983,13.67537471
30651,1.07,395671.0,1964.34,2.253233382,15.6147319
30652,1.62,166354.0,833.39,4.632183336,13.66491418
30653,1.62,265569.0,1947.56,2.54879586,14.80089106
30654,1.72,343464.0,2296.4,1.643484201,15.53232616
30655,1.37,365813.0,2355.25,3.971481623,15.04475087
30656,0.99,141146.0,2364.68,4.85320327,13.55808355
30657,1.88,378418.0,1882.57,1.400577991,15.61737251
30658,0.96,362940.0,2307.65,3.452351116,12.43974861
30659,1.62,152604.0,1199.23,1.06898969,16.72479139
30660,2.08,349548.0,2501.76,3.611960828,15.69100534
30661,1.8,242308.0,1790.04,3.772104639,15.40084755
30662,1.52,114947.0,2147.52,0.246439574,14.33765694
30663,1.91,355938.0,2088.58,2.417408263,14.12975624
30664,1.56,261161.0,2431.51,0.824137784,16.16496162
30665,1.24,144247.0,2112.08,1.096958383,15.63889541
30666,2.43,135484.0,586.86,2.447737604,13.41475628
30667,1.93,275561.0,2167.47,2.860312934,16.22254305
30668,2.32,371612.0,1785.7,2.84517234,16.30833037
30669,1.12,361482.0,1841.5,0.728666124,15.32699669
30670,2.65,336355.0,1403.85,3.048616128,14.93269626
30671,1.83,382520.0,1647.94,1.086392339,15.49699915
30672,2.18,381024.0,1910.25,3.205026372,16.37111694
30673,1.24,157412.0,2293.89,3.896919734,13.62971916
30674,1.33,365445.0,1830.25,0.170916058,14.50321298
30675,1.66,149479.0,1466.82,1.657802429,16.77460703
30676,1.91,345469.0,1778.87,1.048307758,15.75780951
30677,2.17,251736.0,1819.28,3.773055783,15.89527922
30678,1.76,247282.0,928.47,2.96925909,15.28951018
30679,1.89,145456.0,2421.69,1.567792535,13.44783213
30680,1.66,135207.0,1611.43,1.972188291,16.22518399
30681,1.92,386672.0,2391.07,1.306378766,15.17421944
30682,1.96,133544.0,1736.44,1.38858615,16.05975823
30683,0.58,372697.0,1097.88,1.109532597,12.7965484
30684,1.66,366235.0,1163.49,2.266605581,15.5956115
30685,1.26,134733.0,2253.11,1.148164306,15.68800286
30686,1.76,357468.0,1233.26,0.058207079,15.85526649
30687,1.57,254130.0,662.87,2.316808786,16.96112969
30688,0.99,117158.0,1708.73,2.50167457,15.7357249
30689,1.67,156338.0,924.18,1.272188541,15.78416515
30690,0.55,354856.0,1926.75,3.202872912,15.19326515
30691,1.43,389635.0,1886.68,1.269069305,15.76165314
30692,2.21,367336.0,2014.84,1.360506817,11.56888056
30693,3.14,378022.0,1997.71,1.497095538,13.83554493
30694,1.37,137800.0,639.73,1.885595333,17.58633282
30695,2.38,362907.0,806.18,1.355229214,13.80700506
30696,1.08,380162.0,2095.34,0.926952224,15.42931793
30697,1.19,356584.0,2203.4,1.271184414,15.22867015
30698,0.71,252016.0,2393.88,2.063748103,16.82515937
30699,1.61,263964.0,2047.68,1.485845347,13.7909311
30700,1.37,162000.0,2034.34,1.619130986,17.17370547
30701,1.77,268214.0,2532.78,2.259018508,17.01614557
30702,1.3,146006.0,1799.33,1.595120212,15.78286134
30703,0.91,383107.0,1503.7,4.429102102,13.27466904
30704,2.25,255003.0,2044.64,1.493791138,14.83228983
30705,1.04,249341.0,1076.71,1.823759791,15.42800529
30706,0.33,174973.0,2068.53,2.179376983,14.38970361
30707,0.48,350815.0,1832.35,0.125415811,12.96875376
30708,1.15,154914.0,2061.98,1.535730627,15.09813441
30709,1.19,150348.0,2711.54,1.288846754,15.63571654
30710,1.62,366886.0,925.49,2.87179786,16.33006292
30711,1.62,348143.0,1784.21,1.449981045,15.27446259
30712,1.89,382967.0,1954.22,1.193556667,16.94316509
30713,1.69,373565.0,2060.31,1.18329606,15.89241378
30714,2.71,362616.0,1854.63,3.767702353,11.30103411
30715,1.72,372972.0,1784.87,1.981687578,15.93319256
30716,1.68,165380.0,1767.73,2.021754957,16.28879533
30717,0.9,150232.0,2386.02,1.724615973,14.73817431
30718,2.01,392901.0,2097.45,2.842556193,11.53251383
30719,0.73,145866.0,2552.46,3.850639695,15.2842848
30720,1.1,360426.0,2099.69,3.92027014,14.93074927
30721,1.18,271043.0,2577.72,2.749249253,16.55208975
30722,2.23,159581.0,1935.18,1.412394357,13.07307216
30723,0.96,261016.0,825.26,1.006427027,12.59855787
30724,2.47,257448.0,1362.4,1.187712569,15.90989234
30725,1.52,137954.0,1245.06,1.556680184,16.23885006
30726,2.05,159142.0,2534.49,2.054547011,15.03797556
30727,0.28,386362.0,2109.8,1.972483674,15.37236682
30728,1.26,357759.0,2307.15,1.086528306,14.69552501
30729,1.05,368629.0,2302.8,4.676055191,13.61496867
30730,1.03,172032.0,2000.87,4.168583437,12.88429893
30731,1.51,364550.0,677.85,1.456185152,16.37520192
30732,0.91,366056.0,1474.19,4.166071097,15.63212175
30733,1.63,360239.0,913.2,1.90264599,16.26804196
30734,2.25,266967.0,2398.72,1.922141714,15.60803247
30735,0.35,369907.0,1598.97,1.555770839,13.94813592
30736,1.99,248831.0,1315.58,1.538948268,14.86550139
30737,2.3,140829.0,2127.5,0.747799506,15.21486204
30738,1.6,249751.0,1811.32,2.541221208,14.24815336
30739,0.81,148965.0,1621.22,1.560446116,17.31909106
30740,1.11,152896.0,1917.9,0.314229357,16.40587089
30741,2.12,252549.0,1840.67,2.109395018,15.44500275
30742,0.17,272312.0,1893.1,1.111205391,15.51430564
30743,2.01,353854.0,865.93,0.939234053,15.28543531
30744,1.28,148964.0,2676.49,2.917228586,15.16792935
30745,2.36,376617.0,1121.41,3.389919121,16.05957289
30746,1.85,356484.0,2217.84,3.122184971,14.33016154
30747,1.16,362341.0,2455.78,1.580790105,17.05680021
30748,1.59,125807.0,606.5,1.458485418,15.06184461
30749,3.0,261380.0,1920.93,1.950202989,15.37836398
30750,0.89,237938.0,1740.56,2.394333695,16.41611201
30751,1.58,134623.0,1828.97,1.56219672,15.86969864
30752,1.69,352993.0,2209.43,1.741520736,13.44459816
30753,1.2,263290.0,1934.3,2.445332594,16.236505
30754,1.5,372839.0,1350.1,3.498901568,16.23313032
30755,1.51,265202.0,1721.94,1.331534636,15.52550689
30756,0.0,376811.0,2329.46,4.93924406,16.5468775
30757,1.92,367886.0,1808.3,1.068806498,15.55995129
30758,1.22,277482.0,767.21,1.422919024,16.04867037
30759,1.23,374788.0,1931.18,1.896182655,15.70201968
30760,0.79,366006.0,1713.77,1.908940218,16.18778723
30761,0.7,169950.0,1740.11,1.640427552,14.44783585
30762,2.01,146177.0,1762.06,2.700399324,15.41328944
30763,2.24,265492.0,1806.06,3.239959518,17.10400628
30764,1.01,370175.0,1673.17,1.544067082,16.58076947
30765,1.62,360457.0,1854.59,2.663464235,15.57082733
30766,1.28,360741.0,2221.88,3.754201552,17.40840192
30767,1.16,135406.0,2249.77,2.215530999,12.36191237
30768,2.65,346898.0,2240.19,1.651293883,15.59362878
30769,0.48,149729.0,2165.1,1.737430251,17.00860719
30770,1.28,128186.0,1086.52,2.280992629,13.66944147
30771,0.71,140656.0,1410.9,2.534192138,16.0940299
30772,1.2,386474.0,926.47,1.932467953,13.95196981
30773,1.62,387255.0,1044.58,4.93924406,15.74581286
30774,0.79,254449.0,697.05,1.331955795,12.83899905
30775,2.41,352876.0,647.26,1.155709681,16.08962872
30776,0.7,150248.0,1939.26,2.115529583,14.25199207
30777,0.49,121203.0,1113.4,1.747218771,16.73507868
30778,2.19,355723.0,1273.24,1.662232036,14.97322878
30779,1.81,377742.0,1320.35,2.787237816,17.38195794
30780,1.29,281772.0,1361.13,1.437000621,16.91668692
30781,1.61,360613.0,1340.51,-0.326393035,14.21118448
30782,2.75,373371.0,1430.25,1.211494321,12.22379813
30783,2.41,365811.0,1498.65,0.948720066,15.89020103
30784,2.32,349675.0,1063.44,1.017608892,13.400171
30785,1.75,359912.0,2078.06,1.49872273,16.36025783
30786,0.67,157322.0,2059.27,1.535735823,16.59835199
30787,1.34,363272.0,2280.57,1.848563791,12.24126732
30788,1.72,387876.0,1347.03,0.742386375,15.77774289
30789,0.7,369749.0,730.95,2.65147754,15.56522004
30790,1.49,371725.0,2310.23,4.764224225,16.60518119
30791,2.22,273963.0,1493.55,4.641955642,15.60242209
30792,2.2,364255.0,1649.09,1.479000995,17.31945196
30793,2.39,143957.0,1440.67,0.74217338,11.2583727
30794,1.77,338202.0,1395.16,1.47292408,16.89036048
30795,2.43,360162.0,659.74,0.991914408,12.59328892
30796,2.56,132545.0,1398.43,1.456938952,15.32393933
30797,2.05,124113.0,1953.13,1.860920717,15.93162667
30798,2.64,135788.0,590.61,2.569649251,13.515592
30799,1.19,352396.0,1168.33,4.375594003,16.04219487
30800,1.06,347793.0,1274.15,1.346524397,15.76062234
30801,1.77,360092.0,1252.67,1.638894538,16.00212845
30802,0.96,346102.0,1249.79,1.64999446,14.58910084
30803,1.68,357292.0,759.87,1.920029642,15.60693042
30804,1.42,132372.0,1794.31,1.313256735,15.27792199
30805,1.55,353430.0,1378.33,2.034352299,16.52570642
30806,2.25,359411.0,1743.12,1.940272769,16.66061923
30807,1.27,365358.0,1863.03,0.952044438,16.3343858
30808,2.22,387733.0,1807.27,1.298715885,16.17404356
30809,2.33,137917.0,1417.19,1.436089369,13.6338342
30810,0.73,368388.0,2111.99,1.282013534,15.8266543
30811,1.92,388106.0,1904.4,2.89666208,15.97415187
30812,2.24,279387.0,2116.1,1.774402484,16.79020649
30813,1.89,385569.0,1790.05,0.00972982,16.55774573
30814,2.08,393075.0,1497.45,1.757248592,13.99072869
30815,1.03,272259.0,1950.18,4.767855777,17.65880523
30816,1.33,114947.0,1304.51,3.999818819,15.2684077
30817,1.25,363783.0,1945.25,3.8299924,14.04917836
30818,1.88,387173.0,1623.22,1.853334761,13.45872559
30819,2.36,363285.0,1860.03,1.479385436,14.40406923
30820,0.84,377182.0,923.26,1.979542242,15.18868694
30821,2.03,366663.0,2647.87,1.408108785,16.03696037
30822,2.0,379045.0,2075.19,3.972991768,15.24614711
30823,1.36,255470.0,1720.92,1.712816843,15.12770433
30824,1.87,147787.0,803.31,2.928241716,15.29959023
30825,0.23,366516.0,1815.5,3.946099261,16.09993631
30826,1.37,244000.0,1522.64,2.046157918,15.15157507
30827,1.73,376199.0,1780.9,2.188295921,13.95907204
30828,0.91,156238.0,2096.61,4.250925575,13.57340044
30829,2.39,165958.0,2309.03,2.719757144,15.87349716
30830,2.28,363178.0,2372.95,1.129973079,14.43070012
30831,2.62,401119.0,1813.67,3.117197959,17.73027397
30832,0.01,385884.0,1766.01,1.704675952,14.61340785
30833,2.12,379885.0,2632.38,1.556596805,16.20395389
30834,1.6,264207.0,2076.35,1.753455862,14.87979287
30835,0.45,242054.0,2421.14,0.477427177,15.44487329
30836,2.14,246976.0,726.49,1.730534261,12.79705587
30837,0.91,366908.0,2652.39,1.976292205,14.85672193
30838,1.42,245428.0,2155.3,3.965486939,15.46177388
30839,0.89,255786.0,1734.13,3.992933555,16.2558024
30840,2.07,243100.0,1081.88,3.262139841,12.28900425
30841,1.11,359623.0,1787.35,1.293503463,16.5700921
30842,1.88,114947.0,1981.6,1.696577675,15.38622826
30843,1.85,399677.0,818.37,1.992541286,15.85582661
30844,1.89,365269.0,2331.26,2.912635076,16.05080034
30845,1.89,270883.0,1904.72,0.847990634,14.65565907
30846,1.22,378150.0,1841.1,3.086814356,15.95572382
30847,1.39,358330.0,1680.73,2.329155354,16.13165518
30848,2.06,269607.0,957.1,3.858447196,16.01574027
30849,1.45,380608.0,2190.96,2.48911028,14.92322266
30850,1.39,126125.0,1722.12,1.67485319,16.23935002
30851,2.56,135148.0,1924.0,2.752123832,15.83825158
30852,1.43,380951.0,1729.77,2.061702858,15.76485144
30853,1.87,251656.0,1155.73,1.577472764,13.41950866
30854,1.77,342299.0,2486.28,0.813888134,13.91751637
30855,1.87,129792.0,1478.62,0.836564726,15.36688234
30856,2.19,381838.0,1548.74,2.369656308,17.30302718
30857,1.72,131700.0,777.08,2.326549683,13.52884771
30858,1.94,375065.0,2552.77,1.932601438,15.561545
30859,6.07,360347.0,1807.77,2.329627265,16.73626439
30860,2.52,332103.0,1145.91,0.378157072,11.97207427
30861,1.49,376900.0,1905.74,3.831604976,15.55722592
30862,1.7,386874.0,1740.7,3.377686677,15.54197548
30863,0.0,371237.0,1770.65,1.56663304,13.61104103
30864,2.06,244148.0,1900.42,1.882630777,15.92558572
30865,0.67,374073.0,2425.37,0.941745881,14.98562208
30866,0.78,254451.0,690.09,3.466137902,16.08181556
30867,2.43,251353.0,1831.8,2.09728266,16.04458156
30868,0.8,152392.0,2397.06,1.998118538,15.70066324
30869,2.28,161839.0,2495.01,1.543294917,16.65794097
30870,2.51,242440.0,891.25,1.633193512,14.83137198
30871,2.6,153710.0,2106.88,3.489163427,15.38367584
30872,0.93,356025.0,739.21,1.482253012,15.65040829
30873,0.94,371704.0,2504.85,1.883818616,15.2173284
30874,1.33,373524.0,1367.33,2.947303199,15.47310806
30875,1.76,139886.0,769.57,1.491990394,14.51362147
30876,1.51,364950.0,859.87,1.729852185,15.82821684
30877,1.07,257932.0,1442.28,0.292973365,14.09700649
30878,1.94,372474.0,2222.17,3.488684055,14.63593813
30879,0.6,387372.0,651.56,2.326768434,15.47282153
30880,1.55,240630.0,1581.04,0.07123293,17.06204513
30881,0.87,158417.0,1722.05,2.218547767,16.31678796
30882,1.45,156240.0,1833.58,2.945814238,16.34137535
30883,1.02,373775.0,1576.7,1.494078116,14.12559605
30884,1.28,155622.0,929.55,4.859603575,15.70194247
30885,0.94,366732.0,745.62,1.596026854,11.5504966
30886,1.51,152260.0,858.48,2.832798749,15.01224472
30887,1.39,378990.0,1967.17,1.515315663,14.40486171
30888,1.52,282227.0,739.74,1.809523025,15.0432034
30889,1.57,254491.0,1862.94,1.572273738,13.35151825
30890,1.77,248597.0,1398.36,0.210180778,16.69007638
30891,1.24,385922.0,824.47,3.406109996,13.03102933
30892,1.3,149126.0,1863.98,2.810581385,16.16466101
30893,1.55,365964.0,1717.19,1.117580077,11.40471386
30894,1.59,379671.0,1793.9,2.190105094,16.06327012
30895,3.52,375647.0,1913.56,3.31269519,16.09352377
30896,1.88,378288.0,1894.03,1.623004292,15.99794726
30897,1.58,359562.0,1553.99,1.823645215,16.42470879
30898,1.78,374516.0,1724.8,1.362693711,16.20496567
30899,1.75,360560.0,1516.22,2.438572648,13.47018569
30900,1.54,383249.0,1856.9,2.006614115,15.93288565
30901,0.0,377331.0,1855.92,3.708782364,15.04251693
30902,0.86,389606.0,1113.28,3.497025443,14.0120052
30903,0.71,254208.0,2020.07,1.464738139,16.27377043
30904,1.48,350926.0,1828.85,0.670921992,15.21579207
30905,2.18,270521.0,1892.27,1.651252507,16.39173717
30906,1.88,140369.0,1543.18,3.021477144,12.82063905
30907,1.9,401119.0,1357.78,1.517443689,12.93159
30908,0.61,390384.0,2250.42,1.697174401,12.44558958
30909,2.01,359192.0,1589.47,0.527688804,14.86492611
30910,1.2,362496.0,1145.52,4.54268897,15.12378698
30911,1.24,376118.0,2592.23,2.191657827,15.56772123
30912,1.24,353130.0,1747.46,1.647640607,13.77795087
30913,0.92,263248.0,2381.31,3.936790262,14.40260115
30914,1.29,275427.0,1993.67,4.53940242,16.25327152
30915,2.49,265458.0,2364.9,1.388166486,15.23974161
30916,1.22,360365.0,1323.46,0.941479379,13.83124161
30917,0.64,386616.0,1605.83,1.209644125,15.03511622
30918,2.01,166727.0,2046.36,2.753550451,15.34000486
30919,1.34,351897.0,1434.87,2.086041359,12.59301849
30920,1.26,121727.0,2244.85,1.95419334,13.41447082
30921,0.91,139452.0,1455.63,4.129200924,15.13456857
30922,1.14,377088.0,1656.5,1.581632856,16.10139053
30923,2.21,381496.0,2052.54,1.374949824,15.80080735
30924,1.04,358153.0,1866.59,1.548659058,15.67565304
30925,1.36,268135.0,2213.44,2.992790151,15.62874264
30926,0.5,264913.0,1079.93,1.588686466,16.63864698
30927,1.73,358187.0,1866.28,1.55407093,15.448496
30928,1.96,246387.0,1707.76,4.206658807,13.90013304
30929,1.0,388205.0,2424.39,1.241697031,15.03814597
30930,1.28,344099.0,1814.72,1.430229073,15.42429933
30931,1.12,369893.0,1861.73,1.513419254,15.2832147
30932,1.17,157333.0,730.0,1.088829392,12.45122731
30933,2.08,377755.0,951.97,1.893727621,14.31320418
30934,0.77,135759.0,1809.31,3.316348162,14.41293107
30935,1.16,401119.0,2030.58,0.921813903,15.92467296
30936,3.69,252642.0,1284.56,2.099220984,13.22147584
30937,3.11,363704.0,1923.93,3.70771917,14.67736365
30938,2.17,166394.0,2303.96,1.103418505,13.00201043
30939,1.81,253323.0,2295.41,3.437841635,15.26762536
30940,2.36,346272.0,1755.48,0.91527515,13.03986494
30941,0.97,146385.0,1858.04,3.716530367,17.29349143
30942,1.36,347643.0,1793.56,0.63166714,15.9042408
30943,1.73,361010.0,2112.09,2.125680589,15.18022086
30944,0.45,172669.0,1601.32,0.908035287,13.48277512
30945,1.07,155621.0,1802.1,1.537073815,15.669287
30946,2.59,167950.0,2617.2,1.426375223,16.22391893
30947,1.2,367851.0,2131.72,0.055730587,15.75906266
30948,1.46,375830.0,1050.8,0.554903952,16.29733782
30949,1.82,362934.0,2214.32,1.713539219,15.99807018
30950,1.1,146488.0,1455.01,1.566583554,15.85980472
30951,1.05,392117.0,2373.16,2.029821488,14.50586579
30952,1.41,363843.0,1894.47,1.150008786,15.57621507
30953,1.17,342405.0,1866.78,0.381182491,15.51727207
30954,0.88,371137.0,2305.52,0.729830792,16.66463673
30955,2.64,142376.0,706.13,3.830782394,14.55313784
30956,1.12,361747.0,1313.64,4.070685518,14.62814607
30957,0.86,265087.0,2033.14,0.299294466,14.19033026
30958,1.45,269589.0,2521.46,2.124223316,16.61102626
30959,1.25,266421.0,1857.99,2.42936984,16.79117558
30960,2.45,365957.0,2215.67,2.151964906,13.71497601
30961,0.38,361292.0,737.26,3.48066187,15.28115659
30962,1.19,387263.0,1786.47,0.965077506,16.97187671
30963,1.02,371017.0,1311.29,1.227510264,15.01057071
30964,2.08,358685.0,896.28,1.328210524,16.51892705
30965,1.69,142367.0,1863.26,1.397776244,15.1856451
30966,2.11,137313.0,2008.91,1.397409513,16.47942456
30967,1.06,236716.0,1953.71,1.173938163,14.11197639
30968,3.13,352280.0,2729.78,2.205363312,15.56219144
30969,2.38,386123.0,2079.21,2.452334979,15.00476952
30970,1.42,166206.0,2692.96,1.823573251,16.31559163
30971,5.57,159788.0,1827.19,3.815222678,15.54158009
30972,1.03,154099.0,2415.37,2.997828793,15.49456773
30973,0.55,380404.0,1314.16,3.101489684,15.28577267
30974,1.33,146401.0,1253.28,2.278308681,14.56210688
30975,1.04,390393.0,1462.94,3.037879893,15.22589693
30976,0.98,394335.0,2819.58,3.970661002,16.05823394
30977,2.23,375280.0,1730.24,2.762657707,15.19732664
30978,1.23,352557.0,2151.36,2.535857367,14.87494681
30979,1.74,379704.0,1870.82,0.96637091,15.17949032
30980,1.89,359462.0,1406.41,1.28062897,16.9062131
30981,1.36,384824.0,1648.35,1.055949835,14.9508121
30982,1.07,258452.0,816.14,1.808188249,16.81156363
30983,1.67,375076.0,1860.12,1.83377969,14.00122509
30984,1.54,139208.0,1843.47,4.577496744,13.87614994
30985,2.24,371032.0,2077.69,3.879834581,14.77940559
30986,0.98,265871.0,2024.83,1.817748536,16.3467096
30987,0.73,381496.0,1945.81,1.914066115,16.7737738
30988,2.0,267202.0,1377.73,4.070048622,14.13706135
30989,1.81,385638.0,2505.35,2.336443106,16.00747476
30990,0.51,372355.0,1428.7,0.518080315,14.62841674
30991,1.94,384197.0,2246.11,0.736784928,14.86320744
30992,1.53,135410.0,1463.24,-0.193043682,15.85554904
30993,1.38,151650.0,1855.93,1.120255055,17.54075995
30994,2.49,377765.0,735.92,1.449437421,15.8315722
30995,1.39,235396.0,2201.4,1.171325153,13.9878719
30996,2.4,364497.0,1744.13,1.574602273,14.64276179
30997,1.72,354881.0,1862.97,2.201803092,14.13251285
30998,1.71,380841.0,1750.49,3.401971502,13.85607267
30999,1.66,279711.0,1083.14,0.7132871,15.08701914
31000,1.33,245538.0,1849.72,1.860919115,15.33287869
31001,1.11,333841.0,1385.04,1.235532473,14.86600106
31002,1.91,140725.0,2217.94,3.103904328,15.95591806
31003,1.9,344768.0,833.66,2.584395927,13.40538045
31004,1.79,140771.0,2352.19,3.771817169,14.95480379
31005,1.54,137906.0,2258.6,1.190458348,13.41361097
31006,2.04,365576.0,2120.78,3.883808388,16.85871273
31007,0.61,401119.0,1591.44,3.949523679,15.87503801
31008,2.1,155354.0,1773.82,2.06558118,13.36702252
31009,0.72,389953.0,1382.2,2.105291705,14.0232448
31010,1.32,401090.0,1892.4,1.259386526,16.15630883
31011,1.48,117189.0,586.86,0.547242627,15.17508048
31012,2.0,361851.0,987.46,1.579250205,16.50356295
31013,1.04,170761.0,2123.94,1.86727068,15.82956908
31014,1.77,247243.0,2095.36,1.331533721,15.82539142
31015,1.67,265855.0,754.01,1.524720342,16.60529799
31016,2.65,266821.0,2227.5,1.979066086,13.14096939
31017,1.54,348237.0,1611.5,2.881131707,16.64356776
31018,1.99,338403.0,1629.67,2.399544014,17.73027397
31019,1.19,144836.0,1910.64,2.157395271,13.49397768
31020,1.79,370678.0,2508.14,1.325208756,15.1920692
31021,0.62,185620.0,2652.42,1.902701599,15.46668976
31022,2.18,268786.0,1406.17,2.073274399,13.74743786
31023,1.01,142140.0,2424.53,2.153482465,15.58159972
31024,2.28,162915.0,1233.71,1.978381602,16.05804741
31025,0.66,386692.0,1596.97,2.229854762,16.33485605
31026,0.13,401119.0,1758.46,3.593532632,14.70027078
31027,0.85,154367.0,1296.72,1.683234848,14.94338411
31028,1.04,132611.0,893.15,3.200088304,15.57064667
31029,1.44,247172.0,2378.97,1.758842608,15.23547708
31030,0.32,260918.0,1835.41,3.756073228,15.56857932
31031,1.16,354998.0,778.04,3.01015509,13.48736283
31032,0.63,244404.0,2152.03,2.92296523,12.21323683
31033,2.12,165208.0,2616.83,1.749265599,14.87469242
31034,1.78,276063.0,1347.76,4.75677077,16.22125121
31035,1.89,128966.0,2470.98,2.363248597,13.14458407
31036,1.26,146268.0,1857.86,0.544932765,14.56316217
31037,1.67,356156.0,1646.38,2.098777756,15.77121461
31038,2.56,367856.0,1800.13,1.301170025,15.82818005
31039,1.34,356448.0,955.72,1.523597427,16.484138
31040,2.19,362680.0,1819.36,1.581873965,16.06920579
31041,0.98,370322.0,709.53,2.215629093,12.31287364
31042,1.53,363589.0,2430.36,1.585754185,15.66686315
31043,1.64,155695.0,2282.86,3.399283895,11.2583727
31044,1.44,156749.0,2457.19,3.223976559,15.69933056
31045,2.23,270108.0,1668.91,0.537849248,13.22326726
31046,0.99,369685.0,1770.85,1.507024676,13.65916064
31047,0.0,377061.0,2167.54,1.686502644,13.67163422
31048,1.14,351886.0,2182.98,1.722880387,16.07754911
31049,2.23,127938.0,2448.54,0.978001452,13.31725052
31050,0.38,359253.0,1012.33,1.739053829,16.4810923
31051,1.14,376127.0,1815.99,2.183706371,11.89199984
31052,2.21,377529.0,2355.67,3.214882714,14.82314966
31053,1.43,255632.0,1089.38,1.231224947,15.88676906
31054,2.46,369891.0,1256.32,1.014871822,15.66405979
31055,0.97,231364.0,2192.44,1.829760519,14.82785351
31056,0.79,160454.0,2252.24,4.05989064,14.84156747
31057,1.87,245993.0,2193.39,1.797492849,13.45058607
31058,2.1,275888.0,1770.41,1.855666696,15.94881542
31059,2.57,163671.0,1875.4,1.883687696,14.59069424
31060,1.06,381070.0,1974.16,0.971367447,16.63577494
31061,0.8,377432.0,1513.36,1.19210437,13.2797426
31062,1.05,150636.0,928.61,2.291882193,15.88610437
31063,1.07,130354.0,1848.48,1.170822454,15.44283362
31064,2.36,251428.0,1408.44,2.008570703,17.11402495
31065,1.04,391474.0,2524.8,1.96055587,17.73027397
31066,0.09,276164.0,2046.35,2.730441984,17.41956498
31067,1.03,131401.0,1042.46,1.98450403,13.47468755
31068,1.51,363209.0,1977.07,1.104070762,15.26816664
31069,0.74,252208.0,764.2,1.00256177,16.22065254
31070,1.42,278898.0,1739.79,2.92532524,16.01298316
31071,0.26,357791.0,791.9,1.741375407,15.7169592
31072,0.85,132794.0,1757.17,2.330634798,15.15209144
31073,2.23,257103.0,2535.46,2.942655336,15.54660351
31074,1.03,268372.0,1819.98,1.626555651,15.75019089
31075,2.24,392531.0,2525.23,1.735322028,15.96965593
31076,1.71,370998.0,1943.74,1.154764532,16.05595093
31077,1.43,400301.0,947.87,0.708567053,12.0340411
31078,1.71,395856.0,1032.17,2.566091745,15.68592695
31079,0.9,388924.0,1960.11,1.928965875,16.23170275
31080,1.89,237233.0,776.87,0.262381234,15.6076642
31081,1.45,381408.0,1918.95,1.582573071,15.55451477
31082,1.66,167678.0,1707.43,1.280306944,15.0594681
31083,0.55,373888.0,1025.2,1.602975557,14.80449271
31084,1.15,382347.0,1051.25,1.852371298,16.59099712
31085,2.24,272592.0,1516.24,1.503446186,13.69639084
31086,1.04,138671.0,2195.2,1.646230494,12.70518952
31087,1.91,373218.0,1984.85,4.816373866,15.92609462
31088,1.46,143761.0,2622.25,1.832889928,16.0493853
31089,1.66,287774.0,965.2,1.808595662,13.97741237
31090,2.57,140099.0,1966.55,3.955110504,15.06952034
31091,0.39,133494.0,1947.79,1.213156224,12.97020494
31092,1.2,378432.0,1031.36,2.016063166,15.52814509
31093,1.77,371719.0,885.73,1.223919186,15.97959472
31094,1.53,255852.0,2322.66,1.12434825,15.35846715
31095,1.09,131319.0,2304.42,1.625430241,16.02086312
31096,1.02,394592.0,1021.68,1.229954305,14.08256564
31097,1.11,357367.0,1907.32,2.441904723,15.66569527
31098,0.84,159434.0,2501.88,2.043941209,13.23344165
31099,1.38,265426.0,1710.45,2.358778542,15.87359855
31100,2.01,356677.0,2223.85,1.634478969,15.0171544
31101,1.58,365046.0,1706.0,1.451844011,15.03413707
31102,1.67,156444.0,2246.78,2.020267788,16.82588479
31103,0.83,129982.0,2395.68,4.081453266,15.85538018
31104,1.15,372862.0,2360.97,2.305076908,13.5380111
31105,0.16,250495.0,1802.62,1.226099496,16.13451931
31106,1.82,379244.0,2362.32,0.74251143,17.1001446
31107,0.5,387519.0,1260.98,2.984442401,17.33098359
31108,0.8,133453.0,2133.85,-0.146097842,12.81062022
31109,1.49,256155.0,2355.98,1.975822441,16.4287574
31110,1.92,150318.0,993.97,1.665264747,15.31809636
31111,1.66,390198.0,2351.66,1.975001988,16.08568545
31112,2.53,360650.0,2281.99,0.319567687,15.94320388
31113,0.98,364785.0,1100.64,2.906140696,13.28410601
31114,1.59,360892.0,862.37,1.490317756,16.11992667
31115,2.22,131586.0,2024.1,1.57661396,16.55855493
31116,1.86,257640.0,1125.81,3.953198012,15.66070197
31117,1.67,378580.0,2267.36,1.359070262,16.45789113
31118,0.68,157531.0,806.61,2.116988107,14.44220511
31119,2.99,352946.0,1213.33,0.771772995,14.89845912
31120,1.4,251225.0,2135.42,2.48801634,16.48772452
31121,2.53,130958.0,1781.53,3.748131478,15.89372346
31122,1.19,123358.0,1807.46,1.166291168,16.63359162
31123,2.11,362452.0,1232.78,1.052101538,12.92208314
31124,0.73,256527.0,1182.84,1.901965231,16.04750097
31125,1.97,364542.0,1676.92,1.240321437,14.63983276
31126,2.8,156261.0,1947.95,2.228094579,15.47346456
31127,0.34,375611.0,1897.79,2.294910814,15.10584644
31128,0.89,364747.0,1602.09,1.012751408,14.35884425
31129,1.64,144555.0,2029.96,1.404016438,14.2265721
31130,1.92,162288.0,2459.0,2.468796095,16.28649885
31131,2.13,378670.0,1790.78,1.036769264,15.13357804
31132,0.66,243868.0,2922.08,0.747979345,14.20554781
31133,0.92,359874.0,2249.19,2.129532217,14.93916803
31134,1.61,237742.0,722.99,3.630595566,16.77219475
31135,1.0,272878.0,1866.35,1.203889798,12.88189218
31136,2.45,358951.0,1938.88,0.420384905,13.41142905
31137,1.01,351910.0,1840.0,1.637896479,15.22052506
31138,0.86,141450.0,926.76,2.704154893,13.5031632
31139,2.81,149349.0,2199.41,2.460867105,13.56493412
31140,1.61,247276.0,1710.86,2.252288059,15.81530677
31141,1.04,164511.0,2721.39,1.183738437,14.79499192
31142,1.65,265075.0,1912.29,2.190505249,13.66482532
31143,1.58,367183.0,1803.56,2.833999477,13.44781013
31144,0.75,284035.0,2308.86,2.104974105,15.70117376
31145,0.76,369995.0,833.72,2.173927622,13.80738431
31146,2.16,401119.0,1936.42,1.606513289,14.68418695
31147,1.57,363454.0,2320.34,1.769128216,14.21110353
31148,2.99,356061.0,982.61,3.757229779,14.67376127
31149,1.26,380588.0,1650.61,3.717133136,12.7443185
31150,0.94,361908.0,793.3,1.472078589,15.48150044
31151,2.31,133716.0,2184.26,1.835480805,15.77534835
31152,1.72,371248.0,1245.71,2.055895453,15.64587877
31153,1.72,141367.0,1521.66,2.039652455,15.9032299
31154,1.87,389604.0,1535.95,1.607599795,15.85173267
31155,0.48,354982.0,2217.31,2.741180021,13.27432168
31156,1.16,159435.0,856.55,3.353757483,15.86238464
31157,1.91,155020.0,1288.38,1.61556787,15.87259741
31158,0.96,369544.0,1851.38,1.009360223,14.05419772
31159,1.03,151192.0,2191.0,4.207894053,13.87372133
31160,1.31,369823.0,2505.56,0.511767123,15.64976556
31161,0.75,378602.0,1760.12,2.863916424,15.64325073
31162,1.66,153098.0,1831.52,1.856401874,15.48693503
31163,1.24,249576.0,2768.39,4.633196124,14.17572191
31164,2.07,354559.0,1825.78,2.55045496,15.57669404
31165,1.48,365202.0,1669.33,1.937033021,15.48337215
31166,1.02,374127.0,1863.08,0.800167616,15.44597225
31167,0.68,345485.0,2068.81,3.993817883,16.30434
31168,1.25,366490.0,891.75,4.416584393,15.48472784
31169,1.03,358552.0,631.89,3.192795183,14.90927245
31170,2.3,255467.0,2849.95,1.232282345,15.64907652
31171,1.55,364211.0,1868.6,3.550344247,13.39831797
31172,1.01,361118.0,2231.1,1.581433327,16.26323127
31173,1.64,391231.0,1950.62,0.754777882,15.56068703
31174,2.94,265822.0,1846.23,3.528679667,14.5576816
31175,2.72,248409.0,1736.43,1.700322323,15.31589641
31176,2.84,131333.0,2105.73,0.825362517,13.72152152
31177,1.05,367399.0,1520.2,1.94359699,16.14056905
31178,1.92,253085.0,1353.05,1.839709129,15.52353071
31179,2.26,150237.0,1790.58,1.659833501,15.59245519
31180,1.22,383097.0,1862.23,2.485916855,13.50140782
31181,2.3,371422.0,1304.12,1.286332396,14.43866209
31182,1.14,381652.0,2496.57,2.780190379,16.31029726
31183,0.48,253993.0,2217.72,1.057577324,15.80877982
31184,2.42,142326.0,747.75,2.653409238,14.97553933
31185,2.43,243968.0,1559.86,1.255655948,15.58800656
31186,0.22,154943.0,1518.08,1.667600653,17.34492502
31187,1.33,277676.0,1270.56,1.819331257,13.25292193
31188,0.5,248230.0,2641.53,2.788153701,16.13894334
31189,1.12,355400.0,1817.05,1.907399435,15.69470816
31190,2.33,381239.0,2352.99,0.915046302,15.25241622
31191,1.89,243301.0,1856.39,2.295201266,16.00301247
31192,1.12,365453.0,943.82,3.365378279,14.65968077
31193,0.0,282889.0,1452.16,2.988487118,16.44056484
31194,2.28,369590.0,1782.53,1.576989118,11.95600639
31195,1.26,256191.0,1737.54,1.654493287,14.65165171
31196,0.93,148755.0,1958.72,1.987395318,16.05251836
31197,2.45,345341.0,1779.83,1.325321592,12.82686964
31198,0.71,371644.0,1816.6,2.090104614,16.85349179
31199,1.15,375141.0,2152.03,3.199606209,15.61870033
31200,0.93,401119.0,1063.11,1.793478652,15.88884415
31201,1.95,366527.0,1545.76,1.597651015,16.43907995
31202,2.01,352229.0,1752.45,2.33947637,15.66945151
31203,1.92,366718.0,2182.36,2.297591763,16.29657455
31204,0.83,383641.0,2044.56,2.467734428,16.42948239
31205,1.24,374419.0,1220.91,1.680169398,12.783198
31206,1.11,376629.0,2460.08,3.103264512,15.15581411
31207,0.89,252230.0,2303.59,0.977654684,15.90187331
31208,2.03,356040.0,1849.83,1.455198301,16.76002102
31209,1.62,124020.0,1101.68,1.800000043,13.43181589
31210,0.89,142772.0,2236.64,0.879626214,12.42151731
31211,2.05,131206.0,2346.21,1.441089781,15.51042605
31212,1.64,369083.0,2434.71,4.16013574,14.59919692
31213,0.55,136142.0,1296.54,2.2877156,15.71947515
31214,1.99,370099.0,2311.2,4.649614946,12.34742788
31215,0.91,364372.0,1802.03,2.13893695,17.43657736
31216,1.6,276991.0,1988.52,2.829463536,17.5899109
31217,0.68,250344.0,586.86,1.246945621,15.41161953
31218,1.53,379282.0,1299.1,2.776427893,11.39962694
31219,1.72,260236.0,1761.29,2.322298968,16.88490743
31220,1.72,139638.0,1191.65,3.263582407,15.79408622
31221,1.13,368234.0,2764.7,0.984624171,16.20159346
31222,1.47,114947.0,1645.22,1.330601431,12.68647823
31223,1.82,363523.0,1276.87,3.781716879,15.51637308
31224,1.18,127680.0,2099.56,1.515560754,14.17138129
31225,2.0,260809.0,1738.44,1.678305347,12.54559204
31226,2.22,358895.0,777.44,1.415470196,12.77798813
31227,2.71,242604.0,2416.57,0.969892023,14.95592396
31228,2.33,171595.0,2449.48,1.714225093,14.05697406
31229,2.46,339857.0,1869.88,0.912173754,15.53599846
31230,2.61,380884.0,2458.34,0.963108944,16.56498088
31231,1.38,132783.0,1385.15,1.190141781,17.44329302
31232,1.8,365043.0,1752.97,2.37452312,16.54507962
31233,1.57,369735.0,1661.54,3.456741665,17.33031367
31234,1.09,160562.0,1043.81,3.056220803,17.57187564
31235,0.0,261502.0,1677.71,1.201510323,17.32805221
31236,1.81,389991.0,2028.92,3.924821421,13.91568277
31237,2.54,397883.0,2645.13,4.543434971,15.20335493
31238,0.81,247319.0,1801.71,1.129798198,14.48019125
31239,3.2,365878.0,921.88,1.070942139,16.68735415
31240,1.74,384710.0,757.6,2.393154963,15.33872432
31241,0.76,390168.0,1288.02,2.766136511,15.19702204
31242,2.08,150937.0,1334.55,1.823708955,15.4109606
31243,0.49,167956.0,1550.04,2.278793538,14.9651225
31244,1.38,358363.0,2666.3,1.305136293,17.4904777
31245,2.24,384310.0,1443.07,2.054007716,15.44112941
31246,2.32,386941.0,2325.13,2.091759017,16.9119771
31247,2.07,353745.0,1836.3,3.018425172,16.38731828
31248,1.69,149761.0,1883.32,0.234147529,15.81294085
31249,0.9,386581.0,1912.16,2.257307432,12.78210865
31250,1.28,357160.0,639.02,0.401086205,14.79615945
31251,1.53,373847.0,1948.01,1.470823091,16.78827761
31252,1.17,154479.0,2039.22,2.084385518,16.05888931
31253,1.76,337088.0,1710.79,2.196386238,15.76232638
31254,1.77,282611.0,1784.26,4.320936937,16.5146218
31255,0.66,155696.0,1901.86,2.55320976,15.18918903
31256,1.95,271820.0,2122.1,3.672878317,15.05020695
31257,1.59,386628.0,891.35,2.810099321,15.19466206
31258,1.31,149148.0,1437.43,1.78230397,13.80895465
31259,1.52,390607.0,2916.38,0.957722525,14.1048327
31260,2.82,167769.0,1862.41,2.089638465,13.84646654
31261,2.21,167442.0,982.94,2.016393552,15.59363637
31262,0.93,355192.0,2328.76,3.248536461,14.36396505
31263,1.95,380763.0,1952.47,3.45256413,12.47639966
31264,1.83,385262.0,1993.24,0.562702767,15.59976655
31265,0.16,252078.0,1199.92,2.953740112,15.57936323
31266,1.72,361479.0,1880.18,1.361860612,15.41985985
31267,0.9,268574.0,1817.62,3.797709138,15.40392766
31268,1.54,379840.0,1673.4,2.685425202,15.6582084
31269,1.88,358881.0,1827.65,3.549711925,13.75696371
31270,0.57,284459.0,877.07,3.082445097,15.01951272
31271,0.18,387776.0,1932.31,2.848003786,15.40629977
31272,1.83,253508.0,2131.24,2.7777888,11.30380274
31273,2.11,378121.0,1332.26,4.380514635,16.36314186
31274,2.28,280892.0,2205.11,1.255311864,16.10574315
31275,1.19,160977.0,1524.34,1.201849602,14.8500602
31276,1.8,370098.0,1763.05,0.794941601,16.80094536
31277,1.99,374633.0,969.98,4.098189281,13.57360237
31278,0.58,357311.0,2424.8,1.618647086,15.94231646
31279,2.21,149940.0,1514.12,2.191101209,15.59249917
31280,1.81,385678.0,1270.19,1.341352649,16.65147081
31281,1.89,377229.0,1544.09,1.585469961,16.97445664
31282,1.66,354423.0,1418.95,1.42278278,12.60461979
31283,0.24,358051.0,1888.9,2.670504773,14.94595681
31284,1.43,127792.0,916.23,1.921287853,16.38744766
31285,1.88,362541.0,2547.88,0.288400485,16.80052083
31286,1.3,401119.0,1874.91,1.395918255,14.43920886
31287,1.3,149900.0,1876.81,1.27593844,13.48654517
31288,1.58,258221.0,2255.83,3.781190132,14.52139684
31289,1.1,391054.0,1023.64,1.58815452,16.47275579
31290,5.56,357842.0,836.14,2.124186606,14.39023498
31291,1.46,256124.0,926.64,1.981226664,16.32498819
31292,2.42,376345.0,1826.87,2.635959041,17.10131614
31293,4.44,277935.0,1707.27,1.920017079,15.75363679
31294,1.34,267214.0,1939.29,1.529575936,15.50936147
31295,1.54,260917.0,1929.24,0.195624703,15.70885151
31296,0.41,377775.0,1247.66,1.609482604,16.20241138
31297,0.58,166909.0,2195.17,3.154457389,15.59493752
31298,0.85,355956.0,1687.48,1.867105388,13.41210948
31299,1.18,353340.0,1240.6,2.079586292,11.5897838
31300,1.06,378270.0,1808.09,1.296738053,16.09263244
31301,2.1,248367.0,1779.94,2.871415976,16.61903871
31302,1.72,360344.0,597.55,2.159215232,13.95090117
31303,1.99,132518.0,2612.63,2.171462664,16.08696432
31304,2.37,142409.0,951.91,0.092081653,15.38896064
31305,1.69,386744.0,2244.62,1.777437007,13.15547018
31306,1.31,243556.0,2351.53,2.992784437,15.33220736
31307,0.76,383649.0,2649.78,2.077086922,15.83729584
31308,1.28,258135.0,1869.52,0.978574658,16.64441968
31309,2.11,391947.0,1591.01,1.986574756,15.35800347
31310,1.63,275889.0,1363.04,4.408192734,15.39256451
31311,1.96,380530.0,1252.57,2.034491273,14.99542412
31312,1.05,352391.0,1358.1,1.222162994,14.96809551
31313,2.33,166296.0,2784.16,1.384066846,14.74920917
31314,1.52,360364.0,1474.26,2.066155684,17.03802434
31315,2.08,367572.0,1264.26,3.203249294,13.52751659
31316,1.4,352634.0,1994.88,1.881916436,14.93445641
31317,2.01,148936.0,2354.13,3.598740029,14.61806002
31318,1.17,156656.0,2031.59,1.921105959,14.83087193
31319,1.77,140620.0,2135.47,2.720901906,15.1423621
31320,1.97,380387.0,1829.74,3.529150917,13.16358406
31321,0.9,375495.0,1701.47,1.730890891,15.57152679
31322,1.53,378942.0,1862.27,1.469814456,16.15087033
31323,1.78,269999.0,1578.11,2.014347314,15.2325724
31324,2.07,155854.0,1828.92,1.246514339,16.56682464
31325,1.27,384268.0,2133.27,2.122118258,16.13746001
31326,1.73,144248.0,2209.32,2.765033149,14.84792457
31327,1.04,350191.0,1359.26,-0.224998631,15.24152421
31328,0.01,162783.0,1582.82,1.394667242,13.82281145
31329,1.21,142198.0,1643.87,3.000761362,14.08782904
31330,1.35,258193.0,1836.52,2.945451318,15.14690017
31331,1.85,364676.0,1248.55,3.632187479,12.61885982
31332,0.53,354319.0,2295.86,1.777125697,14.66940079
31333,1.32,258383.0,1056.33,2.245124782,13.67648382
31334,2.4,388416.0,1006.47,1.394256875,16.3646662
31335,0.9,375604.0,1884.06,3.075976986,15.60852571
31336,2.08,271719.0,1748.15,1.998746955,15.78760413
31337,0.76,265669.0,586.86,2.224746836,15.02808097
31338,1.66,138518.0,1872.6,2.922433505,15.07698697
31339,0.95,152717.0,797.24,1.250827311,16.49087072
31340,0.32,373273.0,1944.65,2.203904585,16.16422487
31341,2.08,148307.0,1669.45,2.789851375,15.23897224
31342,1.12,364063.0,2458.78,3.500867054,14.7629714
31343,1.37,180756.0,1770.09,2.570021298,13.77583914
31344,1.93,269277.0,2268.62,1.638446465,16.1021782
31345,1.11,383543.0,1668.41,2.631875206,17.73027397
31346,0.7,352331.0,2275.35,1.129064764,13.66630535
31347,2.0,357026.0,1198.64,4.146276256,15.354201
31348,0.73,364001.0,1738.86,4.270444509,15.19039402
31349,2.23,355193.0,1750.42,1.331609474,14.91283375
31350,2.59,270510.0,1642.38,0.987045382,13.40331914
31351,1.34,158252.0,1660.49,2.003987159,14.0133438
31352,0.7,355553.0,1353.05,2.053736542,14.15627931
31353,1.0,248028.0,815.65,2.408149083,16.20640605
31354,0.59,365014.0,1336.01,0.328888361,16.5435608
31355,0.69,135015.0,2017.39,1.862126515,16.22763434
31356,1.64,371776.0,1937.66,0.585725031,14.96374813
31357,2.09,231435.0,1077.4,1.797890771,14.24222372
31358,0.53,148109.0,1294.32,1.260707647,13.77188933
31359,1.63,123175.0,1429.49,1.386277354,15.69408693
31360,1.16,260520.0,1994.62,3.881411807,14.42668194
31361,2.01,346294.0,1187.59,1.231122225,15.38902549
31362,0.77,140262.0,675.95,1.431129438,13.21282312
31363,1.15,148783.0,1481.78,1.48529981,15.24755213
31364,2.69,250108.0,2098.82,2.725862712,13.32029073
31365,1.08,145177.0,1011.39,0.406752443,13.30425365
31366,1.47,374984.0,586.86,1.979619425,15.47941166
31367,1.51,383492.0,2250.41,4.243261912,13.66911599
31368,0.82,143980.0,1723.33,2.018200512,16.39870542
31369,1.79,357491.0,763.49,1.586015269,15.22878779
31370,2.1,352339.0,2206.56,4.271183944,15.24902609
31371,1.51,375543.0,1750.19,2.564700522,14.68374904
31372,1.34,381945.0,1934.37,1.28897062,15.57822759
31373,1.81,131399.0,1409.03,3.179082082,15.9073027
31374,1.0,397411.0,2332.88,-0.006735037,13.74965502
31375,0.5,150222.0,2549.25,2.811217512,15.53181634
31376,1.64,176344.0,2285.02,0.053920588,16.30270535
31377,0.66,151332.0,1679.11,3.209558356,12.5635009
31378,0.8,160343.0,1921.07,1.67991853,14.17758395
31379,1.86,367610.0,1319.38,3.859125324,15.08340101
31380,1.43,373982.0,1929.88,3.796360081,13.95203245
31381,1.75,388281.0,2402.41,0.523808907,14.08937222
31382,2.06,368665.0,2403.93,3.52539604,11.51631347
31383,1.42,369611.0,2052.65,2.005881481,16.06549863
31384,0.28,396915.0,2275.42,1.240678055,16.34481123
31385,2.1,389006.0,2295.73,2.032602846,15.02900346
31386,2.12,374894.0,1847.15,1.801651201,15.11581096
31387,0.0,366620.0,1540.54,2.38546668,13.05678035
31388,2.0,375768.0,2215.47,2.159429879,14.13612448
31389,1.12,387772.0,1812.56,2.529348946,15.30704559
31390,3.2,128032.0,2600.27,2.096190756,15.82157921
31391,3.3,246811.0,1891.97,2.202808276,17.02293471
31392,1.77,129625.0,1661.29,4.32307946,12.44124872
31393,1.66,372638.0,1808.29,4.633792129,14.42112272
31394,1.82,375952.0,919.43,0.034440792,15.85273593
31395,2.41,255449.0,1402.09,4.233050733,13.36369113
31396,1.9,274921.0,1286.84,2.030496704,15.27977932
31397,1.43,135760.0,599.45,1.805724331,15.97525435
31398,0.3,394289.0,2420.78,3.044457286,16.9308457
31399,1.7,147998.0,1875.55,2.162672441,13.55812999
31400,1.95,235041.0,1010.84,3.040625349,13.9496899
31401,1.56,364436.0,692.29,-0.226079531,14.89046748
31402,0.75,381100.0,1383.02,1.397136622,15.43392127
31403,2.11,389649.0,1968.15,1.143977718,14.94508545
31404,1.28,363170.0,865.37,4.076675182,15.8456317
31405,1.9,172569.0,1932.94,1.844420993,16.90375561
31406,1.0,373095.0,1537.68,3.643636144,15.55214473
31407,1.41,153440.0,1726.33,1.310611425,15.96507501
31408,2.74,115726.0,1555.26,2.231411078,15.69194385
31409,0.77,378018.0,1833.32,2.059569107,17.73027397
31410,0.45,380145.0,1928.09,2.340907251,15.80076462
31411,1.12,358918.0,2221.41,1.279972297,14.84659767
31412,3.12,371007.0,2164.61,3.503658088,14.7095848
31413,1.83,362752.0,649.02,0.889052213,15.19595875
31414,1.43,372937.0,1496.61,1.141512752,15.74555444
31415,2.81,160787.0,1835.22,1.48555488,12.64840433
31416,1.55,400377.0,2480.11,1.899761829,16.10135156
31417,2.48,369080.0,941.25,-0.111053324,12.4847046
31418,1.72,357061.0,910.76,3.129445412,13.39798478
31419,0.68,373801.0,1923.09,2.293172938,15.45755002
31420,1.04,132971.0,626.81,-0.12530245,15.95444539
31421,1.44,226223.0,1757.86,1.816769961,13.6575359
31422,2.65,135831.0,1103.55,2.955744873,13.52173921
31423,1.33,144385.0,2307.72,1.836869142,14.64392106
31424,0.45,152074.0,1619.88,1.466575283,13.70246848
31425,0.41,244565.0,709.68,1.303590482,14.65408357
31426,3.71,132526.0,805.26,2.377836902,16.52592557
31427,0.51,147094.0,2205.48,0.916921195,13.91940704
31428,2.39,392811.0,982.63,1.118330494,15.51306998
31429,0.21,270018.0,738.84,4.436029527,14.27543101
31430,1.34,164635.0,1792.89,0.417206746,13.6371955
31431,0.75,372304.0,1608.3,0.435785218,15.13118882
31432,1.64,266683.0,2082.96,2.702824194,14.57194494
31433,1.81,374962.0,2011.1,1.923377231,14.89031538
31434,1.42,146296.0,2633.58,4.416585171,15.03118384
31435,0.64,370757.0,2219.58,1.083793562,15.37570551
31436,1.78,121809.0,1957.61,2.560841955,14.91886022
31437,1.14,126184.0,728.11,2.227900833,14.20676815
31438,2.42,385187.0,1757.87,1.76626347,15.56426089
31439,1.18,377249.0,1855.89,1.614403555,13.65617534
31440,2.46,158580.0,2487.58,1.694927509,16.19514425
31441,0.41,373421.0,1992.97,1.807839758,13.24543171
31442,2.25,361262.0,1694.4,1.897310332,12.25188328
31443,1.33,264258.0,1882.56,4.41306804,13.84783786
31444,0.45,393154.0,2350.7,1.660759538,15.47542162
31445,1.65,152930.0,1090.71,0.593346226,17.04839093
31446,2.09,365662.0,2738.93,3.339642354,16.27527586
31447,0.99,360168.0,814.03,3.443843166,17.14116745
31448,1.0,371940.0,1923.03,2.552726013,15.97791607
31449,0.0,378908.0,2125.66,1.791365429,15.70374924
31450,0.79,137348.0,1904.0,3.375643518,14.0088244
31451,2.79,270367.0,2421.22,1.596078779,15.65565918
31452,1.65,129555.0,1393.39,1.302487368,17.02489092
31453,1.54,252212.0,1848.26,1.767003394,13.1098979
31454,1.58,364693.0,1258.87,1.705682231,12.80024089
31455,2.43,233119.0,776.16,2.391638136,15.83837596
31456,1.82,341128.0,1793.41,1.747596893,14.23876859
31457,0.12,358835.0,790.38,2.728774197,15.57418982
31458,1.6,351929.0,2000.67,1.494777362,15.35570092
31459,1.34,351790.0,864.36,1.891965474,15.15543995
31460,0.33,266289.0,2234.23,1.712374992,15.87020599
31461,1.2,165981.0,1965.89,2.509223881,15.23747605
31462,1.13,127511.0,1815.8,3.02064309,14.35625341
31463,1.94,383019.0,785.32,1.622032007,16.55174151
31464,1.11,141921.0,1738.27,1.862669749,15.54385414
31465,1.94,368476.0,1098.22,2.613573283,15.66351798
31466,2.75,144120.0,2236.16,1.667801137,16.14604626
31467,0.51,254561.0,2793.32,1.569823576,15.06785764
31468,1.79,370676.0,1935.11,1.93160662,14.47648407
31469,4.09,160436.0,2084.37,1.192007074,16.10376848
31470,1.77,356994.0,688.86,1.585987611,17.58559266
31471,1.44,242769.0,790.5,2.237988665,15.55987558
31472,0.88,358968.0,1848.08,2.739238854,16.49351276
31473,0.38,374234.0,965.43,4.121998445,16.38174242
31474,2.5,396407.0,2456.88,4.574570936,16.19210987
31475,1.4,152304.0,1036.92,1.936550695,15.00032409
31476,0.55,132925.0,2419.49,4.475694479,14.31064653
31477,0.38,135048.0,2617.13,0.353646387,15.45823777
31478,0.95,142018.0,2312.13,2.161315756,16.06829042
31479,1.28,258415.0,2337.58,1.63260677,13.678483
31480,1.0,261961.0,2602.64,1.707432552,15.45431166
31481,1.42,148248.0,2251.07,3.003262663,15.16526819
31482,1.66,370904.0,1816.93,2.272329108,16.15591298
31483,2.01,365828.0,2650.52,1.695959602,15.70996725
31484,1.74,370221.0,1562.25,2.099416111,15.49793721
31485,0.79,279231.0,1023.64,1.381585596,17.46691544
31486,1.43,154405.0,2347.41,3.513254311,14.87306748
31487,1.84,384996.0,1730.42,1.547997005,15.53849888
31488,0.92,349978.0,1943.35,2.401224336,13.28492671
31489,0.73,359724.0,1926.58,2.07948838,14.85313944
31490,1.48,373307.0,621.34,3.549065329,15.30901714
31491,0.91,253007.0,2261.84,2.938723949,14.21806403
31492,1.49,385848.0,2116.13,1.822100551,16.31272586
31493,2.17,373173.0,1755.01,3.085886036,16.20844414
31494,1.51,271637.0,2362.24,3.082054666,16.6542783
31495,1.7,369161.0,2291.98,2.273486736,15.90710281
31496,1.47,158917.0,1183.49,4.660052909,15.53770977
31497,1.34,362639.0,2261.36,1.708386581,16.77576026
31498,1.97,125843.0,881.92,0.541753286,15.36122936
31499,1.46,375289.0,1608.19,1.56223287,16.05515373
31500,0.98,136045.0,1904.71,1.333590364,15.78469551
31501,1.43,373947.0,2079.39,1.40726857,13.67339529
31502,1.4,288485.0,1505.22,1.949800316,15.76630818
31503,0.87,281558.0,1371.6,2.866052151,15.49772256
31504,1.7,263876.0,2188.85,2.878190523,12.8072898
31505,2.62,237826.0,1875.82,-0.114171003,14.43775247
31506,0.85,156256.0,1878.54,2.884450561,15.46841998
31507,1.02,135302.0,2658.34,3.847211703,14.72724658
31508,0.51,160183.0,1695.57,1.717771221,16.32629162
31509,1.92,366479.0,1317.67,2.918203955,16.70615027
31510,1.3,134074.0,2357.43,1.256015647,15.23150481
31511,0.5,376713.0,1260.55,1.822309603,16.59771472
31512,1.31,379963.0,1199.77,3.369887406,16.39068614
31513,0.22,144144.0,1822.27,1.674391894,12.74355022
31514,1.67,401119.0,867.07,1.68733782,16.16894714
31515,1.76,148706.0,1461.57,4.735113297,13.22410029
31516,2.06,142772.0,2207.98,2.094805865,15.85204502
31517,0.79,254764.0,1929.91,1.541315926,16.33302831
31518,2.23,154486.0,2663.05,2.117620139,15.99081429
31519,1.25,364389.0,902.3,3.930046193,14.89292125
31520,1.59,252862.0,2554.84,1.263418671,13.82121076
31521,2.41,260894.0,2059.91,0.267260968,16.525048
31522,1.07,363289.0,2452.36,3.365262754,14.84990862
31523,1.13,357957.0,1412.92,0.269120933,16.71200833
31524,1.75,363747.0,1910.38,0.145686617,15.59662016
31525,1.43,154895.0,1986.28,3.722049131,15.92282963
31526,2.37,134598.0,1738.34,2.897802439,13.25222757
31527,1.02,141965.0,1742.94,1.122496555,15.61748633
31528,0.46,149264.0,1035.81,-0.033748232,16.65589753
31529,0.83,333545.0,1020.84,4.372174722,12.13643428
31530,2.16,148878.0,2405.76,3.129423355,15.88861603
31531,2.07,165046.0,1748.65,2.995852225,11.3280406
31532,1.22,255881.0,1517.02,1.644871945,16.10922391
31533,0.65,361041.0,1236.48,1.060557347,13.83855813
31534,1.96,360862.0,2063.2,0.919889179,15.40781254
31535,1.56,355817.0,2377.15,4.260786673,15.10131493
31536,0.24,365820.0,2566.89,2.249829467,15.39023256
31537,3.32,388744.0,1940.52,2.174152914,15.16074433
31538,2.34,134304.0,2423.72,0.235747341,15.42238569
31539,1.47,271828.0,1907.79,1.129304349,16.08169099
31540,1.18,151132.0,1608.95,1.755765269,14.90235757
31541,1.0,341719.0,2373.18,1.344489886,16.72487588
31542,1.84,356428.0,1309.99,2.62640346,14.11932315
31543,1.26,386152.0,1818.37,1.469229607,15.40055775
31544,1.49,391096.0,1385.64,1.474803013,15.56089094
31545,2.87,342674.0,709.48,2.601614049,14.94732485
31546,1.78,378611.0,2006.7,4.741997306,15.47876161
31547,1.06,243889.0,1612.54,1.479188692,13.91354046
31548,1.53,353401.0,1939.13,4.08169722,15.28130337
31549,0.86,381099.0,1354.56,2.758382753,16.18725479
31550,0.0,389253.0,1917.7,2.275512364,15.37691698
31551,1.89,377403.0,1814.13,0.765090547,15.78501271
31552,1.55,127392.0,1188.87,1.787213153,15.10642568
31553,1.94,368021.0,1069.6,3.307245237,15.08354661
31554,1.23,401119.0,2561.44,1.3492211,15.29596999
31555,2.49,365870.0,1833.86,1.745343287,15.77549532
31556,1.83,397051.0,921.64,3.246664114,11.90800142
31557,0.77,264974.0,2077.79,3.113380377,14.9853022
31558,0.82,132254.0,1887.57,2.204063882,13.34277342
31559,1.88,368472.0,1834.72,1.211920235,15.92375106
31560,1.45,382133.0,2451.59,1.61312428,16.4826718
31561,0.7,352193.0,1818.27,3.115255954,14.90289469
31562,1.22,119399.0,1361.91,3.286784487,15.5580375
31563,1.39,142158.0,1997.12,1.407983621,13.88964237
31564,4.36,155318.0,1766.29,1.827153643,15.1397732
31565,0.71,258587.0,1855.78,4.884042085,13.51766549
31566,2.38,245309.0,1729.04,0.906777093,15.61880075
31567,0.9,351873.0,1931.33,1.992380533,15.37391065
31568,0.92,346434.0,1171.3,2.373033916,14.81668418
31569,1.05,167926.0,1628.88,1.155534418,15.3707085
31570,0.87,259290.0,1775.97,1.664016386,15.59843373
31571,0.05,390543.0,2207.91,1.420701098,15.30086289
31572,1.07,379192.0,629.17,4.196276649,16.50059239
31573,1.76,364744.0,1819.13,1.689974753,15.5221807
31574,0.74,139736.0,1474.35,3.45155359,14.25053533
31575,1.26,149984.0,1959.26,2.934293488,17.61230039
31576,1.06,136460.0,1965.2,3.698187286,15.61043279
31577,1.95,126953.0,808.87,1.003752671,13.32416453
31578,2.4,388046.0,2284.74,2.279945208,15.45421605
31579,2.26,345424.0,2545.44,0.757486479,16.36084844
31580,0.75,181139.0,1816.52,0.435484914,17.40483617
31581,1.5,257534.0,1859.32,1.586298158,17.04276145
31582,1.57,287734.0,2242.19,1.293443337,16.7569007
31583,0.97,172675.0,896.99,1.50524693,15.44247623
31584,1.76,362130.0,2084.3,1.693938877,15.22859801
31585,1.21,382075.0,2678.82,3.765279381,15.01066344
31586,1.52,357211.0,3012.13,1.355588086,13.70786507
31587,1.96,131494.0,2305.41,2.243206073,15.58399785
31588,1.57,379349.0,1690.97,4.331164693,15.72740596
31589,2.16,366940.0,1756.2,3.180044862,13.27016849
31590,1.85,153275.0,1744.59,2.448143491,15.45458772
31591,2.28,369973.0,2150.99,1.321331726,14.21407621
31592,0.61,153330.0,1794.09,1.673716309,13.43223076
31593,2.07,358843.0,709.09,3.896911938,12.06576387
31594,0.64,359383.0,814.66,0.430434878,16.51941998
31595,0.81,359033.0,1770.76,1.818427233,13.30065589
31596,2.25,374197.0,657.15,4.244772019,16.38408317
31597,0.05,153269.0,1927.04,2.084701787,13.5029808
31598,5.52,126438.0,1758.57,3.422987609,15.45065643
31599,1.89,373796.0,1861.22,2.121017412,14.51167803
31600,2.7,143397.0,780.82,1.786136522,15.56027906
31601,1.52,368450.0,809.38,1.662468748,16.57677917
31602,2.11,148209.0,1552.92,1.953144812,15.88233314
31603,2.95,336487.0,1824.41,2.882366411,15.66581853
31604,1.49,237059.0,1730.32,1.003413392,15.30215841
31605,1.27,176263.0,811.02,2.452011751,12.49953454
31606,1.53,140901.0,1949.65,2.966525662,15.73803508
31607,3.05,367160.0,1634.88,2.88951636,13.09808802
31608,0.62,401119.0,1151.07,4.457217185,15.58688199
31609,1.03,259229.0,1433.68,1.734613155,15.75619366
31610,0.53,144780.0,2125.45,1.317566515,14.8995133
31611,0.73,148171.0,921.88,2.466214674,16.10884295
31612,0.82,364955.0,1023.85,4.423191166,15.57311655
31613,2.16,169857.0,892.23,1.148629468,14.65339881
31614,0.76,172996.0,1342.14,2.262117047,13.59604564
31615,1.37,187080.0,2517.07,3.757301125,13.51036037
31616,1.36,268106.0,1696.34,3.726126309,13.55530214
31617,1.22,149102.0,1516.1,2.392987702,13.63473263
31618,0.72,260501.0,1694.72,3.599333737,13.48112619
31619,1.21,159366.0,889.49,0.632618491,16.41064512
31620,0.87,148297.0,2199.82,3.347427321,13.36657356
31621,1.01,127842.0,1641.19,4.502175903,14.80941219
31622,2.11,382340.0,1906.48,3.148537769,17.09186425
31623,1.61,166191.0,1895.36,0.876000438,15.78593175
31624,1.3,266001.0,1851.73,2.081051567,15.86208551
31625,1.66,345898.0,2180.83,1.167342258,15.27668607
31626,1.7,370386.0,1826.18,3.996259405,16.59923787
31627,3.52,126600.0,1194.85,0.373733658,15.48135792
31628,0.63,154200.0,837.0,0.677440098,13.6108415
31629,1.6,394874.0,1666.73,2.108496957,16.3856419
31630,1.64,267965.0,1886.73,1.818737363,13.25669249
31631,1.93,374056.0,1898.24,0.969121196,13.480823
31632,0.98,370684.0,2235.81,2.882245086,14.67766847
31633,0.97,355094.0,2267.49,3.460339455,15.38957804
31634,1.09,247502.0,1860.42,2.744693195,14.76467168
31635,1.85,114947.0,792.67,4.232685198,15.31857411
31636,1.13,155837.0,739.34,1.196987819,15.43948948
31637,1.54,392515.0,2366.69,2.215579305,13.64396407
31638,1.62,369156.0,748.31,0.581166581,13.05261175
31639,0.33,370033.0,1848.47,2.291792974,13.36513573
31640,1.05,356192.0,1760.14,2.061305549,13.50013544
31641,2.27,124915.0,2147.98,2.506250133,15.47638034
31642,2.18,364229.0,852.73,2.081857401,12.51208937
31643,2.43,371022.0,2109.63,1.04654923,15.17716857
31644,1.01,401119.0,1575.53,1.132318735,16.41955582
31645,1.46,369003.0,1783.09,1.381975903,14.04783468
31646,2.26,147013.0,2248.44,2.303059921,15.14196236
31647,0.59,134722.0,1896.36,1.02367616,15.00272238
31648,2.62,142995.0,2160.91,1.134548397,11.74444534
31649,1.93,347133.0,1927.09,-0.326393035,15.74971584
31650,1.63,368396.0,1811.71,2.840457424,13.262716
31651,0.81,366196.0,1972.47,2.115477956,16.54343296
31652,1.99,376388.0,1848.43,1.873439153,16.75918133
31653,1.33,366689.0,1443.52,4.523785678,15.70365943
31654,0.86,245601.0,1799.7,2.928474041,15.89046379
31655,2.59,368860.0,1893.14,3.35789458,17.18954954
31656,2.12,369308.0,2342.89,3.070920088,14.40650368
31657,1.83,135514.0,1259.65,3.030107965,15.48658426
31658,1.92,368370.0,1834.88,1.011821121,15.33731644
31659,0.84,145785.0,2238.68,1.393399892,13.96532193
31660,1.41,149622.0,2291.05,1.052707219,15.62501709
31661,1.34,362780.0,2477.41,0.626507705,14.12608682
31662,2.4,162320.0,761.69,1.699655565,15.00450013
31663,2.85,262653.0,2320.32,2.491109635,14.3816948
31664,0.03,353653.0,1706.75,3.008433627,12.33052979
31665,1.87,368781.0,1755.04,1.655798446,15.92911689
31666,1.41,274877.0,1646.96,4.808897693,13.8346825
31667,1.72,121427.0,1417.83,1.318381159,13.24795469
31668,2.42,243013.0,1683.59,1.900009288,14.88415422
31669,1.19,367750.0,2337.65,3.028638104,15.31284748
31670,1.78,252338.0,2160.88,3.978666887,16.48300856
31671,0.76,394002.0,1926.82,2.440063622,15.96106461
31672,2.32,380739.0,1796.03,3.102397957,16.69226424
31673,0.57,267730.0,1066.47,1.564316242,13.48178076
31674,1.71,346491.0,1631.82,3.455308529,15.48566654
31675,1.44,114947.0,1106.69,0.732681237,13.88679992
31676,0.73,396094.0,1802.58,1.337926371,13.77796411
31677,1.86,138203.0,1741.94,1.319592923,15.05781777
31678,1.53,281622.0,1837.48,2.283264217,16.18518132
31679,1.32,390381.0,1733.78,1.842230689,13.71184719
31680,2.28,369525.0,1236.13,2.452647717,15.4591326
31681,2.46,168363.0,1499.22,3.613788256,15.60927283
31682,0.19,270719.0,1400.52,1.52183569,15.08636774
31683,0.05,357200.0,1754.93,4.30938663,13.58759015
31684,1.28,371175.0,632.72,1.374419623,15.04398003
31685,2.05,390259.0,1803.92,1.475444883,16.51380659
31686,2.27,384843.0,1710.77,3.834354559,15.46358057
31687,0.95,371308.0,2401.93,2.122045692,17.53305493
31688,1.83,378280.0,2438.97,2.753129406,12.15295335
31689,0.66,153059.0,1937.47,3.015246282,15.69276702
31690,1.58,259556.0,2373.69,1.978180303,17.55137969
31691,0.26,344667.0,2396.93,1.976121314,12.65445225
31692,1.35,260790.0,1643.85,1.170338115,15.74730586
31693,0.56,273413.0,1808.23,1.963855215,13.04382487
31694,6.57,259347.0,1307.87,1.210137582,14.96310118
31695,1.23,342387.0,1815.59,3.114309288,15.6537332
31696,2.12,370527.0,2642.81,2.283711982,16.126111
31697,1.11,125957.0,2464.76,3.475957252,14.37836937
31698,4.41,147360.0,1579.37,3.754017587,13.38697935
31699,2.52,123884.0,2167.09,1.585782565,15.39419763
31700,1.96,370010.0,1839.84,2.655309022,15.38037546
31701,0.73,348969.0,1166.25,1.448590127,14.23442124
31702,2.16,372364.0,1627.37,1.335180184,14.4964303
31703,1.15,252822.0,940.68,2.531180739,14.67280407
31704,3.08,262230.0,1721.73,3.017494297,15.24134539
31705,0.83,360159.0,1868.39,2.492124869,14.47767945
31706,1.52,169017.0,1464.67,1.899237014,16.08055031
31707,1.5,262909.0,825.81,3.58022209,16.06881892
31708,1.47,258375.0,832.02,3.878761025,13.26475908
31709,2.07,366846.0,1972.8,1.587293929,15.02037395
31710,1.92,140404.0,1079.39,1.540889098,13.73929492
31711,1.03,373577.0,2437.77,2.597553541,17.01685398
31712,1.73,127807.0,2607.02,2.912381951,15.61855396
31713,2.07,389671.0,2488.08,3.667063223,14.11752735
31714,1.56,383250.0,2184.71,1.789182532,16.28362566
31715,1.62,266008.0,2669.13,2.115150555,16.93509122
31716,1.23,126750.0,2552.13,2.075643904,15.01205458
31717,2.39,354921.0,1717.51,1.265689944,15.1267487
31718,0.47,269668.0,1566.16,2.996723035,17.73027397
31719,1.72,153075.0,1849.01,3.953801139,11.84013444
31720,0.69,353615.0,1944.2,1.813650442,13.17748182
31721,2.09,384412.0,2548.58,4.311948214,15.40642437
31722,2.3,131874.0,1878.03,1.493745369,17.13059665
31723,1.06,138954.0,1714.82,2.098782142,16.20120286
31724,0.88,155826.0,1333.79,0.872716007,14.3401314
31725,1.37,159320.0,838.21,4.93924406,15.92870632
31726,1.64,235146.0,2333.11,1.05255398,15.40796358
31727,2.25,388593.0,2459.54,1.617550311,11.70076678
31728,1.46,149448.0,2352.56,1.894536293,15.55858042
31729,1.14,384660.0,1779.17,1.459912305,13.46306237
31730,2.13,114947.0,689.78,3.145962103,14.81190818
31731,0.87,366208.0,2456.94,0.346923685,15.39439942
31732,1.6,263837.0,1850.51,1.494850914,13.92581984
31733,1.34,365124.0,1843.78,1.229013563,16.51291646
31734,1.93,121728.0,1858.36,1.939719235,15.53825829
31735,2.37,383514.0,1337.04,-0.053479492,12.62966027
31736,2.12,265405.0,1837.14,0.654010765,13.483117
31737,1.48,360161.0,1839.24,2.167414492,15.08688985
31738,1.49,370288.0,1921.4,1.66085104,15.63228832
31739,1.46,167337.0,2243.19,3.463956044,15.87496202
31740,1.31,133616.0,1708.04,2.51258726,15.17690759
31741,1.42,375464.0,1737.62,1.710484078,14.01204267
31742,0.0,377829.0,1657.88,0.488396079,14.87663645
31743,0.77,360907.0,1860.33,0.568114261,16.07425347
31744,1.99,137402.0,2770.6,2.093482143,15.5064503
31745,1.77,356273.0,1911.8,2.762841212,13.81785308
31746,1.65,116411.0,730.16,1.408464559,14.87541239
31747,0.53,372941.0,2270.41,0.609813699,15.29970945
31748,1.55,269678.0,1130.97,4.683213775,15.57897613
31749,1.12,151344.0,2071.75,2.507194605,16.60442357
31750,1.63,128968.0,833.56,1.20720133,13.57810256
31751,1.93,144091.0,1976.64,2.268463107,15.56021112
31752,1.39,122417.0,586.86,-0.058292674,14.58455687
31753,2.15,150349.0,2203.11,1.834025565,13.59698037
31754,0.97,129427.0,1823.74,3.019005281,17.00356288
31755,1.75,390787.0,1818.85,2.152480604,16.53487423
31756,1.91,357933.0,1739.24,1.257952729,15.33457281
31757,0.25,175568.0,877.23,3.169145505,15.78965789
31758,1.58,355546.0,2196.99,0.766078722,14.87693261
31759,1.37,176343.0,2024.38,2.061620744,16.23750795
31760,1.1,237713.0,2444.48,1.518603747,15.98835643
31761,1.54,275970.0,1634.81,0.88410367,15.56515621
31762,0.9,380463.0,1523.36,1.477282878,16.23000761
31763,1.57,358845.0,1715.73,3.497916311,15.45480432
31764,1.0,137869.0,2206.16,1.720665667,13.24976856
31765,1.39,377777.0,2148.26,3.652540716,15.86325221
31766,1.28,252851.0,923.28,1.29996045,15.70260114
31767,0.58,152229.0,1800.28,3.141218158,15.53520472
31768,2.75,146905.0,2097.31,2.553582265,14.63472235
31769,0.71,139723.0,1857.89,3.601096355,15.82360406
31770,2.04,357065.0,1634.77,3.541804849,16.00142844
31771,2.46,340694.0,1695.15,0.172810755,14.17668534
31772,1.17,372571.0,1621.66,2.991604253,14.98772858
31773,1.85,375857.0,2128.47,2.068266969,14.19080428
31774,2.27,355590.0,2095.21,1.768540144,14.48696607
31775,1.63,140641.0,1934.88,1.665681036,14.28381678
31776,0.65,165194.0,1640.31,1.65312005,15.44530747
31777,1.39,150580.0,1903.69,1.839158448,15.63580325
31778,2.42,137633.0,1311.39,2.471399192,15.54562157
31779,0.66,378012.0,1892.77,1.605962368,13.77048441
31780,1.47,262313.0,783.46,0.389999359,15.98190317
31781,1.91,268862.0,1552.05,3.43298201,15.27308569
31782,2.69,143441.0,1807.02,3.66068396,15.84197813
31783,2.33,360523.0,1785.49,2.630620736,15.84940689
31784,2.28,350694.0,719.89,2.355425347,15.61525346
31785,0.39,394173.0,1821.18,2.188468377,15.74375478
31786,2.29,164112.0,1919.76,2.922036656,16.75111504
31787,1.17,357374.0,1864.18,1.659240936,14.01769661
31788,0.36,383037.0,2133.76,-0.293197646,17.14093861
31789,1.07,275759.0,1906.75,2.726669595,16.3735899
31790,1.59,358369.0,2993.32,1.71250156,12.83620933
31791,2.26,143135.0,586.86,0.1689433,13.58292125
31792,1.44,278446.0,2000.28,1.824395849,16.76122148
31793,1.02,358900.0,586.86,2.291397975,15.97360584
31794,1.46,357800.0,2667.17,1.149519681,16.31236994
31795,1.86,342816.0,782.44,2.102681794,17.35073081
31796,1.63,343030.0,1077.13,3.562420514,13.44797489
31797,1.89,343210.0,2299.53,1.921005741,13.61180315
31798,2.75,251984.0,1603.75,1.784485214,13.1281118
31799,2.21,114947.0,1660.02,1.763014641,15.05183036
31800,3.28,395088.0,1027.53,2.043461207,15.25683922
31801,1.16,261359.0,1098.22,-0.007978759,16.64777061
31802,0.3,389632.0,2528.12,2.113128001,14.10762123
31803,2.12,166476.0,2041.39,2.153394811,15.40735902
31804,2.58,371164.0,861.43,2.046953247,15.02546468
31805,1.76,268427.0,1038.88,3.125046717,15.63671344
31806,2.39,376461.0,1247.37,3.592490302,17.00414734
31807,2.16,382264.0,1772.12,1.277974869,15.05650887
31808,1.34,374970.0,1838.53,1.554782696,15.33340005
31809,2.11,186376.0,1487.7,2.043128389,15.45859284
31810,1.82,354458.0,2151.42,2.382894847,13.47302863
31811,2.03,158416.0,1079.23,1.874462752,16.78205669
31812,1.78,157481.0,2658.38,1.692278364,15.79770533
31813,0.81,352480.0,1754.78,2.956072065,13.82188867
31814,2.03,141434.0,1155.18,1.604974266,13.92813871
31815,3.0,379305.0,2048.93,1.690486596,15.49549056
31816,0.69,334286.0,2289.45,2.129033411,15.74845503
31817,0.97,363970.0,1466.3,2.103240308,15.59744782
31818,1.15,270868.0,1380.84,1.701031303,16.57981049
31819,1.68,237958.0,1259.77,2.96446583,13.27463709
31820,1.12,362303.0,1965.54,3.660489189,14.96204511
31821,0.79,367146.0,1937.63,0.480215352,13.88349601
31822,1.69,243520.0,2211.78,1.650283037,15.47098768
31823,1.47,152527.0,717.01,4.811579757,15.7230969
31824,1.17,360908.0,1524.6,0.799808538,16.66570497
31825,0.71,361873.0,1873.12,3.023686144,17.3371172
31826,0.57,387403.0,2026.54,2.134464017,15.6126751
31827,0.32,383090.0,884.27,1.329583056,13.86922624
31828,2.14,365814.0,1427.66,1.904685533,15.1867512
31829,0.76,392555.0,1867.77,1.508042662,17.59333807
31830,1.57,136235.0,725.23,1.772350786,15.29296111
31831,1.58,260604.0,908.3,1.355839645,15.16623524
31832,1.75,371649.0,1058.63,-0.147823854,16.18261133
31833,0.15,118105.0,1799.71,1.935967001,13.3525866
31834,1.51,381123.0,1874.66,1.429747893,15.58502985
31835,2.35,377435.0,1727.66,1.496645265,16.1907181
31836,0.59,159060.0,1786.83,2.218980473,15.74198219
31837,2.16,124750.0,1841.1,0.731503169,15.27344844
31838,1.06,269726.0,1410.02,2.319920313,15.17956388
31839,0.52,269891.0,2934.22,2.432061945,16.41834318
31840,2.49,244273.0,804.75,2.244928257,14.09077846
31841,0.0,165198.0,2351.84,3.732998192,15.95948838
31842,1.78,264022.0,3034.13,0.694391893,16.00746021
31843,2.29,235616.0,1216.42,3.786992049,14.32995155
31844,1.76,253859.0,1860.71,0.662651309,15.37212576
31845,1.29,234770.0,1705.78,3.502534982,16.26396382
31846,1.16,340587.0,847.09,4.338690044,15.19247081
31847,1.58,369562.0,1736.89,1.070342492,14.30434714
31848,1.91,281414.0,1913.22,2.955080672,17.19880415
31849,1.28,263766.0,976.97,1.508829012,16.37211815
31850,1.44,353578.0,1485.52,2.061817746,13.74909936
31851,0.73,142693.0,2304.55,1.075817974,14.21037811
31852,2.42,356352.0,1144.02,3.982119667,12.91901998
31853,1.5,262643.0,2027.55,4.224395859,16.45080717
31854,1.84,355432.0,1891.52,2.938654246,17.25701281
31855,2.04,127570.0,1904.4,2.667807019,14.99726562
31856,2.01,363505.0,702.07,1.100517358,15.88771854
31857,1.77,139843.0,1778.64,1.397072491,12.99592235
31858,1.59,373691.0,1006.84,2.073870343,14.1598792
31859,1.32,150893.0,1754.11,1.426427492,14.68120314
31860,2.11,269346.0,2254.17,3.232491161,16.97209394
31861,1.09,377133.0,1448.95,4.578755897,16.46603344
31862,0.61,145871.0,2313.8,2.047217068,15.46298957
31863,1.79,131542.0,1912.9,1.623699931,15.43590055
31864,1.12,390310.0,2349.29,1.121966225,14.99540139
31865,1.83,280354.0,916.98,1.281300242,16.01223341
31866,2.24,131488.0,1740.26,1.7003634,13.80690586
31867,1.74,367726.0,1849.08,0.125507802,12.26160193
31868,0.92,260392.0,1790.95,2.819097122,17.37082467
31869,0.66,147789.0,1608.79,2.323163096,14.25117581
31870,1.1,394381.0,1831.06,2.810891179,16.46032053
31871,2.17,180668.0,839.84,2.102478978,15.71490428
31872,1.7,151257.0,2565.72,2.875238099,15.97762506
31873,1.01,383886.0,1843.67,1.800236466,11.82059785
31874,1.58,333334.0,1852.39,0.514355953,16.21454327
31875,1.56,161293.0,2919.51,0.964514642,15.65988486
31876,0.14,379523.0,1046.72,1.774404045,15.52066786
31877,2.04,382186.0,2465.14,1.731025643,13.61602544
31878,2.11,370695.0,748.07,1.448073823,15.43594037
31879,1.12,157329.0,746.7,2.038817804,14.66353547
31880,2.32,357540.0,1277.43,1.766456616,16.2562575
31881,1.09,391219.0,2013.32,0.663920485,17.07764811
31882,2.44,374484.0,1405.63,1.219168657,15.78579676
31883,1.18,141171.0,1869.91,1.129820341,15.05262301
31884,1.94,134994.0,1706.73,3.89029661,14.70368398
31885,0.43,244668.0,1409.24,1.102789963,13.74304627
31886,0.84,393920.0,1834.26,3.58364394,14.82432203
31887,0.98,348405.0,1737.96,4.088813669,15.71673473
31888,1.92,360298.0,1031.08,3.544221177,13.71596492
31889,2.72,146556.0,1749.29,0.455263743,11.94409824
31890,0.63,240311.0,953.64,1.81794084,14.96081371
31891,0.11,339200.0,1097.37,3.423886677,15.95636789
31892,1.59,360383.0,2321.48,1.744615528,11.98449329
31893,0.99,367558.0,1902.71,1.299925518,13.74089047
31894,0.86,162675.0,1074.69,1.498049618,13.75744541
31895,2.47,116814.0,803.72,2.262494614,15.31698083
31896,0.69,363027.0,999.25,3.82940037,14.08373031
31897,0.93,143177.0,1468.59,1.04428649,12.65627415
31898,2.28,381049.0,785.5,1.216056056,15.40008629
31899,0.33,265064.0,1768.26,1.688263936,15.95492739
31900,1.75,361644.0,1378.11,3.276116788,13.77558321
31901,1.97,370323.0,2032.95,1.229063535,14.23123747
31902,0.98,260586.0,749.65,2.116793616,14.46503457
31903,0.7,153843.0,2546.22,4.316379033,13.83444723
31904,2.15,355446.0,795.24,1.847085599,15.8470318
31905,0.83,385882.0,2031.62,1.973537726,15.44701351
31906,1.12,354930.0,2385.3,3.183741654,13.8140454
31907,1.3,372520.0,2354.64,1.204712376,13.85139756
31908,0.51,151243.0,1750.14,1.135157347,16.07597746
31909,2.01,146511.0,1066.96,2.33030457,16.5056542
31910,1.49,154947.0,1936.99,1.775483722,15.37993143
31911,1.08,398027.0,2213.85,1.721652113,17.18070253
31912,0.98,251417.0,2083.07,1.814393208,13.81746424
31913,1.79,379180.0,1742.7,1.980444668,12.33510627
31914,0.31,266471.0,1723.58,2.063913656,14.26341602
31915,1.04,146658.0,2397.14,0.874363137,16.29594229
31916,2.03,374044.0,1304.97,0.110460996,14.32796641
31917,1.06,378639.0,2672.93,2.854658416,15.61838204
31918,1.59,260185.0,2273.7,-0.141321513,13.97970286
31919,1.28,401119.0,1933.52,0.948526411,16.19649184
31920,1.15,276206.0,2362.73,1.067632929,14.6645079
31921,1.2,252639.0,2367.72,3.250281826,13.40044639
31922,1.09,287732.0,1897.69,2.120767546,12.71933422
31923,1.59,132472.0,823.11,2.215592178,15.42009232
31924,1.58,139458.0,2245.98,2.046264733,13.00794896
31925,1.46,163373.0,1414.2,2.250450739,12.39005577
31926,2.66,142948.0,1888.08,0.878382213,13.24385003
31927,1.62,401119.0,2061.99,2.875328242,15.33973487
31928,2.15,363172.0,1926.41,1.795711126,15.0546432
31929,0.56,389002.0,2548.92,3.426197425,13.80250748
31930,0.24,132543.0,2478.79,4.521746052,15.90415909
31931,1.59,358843.0,1910.91,2.7752022,15.53370246
31932,1.57,239907.0,825.53,2.83034095,13.69988403
31933,0.88,151916.0,603.86,1.443079748,16.46728379
31934,2.45,153311.0,1855.24,1.017593055,13.91947167
31935,1.31,373990.0,1431.08,2.42648276,15.32603435
31936,1.39,384978.0,1582.04,2.002225087,15.53815738
31937,0.61,344442.0,1057.34,1.454701778,15.2312758
31938,2.59,138350.0,1433.99,1.570028825,16.24055553
31939,1.71,370574.0,1911.38,1.510745807,17.73027397
31940,1.46,271926.0,586.86,1.318610955,16.70075065
31941,0.96,372820.0,1985.34,1.965617881,14.08459638
31942,1.41,389782.0,1244.63,2.107024123,15.76191836
31943,2.94,384517.0,1882.86,2.876263343,15.56997126
31944,2.99,351671.0,2294.25,1.01716204,15.6083833
31945,0.63,251029.0,2303.14,2.307287787,15.45832474
31946,2.39,158170.0,586.86,2.669350301,15.1522424
31947,0.92,366350.0,1056.97,2.537287471,13.86119919
31948,1.64,151731.0,1395.76,2.685722215,14.01957451
31949,0.75,372443.0,2259.75,4.254437461,16.97276751
31950,0.95,375385.0,1819.91,1.501914893,14.29691594
31951,1.55,390495.0,834.25,1.232063442,15.49747002
31952,1.29,157589.0,2062.31,1.887233797,16.00722319
31953,1.43,373025.0,1821.36,0.5611441,15.24885102
31954,1.59,348062.0,1338.39,-0.129379582,15.69653649
31955,2.03,163587.0,941.08,2.304665548,14.27533894
31956,1.54,377710.0,1550.02,2.300810522,14.74415664
31957,1.69,257536.0,1856.07,3.370321937,15.47827339
31958,2.18,145550.0,2168.91,1.814470729,15.34268025
31959,1.99,365620.0,887.53,2.956495232,17.00355791
31960,2.37,146153.0,2431.88,1.930073349,16.36706063
31961,0.85,387358.0,2413.72,4.594901553,16.04620794
31962,1.71,142103.0,2135.11,2.640904874,17.73027397
31963,1.81,257111.0,1793.36,1.575317396,15.84970429
31964,2.29,126244.0,840.94,2.15229648,12.92540937
31965,1.45,131021.0,2352.42,2.766532486,13.30107189
31966,1.33,264764.0,1925.72,4.092924522,15.94698863
31967,5.09,255988.0,1540.13,1.330994818,16.17931736
31968,0.65,348508.0,1911.9,2.057096028,15.73777983
31969,1.04,277320.0,1805.97,4.092795721,15.93868637
31970,2.28,244173.0,675.23,0.319256269,15.13156042
31971,1.38,362324.0,1998.85,1.64594631,15.42143748
31972,2.09,140357.0,2223.93,2.717772817,12.90593645
31973,1.42,275755.0,2655.04,4.246046713,15.32680862
31974,1.34,130535.0,931.3,3.557398661,15.15229425
31975,2.39,366755.0,1659.65,1.602668961,16.22357258
31976,1.84,118041.0,1944.82,-0.12701595,14.88342747
31977,2.38,154428.0,1441.94,1.902851868,12.96963307
31978,1.04,154879.0,1560.41,1.558640059,13.28924222
31979,1.37,374085.0,935.08,2.445974064,15.04231702
31980,1.41,386558.0,1407.28,2.812515966,15.73631505
31981,1.23,270230.0,2400.73,2.33109857,16.21307703
31982,0.08,370672.0,1877.06,1.696935678,13.74984872
31983,1.03,362953.0,1361.43,1.714541172,14.11693896
31984,1.11,384363.0,1008.69,1.715060822,16.44508737
31985,0.64,163996.0,2321.1,1.443796281,13.5314227
31986,1.28,372427.0,2400.95,-0.215511319,13.47491525
31987,1.22,149197.0,1887.65,0.530555392,15.31751371
31988,1.87,371928.0,1251.06,2.178621529,14.90930336
31989,0.41,130347.0,1919.56,2.880018955,16.44348593
31990,3.05,362511.0,1822.49,1.666050368,16.23788435
31991,1.0,381216.0,801.96,1.095163201,15.61991638
31992,2.16,397246.0,1711.76,1.891345825,14.74030277
31993,0.98,374580.0,2536.74,1.608600067,11.2583727
31994,1.31,390231.0,2345.45,2.197804401,11.99048139
31995,2.73,235468.0,2021.38,2.878987525,16.21023495
31996,1.05,364636.0,2275.11,4.292459801,15.92399573
31997,2.12,387556.0,1367.91,2.379439958,14.47839273
31998,1.96,260824.0,960.54,1.268783918,14.636153
31999,1.07,350485.0,2161.0,1.686583638,12.86330803
32000,0.62,239693.0,1403.14,2.266566666,16.52071113
32001,1.69,131169.0,2336.0,3.496223437,15.88694445
32002,1.0,364332.0,2448.66,1.567521738,16.32699058
32003,2.01,156528.0,1683.34,1.880611335,16.04088715
32004,1.95,267326.0,1623.71,3.791742506,15.42312596
32005,1.5,117956.0,2581.73,2.982192657,12.76890548
32006,2.37,154803.0,927.42,1.852590945,16.08787345
32007,2.12,136959.0,1465.07,2.684098465,14.78114442
32008,1.7,253724.0,1907.81,2.762158564,16.31190694
32009,2.24,266308.0,2190.62,3.117454022,15.17552377
32010,1.19,135534.0,1111.47,1.763106049,12.77955365
32011,0.93,370204.0,1597.18,1.972886194,13.39086949
32012,1.15,156230.0,2191.31,1.967662348,15.97885081
32013,1.16,397252.0,875.48,1.611854864,16.62869611
32014,2.37,345696.0,2054.05,3.215221398,17.26392083
32015,1.07,378025.0,2311.27,1.502458083,15.44721131
32016,1.44,357523.0,1399.11,2.483160609,14.28236352
32017,1.55,265757.0,935.5,3.392091049,13.90295961
32018,2.04,261792.0,797.65,2.220357343,13.35286965
32019,0.27,260377.0,1506.07,1.237091659,14.54559123
32020,1.63,391065.0,846.5,3.656044942,14.91862054
32021,1.34,150137.0,1822.61,1.428945729,13.31837062
32022,2.19,235244.0,1829.03,1.704418402,17.14867185
32023,0.47,148634.0,1495.41,1.341282499,14.7164503
32024,1.54,348957.0,1913.34,3.787787377,15.20517963
32025,1.71,350203.0,1880.5,1.01234162,16.23069838
32026,1.31,378098.0,1951.04,3.031731427,16.08522254
32027,2.44,266159.0,1434.69,4.081615946,15.89173696
32028,1.58,114947.0,1347.11,1.36689164,14.42067032
32029,2.8,351759.0,724.12,2.198269124,13.19238775
32030,2.04,383348.0,2167.46,1.764438423,14.45767565
32031,2.61,374046.0,1540.38,1.461789235,16.16180821
32032,1.18,375855.0,2421.4,1.457172096,15.62381523
32033,0.0,373684.0,1912.01,1.534695608,15.12216335
32034,1.38,381516.0,1910.78,1.800682708,16.25407324
32035,1.44,272781.0,1493.99,1.667899225,17.36999474
32036,1.26,381708.0,1448.42,3.590511405,15.53949395
32037,0.89,259918.0,586.86,1.457852626,15.32276777
32038,0.24,259929.0,1987.68,4.706140526,14.29607794
32039,1.73,344154.0,817.07,4.391552946,13.75696837
32040,1.62,377888.0,1868.02,2.462001981,15.09563342
32041,1.29,130046.0,1304.72,1.534121933,15.02181133
32042,0.16,376713.0,2315.66,2.832854598,15.38316016
32043,1.27,368452.0,1705.64,1.449512416,13.1322492
32044,0.56,355451.0,1861.79,1.624843357,13.84381255
32045,1.33,256926.0,2039.59,2.334240024,15.64985247
32046,0.85,127063.0,2138.91,4.267030374,16.67888922
32047,1.68,249566.0,757.31,1.80625746,16.02429433
32048,1.02,258400.0,2031.44,2.673578864,15.96850389
32049,1.13,238634.0,2373.09,1.414898489,15.86055425
32050,2.07,351370.0,1964.07,1.668106031,16.6085972
32051,1.9,370609.0,1518.31,0.646396986,15.33261449
32052,1.34,143987.0,586.86,3.059935421,15.14256861
32053,1.34,135511.0,827.7,3.000756674,15.80328499
32054,1.23,249471.0,1787.73,-0.326393035,15.64176524
32055,1.03,245830.0,850.64,1.674602184,13.17118883
32056,1.58,252328.0,859.77,4.40467398,15.54611054
32057,2.46,345590.0,1834.95,2.959076405,16.06654143
32058,0.98,166930.0,1612.65,1.928416105,16.50118759
32059,0.54,364265.0,2210.37,0.596114307,13.91410548
32060,1.25,137667.0,1959.87,2.277792666,15.25689072
32061,2.19,246609.0,1115.84,2.495353776,15.8406693
32062,0.89,378182.0,938.74,1.415794796,16.86606214
32063,2.96,367940.0,2023.94,1.518996427,11.3960485
32064,0.41,271968.0,1504.15,3.049989693,14.27826145
32065,1.54,359585.0,834.31,0.460214484,14.44727964
32066,1.52,123639.0,1754.69,1.650202725,15.08345776
32067,0.68,334356.0,1492.8,1.823355522,15.26147518
32068,1.35,167109.0,1812.33,3.998462838,16.07435732
32069,1.03,266741.0,1166.1,1.220204209,16.15639487
32070,1.34,261319.0,1183.82,2.50862039,17.21869761
32071,0.65,147916.0,1974.96,3.559382045,15.45097508
32072,1.22,275788.0,2518.38,1.842079643,16.14967427
32073,0.93,372186.0,1658.94,0.663282997,15.05932399
32074,1.14,386003.0,2385.36,2.118777317,17.60501296
32075,2.32,349609.0,997.98,2.08647685,16.01932513
32076,1.74,389784.0,1028.48,0.631149661,15.62677661
32077,0.36,361358.0,1513.65,3.571578614,13.59474663
32078,1.57,359538.0,2333.64,2.507472715,12.50130446
32079,1.23,355128.0,1501.29,3.020887988,13.56867473
32080,0.67,163605.0,1726.79,1.788311599,16.44100335
32081,1.38,370127.0,1766.08,2.006436526,14.53706252
32082,1.55,130130.0,1309.41,1.250119867,16.0917755
32083,2.45,363858.0,943.99,4.120736563,15.59256858
32084,0.22,255448.0,1940.85,4.281589921,16.06885118
32085,1.25,373755.0,1845.74,1.997875866,17.51218392
32086,1.74,258332.0,1870.5,4.031869812,15.92514687
32087,0.44,354716.0,1347.19,1.850969317,16.76249215
32088,0.44,260507.0,1777.89,3.082186507,15.14274993
32089,1.32,257867.0,2360.3,1.704963463,16.49503487
32090,2.43,250086.0,726.05,0.801964174,13.84452766
32091,0.56,274359.0,1806.34,1.949509012,16.00712648
32092,0.89,134782.0,1114.61,2.236314614,15.62086907
32093,0.61,140869.0,2265.06,1.92686108,15.31610522
32094,0.64,170199.0,2379.43,4.710846779,14.57847373
32095,1.34,362044.0,722.27,1.724522384,15.86819173
32096,0.92,356795.0,1048.1,2.085231456,15.17327933
32097,0.97,246222.0,1796.27,2.129196838,16.168641
32098,2.51,352865.0,2326.53,2.404968375,15.24349274
32099,1.85,367563.0,1483.06,0.868593803,16.86875327
32100,2.6,269558.0,1801.36,1.37504973,14.41730052
32101,1.72,247202.0,2435.98,1.227172683,17.12546607
32102,1.32,399006.0,861.35,1.339165553,14.88425449
32103,0.15,379153.0,1448.59,3.474774788,16.50179955
32104,2.36,114947.0,2025.41,1.624619321,13.591267
32105,2.58,154826.0,1757.12,1.793398731,14.21947087
32106,0.95,139123.0,721.89,2.394286184,15.00377792
32107,1.07,254546.0,1962.22,3.81803049,17.71069056
32108,0.85,367580.0,2136.75,1.537450339,16.68010829
32109,2.08,134963.0,982.45,3.382915752,16.12051386
32110,1.15,140204.0,1933.35,2.130348844,15.14386509
32111,2.54,258155.0,1982.38,0.923934208,14.97610381
32112,1.69,265614.0,1642.87,2.08538285,17.53968447
32113,0.11,357571.0,1935.54,3.43106323,13.37661785
32114,0.78,355698.0,1924.6,2.278714641,14.89196706
32115,1.14,153901.0,1575.11,2.698767869,17.09458993
32116,1.41,353458.0,1335.06,2.262037439,16.14057429
32117,2.28,353331.0,1791.81,2.200393598,14.92882497
32118,0.02,355894.0,1925.18,1.667241135,13.83974739
32119,1.92,366542.0,1186.19,3.081216746,15.49459291
32120,1.97,157205.0,2346.21,3.140202996,14.20592572
32121,1.74,241139.0,1294.06,3.475162281,16.22927083
32122,0.56,382377.0,1808.51,3.067910761,12.15341597
32123,2.35,153230.0,1230.41,-0.143669098,15.3814964
32124,1.73,397315.0,880.75,2.728147696,15.70548472
32125,1.44,353403.0,2212.21,1.708645091,15.53772578
32126,2.05,374762.0,615.1,2.239541518,12.87956717
32127,0.5,245910.0,2119.58,0.06546794,14.8392489
32128,0.44,269635.0,770.31,3.452778119,12.01754777
32129,0.21,357794.0,1298.85,3.636991319,15.66137702
32130,0.53,146880.0,2921.25,1.448773444,14.79385621
32131,0.47,354294.0,1775.99,1.685637686,15.50897793
32132,0.99,369275.0,1201.6,1.937496007,16.13383719
32133,0.9,379541.0,2463.89,0.982219736,15.98486261
32134,1.59,136156.0,1778.0,3.293271995,15.37669455
32135,1.47,148423.0,1807.22,1.055756183,13.50463415
32136,0.33,371456.0,1815.47,1.410000734,17.41914604
32137,1.1,390420.0,1693.12,1.458537196,16.02260168
32138,1.77,385237.0,2468.93,3.811090988,15.87547279
32139,2.18,377631.0,1789.23,1.731828708,15.86409172
32140,2.24,267219.0,2244.12,3.115958369,14.06830428
32141,0.54,369629.0,2503.64,4.135079729,15.73050692
32142,1.91,370246.0,586.86,0.880610392,15.98637176
32143,1.76,282960.0,2277.91,3.452595912,15.31437904
32144,1.58,362283.0,2253.5,0.250812561,15.74943817
32145,1.6,165166.0,1603.64,2.038123216,14.84508857
32146,1.54,346675.0,2228.41,4.726030268,15.6141235
32147,0.65,373563.0,2703.93,1.270919927,14.19803611
32148,1.72,382880.0,1458.34,1.972140007,15.7243856
32149,2.16,249544.0,1036.37,1.601012357,15.75536567
32150,1.14,154192.0,1786.11,1.700426736,16.85041914
32151,1.52,361458.0,1890.96,1.755825937,15.10878073
32152,1.21,377062.0,1400.65,1.623636386,13.87658601
32153,1.43,382288.0,1886.56,0.693269358,15.46936353
32154,1.46,369735.0,1922.21,1.266252602,15.99818647
32155,1.55,167242.0,1001.07,4.465138786,14.33059899
32156,2.59,363177.0,1788.13,1.337576952,13.41125961
32157,1.36,151601.0,2875.31,2.184433345,14.12832807
32158,1.44,267268.0,1972.63,2.506587846,15.57788704
32159,2.06,257436.0,2325.07,1.609117066,12.85910921
32160,1.48,362665.0,1501.18,1.094965831,12.20840938
32161,0.12,263905.0,1862.33,3.010594093,17.10775931
32162,0.95,139279.0,1969.4,3.656263133,15.89203408
32163,1.87,366340.0,2234.48,2.709910002,15.41516234
32164,1.14,147589.0,2238.38,1.734190155,13.65718375
32165,1.5,273097.0,1898.94,2.308012483,16.02682345
32166,2.21,375197.0,1929.45,4.606208655,12.86440502
32167,1.13,381700.0,1429.95,3.400420273,14.18861814
32168,1.74,249967.0,903.94,4.079496878,14.1979351
32169,0.96,379767.0,2083.81,2.712602512,16.01367384
32170,1.97,283423.0,1045.41,3.326150535,15.71905
32171,2.12,373253.0,1754.46,3.558449646,16.17164974
32172,0.44,157417.0,773.57,1.424777438,14.3781304
32173,1.79,346351.0,1721.73,3.014834475,14.04250533
32174,3.0,357848.0,652.92,2.661167141,16.08187072
32175,0.56,363363.0,1875.48,1.693716215,15.44506538
32176,1.75,231593.0,667.16,0.820592082,11.2583727
32177,0.7,158724.0,2405.94,1.947806815,16.01648016
32178,0.44,365505.0,1599.46,2.449598081,11.43406724
32179,1.42,252173.0,2005.68,3.140572156,15.42909238
32180,1.76,380481.0,1528.06,2.07679667,12.49604243
32181,1.04,373838.0,1267.2,1.181602984,16.18337312
32182,1.5,158120.0,1865.71,3.885231069,13.96076095
32183,2.0,117179.0,1627.79,1.270567165,15.35718199
32184,1.17,177238.0,1453.8,3.009418528,13.84803154
32185,1.53,371305.0,1685.4,2.081580057,15.56118705
32186,1.01,382510.0,1733.11,1.82215213,15.88790621
32187,2.64,381568.0,709.27,3.102818333,15.82452193
32188,1.44,223897.0,2762.87,1.100795884,15.83745068
32189,2.12,370099.0,2366.59,1.112651429,13.96278277
32190,2.16,359372.0,1813.37,1.45629933,16.04146891
32191,2.9,246316.0,1661.84,2.452859483,15.75072288
32192,0.96,146097.0,2187.32,1.386347757,13.38964117
32193,1.47,374947.0,1080.44,1.205885768,13.06952479
32194,0.94,270987.0,2328.53,0.981754574,16.0229805
32195,0.85,351439.0,1228.93,4.296434731,12.81286744
32196,0.95,370749.0,2527.76,1.400256972,12.93615192
32197,1.08,383536.0,2006.55,1.106205661,15.66663362
32198,1.34,366461.0,1458.88,1.016133059,16.31680192
32199,0.48,145455.0,1944.83,2.549794495,15.70998496
32200,2.56,346750.0,1351.47,2.134380431,17.33242008
32201,1.92,248025.0,889.06,0.02310586,15.35269819
32202,0.87,390033.0,1343.59,2.161308807,16.35247198
32203,0.9,358265.0,586.86,1.422962326,13.48174541
32204,1.7,121124.0,2319.38,2.857087043,13.48614484
32205,2.19,346266.0,1513.84,1.63725504,16.11444878
32206,0.62,364009.0,2300.14,1.387029651,13.4541189
32207,2.0,354984.0,1008.23,1.954904488,16.08629439
32208,1.74,354067.0,1836.28,1.995496912,16.02436536
32209,1.94,135730.0,1841.59,1.448097297,16.06891319
32210,1.99,351595.0,973.8,1.541240903,13.39641734
32211,2.54,356666.0,1923.28,1.689785238,13.5449182
32212,1.42,175620.0,743.87,1.822400821,15.72173497
32213,1.66,130043.0,1698.11,2.898213426,15.70895341
32214,1.04,371064.0,1863.81,3.629279919,16.0649399
32215,1.68,258449.0,1297.49,2.358449498,15.26036526
32216,1.04,132593.0,1840.77,2.21595532,15.45923306
32217,1.06,249732.0,2127.54,2.129498165,15.56363017
32218,1.53,360789.0,1733.97,1.511195983,14.6595574
32219,0.84,144434.0,692.6,2.505656829,14.47984237
32220,1.07,252514.0,1854.57,3.514885002,13.35963811
32221,1.49,153230.0,1955.96,2.898527514,15.00241484
32222,1.23,244785.0,2159.12,2.347632452,14.64561132
32223,1.71,138080.0,868.93,3.469394205,15.01740589
32224,1.02,181234.0,2436.69,1.418737689,16.24510914
32225,1.47,124550.0,599.32,0.956948363,11.84182857
32226,0.96,353553.0,2252.96,3.052818648,16.59133761
32227,0.73,271727.0,1870.89,1.049887103,16.71216116
32228,5.58,353297.0,1648.46,3.334038517,16.12638338
32229,1.63,254196.0,1685.31,0.94231287,16.47280731
32230,2.65,367651.0,1774.36,3.857841864,17.37223345
32231,1.09,245022.0,1817.23,4.588671005,14.3417888
32232,1.16,348263.0,2383.85,2.594657012,13.40591194
32233,1.49,152954.0,1573.27,2.51747957,14.70993866
32234,1.02,260426.0,2379.44,1.577594781,15.63582704
32235,1.72,369545.0,1883.23,1.599832201,15.15547538
32236,2.56,355253.0,1664.96,1.87657177,12.44639129
32237,1.4,243915.0,1893.3,1.573523686,15.40127436
32238,1.47,145872.0,1012.54,0.898682915,15.71469767
32239,2.39,116438.0,1352.95,2.328976502,11.9840095
32240,0.3,361249.0,1818.99,4.093880372,14.66975734
32241,2.54,368929.0,2031.07,2.897398928,13.53351262
32242,0.91,159807.0,1572.43,4.070538951,16.79267609
32243,0.77,337242.0,2809.02,0.933034015,15.11892112
32244,0.51,366300.0,1546.09,1.987086096,14.01374456
32245,1.26,250421.0,2191.15,2.162523204,16.35897968
32246,0.57,151554.0,1740.7,1.569371777,15.29154721
32247,0.73,227974.0,1215.05,1.137072344,11.53773385
32248,1.61,144079.0,1650.62,2.924746339,16.76112551
32249,0.98,137505.0,896.89,4.561781277,15.97099749
32250,2.62,142886.0,615.46,0.555549634,14.90858647
32251,1.01,250441.0,2391.37,2.248948241,17.04420641
32252,2.83,365556.0,2607.84,1.356602127,13.23965282
32253,2.2,267559.0,2462.52,2.078264901,16.05211064
32254,1.86,353424.0,649.77,1.811833877,15.52666894
32255,2.04,376621.0,3047.82,-0.096521825,15.53784365
32256,1.38,149137.0,1963.58,0.702053209,16.8247375
32257,1.86,366309.0,1313.84,1.82988411,15.41557214
32258,1.85,270061.0,1896.86,1.562232962,16.16599189
32259,1.89,153503.0,801.82,3.574744128,12.64379514
32260,1.23,145566.0,2555.82,2.364291282,15.33403441
32261,1.39,363775.0,1880.83,3.096785059,16.56505155
32262,1.95,161434.0,2389.5,3.071196778,13.00171904
32263,2.16,354956.0,717.11,1.919501381,16.91232647
32264,1.29,386209.0,926.1,3.618855755,17.66547093
32265,2.7,358174.0,751.48,2.402913579,16.12545931
32266,2.19,369441.0,1318.65,1.494385534,14.39159747
32267,0.64,256832.0,1522.08,1.675793375,13.60267926
32268,0.71,260694.0,2416.11,1.704153166,16.64462888
32269,0.61,279437.0,1455.38,2.566331147,16.1848749
32270,2.38,367301.0,1979.83,0.576343517,13.17940039
32271,1.61,381461.0,2314.08,1.085512686,15.90756191
32272,0.0,388306.0,2168.46,1.449717103,15.80849044
32273,1.05,375212.0,2445.69,0.677476559,15.73786964
32274,2.27,381786.0,1888.9,4.698638685,15.2410559
32275,1.72,400089.0,1605.8,0.94505306,13.19850857
32276,2.35,373013.0,921.96,3.611988248,14.93363891
32277,0.55,131984.0,1885.21,1.211300138,15.70878472
32278,2.22,381299.0,2383.63,1.778021655,16.23636895
32279,1.11,367325.0,786.4,2.058090437,15.20461279
32280,1.58,359436.0,1875.1,2.769627239,15.05074772
32281,1.03,401119.0,1717.65,1.77313169,14.49864015
32282,0.65,359078.0,2655.79,4.660196261,16.40452649
32283,2.52,256646.0,1828.68,2.196728479,13.18137267
32284,0.35,350255.0,1883.0,3.249628967,14.10256956
32285,2.82,246333.0,1770.56,2.002035111,15.55505162
32286,1.96,353098.0,1635.35,1.309301633,14.52633355
32287,0.55,383981.0,1712.66,1.845521732,17.18155893
32288,0.6,383323.0,1928.95,2.93264639,15.11552609
32289,2.22,381212.0,1854.57,0.005549336,14.02049574
32290,1.76,144631.0,1443.22,2.9442245,13.77389788
32291,1.23,256797.0,1099.94,1.534374827,16.05074177
32292,0.6,378377.0,2048.83,2.379036021,14.23216039
32293,0.97,260342.0,1669.24,0.715669491,12.76577577
32294,0.91,176822.0,1496.11,3.384855131,16.5723363
32295,1.18,386256.0,1417.79,2.948592772,14.80989991
32296,1.44,160096.0,2164.4,1.731159201,15.96066228
32297,2.12,350115.0,1636.67,2.77386379,13.49432198
32298,0.12,341036.0,1853.77,3.410170865,16.40855016
32299,0.43,367338.0,1377.72,1.872044417,13.96382863
32300,1.61,146774.0,1983.67,1.884430819,16.10612028
32301,1.32,159927.0,789.92,4.083028063,15.94010207
32302,2.21,382450.0,1825.91,2.17776494,15.73667003
32303,2.1,395199.0,1446.86,2.300795892,14.59140349
32304,2.57,391338.0,1333.17,2.657272361,14.75621467
32305,1.49,355944.0,2176.2,2.044700426,13.93161661
32306,1.55,264713.0,909.45,4.166400596,15.22627406
32307,0.34,366013.0,2120.53,1.833801322,15.71189508
32308,1.17,375047.0,1376.69,1.460342632,15.79469694
32309,0.07,351998.0,1497.53,1.645993717,15.50322677
32310,1.44,377682.0,1567.31,3.674518502,13.80252038
32311,0.39,391329.0,2475.65,1.809190515,17.01359711
32312,0.93,401119.0,1719.07,3.64935937,17.40685078
32313,2.0,270263.0,1771.5,1.071487283,15.65348849
32314,0.65,171969.0,1946.12,3.032348332,14.19505124
32315,1.11,166711.0,1807.89,0.213377461,13.04865146
32316,2.52,135686.0,2371.47,1.637556484,14.16627407
32317,1.96,152406.0,988.87,1.998320086,14.98883035
32318,0.78,367428.0,1775.32,2.154723106,16.83323863
32319,2.23,369778.0,2296.86,1.533625237,13.35196465
32320,1.22,138188.0,2314.54,1.461250632,13.37497812
32321,1.22,294650.0,2185.2,2.076604323,15.37696524
32322,1.62,265427.0,2316.39,2.985541862,15.69016037
32323,2.46,143623.0,882.31,3.807386251,16.04316696
32324,0.67,374189.0,1501.74,0.81967698,15.70491598
32325,2.02,263078.0,1920.01,1.279059249,16.37072027
32326,0.57,147475.0,1021.27,3.548530942,13.51379332
32327,0.47,261134.0,1870.23,1.180437105,13.6764995
32328,1.2,158928.0,1337.33,3.520832611,15.98438996
32329,1.87,374935.0,1568.7,1.862992551,13.09482686
32330,0.59,399862.0,2401.17,2.603152097,16.67683203
32331,2.02,379774.0,2244.88,1.821268236,15.40470533
32332,2.22,160723.0,1064.15,2.78007397,13.79836514
32333,1.4,146812.0,1654.52,2.114395942,15.8584691
32334,1.61,370370.0,1837.53,1.525130857,15.69361308
32335,1.19,161706.0,901.82,1.037358297,15.38283281
32336,1.5,270253.0,1900.21,2.564520396,16.12423912
32337,1.16,150538.0,1805.3,1.822767848,13.23750673
32338,1.96,370140.0,1014.92,2.193313634,14.49375257
32339,1.21,137174.0,1801.08,1.151947226,11.92693697
32340,1.65,159601.0,1827.53,4.048040583,16.22101091
32341,0.68,376017.0,2097.24,3.386074182,15.95472739
32342,0.88,365108.0,2448.7,3.699314511,15.73085277
32343,0.87,263891.0,2014.08,2.359901026,17.36768653
32344,2.05,114947.0,2110.04,1.905660075,13.55609319
32345,0.58,276137.0,1380.03,1.88335422,16.20679645
32346,1.66,134871.0,853.07,4.251279332,15.27945406
32347,1.72,145407.0,1904.33,3.863554818,16.06759757
32348,1.21,363381.0,2200.58,3.992560426,16.68607326
32349,1.42,371264.0,1575.12,3.70202786,12.76779336
32350,0.14,392173.0,2025.36,4.812379289,15.91825595
32351,1.11,395001.0,2296.56,2.984077383,13.56814228
32352,1.06,142142.0,847.05,0.830636612,15.80352073
32353,5.57,367642.0,1466.28,2.771145486,15.25827371
32354,3.09,268695.0,1671.87,4.667859197,15.36392154
32355,1.88,267267.0,1905.95,2.309494586,15.01716996
32356,0.32,363302.0,1884.76,0.93137831,15.78931392
32357,0.54,379442.0,2128.43,1.148301833,16.22474179
32358,1.56,360820.0,1864.4,3.067982392,14.55380471
32359,2.2,386044.0,1151.14,3.956839402,16.41684357
32360,2.51,383964.0,937.73,3.12906599,17.25207584
32361,1.52,378250.0,937.36,2.754317195,15.53107957
32362,2.14,347996.0,736.04,1.893747012,13.45127652
32363,1.73,355476.0,1027.4,2.106237789,15.99704865
32364,2.13,359007.0,1437.62,2.040160366,15.43023064
32365,2.21,249661.0,1212.94,2.581978915,15.58222386
32366,1.48,139031.0,2310.95,3.019741193,14.01859747
32367,1.74,248505.0,1975.03,4.079667791,15.62544345
32368,1.87,158670.0,931.87,1.12300065,16.56001539
32369,0.94,148159.0,2048.3,3.194230777,12.98295836
32370,1.21,141334.0,2025.92,1.852739077,17.07333196
32371,1.07,382140.0,1463.29,1.875891949,16.03757188
32372,2.68,133428.0,1606.5,3.591781888,15.40267927
32373,1.31,358286.0,2418.39,2.092975444,14.97751352
32374,1.03,379140.0,1369.41,1.653331101,15.73665167
32375,1.42,259597.0,1876.83,-0.326393035,15.66546504
32376,1.26,359833.0,1979.76,1.189985674,15.77944046
32377,1.05,115582.0,2469.47,1.366829919,13.5214443
32378,0.58,371741.0,1838.52,2.134061811,16.42077164
32379,1.49,339896.0,1850.26,2.752628067,15.36668732
32380,1.33,268910.0,1162.2,1.292403997,16.14848354
32381,1.06,383545.0,1830.9,1.134787207,14.955935
32382,1.43,343367.0,785.63,1.660932917,15.49323287
32383,1.5,140949.0,2335.35,2.234645293,13.78060305
32384,1.72,145321.0,1944.25,1.669837389,15.08024931
32385,1.48,363244.0,2854.89,1.84328682,16.09721871
32386,1.76,366004.0,2162.32,1.430635871,12.87257752
32387,1.74,258042.0,888.44,1.272504408,16.02452544
32388,1.44,374289.0,1759.27,3.899514652,13.02094597
32389,1.46,366058.0,2351.75,4.93924406,16.07022687
32390,1.2,273496.0,1513.13,1.551419876,16.18712639
32391,1.98,377242.0,1216.43,3.570749435,16.38674022
32392,2.34,343563.0,2061.19,3.296589462,16.20753005
32393,1.84,374165.0,2482.69,2.936022849,13.58924693
32394,1.1,356388.0,848.23,1.564130691,16.1106698
32395,0.64,261800.0,1861.76,2.155944992,15.8622622
32396,0.81,157516.0,2531.01,1.277577878,16.74432791
32397,1.31,371249.0,1879.29,2.362126676,13.87816076
32398,1.93,152187.0,2177.62,1.775576767,16.53017435
32399,2.67,348855.0,2234.04,1.292730619,12.93105555
32400,1.3,383045.0,2576.61,1.475749801,16.00773347
32401,1.68,372677.0,1856.74,1.27022304,15.01645522
32402,0.91,392508.0,1991.21,-0.176604865,16.0143989
32403,1.07,376807.0,2158.3,4.192730311,16.05432354
32404,1.41,187461.0,1952.58,3.206883215,16.0785213
32405,0.83,141656.0,1250.69,1.487344801,16.11131706
32406,1.77,269446.0,2490.71,1.681078453,14.90589017
32407,1.76,391760.0,2177.18,1.550783682,14.99109014
32408,1.11,179984.0,1498.7,3.527360572,16.34009379
32409,2.0,368475.0,2382.03,3.777042215,14.40403536
32410,1.72,151776.0,2353.82,3.930313878,13.83561836
32411,1.06,363163.0,1799.15,2.976468234,15.61137984
32412,0.71,257320.0,860.78,1.610403759,13.66213432
32413,1.8,340103.0,2104.7,2.783417361,15.64959252
32414,0.54,141062.0,1385.11,2.172230703,16.30829328
32415,1.51,152267.0,1629.62,2.742875298,15.4435661
32416,2.34,253615.0,928.98,3.089582016,13.31479616
32417,1.25,382197.0,945.0,1.076696796,14.99984896
32418,1.83,356344.0,618.04,2.270313008,13.79757422
32419,1.13,266433.0,964.69,3.068723632,14.1659295
32420,0.6,351781.0,2801.87,1.575415604,13.60329035
32421,2.02,163423.0,1962.72,2.525786189,15.13838977
32422,1.75,139584.0,2901.48,1.813748774,13.37795597
32423,1.86,121925.0,1834.61,2.206663009,15.59800001
32424,1.61,130221.0,1779.41,1.682537938,17.65483128
32425,0.96,141952.0,1893.62,3.568390323,15.78418128
32426,2.27,140758.0,1883.11,2.258315926,11.97372392
32427,0.89,246214.0,2457.43,1.644512544,15.34219736
32428,0.71,270910.0,2637.84,1.895914133,13.50361314
32429,0.95,385337.0,2039.64,3.418227885,13.92312239
32430,1.75,367502.0,2168.7,3.720064256,14.51778162
32431,1.63,361902.0,1900.1,1.687106335,17.73027397
32432,1.09,345269.0,1721.3,1.614547467,13.15170416
32433,2.13,127169.0,1242.17,1.340248491,13.51034258
32434,1.53,385407.0,2013.12,4.356634559,12.52018299
32435,1.81,376419.0,2116.45,2.973030056,16.2491917
32436,2.36,385064.0,1894.12,2.711972086,16.91837974
32437,1.05,383424.0,2207.29,1.656850165,15.37004354
32438,0.75,355705.0,1861.32,1.215972907,15.66027244
32439,2.19,367726.0,2491.15,1.592687531,17.02264363
32440,1.03,361186.0,926.02,0.755270275,15.64633917
32441,1.49,146679.0,1373.81,1.817396312,15.78010576
32442,1.24,381055.0,1924.03,2.034758749,15.48656468
32443,1.29,263253.0,798.6,3.225927516,15.49381964
32444,0.83,358548.0,1748.26,2.474301609,16.0730089
32445,0.81,346979.0,914.62,2.08086462,16.24190627
32446,2.03,256557.0,1333.06,3.517757091,16.21533901
32447,1.7,166081.0,998.39,1.473920079,15.9180433
32448,1.41,370401.0,739.59,1.717211442,13.17902069
32449,2.57,138113.0,1531.17,2.885297499,15.67182415
32450,1.2,374994.0,2523.72,2.727564437,12.66473268
32451,2.01,164993.0,1872.67,1.787937249,15.8277421
32452,0.16,357777.0,2004.87,3.492966669,11.90257097
32453,3.36,140486.0,2324.79,1.180310616,16.03885356
32454,1.02,367977.0,2161.81,1.978096564,15.85476194
32455,2.72,134363.0,2815.08,2.504766822,16.67418609
32456,0.0,355072.0,1594.02,2.254796825,15.64097038
32457,1.29,375839.0,1773.36,4.089551802,16.03425007
32458,1.43,369958.0,2396.31,0.48680095,14.06014842
32459,2.23,262731.0,1918.83,2.794748184,17.12143931
32460,0.33,139152.0,1838.74,0.471052798,17.59750473
32461,2.53,378960.0,1730.28,2.250223635,16.62459887
32462,1.3,264212.0,1631.27,1.803102545,14.32795259
32463,1.56,371022.0,1589.15,0.561078339,13.09567253
32464,2.06,362155.0,2373.41,1.5593145,12.44447266
32465,1.73,359662.0,1940.13,2.168451659,13.80485807
32466,0.77,170006.0,1859.78,1.363653155,14.45720276
32467,1.99,351760.0,1307.3,2.164827592,13.89781385
32468,1.58,151919.0,1949.86,1.115723245,14.64466875
32469,1.38,379293.0,2512.73,1.840100236,13.66120239
32470,1.2,175885.0,1530.54,4.152488588,13.93068762
32471,1.37,149850.0,3047.82,2.187569515,15.54589027
32472,1.26,361093.0,1750.79,2.175627431,16.33139663
32473,0.93,264571.0,1886.07,3.408231874,11.95571252
32474,1.95,353197.0,2098.07,1.288352423,14.0653277
32475,0.92,361958.0,1827.77,1.974725004,15.92278314
32476,1.68,149331.0,2168.03,1.49506312,15.11941629
32477,1.82,344254.0,1602.27,3.383854209,17.13985898
32478,4.76,363550.0,2484.33,1.778152516,14.70829379
32479,2.05,172658.0,1280.08,0.983271939,13.87283167
32480,1.13,363415.0,1547.18,1.980265761,15.10851265
32481,1.26,282718.0,1400.73,2.368509559,15.93792129
32482,0.87,237668.0,2434.87,1.301170504,12.80969986
32483,2.81,382646.0,2076.77,2.458896581,16.80676296
32484,1.09,360943.0,2162.88,2.429919356,15.7008834
32485,2.39,148799.0,1853.12,1.417753098,16.70995645
32486,0.45,229595.0,1100.51,1.865935434,15.65268745
32487,1.49,361442.0,1167.2,1.688930662,13.42569742
32488,1.14,165945.0,2008.27,4.810624743,15.61373403
32489,2.53,358577.0,1915.52,1.474736583,14.58418964
32490,1.55,257684.0,2494.56,1.128895091,13.38197197
32491,2.21,349024.0,1657.65,2.073952584,15.17165722
32492,2.08,149417.0,1944.03,0.306423809,11.99677501
32493,1.16,362401.0,1886.33,3.677819539,15.91589572
32494,2.4,378865.0,989.14,0.901934625,13.47101159
32495,1.55,255554.0,1018.6,3.255038559,11.69331111
32496,1.39,367580.0,1837.53,3.132178591,16.02576943
32497,1.02,255192.0,720.4,3.333371413,15.36430009
32498,1.47,374894.0,1684.3,1.668788567,15.77242666
32499,0.84,163207.0,1531.32,1.56838862,13.98338347
32500,1.3,353759.0,2324.49,3.41804641,16.2621655
32501,2.09,131123.0,777.33,1.148285088,15.51242443
32502,1.58,175266.0,2365.07,0.964529025,16.27352237
32503,1.26,237086.0,1753.15,3.71384749,15.38962719
32504,2.4,366743.0,1874.48,2.326510626,13.90346932
32505,2.62,260165.0,937.74,3.407397342,15.36855161
32506,1.57,371178.0,1896.73,1.666764647,16.12773273
32507,0.52,170579.0,2224.06,1.548158234,14.88213638
32508,1.69,273826.0,1630.71,1.418873531,16.78843783
32509,0.47,154367.0,1811.9,1.616390429,16.02208747
32510,1.69,385079.0,2385.8,2.23704448,13.53993747
32511,2.52,393092.0,1873.68,3.762125757,15.85800035
32512,1.87,256663.0,909.63,2.908227416,15.23321277
32513,2.96,365900.0,2467.82,1.097858652,13.98359124
32514,1.29,395704.0,1003.3,3.032857402,15.64961186
32515,2.25,133444.0,1678.0,2.083282665,15.28836581
32516,2.34,282456.0,1593.21,2.333760086,14.35576085
32517,2.29,255093.0,1900.5,1.070624603,14.87523453
32518,1.59,247680.0,2392.14,3.652591253,12.79720123
32519,1.72,158837.0,2250.13,1.222191764,15.65501696
32520,0.71,239165.0,1858.09,4.3878949,13.94222679
32521,2.29,398746.0,1053.75,1.288090337,15.65447919
32522,2.11,371185.0,976.8,3.145226303,13.82229963
32523,1.32,142931.0,2583.44,2.337446401,13.40474497
32524,1.39,163914.0,1285.39,1.597452981,14.39629353
32525,1.14,387199.0,1472.05,1.793109919,13.70441956
32526,2.2,384163.0,1776.09,0.753571003,16.61318858
32527,0.48,364740.0,1873.32,1.156347748,14.96664912
32528,1.04,244517.0,1704.75,3.762824589,16.1563319
32529,0.0,358751.0,1320.14,1.600063253,14.07508697
32530,1.8,365242.0,2569.78,0.059021294,13.59807399
32531,1.45,270378.0,946.65,1.365853647,15.16302697
32532,1.86,361019.0,1586.94,1.784317874,13.55661334
32533,1.65,358752.0,822.09,1.620434079,15.27564407
32534,1.76,399427.0,1619.16,3.835553989,15.78132329
32535,1.15,132619.0,828.61,3.990414458,16.72065033
32536,0.0,390078.0,2504.15,1.601837006,15.49263069
32537,1.27,374534.0,882.28,1.030115446,15.52965299
32538,1.25,358706.0,2277.24,1.655331192,16.30688954
32539,0.94,258266.0,1885.87,3.622273551,14.27611222
32540,1.4,362540.0,1458.93,2.368157276,15.23330308
32541,2.21,151703.0,2198.84,2.46811851,16.1414074
32542,2.66,346155.0,1842.76,2.121673037,15.61798824
32543,1.86,128567.0,2772.68,2.781904617,16.44682458
32544,0.92,387518.0,1201.62,2.157810966,15.70483925
32545,0.41,368371.0,1403.83,1.482948239,11.2583727
32546,1.66,270080.0,1914.17,2.68933612,12.60844795
32547,1.12,140020.0,1125.28,2.121991514,15.91747757
32548,2.05,120390.0,1671.94,4.39101117,13.79118357
32549,1.12,376601.0,1777.12,2.387940073,12.58397062
32550,1.12,382735.0,1927.26,2.639844785,16.59752975
32551,1.62,363120.0,2333.37,2.834606955,14.17965869
32552,1.41,252662.0,1117.79,1.690565413,12.74272221
32553,0.72,382842.0,2267.8,0.526892796,15.62114759
32554,1.78,364962.0,1229.78,1.81126776,16.22863979
32555,1.99,360445.0,964.85,2.047923443,12.92906723
32556,0.86,255034.0,1120.26,2.406714622,13.71043619
32557,1.13,263471.0,1786.79,3.600715882,13.66068332
32558,2.08,272548.0,1260.75,1.774449281,14.28412677
32559,0.97,356785.0,1894.22,2.074514488,14.75531775
32560,1.54,386757.0,2470.47,-0.089334123,14.32692732
32561,1.63,366023.0,2568.72,3.425738127,14.92838769
32562,1.36,162019.0,1659.68,4.93924406,14.46208742
32563,1.74,377367.0,2239.35,1.778340143,14.30665698
32564,1.19,379480.0,1359.93,1.802728334,14.8587132
32565,1.8,357698.0,1534.3,1.917684895,13.7402837
32566,1.3,248232.0,2203.21,3.454959974,13.85759532
32567,3.01,253112.0,2527.7,1.341975257,14.21041326
32568,0.84,279602.0,1887.69,2.353560262,16.88153682
32569,1.05,355033.0,2158.18,2.302973541,13.0436609
32570,1.25,384200.0,1880.65,3.006259833,17.06515863
32571,2.34,144919.0,1668.38,2.097937115,16.0428513
32572,1.39,133649.0,2656.7,0.161229331,14.37647552
32573,1.73,372116.0,1808.98,1.382160272,15.71423202
32574,2.49,267954.0,2369.98,2.918781948,17.3878546
32575,1.69,381569.0,2155.35,4.330106975,15.02705771
32576,1.1,281407.0,1921.28,2.035011702,14.80558942
32577,1.45,396661.0,2448.89,2.19548165,15.29305247
32578,1.31,255016.0,1814.75,1.700052502,16.01534202
32579,2.32,372447.0,2248.2,0.925951414,17.17980906
32580,1.65,267325.0,1162.0,3.905541643,13.80310044
32581,0.88,378959.0,1120.09,1.589733765,16.95401884
32582,1.5,356574.0,2063.24,0.423453246,15.00561758
32583,0.87,376793.0,2710.86,0.893762183,13.67898693
32584,1.47,373198.0,1870.45,2.966792623,16.13283377
32585,0.5,363957.0,1849.85,1.508996836,15.46588656
32586,0.55,145979.0,1544.72,1.685385894,13.71955124
32587,1.78,162565.0,1240.23,1.65585684,14.21245454
32588,1.56,274011.0,1889.3,4.562135904,14.07629476
32589,0.21,130798.0,965.6,1.570406953,13.70878107
32590,0.99,166555.0,1981.98,4.407833242,15.91356607
32591,1.4,146267.0,1984.86,2.245671541,15.66190217
32592,3.29,121510.0,670.86,1.189767304,15.91144669
32593,1.39,230192.0,1661.04,1.408065123,16.3541634
32594,0.57,355757.0,1671.72,1.568577949,14.60193001
32595,1.08,382082.0,1722.2,1.2814859,16.33212238
32596,0.31,266422.0,2100.83,1.203862526,15.31497027
32597,1.01,385630.0,1324.14,1.002130453,13.34485131
32598,0.59,255121.0,1841.76,4.135013248,16.03216949
32599,2.29,364371.0,2316.26,1.089430767,14.9625369
32600,1.55,251314.0,1799.93,1.562847511,14.51108955
32601,1.0,372999.0,2312.29,3.453491412,15.59585344
32602,2.06,147711.0,2034.44,1.489998724,16.32948173
32603,1.8,377509.0,674.37,1.207955397,16.39267321
32604,1.34,147249.0,1990.72,1.775322529,16.46380585
32605,0.45,386519.0,1546.47,0.879610815,12.74469632
32606,1.93,249911.0,1809.55,1.214030399,14.05087949
32607,1.21,387640.0,1519.4,0.165789643,14.21882601
32608,0.16,268690.0,1751.77,3.993371977,16.878959
32609,1.01,130596.0,2360.8,1.855100457,16.25516185
32610,0.35,260406.0,2012.17,2.840842216,16.25756861
32611,1.08,157700.0,1309.23,2.401339792,14.34519607
32612,1.59,155556.0,1619.82,2.082966804,17.07237792
32613,1.12,362552.0,1506.01,2.837607985,13.65802304
32614,1.21,266862.0,753.4,1.414367915,14.02462645
32615,1.94,354106.0,975.59,3.542961521,11.70584899
32616,2.34,376585.0,1827.71,0.787774146,16.82281512
32617,0.62,166687.0,2050.13,2.427763371,15.40542191
32618,1.38,150316.0,1833.85,2.750510254,13.12753208
32619,1.98,358666.0,2467.88,2.527779125,16.07407157
32620,1.24,272877.0,1943.56,2.916392215,15.10264229
32621,2.24,163325.0,1751.97,1.743067318,16.13438848
32622,1.38,158648.0,2892.86,4.407811504,15.8020629
32623,0.98,353530.0,725.38,2.73602771,15.56195512
32624,2.01,372437.0,1885.69,3.062602091,15.90947182
32625,1.81,129493.0,1379.18,1.577393123,14.93152532
32626,1.28,377276.0,1060.28,3.209542314,13.1112867
32627,0.78,348736.0,2377.42,3.763115015,13.2949103
32628,0.74,377225.0,2192.14,1.063005178,15.63173823
32629,1.33,258331.0,1532.36,1.916972129,14.57857877
32630,1.32,369868.0,2506.95,1.965242276,14.18770284
32631,1.41,145383.0,998.96,3.91871283,13.41368355
32632,0.85,170163.0,936.12,4.866059575,15.61622149
32633,2.56,142834.0,1172.31,2.208973196,15.47631843
32634,1.69,164492.0,1846.08,1.96877921,16.82276487
32635,2.91,271852.0,1106.26,0.436769303,15.92340376
32636,1.07,389086.0,3047.82,2.144151922,16.48950192
32637,1.19,384802.0,1938.03,2.040630866,12.82082581
32638,0.76,372457.0,1027.34,0.374563874,14.40403051
32639,0.96,371631.0,1857.44,0.740153165,16.57302346
32640,0.0,378230.0,2183.04,1.498110933,17.16035799
32641,0.38,385105.0,1871.8,1.60725433,13.75295717
32642,1.01,138087.0,2031.32,1.513289558,16.71198908
32643,1.7,172573.0,1437.4,4.508112768,14.2967974
32644,0.0,401119.0,1028.24,4.315869365,15.49207058
32645,1.48,354211.0,1953.13,3.083287903,15.98993837
32646,1.08,385058.0,1998.56,4.244973223,15.76984581
32647,1.42,353761.0,2523.64,2.788694454,15.62712376
32648,0.62,250408.0,1864.52,0.702813015,15.55356578
32649,1.26,360439.0,974.02,0.397435201,16.43056523
32650,1.11,372223.0,1356.85,1.602963019,16.22103215
32651,2.11,257283.0,1711.47,1.873136021,15.00325283
32652,0.83,256274.0,1996.55,0.88486739,15.5198869
32653,0.89,375791.0,1754.54,1.084769252,15.4866825
32654,0.9,360090.0,1881.54,1.874960356,15.0669502
32655,2.6,378866.0,708.93,1.813729998,15.46354433
32656,0.61,137449.0,1968.45,3.418972431,17.11118358
32657,0.61,383433.0,2339.23,2.549068368,16.08606477
32658,1.06,387362.0,1946.1,2.193510902,13.37430492
32659,1.73,159556.0,997.74,1.113993925,15.45342686
32660,0.0,391444.0,1941.6,3.367622517,16.59909077
32661,1.12,252911.0,1417.77,1.651994486,15.60020078
32662,1.04,253194.0,1811.46,3.411699317,13.49648784
32663,0.75,133743.0,892.4,3.860807308,15.07155496
32664,0.98,264066.0,1946.32,3.212780577,15.87073709
32665,1.46,360291.0,2325.85,1.849628398,13.70870478
32666,0.0,272329.0,2374.99,4.93924406,12.96986674
32667,2.35,375716.0,1356.9,0.725636965,15.46776136
32668,1.01,385083.0,2790.88,1.840054285,15.9340005
32669,0.19,181199.0,1757.47,1.40588003,16.43403476
32670,1.57,360340.0,978.63,1.725703356,15.30919316
32671,6.14,366245.0,1973.0,4.783486801,15.31260659
32672,1.41,345264.0,1227.95,2.275801093,13.11473219
32673,1.31,371464.0,974.81,3.553915992,15.44523582
32674,1.92,363439.0,904.01,1.656852501,15.70074097
32675,1.8,258245.0,1310.54,1.299821504,15.05308197
32676,1.58,371317.0,1214.47,0.621812097,15.41338288
32677,0.74,264718.0,1814.28,3.78586867,16.19190298
32678,3.0,139677.0,1375.3,1.819997544,15.81756466
32679,1.28,376801.0,1372.31,3.594159601,16.17647013
32680,1.94,370412.0,2465.69,1.134090747,17.20858366
32681,2.68,350892.0,1906.68,0.862233607,13.75406104
32682,1.11,152248.0,2075.07,1.922123878,16.35155131
32683,2.27,282102.0,3047.82,2.976790423,14.33227353
32684,2.76,381560.0,2247.79,2.169529947,12.19893445
32685,1.51,145658.0,679.9,2.880937163,15.75378344
32686,1.85,260904.0,1533.5,1.306967185,15.21911848
32687,1.17,386361.0,1303.29,2.205176645,15.52502604
32688,0.07,366205.0,1209.94,2.045950649,16.28649835
32689,1.38,253545.0,1446.25,1.511847155,17.1671116
32690,0.73,395748.0,1646.34,2.945169605,16.12869848
32691,1.77,347773.0,1774.07,1.539135371,15.98260667
32692,1.45,385788.0,801.12,2.655201217,15.51412938
32693,0.87,387770.0,1193.68,4.896189818,13.54211259
32694,2.02,152628.0,2246.73,3.99646554,13.89373472
32695,1.22,245930.0,2052.2,1.632165742,15.9006565
32696,2.01,353035.0,1582.09,2.839112309,16.73601512
32697,2.4,379890.0,1755.03,1.814619241,16.09387268
32698,1.37,147393.0,1858.49,1.30252202,16.18797545
32699,1.84,391209.0,1413.75,2.500873699,15.62048596
32700,2.19,355414.0,1744.94,1.692952012,15.31899776
32701,1.05,373764.0,1500.56,1.872046153,13.66492864
32702,2.55,263990.0,2045.62,1.577752996,15.46092951
32703,0.72,373035.0,2059.95,1.439592792,11.89830609
32704,1.61,369369.0,1703.8,1.822598431,16.23354305
32705,2.06,354549.0,2489.56,0.50100812,14.20250805
32706,3.77,157563.0,1782.66,0.557950426,15.284155
32707,0.62,365556.0,1411.99,1.274675605,15.84936884
32708,2.09,391758.0,1922.01,1.643001804,17.04498462
32709,1.05,380689.0,1799.64,2.764552467,13.39977831
32710,0.26,386481.0,1501.71,0.726633769,15.0315038
32711,0.96,234258.0,1765.28,3.945444842,15.42735739
32712,2.27,353087.0,1849.95,1.638829906,15.53335424
32713,1.83,163650.0,2392.45,1.10874331,13.90106551
32714,0.38,367888.0,1759.33,1.858839645,13.78363815
32715,1.16,263803.0,1032.93,3.056713575,15.0859354
32716,2.41,178717.0,2493.65,3.49352517,14.65186305
32717,2.26,401119.0,1956.29,3.532493449,17.73027397
32718,0.25,244505.0,1421.82,2.176892683,16.44834646
32719,1.82,240685.0,2747.75,1.576599543,15.18102775
32720,1.49,147300.0,1224.6,4.076948458,15.90781499
32721,1.12,381122.0,1820.2,0.830142967,13.14370826
32722,1.97,122965.0,942.69,3.543585658,16.15735739
32723,1.77,364345.0,1222.84,0.925241871,14.81633159
32724,0.96,167314.0,1545.19,1.841037869,15.59231135
32725,1.97,132716.0,1324.66,4.209561975,16.71412963
32726,1.68,140453.0,1495.13,1.121795146,13.51156642
32727,2.28,342790.0,1227.72,1.51880681,13.30455022
32728,1.57,347320.0,1640.33,1.240506726,15.65111119
32729,0.0,371181.0,1819.91,2.993620509,15.8599989
32730,0.85,160935.0,2010.3,1.280547068,15.20043182
32731,1.14,385053.0,1511.9,2.096536685,17.5689724
32732,1.39,350425.0,1796.51,1.037847763,14.69262504
32733,1.72,357368.0,1622.52,1.358295684,11.8766153
32734,1.46,267668.0,1743.02,2.129610733,15.03266589
32735,0.75,263847.0,867.61,3.432065358,15.83252925
32736,2.0,139762.0,828.74,1.283223418,15.27135906
32737,1.9,379383.0,1058.99,0.817282248,12.55771315
32738,2.34,355828.0,1182.83,1.182987016,15.32628225
32739,1.16,388356.0,2288.45,-0.002803736,14.05519369
32740,1.98,381052.0,2436.49,0.135643673,15.26482602
32741,1.57,144055.0,1772.34,2.027900745,15.63138389
32742,0.98,267208.0,1589.98,3.022378564,17.53471818
32743,2.1,139018.0,1046.38,1.087607866,14.48862705
32744,1.01,369096.0,1005.08,1.065022207,16.325062
32745,1.76,259102.0,862.95,0.716322823,15.82363082
32746,4.27,393487.0,2439.25,3.902730026,14.32258233
32747,1.04,255075.0,1708.19,1.685322618,15.40782241
32748,1.14,373985.0,1208.31,4.03689143,14.15821476
32749,1.68,375754.0,730.6,0.848023836,15.90198875
32750,1.33,269746.0,1501.82,0.279213326,13.54866188
32751,2.85,253769.0,1272.49,0.810062546,16.457161
32752,0.68,152066.0,1910.79,1.45054868,16.35372435
32753,1.09,345276.0,1952.88,1.124094712,15.43228273
32754,1.69,378347.0,1097.18,1.898175865,15.53632909
32755,1.52,256608.0,1862.77,1.857900813,15.93970849
32756,1.72,167193.0,1415.24,0.967995004,16.29691325
32757,0.93,167567.0,825.27,0.802579133,15.04945564
32758,2.65,162695.0,1324.6,2.118712544,16.22583606
32759,1.52,236093.0,1907.23,1.918532583,15.21055105
32760,0.4,376598.0,1796.59,1.547411364,15.03581154
32761,2.0,118714.0,2280.98,1.434848554,14.93440638
32762,1.42,375644.0,1804.92,2.892244924,12.33993282
32763,1.05,168984.0,1820.38,0.267509316,14.14160528
32764,0.96,150101.0,1870.91,1.533518247,15.14750187
32765,0.75,353756.0,1147.06,0.106582526,15.73158932
32766,1.29,270325.0,2238.79,2.062661639,16.36421836
32767,0.81,383779.0,924.92,2.729215495,17.22025232
32768,1.52,252444.0,2294.27,2.316040214,15.40922215
32769,1.82,358379.0,1854.67,3.66255316,13.76941688
32770,1.02,377722.0,2082.49,2.007051263,15.41272845
32771,0.62,160348.0,1396.62,1.610392595,14.27197498
32772,2.43,377926.0,1802.15,1.835519847,16.51213799
32773,0.61,377287.0,810.55,1.35402828,13.20982164
32774,0.85,236681.0,2279.32,1.460189424,14.72850823
32775,1.65,392856.0,1200.28,2.284714404,17.3664713
32776,0.93,367070.0,1826.94,2.656957337,14.3663565
32777,1.51,143468.0,1831.67,3.628380232,15.37021235
32778,1.47,364156.0,1751.06,1.586133558,15.61315823
32779,0.89,148989.0,1514.62,2.675893593,15.86673205
32780,1.26,254622.0,2275.8,4.206731848,15.85616495
32781,1.19,121097.0,1771.88,1.622519914,14.42038879
32782,1.85,355549.0,1861.25,-0.070928401,13.56385279
32783,1.99,371904.0,1748.53,3.700521092,14.33650105
32784,0.98,380983.0,2169.39,2.295187245,16.45528575
32785,0.47,372148.0,1591.0,1.412749862,15.32044796
32786,2.22,365847.0,1828.73,1.134274504,15.66575922
32787,1.41,361828.0,986.01,2.609860245,15.59143228
32788,0.98,249907.0,2298.47,4.371860022,16.07208012
32789,2.11,333981.0,1937.35,0.673334199,14.70768669
32790,0.85,379124.0,2332.75,1.837403658,16.40978063
32791,1.61,358167.0,2726.53,1.722565975,13.08611195
32792,1.94,253839.0,1368.7,3.835714204,15.32049746
32793,1.65,389387.0,1928.22,4.064839998,13.83153271
32794,1.22,363592.0,2311.59,0.79211832,12.94897269
32795,1.56,256650.0,1851.22,2.111700287,16.05728553
32796,1.85,151344.0,2172.85,1.757921746,16.36538066
32797,1.46,366314.0,1944.93,2.886271806,16.26828127
32798,0.86,256898.0,1484.32,1.823113409,15.23798267
32799,1.94,249154.0,1428.99,1.286002632,16.9003992
32800,0.75,343638.0,2449.54,1.587633573,15.49491005
32801,1.14,271006.0,1299.75,1.094676568,13.84184073
32802,0.64,373149.0,2242.11,1.216861874,15.21248827
32803,1.72,278211.0,2219.44,3.097374479,13.86639443
32804,0.51,367748.0,1880.95,2.43145434,17.34805762
32805,2.45,382898.0,1791.61,1.227211026,14.64059078
32806,0.63,136722.0,1279.19,2.17680629,15.06792609
32807,1.59,401119.0,2324.54,3.339178941,14.90245296
32808,1.61,145253.0,1929.92,1.282909375,15.70663831
32809,0.82,243265.0,966.32,2.542685545,13.64560413
32810,2.01,374932.0,1519.07,1.298678327,16.79863533
32811,0.0,382706.0,838.96,3.811446315,13.95297179
32812,1.76,369564.0,888.46,3.742389001,15.57913375
32813,2.12,390150.0,1825.78,1.656368178,15.56063167
32814,1.23,389821.0,2358.74,2.157046633,13.57572577
32815,1.85,244417.0,2256.15,4.279137822,15.24985833
32816,1.32,136518.0,1805.79,3.155720834,15.82908402
32817,1.41,266798.0,2200.39,3.162722655,15.91561895
32818,2.2,367322.0,1813.72,1.817181856,14.06737587
32819,1.7,238720.0,1406.91,1.740585716,15.54941518
32820,1.87,285751.0,1984.2,2.493168033,15.6316223
32821,1.88,394189.0,2071.6,1.376824433,14.64266139
32822,0.46,357760.0,1951.17,1.905030159,14.26029391
32823,1.8,365634.0,1190.77,2.027464982,14.59042903
32824,0.98,281221.0,2743.58,0.98214343,15.77621745
32825,2.27,358819.0,1858.06,0.847931567,15.19746239
32826,1.68,149763.0,2057.56,2.332639853,14.08811319
32827,1.29,376027.0,1410.43,2.847449717,15.52526899
32828,3.01,145541.0,1757.15,1.586922443,15.09898111
32829,1.46,260968.0,1144.15,2.139937838,14.74724186
32830,1.57,148370.0,2272.7,3.711249433,15.67772297
32831,2.21,274662.0,1859.22,1.516866958,15.154518
32832,0.48,366761.0,1718.58,0.649258994,13.73920011
32833,1.09,346959.0,1964.08,1.073705383,15.19514134
32834,2.94,163533.0,815.29,2.793034172,14.63712764
32835,0.61,145737.0,1927.62,2.87934489,16.42319201
32836,1.57,163419.0,2260.73,1.432333431,16.52206794
32837,2.5,114947.0,1294.74,3.852304578,12.95282923
32838,1.07,371825.0,1923.64,2.962524755,15.40584976
32839,1.38,383075.0,1004.99,1.869056819,14.25441477
32840,2.12,149159.0,1819.31,0.953675393,15.37713517
32841,0.56,379917.0,2333.06,4.41933603,15.94364203
32842,2.35,257239.0,2279.68,3.058741136,14.40413701
32843,1.67,268383.0,1838.32,4.006342092,15.95109618
32844,1.47,385810.0,1371.79,2.750374135,14.72552448
32845,1.88,226394.0,2293.3,1.331952999,14.96064108
32846,1.8,360162.0,1734.16,2.246100115,15.91044308
32847,1.26,368027.0,1901.73,0.739076525,15.70689067
32848,1.42,365187.0,1647.19,3.149781849,15.41199015
32849,1.42,401119.0,807.57,2.328200291,15.34385784
32850,1.64,135193.0,2094.92,0.778100231,16.04615258
32851,1.15,387857.0,1016.21,2.330930828,15.77922846
32852,1.45,131123.0,1243.3,1.350044165,14.21252448
32853,1.72,135940.0,865.07,2.536691202,13.42141336
32854,1.57,263226.0,1668.93,1.595365708,14.98940689
32855,2.46,350534.0,1895.51,3.580232226,16.37356782
32856,2.44,355349.0,2585.86,1.186443141,15.1046581
32857,2.28,354190.0,1796.66,3.366629728,15.41886411
32858,1.17,370832.0,2372.33,4.93924406,13.09000811
32859,1.81,248814.0,1469.51,4.107930053,16.42695705
32860,2.4,372211.0,1739.35,1.49913609,15.76355864
32861,2.18,131825.0,1118.26,1.409907276,13.95545633
32862,1.47,388390.0,1588.59,2.565129832,14.19065644
32863,1.03,251642.0,1452.64,2.093635132,13.94197818
32864,0.41,143111.0,2481.1,1.021792551,12.79834955
32865,0.72,359360.0,840.95,2.55287736,13.56958277
32866,1.04,387895.0,1962.49,2.165395564,16.0346349
32867,0.0,157087.0,2313.51,3.85406295,13.93338403
32868,1.62,253851.0,1825.27,0.620057386,14.89761452
32869,1.2,371697.0,1913.5,3.004021183,16.59380798
32870,0.9,384226.0,1328.26,2.633717872,14.49728121
32871,1.75,379061.0,2710.81,1.992465239,15.76469682
32872,1.84,378926.0,1755.42,2.163151393,13.84051238
32873,1.14,150128.0,1897.82,3.841762888,17.25995006
32874,1.41,371881.0,1938.66,2.352461321,16.25793625
32875,1.42,372431.0,2675.51,2.569572021,15.55370963
32876,1.8,279920.0,1752.73,1.66623203,16.47799562
32877,1.05,359130.0,2321.68,1.981367838,15.81781063
32878,2.37,382754.0,1874.44,3.662489937,16.12065195
32879,1.56,264267.0,1839.76,1.716575107,14.57719437
32880,0.74,180331.0,1607.3,1.715638088,14.62288684
32881,2.45,272625.0,2028.61,0.97841448,16.78603221
32882,2.06,135023.0,833.32,0.837814851,16.63499476
32883,1.05,135366.0,1530.05,2.85328981,13.71824737
32884,1.92,248044.0,1016.72,2.626416356,17.01013157
32885,0.81,383816.0,779.6,1.662661963,16.7715206
32886,1.58,135262.0,1816.63,1.873225631,15.95684564
32887,1.54,174730.0,2095.96,2.595959314,15.83980371
32888,2.39,385122.0,2322.88,1.256975018,16.19284192
32889,2.1,356922.0,2012.79,4.21358528,15.68129855
32890,0.46,382789.0,1061.61,1.629491821,14.65999102
32891,0.85,256732.0,1601.16,1.658751845,14.58515954
32892,2.02,235151.0,2377.22,3.798664884,15.19531716
32893,0.88,349251.0,796.07,2.161914594,15.36841626
32894,1.45,341512.0,2471.76,2.00812173,15.8059369
32895,1.12,160330.0,724.32,2.102119487,16.26090112
32896,0.8,360463.0,1903.13,2.921175623,16.4800044
32897,1.92,141896.0,1773.21,3.168190603,16.29420567
32898,1.58,247902.0,2184.11,0.210082717,14.40183311
32899,0.54,383378.0,1384.98,1.643509349,16.4593413
32900,1.09,366724.0,1812.98,1.716101171,15.14971927
32901,2.0,133690.0,1767.9,1.86707104,15.80894484
32902,0.37,141742.0,1505.79,1.020101883,15.03261087
32903,1.28,137781.0,1502.27,1.847747866,15.61007483
32904,1.61,365210.0,887.7,4.348217571,13.60665498
32905,1.32,363690.0,1923.54,-0.326393035,15.89096584
32906,1.06,341816.0,699.68,1.351833359,15.57618556
32907,0.58,356221.0,2218.85,2.77934085,17.19439926
32908,1.68,358585.0,1012.68,3.631790265,15.11601701
32909,1.63,142949.0,2610.37,2.181037668,17.07015906
32910,1.22,142350.0,1774.13,1.423745088,13.68818585
32911,1.03,366968.0,1456.26,1.548446164,15.91812402
32912,1.07,383877.0,1026.04,2.135402434,15.21206573
32913,2.04,144704.0,809.69,0.716140684,16.88685406
32914,2.2,255224.0,1609.69,1.118966925,13.84022207
32915,0.16,151758.0,1096.68,1.03900718,17.15671812
32916,1.51,374966.0,1776.62,2.685379074,13.5242033
32917,0.73,383958.0,2524.87,1.75494435,14.92497171
32918,1.0,259641.0,1999.6,0.578365953,16.06768865
32919,1.29,355611.0,657.45,0.50824829,15.74884339
32920,1.92,361577.0,1445.12,1.124617357,12.45670811
32921,1.64,382043.0,1404.42,1.251743785,15.44757195
32922,2.62,381111.0,1106.68,0.970398813,13.79953742
32923,1.44,241967.0,901.92,1.664902777,12.93631699
32924,1.64,148308.0,2036.43,4.408327077,16.17491194
32925,2.52,363499.0,2208.64,0.955575335,13.26098551
32926,0.59,346130.0,797.94,0.822383029,15.69344869
32927,0.75,138834.0,1251.98,-0.008738504,13.46278381
32928,1.55,371439.0,2048.63,3.256420143,15.3595316
32929,2.01,376585.0,910.83,1.791507573,15.03957251
32930,1.17,261433.0,2439.8,1.891153941,15.26670683
32931,1.22,372931.0,1958.89,3.249067824,15.4500077
32932,2.43,266549.0,2379.92,0.847269022,13.8477976
32933,1.24,165570.0,2323.67,3.599356028,16.12463362
32934,2.07,390903.0,961.96,2.470108305,16.28439435
32935,0.98,351500.0,1773.85,3.202686836,13.95074532
32936,1.66,361271.0,1990.25,2.554538456,14.99196714
32937,0.62,363504.0,916.61,4.137551497,13.67517775
32938,1.49,150707.0,2039.34,4.215623778,16.32304726
32939,2.64,246844.0,2139.41,1.312210955,16.66024541
32940,2.12,383304.0,1286.32,0.887186247,14.56796073
32941,1.16,165190.0,2082.1,3.272240719,15.46980492
32942,1.21,256809.0,1700.13,1.302557873,16.54112371
32943,0.85,353422.0,1648.27,1.498998378,13.53478352
32944,1.84,120281.0,1857.69,4.144805113,15.24516527
32945,0.0,365818.0,1852.77,1.490524077,15.24136833
32946,2.02,357799.0,1800.11,3.44024205,15.03403652
32947,1.78,123089.0,2712.8,1.336323686,16.33163596
32948,1.48,252027.0,2161.34,0.944872744,14.49584659
32949,2.02,251954.0,639.07,3.010874853,16.08562449
32950,0.66,136437.0,1954.92,4.407527111,14.26093714
32951,1.48,354475.0,2416.19,3.186052461,15.73930503
32952,1.83,264464.0,1522.86,2.159019693,16.89307683
32953,1.79,367805.0,1821.01,4.133994021,16.01976038
32954,0.91,383514.0,1358.12,3.352975127,13.49005613
32955,0.99,272107.0,1918.82,4.010950451,16.34740571
32956,1.56,360652.0,2268.03,1.615447025,14.78325043
32957,0.46,353545.0,1016.38,1.417614877,15.97660828
32958,2.72,379309.0,2448.09,2.725589237,15.26067788
32959,1.7,373783.0,1829.8,1.650002131,14.81727505
32960,1.65,344989.0,1141.1,1.732118217,17.70830957
32961,0.66,140716.0,1830.33,1.094411905,15.78141162
32962,0.87,373476.0,1636.19,2.683639292,13.69557493
32963,1.39,130830.0,1898.63,2.568960772,12.48509905
32964,1.96,354807.0,2262.37,2.912363407,13.59001497
32965,1.43,153830.0,2122.4,2.811070856,16.15193783
32966,0.81,347889.0,1457.55,2.161492954,15.20461055
32967,2.22,150344.0,2432.19,1.962832614,13.58769749
32968,2.59,146214.0,2343.4,0.166093225,12.74055841
32969,2.17,232017.0,1924.18,2.687743906,15.01946193
32970,0.0,358671.0,2236.32,3.948294096,16.42167245
32971,1.88,235109.0,2041.69,3.040037303,14.06446414
32972,1.71,150470.0,1895.84,1.94480708,13.83790317
32973,2.07,145990.0,1067.19,3.84236062,15.07829243
32974,1.2,376326.0,952.57,1.558585028,15.48363899
32975,1.5,366375.0,1578.44,3.90935637,15.33092367
32976,2.46,237445.0,1867.94,0.966727028,14.79651497
32977,0.47,275725.0,2239.9,1.097543787,16.63838983
32978,1.23,376834.0,1989.68,3.526748347,13.7541303
32979,1.71,260755.0,2289.64,2.214105443,15.28450174
32980,1.76,381340.0,2333.17,1.082491139,13.38671341
32981,1.24,348705.0,1926.87,2.67318822,13.6160115
32982,0.26,338177.0,2336.58,2.393106919,16.75131261
32983,1.66,246211.0,1197.54,4.452949995,13.66313033
32984,1.59,133409.0,1505.83,4.163798463,14.87988384
32985,1.98,374763.0,1814.22,0.756839775,14.85320333
32986,2.9,355516.0,1762.4,1.05299495,16.13130714
32987,0.87,371673.0,2371.3,4.282691732,12.573947
32988,1.54,242833.0,1777.09,4.450044176,13.79559293
32989,1.26,381979.0,734.17,1.764842819,15.52792756
32990,1.32,148834.0,1875.82,2.334231221,16.63860688
32991,0.56,149872.0,1835.77,3.024595109,15.79904729
32992,1.2,375087.0,2156.51,2.350022998,15.31937949
32993,0.73,393612.0,1655.34,0.871417095,14.39661175
32994,2.59,267695.0,1922.73,3.088315969,15.76218798
32995,1.16,373971.0,1768.37,3.102739726,16.58618368
32996,1.9,139527.0,2075.46,2.145557565,15.6804133
32997,0.51,157103.0,667.49,2.833318009,17.55499111
32998,2.2,348039.0,1773.99,1.526618784,15.08714957
32999,0.9,373392.0,1935.16,1.501288482,17.54638881
33000,1.53,272549.0,2093.02,3.421427041,13.45539266
33001,2.32,374844.0,1015.5,1.907728519,14.78516564
33002,1.19,379993.0,1326.64,2.150624687,14.44898707
33003,1.24,338098.0,1434.67,2.775688505,14.31989591
33004,0.68,161484.0,969.61,2.089541512,13.99370039
33005,1.22,242965.0,1903.45,2.168604239,15.56096609
33006,2.12,381594.0,2081.07,4.417224274,16.34288851
33007,1.05,374751.0,1945.07,3.623709671,12.58742977
33008,1.58,372556.0,1665.97,2.18103405,13.18104889
33009,1.2,262647.0,1791.44,-0.080249585,13.96170391
33010,0.45,171672.0,1048.87,2.744077946,12.91048855
33011,0.93,236728.0,2389.28,2.03954256,15.22153121
33012,1.45,254600.0,2059.03,4.171696768,13.83768353
33013,2.74,150832.0,1691.3,1.5704647,14.80611128
33014,2.26,360884.0,2013.47,-0.236651571,14.76283928
33015,2.18,394036.0,2712.81,1.605301947,12.64354441
33016,2.0,269193.0,1008.6,1.279117528,13.99081786
33017,1.9,149370.0,873.47,2.820785579,16.00867414
33018,1.04,369673.0,1870.3,2.818839223,16.02051836
33019,1.54,271467.0,1308.12,3.690384323,12.44283566
33020,0.99,151988.0,880.0,1.896496916,12.99689919
33021,2.33,162373.0,1912.18,3.76571748,14.30517727
33022,2.21,358589.0,1654.46,0.194586603,16.66664056
33023,1.44,374472.0,1948.03,3.385224517,17.73027397
33024,2.83,258592.0,909.35,1.28033732,16.52557211
33025,1.52,362956.0,2532.57,2.197006851,13.69261374
33026,1.22,338927.0,1519.17,1.334778465,13.77530255
33027,2.4,366104.0,1851.34,2.103143111,13.68706956
33028,2.96,175024.0,2569.6,4.015202101,13.61497191
33029,1.57,356898.0,2462.59,2.233679315,14.53936464
33030,1.43,381867.0,703.03,-0.029279835,15.70937569
33031,1.26,361742.0,2348.56,-0.133089069,14.38742511
33032,0.51,258440.0,2191.51,2.228874612,15.49197122
33033,1.85,164744.0,838.97,0.822791385,13.22615615
33034,2.02,367715.0,2320.48,1.170372188,15.4381167
33035,5.13,356778.0,1678.6,0.696922212,15.455018
33036,2.74,135096.0,2385.32,1.870378829,14.85040581
33037,1.38,169767.0,2015.45,1.237930093,15.10145828
33038,1.39,157927.0,1718.55,2.066898094,16.08865409
33039,0.78,271018.0,2623.7,1.119288109,14.13645506
33040,1.47,388643.0,1448.07,2.944804328,13.41979208
33041,1.22,157276.0,1082.15,0.563310045,15.28669542
33042,0.0,140034.0,1735.85,2.972149037,12.49975586
33043,0.0,376926.0,1754.96,1.67506898,16.01058337
33044,2.57,235432.0,2030.85,1.423354985,16.116835
33045,2.06,382260.0,2358.36,1.951326848,12.82151666
33046,0.74,373283.0,2006.03,1.87209559,15.52395908
33047,1.68,154161.0,1998.02,1.957105795,14.96089579
33048,3.21,373328.0,862.37,2.426263815,14.41399538
33049,1.48,277978.0,2726.96,3.445151072,15.88430701
33050,1.94,242858.0,844.58,3.288512287,15.7257902
33051,1.77,274031.0,2548.79,3.851789557,13.70523939
33052,2.16,144940.0,1914.57,1.795198481,16.4145536
33053,2.55,155765.0,928.23,1.939757674,13.73638072
33054,0.8,142584.0,1848.6,1.672714295,16.45962921
33055,0.53,365382.0,2478.65,3.019104734,14.46736084
33056,0.31,345321.0,2136.51,1.781338262,14.08178379
33057,2.33,373978.0,933.18,3.902172466,17.08762167
33058,2.11,372064.0,2280.18,1.941891881,13.47728551
33059,1.22,146608.0,704.99,2.088792225,15.55781502
33060,1.4,378575.0,2577.26,2.256070434,17.13107713
33061,1.55,401119.0,2251.57,1.441007278,15.88821048
33062,1.48,390351.0,1995.4,1.186299606,16.27270147
33063,2.14,367704.0,1299.19,3.065591493,15.62882874
33064,1.62,362492.0,1627.45,1.807643294,13.64059339
33065,1.38,366704.0,762.86,1.304922644,13.62251656
33066,1.75,357547.0,921.87,2.005636803,13.49918165
33067,2.57,374507.0,1614.96,1.82659716,15.56060774
33068,1.49,362108.0,1548.17,2.854528033,14.66690117
33069,1.89,264445.0,1873.14,2.198768284,16.21039031
33070,2.08,276063.0,2002.32,1.019484439,13.86194296
33071,2.44,150555.0,866.27,3.565499451,14.88099984
33072,1.63,118576.0,1063.98,1.980151731,16.15191261
33073,1.83,258970.0,965.73,0.777186057,13.10780317
33074,1.75,155014.0,1591.89,2.537566128,16.42110592
33075,1.07,372750.0,2265.92,0.563810534,14.79898304
33076,1.66,120517.0,2378.46,0.954355262,14.67548039
33077,1.46,360602.0,2088.74,3.225260992,15.67878455
33078,1.58,158362.0,1250.41,1.618913897,15.66238361
33079,1.72,170215.0,988.13,1.240533655,14.89636703
33080,1.2,138287.0,2281.06,1.368761818,16.79159627
33081,1.59,375130.0,2174.95,2.91786993,16.46065372
33082,1.81,383114.0,586.86,1.532206979,13.49938304
33083,1.74,385457.0,1895.72,3.083069683,16.8063247
33084,2.06,360457.0,1820.43,3.105581272,15.22032464
33085,1.63,135640.0,872.69,0.666065731,15.75533727
33086,1.4,253926.0,2755.83,1.885242985,16.70883854
33087,1.75,241862.0,1672.8,1.808700251,14.1160277
33088,0.79,373840.0,2069.57,0.702579779,13.31799656
33089,2.3,145492.0,814.14,1.806400049,14.51480052
33090,1.15,378748.0,2344.06,1.584405646,14.96424125
33091,1.06,367283.0,1739.71,1.373323227,17.17998491
33092,2.27,146898.0,2440.18,2.27125491,16.0392964
33093,1.05,366380.0,2250.75,1.716379338,15.31723033
33094,1.73,138544.0,1349.2,0.994906216,11.76404802
33095,0.49,384498.0,1755.3,1.131789222,14.51695295
33096,0.76,170258.0,3047.82,3.561862408,16.47654387
33097,2.51,359441.0,2206.22,2.055128424,15.3674383
33098,0.64,145182.0,785.54,1.533518617,15.76171633
33099,2.82,145361.0,2427.95,1.978740098,15.90812763
33100,0.54,260872.0,1781.63,3.47104826,15.79705082
33101,0.19,397240.0,803.14,3.384043049,14.90952826
33102,0.68,157764.0,1765.38,0.974683977,15.55240255
33103,2.13,273048.0,2692.39,0.883203913,14.10096893
33104,1.1,375151.0,1741.75,-0.140306267,15.6060072
33105,2.09,154023.0,1304.05,2.533453943,17.27846096
33106,1.94,152020.0,2968.21,-0.326393035,13.88684699
33107,0.63,258417.0,1877.93,2.853889681,14.59456375
33108,0.54,373762.0,1811.73,2.234183588,15.93337322
33109,0.6,355933.0,805.67,1.759972901,16.34474609
33110,1.97,372370.0,1952.28,1.727948065,14.40260654
33111,1.65,257176.0,1828.92,3.30084032,15.68545587
33112,1.87,362487.0,1710.56,2.034433043,14.52179378
33113,1.03,162705.0,2139.16,3.77399393,14.68512173
33114,1.51,367496.0,1449.24,2.065363835,16.21101578
33115,1.84,361869.0,743.05,3.152424363,16.08508718
33116,0.32,381819.0,1843.11,1.959288727,15.50570364
33117,1.91,367494.0,1842.76,1.242862147,15.35381368
33118,1.37,379650.0,1969.14,1.201949884,15.82469118
33119,1.56,387191.0,861.31,0.46740333,15.21486884
33120,1.82,376584.0,2240.09,3.220037747,14.68408938
33121,1.47,361048.0,1258.54,1.406030139,13.24570868
33122,1.65,269762.0,694.41,1.47447785,14.64742246
33123,2.16,375482.0,1369.92,1.332294481,16.15876529
33124,1.55,268265.0,1663.66,3.648628287,15.95431357
33125,2.47,133913.0,1719.5,1.516043356,14.1795028
33126,1.91,356726.0,937.85,2.104001507,15.58257175
33127,1.58,263728.0,2356.98,1.57390807,16.28306138
33128,2.15,133627.0,2294.77,2.188366321,15.43932337
33129,2.03,371686.0,2093.95,1.635472862,15.12603373
33130,1.59,350971.0,2209.7,2.015495633,15.05925841
33131,1.39,372300.0,1809.73,1.553514501,14.78673292
33132,1.47,139558.0,2197.35,1.696282777,16.12604672
33133,0.46,359663.0,896.81,3.162923761,14.69750369
33134,0.93,377801.0,1850.37,2.029550822,15.872993
33135,0.8,367581.0,1706.66,1.710449388,15.80249771
33136,1.52,369848.0,586.86,3.901006369,15.15611668
33137,0.67,361329.0,1426.45,3.803251598,14.12363527
33138,1.97,124764.0,1332.01,3.351423411,13.15545669
33139,2.29,367577.0,2353.76,1.640015807,15.29114385
33140,1.55,381763.0,2241.23,3.492836474,15.6427537
33141,1.29,351531.0,1960.69,3.554604676,13.20292444
33142,2.67,367508.0,2173.08,0.34857131,13.50254382
33143,2.05,265338.0,1454.89,1.103478969,15.25878027
33144,1.72,249152.0,1497.95,1.057956275,17.5944669
33145,1.84,364225.0,871.87,3.738972154,14.55828264
33146,1.31,364077.0,2183.21,3.891820338,11.6752453
33147,1.29,368480.0,2415.76,2.18562073,15.07769213
33148,1.46,125020.0,2317.63,2.00718272,13.4822064
33149,2.02,159269.0,2544.77,2.005365806,13.89639261
33150,2.54,349486.0,2031.18,1.749453719,15.41599272
33151,2.12,367771.0,2416.96,3.111740536,13.82317744
33152,2.8,392916.0,1997.77,3.343597081,13.49330538
33153,0.14,127383.0,2083.94,2.074611208,12.98158001
33154,1.79,371290.0,2085.8,0.274677101,15.36808042
33155,1.19,363088.0,1892.07,2.941714385,14.09038331
33156,1.58,278741.0,762.69,1.751392826,12.71474462
33157,1.08,374762.0,1877.01,2.70983203,16.20658727
33158,1.71,166779.0,1426.8,3.412587118,15.72715156
33159,2.17,369911.0,2192.29,1.662960092,15.05910909
33160,2.23,268701.0,1416.35,0.405472474,16.09308004
33161,1.42,383447.0,1427.73,1.911668434,15.63921784
33162,2.05,374986.0,830.63,2.654932545,13.94063804
33163,2.36,363149.0,1073.59,2.888902113,17.73027397
33164,2.0,384773.0,1880.63,1.835421397,13.37697471
33165,1.76,248898.0,2350.72,0.748819847,14.524584
33166,2.05,384684.0,1514.04,1.96018291,15.24966703
33167,1.37,140089.0,1926.0,0.430574429,14.44092322
33168,1.36,166836.0,2360.76,3.050317813,15.00802119
33169,2.38,147863.0,1449.85,2.361605559,15.48279251
33170,0.66,137484.0,1111.99,1.561637254,16.86388035
33171,2.81,370951.0,1980.93,2.848802651,15.72160434
33172,1.14,152921.0,1401.08,1.57450822,15.76439952
33173,0.83,378913.0,1850.65,1.947003083,16.47760763
33174,1.62,386603.0,1620.04,2.248693389,14.40650598
33175,0.81,382149.0,1723.72,3.083258829,14.95868413
33176,6.01,264027.0,2209.79,1.654706641,17.2537164
33177,1.99,262580.0,1915.27,1.30924358,15.048516
33178,1.8,377262.0,2552.22,2.844632998,11.65088667
33179,1.03,361155.0,1771.94,1.953864187,15.7749839
33180,1.91,365327.0,1866.97,1.989493737,14.47673243
33181,0.62,258688.0,1183.38,2.491186093,16.03738989
33182,1.9,144378.0,1995.3,1.459344044,15.7335206
33183,1.69,155858.0,1052.18,0.532863099,16.10747987
33184,2.5,145505.0,1027.46,3.87960428,15.80434401
33185,1.36,377961.0,1305.45,4.12389467,15.04334785
33186,1.69,353211.0,1601.21,0.26516875,16.01483631
33187,1.08,264903.0,1502.53,4.85703257,16.13852506
33188,1.54,250048.0,1798.56,1.649755335,15.49429547
33189,1.98,368422.0,1391.36,2.320490399,15.28026057
33190,1.35,384077.0,937.83,2.162018054,12.8998123
33191,2.62,372439.0,897.75,3.822822898,16.61841564
33192,1.35,268135.0,1761.26,2.075308663,16.57410854
33193,1.92,265794.0,1889.76,4.559492166,14.76036438
33194,2.15,385141.0,893.69,1.504281018,17.44178088
33195,2.46,156788.0,1056.76,1.567356793,15.61815431
33196,2.3,244780.0,1876.91,1.292132967,15.78066729
33197,1.62,377636.0,1869.04,3.087840094,13.71962417
33198,0.86,367295.0,898.57,3.900663998,14.54468818
33199,2.49,362869.0,2432.93,1.533141248,15.66845094
33200,1.51,254859.0,752.56,1.489534629,14.70254831
33201,1.78,392250.0,1924.47,1.437055463,15.82023243
33202,1.76,348699.0,1494.84,1.908417044,13.72514809
33203,4.09,136195.0,804.93,1.541814422,14.60961654
33204,1.7,251400.0,2242.3,0.497869071,17.18573447
33205,1.19,378370.0,1832.81,1.382529532,16.00827562
33206,1.04,391974.0,1741.24,3.955652918,15.88839684
33207,0.97,249831.0,1237.44,1.463728628,12.13058695
33208,1.79,254051.0,1988.97,1.522848553,15.82672416
33209,2.22,386439.0,2180.34,1.839686161,14.79869921
33210,0.66,157109.0,1716.97,4.120885683,15.73970554
33211,2.49,371701.0,1022.47,1.282930248,16.50628651
33212,1.29,264071.0,2153.69,2.791652111,16.04621654
33213,1.06,365504.0,1470.68,1.848004566,13.12700049
33214,1.65,373304.0,1302.85,1.583698745,16.18528927
33215,2.75,378571.0,725.8,3.696102391,15.98010786
33216,0.17,400309.0,1997.1,3.140698893,16.23307448
33217,2.2,117750.0,2302.29,1.502000808,14.73738137
33218,1.74,263474.0,1768.39,1.184986195,14.17852795
33219,1.49,269195.0,2003.54,3.051340421,15.90307166
33220,1.04,356224.0,1449.35,2.286597272,13.65950337
33221,1.2,160495.0,1851.65,2.087549151,16.53824057
33222,1.97,273682.0,1155.4,0.884370045,15.50007725
33223,1.29,250361.0,1861.6,3.439797482,14.30911823
33224,1.38,351141.0,825.37,2.323904604,13.58727055
33225,2.13,273194.0,1533.73,1.940687926,16.38752335
33226,0.88,152197.0,1263.58,2.151345498,16.90488932
33227,0.98,171359.0,1402.77,1.689133347,16.58834867
33228,1.09,149946.0,998.94,2.188338434,15.55980969
33229,0.82,392922.0,1822.92,2.548505115,14.68952023
33230,1.48,269484.0,2284.0,0.902685779,13.89285363
33231,1.23,378195.0,828.42,0.768615473,12.20911518
33232,1.3,374610.0,1949.68,2.220781123,14.14737063
33233,2.11,164103.0,1199.29,2.454592509,15.10758964
33234,2.01,258296.0,2115.79,2.506164343,17.10258698
33235,2.49,268876.0,912.39,0.487332204,16.80562671
33236,0.96,362134.0,2065.32,1.210498269,14.5365831
33237,1.21,141822.0,1404.61,3.070789457,13.6837176
33238,1.29,149138.0,1396.13,1.388714402,14.74534792
33239,1.25,282825.0,2158.39,4.93924406,15.28831318
33240,2.32,254737.0,2360.65,1.809037925,15.95155399
33241,2.53,368327.0,2012.07,4.118794595,15.43775657
33242,1.87,354678.0,1472.0,1.650021787,16.67023529
33243,2.07,146085.0,1075.38,3.433886909,13.26503444
33244,1.91,170957.0,1779.48,2.733183512,13.6271765
33245,1.18,164849.0,1355.55,1.232438088,13.59146512
33246,2.2,278395.0,1405.04,1.834332622,15.77573983
33247,1.64,376203.0,2264.19,1.613342558,15.52493267
33248,1.79,150449.0,877.06,0.087676073,15.51918995
33249,1.4,364494.0,1704.01,1.596757084,15.15322394
33250,0.95,172984.0,2153.62,4.022558059,13.87149102
33251,1.94,152134.0,2390.41,1.937786799,15.56034048
33252,2.29,387010.0,2525.01,1.763452529,15.30697412
33253,1.43,246116.0,1718.54,1.50423552,15.4040068
33254,1.74,257055.0,2297.47,2.580783716,13.49645401
33255,1.24,244956.0,2316.05,0.360121261,16.74499718
33256,0.28,268206.0,1826.47,2.462992965,16.39008334
33257,0.09,373546.0,726.7,2.046592446,13.37547568
33258,0.87,363440.0,1748.31,2.813504808,16.81997879
33259,1.45,132301.0,2682.41,1.688416204,17.02418998
33260,1.07,354313.0,1193.93,3.476805526,15.01647989
33261,1.45,270586.0,1049.6,3.281679261,17.03347281
33262,1.43,266437.0,1915.44,0.356638226,14.22458953
33263,1.53,164677.0,2497.45,1.256106946,13.93626064
33264,2.12,365907.0,632.51,1.488824866,16.35469042
33265,1.25,371236.0,1780.0,0.11431781,12.26628731
33266,2.11,142547.0,1756.88,3.848998892,15.67188413
33267,1.32,238790.0,1700.19,0.630211865,14.19852182
33268,1.36,384931.0,2082.15,1.518423743,15.14784699
33269,1.92,142912.0,1728.54,4.531710311,16.87423815
33270,2.58,238120.0,2044.42,2.665213701,13.86214989
33271,2.01,368615.0,2442.66,0.077526995,15.02315116
33272,2.18,249800.0,1190.05,3.459676846,15.7828519
33273,1.88,169749.0,2189.38,4.642668331,13.60603852
33274,1.52,359042.0,1096.75,-0.255399347,14.42506077
33275,1.11,374585.0,2061.63,2.297567423,15.64894852
33276,0.63,349445.0,933.41,1.842991977,15.68427454
33277,1.37,273008.0,1903.71,3.894863197,14.88510879
33278,1.42,357688.0,1490.32,0.656059102,13.69247564
33279,0.9,281057.0,2336.72,3.801379634,14.65002144
33280,1.12,178518.0,1347.86,2.490929443,15.31395449
33281,1.45,278798.0,986.47,3.575389798,13.27332268
33282,2.02,142198.0,2300.34,2.160294977,14.61896401
33283,0.88,254067.0,2752.54,2.040212988,12.29469276
33284,2.46,351174.0,1948.08,4.370711069,13.25613906
33285,1.41,366471.0,1333.73,0.281601757,15.09328467
33286,2.61,233034.0,1208.23,-0.259295467,15.80609666
33287,2.03,257147.0,2278.52,2.651269789,14.96388873
33288,1.45,370937.0,2086.56,1.881206529,15.59632905
33289,1.91,356124.0,586.86,3.283748833,13.406217
33290,1.61,344232.0,1672.45,1.661214105,12.69731224
33291,1.46,264379.0,1961.43,1.181737057,12.83124176
33292,0.79,134202.0,1756.47,1.388350194,15.17229508
33293,1.51,277646.0,1613.43,0.91400949,17.73027397
33294,2.72,142154.0,1773.58,0.817112909,14.63201373
33295,2.7,275642.0,1810.87,3.804104702,16.4384957
33296,1.11,171593.0,1499.04,1.237092979,14.71708802
33297,1.77,356666.0,1197.86,0.312827654,15.04830848
33298,1.15,128716.0,1822.89,0.673478926,15.21932454
33299,1.58,241269.0,2093.19,4.095748397,15.30940666
33300,1.23,368140.0,1808.56,1.093579796,14.41575492
33301,2.68,354088.0,1266.34,0.257115751,13.73635082
33302,1.95,372820.0,1809.35,1.65188125,16.14932788
33303,0.0,388342.0,2201.57,3.753702665,15.51394517
33304,0.39,372551.0,1907.29,2.285741883,13.65337653
33305,1.35,348440.0,994.93,2.629175531,14.06925461
33306,1.98,371954.0,1007.97,3.319784749,13.83150112
33307,0.85,358070.0,1770.53,1.115437362,15.08830931
33308,0.39,248155.0,950.76,2.602679408,13.57011806
33309,0.87,329391.0,1718.19,3.149410022,15.02096458
33310,0.92,351022.0,586.86,2.360081899,16.92037825
33311,1.77,380685.0,1890.26,-0.326393035,15.0981542
33312,1.1,276176.0,1515.55,3.134750577,16.17587687
33313,1.22,399875.0,1861.31,2.23637261,14.81033618
33314,1.69,376228.0,666.11,1.962976221,14.56615616
33315,1.48,362319.0,1508.77,0.244249747,15.72369625
33316,1.68,265448.0,943.83,2.008330016,15.71575001
33317,1.97,229757.0,1669.54,2.117966225,14.80920354
33318,0.62,344457.0,1083.41,1.496795523,16.42398329
33319,1.82,129653.0,2290.92,0.787272527,16.19839157
33320,1.69,269215.0,2022.24,4.429143605,16.41278813
33321,1.7,384434.0,2183.42,1.508296558,14.76615865
33322,1.19,131142.0,995.31,0.201592683,15.7571328
33323,0.53,170111.0,2528.93,4.552353823,16.35339037
33324,1.15,367659.0,1950.92,3.41065171,16.51891912
33325,0.95,152826.0,722.53,1.549420338,15.79355628
33326,2.1,370020.0,2200.45,3.403962668,14.67879011
33327,0.95,272956.0,2020.23,2.117036108,15.70305061
33328,2.29,366070.0,2380.14,1.764259816,16.13598935
33329,1.07,369641.0,1815.87,1.282349252,13.93817503
33330,1.55,362628.0,2567.68,1.85180261,15.46116188
33331,2.17,368588.0,1627.43,3.909744192,15.19444568
33332,1.65,382573.0,1405.57,2.165165469,15.12368364
33333,2.3,370847.0,680.64,1.835749878,15.97193036
33334,2.12,382008.0,1747.37,2.681581708,15.15983821
33335,1.66,391586.0,885.65,1.237876815,15.24265539
33336,1.7,260315.0,2150.67,1.349634506,15.53842513
33337,1.09,125031.0,1823.8,3.345908497,16.56360327
33338,1.65,263004.0,1776.61,4.108096079,17.58334824
33339,2.66,391877.0,2440.5,-0.325743893,16.14482436
33340,1.12,393455.0,882.49,3.253105685,13.88714143
33341,1.29,244330.0,1292.61,1.672284555,15.08470812
33342,1.88,146159.0,774.37,3.540779662,15.94965969
33343,1.05,381626.0,1201.86,1.235014255,17.0222315
33344,0.13,349196.0,2018.14,0.85632733,15.52780228
33345,1.93,127656.0,1712.25,2.840614712,15.18739113
33346,2.33,367373.0,1141.88,1.218233953,14.38838553
33347,1.2,363683.0,616.77,2.48299962,12.80493231
33348,1.03,361007.0,1653.61,1.447101244,14.80918477
33349,0.9,250609.0,2504.92,4.079163241,13.19307419
33350,1.72,149135.0,2096.23,3.374619752,15.06535553
33351,1.51,362880.0,2103.45,3.043613841,14.73584925
33352,2.01,123007.0,1827.27,0.804291927,16.24823097
33353,1.06,258962.0,873.98,2.723724439,14.93096852
33354,1.79,380483.0,1058.34,2.633871001,12.24792657
33355,1.33,260389.0,814.56,1.730617585,16.05950789
33356,1.28,162671.0,2395.09,3.114440527,15.32220864
33357,0.99,382142.0,610.2,1.693529517,17.15273867
33358,1.96,163982.0,1557.6,1.446119089,14.67755792
33359,1.53,255621.0,1665.45,2.638866475,15.64993152
33360,0.68,385298.0,979.18,0.451142452,15.48173709
33361,1.58,134347.0,1565.52,0.832423021,14.84089615
33362,2.46,363750.0,672.09,1.63926546,15.64195103
33363,4.05,385174.0,1227.39,2.131565824,15.17298781
33364,2.36,148199.0,1796.04,1.486642274,15.84611105
33365,1.15,145059.0,1313.71,3.379460062,15.78175942
33366,1.18,151609.0,1233.48,0.841958506,13.65677056
33367,0.95,242608.0,2037.84,0.175061446,16.21915234
33368,1.57,166123.0,2203.8,2.968859283,12.59589492
33369,0.27,351877.0,1118.42,1.493225725,15.95392842
33370,0.78,374972.0,1755.02,3.444392313,15.7620914
33371,0.85,340216.0,1765.91,1.391466281,14.13500798
33372,2.06,266514.0,895.0,2.362105729,15.49002274
33373,1.43,256472.0,2001.44,3.774461025,15.95263961
33374,2.25,390323.0,1963.04,2.999435912,15.7609561
33375,0.21,363580.0,1462.06,1.21637787,15.20882929
33376,1.67,365280.0,1477.66,4.006856719,14.88938036
33377,1.48,259695.0,2302.34,0.847338081,16.36312189
33378,1.88,377390.0,2494.8,1.429997494,12.72969087
33379,2.9,129729.0,1290.37,0.665833526,15.91282129
33380,2.32,126758.0,1265.81,4.197145941,15.56003037
33381,1.24,143416.0,2281.6,0.011566667,15.57446451
33382,1.56,256233.0,2440.8,1.616739394,13.25172206
33383,2.05,123222.0,1777.36,3.296335125,17.44627163
33384,1.46,254156.0,2172.71,3.029899236,14.83429239
33385,2.53,345368.0,961.42,3.624754016,12.94745821
33386,1.74,128922.0,2029.08,0.203963267,14.27350581
33387,1.18,378827.0,1429.42,0.093710013,14.82914382
33388,1.5,282439.0,1795.23,1.934297602,15.99905029
33389,0.92,395027.0,1851.11,1.633089835,12.00628674
33390,0.36,130283.0,1052.65,2.00650822,15.16913509
33391,2.21,120100.0,1336.41,1.286458468,15.31619375
33392,0.44,160888.0,1810.07,3.325400158,15.67648884
33393,1.7,151388.0,1639.29,2.808408432,14.01986685
33394,1.97,126180.0,2515.6,2.767327936,15.6904237
33395,1.95,117461.0,1368.43,0.654071604,12.62209916
33396,1.39,365250.0,1744.63,3.77418587,15.79605209
33397,0.14,336770.0,2034.39,4.354742506,13.06236499
33398,1.69,367874.0,1973.03,1.022819936,13.83522866
33399,1.56,399959.0,586.86,0.96742186,14.48118303
33400,1.3,387754.0,852.09,0.989900144,16.28588589
33401,0.36,363405.0,1713.38,2.064755137,15.13157507
33402,1.52,141414.0,1267.27,1.619572111,15.13566351
33403,2.09,379170.0,2209.67,2.211313273,14.80007354
33404,1.14,346314.0,1929.62,1.40103764,12.92518971
33405,1.84,116898.0,1243.91,2.472696781,15.87924126
33406,2.45,262805.0,1013.22,1.280316318,15.60258961
33407,2.44,156991.0,2385.93,2.333748558,16.50072575
33408,2.8,356826.0,2523.87,2.767644422,15.02885965
33409,1.34,255435.0,2440.04,2.040314631,15.3055154
33410,1.98,342699.0,2175.53,1.887540735,15.19913467
33411,2.51,375732.0,2626.52,1.988424571,15.13656694
33412,1.85,356933.0,1083.48,1.52326426,16.07293072
33413,2.04,348089.0,1471.1,2.930439249,15.97690681
33414,1.36,362426.0,1226.99,1.80027404,15.64243797
33415,0.81,362802.0,2230.64,2.700614412,15.19002301
33416,1.89,354364.0,1936.13,2.906273115,14.22065009
33417,2.51,341561.0,2240.01,3.06204434,16.3358263
33418,1.21,377851.0,1946.46,2.456768435,15.70530485
33419,1.55,362767.0,2387.83,3.263417894,15.44693165
33420,2.28,144722.0,616.71,2.63220008,16.27587752
33421,0.78,386269.0,1863.92,0.535465789,15.33369509
33422,1.63,368795.0,2067.26,2.067033479,11.66847808
33423,1.62,122316.0,1481.36,0.790284221,16.66859079
33424,1.63,362405.0,897.38,2.660389993,15.16431178
33425,0.71,386806.0,877.93,1.676410602,15.06160352
33426,0.95,379848.0,2263.34,2.552770888,15.67925713
33427,0.5,138886.0,2155.04,1.432282649,15.94886927
33428,1.49,137681.0,1553.1,2.136746052,14.73292952
33429,1.63,388283.0,1085.31,2.350290603,16.45015837
33430,1.12,266681.0,2523.55,1.220577916,15.93789246
33431,1.83,263108.0,1874.42,3.144915194,13.90729163
33432,2.05,160708.0,966.01,1.876592503,13.08199627
33433,1.74,401119.0,2135.73,1.464220269,12.6582149
33434,1.94,362302.0,1690.54,3.856991745,13.60711716
33435,2.34,147014.0,2070.07,3.087185548,17.15789751
33436,1.52,354095.0,1246.1,2.555500377,15.6549366
33437,1.45,153221.0,652.25,-0.326393035,14.32666759
33438,0.94,267594.0,1299.15,1.360923464,16.29229115
33439,1.01,392211.0,1520.36,2.904651352,14.79903606
33440,0.89,382682.0,2311.81,1.456618506,15.51900499
33441,1.28,242605.0,1831.28,4.404024855,16.18984366
33442,0.89,353451.0,2410.65,2.699023517,16.41321017
33443,0.63,363936.0,1793.56,1.669129041,14.19745185
33444,0.84,366374.0,1953.81,2.904781777,13.52052264
33445,1.44,367711.0,1243.67,3.588969112,13.4156934
33446,0.22,371712.0,2190.22,1.519771348,12.93400984
33447,0.98,268165.0,2262.47,1.620698178,12.89483963
33448,1.92,128880.0,1950.97,1.949670096,12.21169695
33449,0.77,128695.0,974.32,1.765266594,14.88048506
33450,2.0,376640.0,1998.37,1.905515763,13.2596027
33451,1.14,381918.0,1761.16,0.888365228,14.88815853
33452,1.16,284354.0,1872.86,2.385547356,15.78890346
33453,1.16,158117.0,1001.93,1.84495607,15.18930046
33454,0.67,146347.0,2689.29,2.111136768,17.34467891
33455,2.09,350035.0,1108.86,1.205064488,12.26799574
33456,0.2,169114.0,1848.92,1.520328598,15.98360078
33457,2.66,265441.0,1339.06,-0.326393035,14.7444445
33458,1.39,363534.0,1797.61,1.992900116,16.21646024
33459,0.86,350634.0,1850.01,0.172570229,15.27773325
33460,1.59,253210.0,839.67,2.128543133,14.51092024
33461,0.0,386749.0,1439.02,2.046146971,15.65125395
33462,1.51,271395.0,1621.83,3.325528804,13.19424813
33463,0.8,373515.0,1542.38,3.15399097,16.51052173
33464,1.37,361410.0,1889.41,2.179544103,15.11584846
33465,0.97,145615.0,1938.86,2.068757761,15.65595345
33466,1.33,281953.0,1554.95,2.284362718,15.08669525
33467,1.22,373858.0,1024.25,1.72147925,16.67784052
33468,1.03,363061.0,1874.39,2.180343036,12.30304773
33469,1.13,141122.0,2185.23,2.194497156,16.65698199
33470,2.17,226797.0,2000.37,1.616761897,13.6546166
33471,1.23,365042.0,1430.73,1.407092389,14.87770413
33472,0.92,273350.0,765.5,1.413041442,15.4260157
33473,1.09,148733.0,950.65,4.471557336,16.48061088
33474,2.45,138492.0,2251.77,3.019714627,15.76724382
33475,1.95,359966.0,1724.04,3.123648795,15.56146652
33476,1.85,361925.0,2182.38,1.357548954,13.70617722
33477,0.05,371182.0,1133.3,1.633244169,15.78807017
33478,1.58,365663.0,944.48,1.846453466,15.58522677
33479,1.66,348004.0,2231.17,1.069124494,12.40923138
33480,0.41,399635.0,2616.96,1.870685684,14.47892121
33481,1.36,161186.0,1984.9,0.390902823,15.57164207
33482,1.34,257689.0,1556.09,2.938973117,13.96447284
33483,2.36,385703.0,2047.12,2.230973477,15.59515318
33484,1.25,157644.0,2389.82,2.303397728,17.35003983
33485,1.93,138174.0,1004.45,2.095705139,14.20690225
33486,0.82,397187.0,2388.71,2.366613433,16.22342389
33487,1.36,356086.0,1403.96,1.595672111,15.16723895
33488,1.84,361184.0,1343.84,3.004674337,16.75330088
33489,2.23,133837.0,2547.08,2.844477492,13.11271144
33490,0.0,271985.0,1432.2,4.141483512,13.65608254
33491,0.77,131425.0,1769.46,2.056280052,15.9869274
33492,1.21,270293.0,890.52,1.643112831,15.62280207
33493,0.86,376942.0,1528.67,2.624107744,15.53554695
33494,2.36,354810.0,1840.78,1.197736692,15.25741585
33495,1.26,255211.0,2518.27,0.692769378,16.00577717
33496,1.52,155847.0,774.97,1.987096946,16.77340678
33497,1.86,380438.0,1768.95,-0.132731675,15.56063855
33498,0.18,378472.0,1782.11,3.706049669,15.75852084
33499,1.19,366982.0,2530.01,-0.326393035,14.28839726
33500,1.54,376790.0,1864.37,1.953634667,16.3183586
33501,0.06,389320.0,1982.16,0.282687456,12.85778676
33502,1.74,126309.0,2294.96,1.13310928,14.66871981
33503,2.31,136235.0,1845.33,2.139168218,15.71695462
33504,2.46,341598.0,2398.75,3.371002009,13.79649752
33505,1.59,269040.0,2004.15,1.731449406,16.32028713
33506,0.96,384666.0,1962.54,4.10046416,12.72410807
33507,1.13,179112.0,1449.25,1.401668623,15.25266441
33508,1.96,377210.0,1887.34,2.136296041,16.92217103
33509,1.49,372648.0,1858.79,1.607788026,14.86806013
33510,1.86,360175.0,1762.06,1.444083322,15.08350845
33511,1.63,386688.0,1916.79,3.748714524,16.2621169
33512,1.13,232142.0,2345.42,1.733325933,14.52965326
33513,2.15,274999.0,2600.85,1.441186526,14.89235056
33514,0.0,366424.0,881.4,1.670655915,16.03801
33515,2.38,270753.0,2650.56,2.625995637,15.39333741
33516,1.62,370671.0,2148.1,3.729904757,16.43875723
33517,1.68,143008.0,2155.85,3.00745621,13.73020124
33518,1.29,368940.0,1385.42,1.718327225,12.06840838
33519,1.29,125645.0,1701.72,2.958591618,14.05349716
33520,1.74,363121.0,874.44,1.869708671,14.79200964
33521,1.98,142436.0,1756.35,1.84023944,14.87676202
33522,1.78,134868.0,1655.01,1.679334466,16.48497158
33523,1.75,364418.0,1956.23,2.194267801,13.77564303
33524,1.34,357423.0,1938.13,2.90131998,15.24913481
33525,1.72,152770.0,1375.9,2.770274517,13.42056129
33526,2.01,356788.0,2299.03,0.727728846,14.66642939
33527,1.21,365520.0,1743.53,4.057535188,15.46282916
33528,1.03,374698.0,1697.32,1.319237494,14.84745537
33529,1.97,384731.0,857.45,2.160617978,12.89936247
33530,0.98,256243.0,1723.35,0.72510355,13.98737568
33531,2.07,267536.0,1903.35,1.419663763,14.63291414
33532,2.65,249083.0,590.14,1.097690232,15.31647603
33533,1.26,372318.0,949.03,2.117924504,15.10829678
33534,1.4,260197.0,2807.12,2.212922788,16.53998598
33535,1.23,124471.0,1566.41,2.516546931,16.13626568
33536,0.4,151980.0,1853.48,2.672979797,16.3340797
33537,1.29,401119.0,2303.67,1.832286931,13.59452124
33538,2.11,150534.0,1342.66,1.140349626,14.46372723
33539,1.57,346183.0,963.57,1.966771683,13.95479496
33540,2.2,229467.0,1288.43,0.687825284,15.52655462
33541,1.3,268136.0,1913.99,0.505805375,15.22206806
33542,2.31,341139.0,663.0,3.072394519,13.60934702
33543,2.4,291821.0,1742.86,3.582981962,16.82607314
33544,1.47,366754.0,1555.11,1.038303082,14.81668045
33545,2.89,270004.0,1918.81,-0.326393035,14.61465205
33546,0.33,131701.0,1464.38,3.126546538,16.37079797
33547,1.42,395962.0,2342.14,2.315674487,16.09616986
33548,0.73,363087.0,2293.49,2.878019021,14.15862861
33549,1.67,133999.0,1949.95,1.828892307,15.38217484
33550,2.45,354057.0,772.8,1.982105511,15.68825763
33551,1.89,250148.0,1728.08,1.68170825,15.86640738
33552,2.29,179881.0,2251.69,1.157370018,15.92969953
33553,1.35,138996.0,1803.24,1.980040679,15.73814876
33554,1.66,241264.0,1756.49,2.138627896,15.12788574
33555,2.74,367036.0,1338.64,1.476048641,15.56425786
33556,1.72,260308.0,2468.17,0.436299234,16.29601377
33557,2.44,349057.0,1391.94,2.725561252,13.05803843
33558,0.42,372670.0,1232.63,2.748043523,14.85223848
33559,1.83,146517.0,2084.87,2.37059283,13.23382315
33560,0.89,378631.0,2528.37,2.944715314,13.70842418
33561,1.13,363405.0,2363.08,1.90038782,13.871858
33562,1.34,254512.0,1605.63,0.676597662,16.33108284
33563,1.42,278757.0,1341.05,2.369640479,17.06792928
33564,1.28,154629.0,1895.06,3.535577974,15.47825722
33565,0.6,149608.0,1630.91,3.966951016,15.59278689
33566,0.38,370073.0,1486.69,1.730103909,15.81197988
33567,1.37,238111.0,1892.52,1.556404254,13.18095684
33568,0.34,381877.0,1705.37,1.972706908,16.79701331
33569,2.04,264552.0,1663.02,2.649724555,16.63032673
33570,1.4,377459.0,1733.33,3.304395728,15.60207927
33571,0.57,375833.0,1734.91,1.577571933,16.23934182
33572,1.88,246590.0,1441.17,1.000012717,15.94096573
33573,1.19,386746.0,1373.84,2.188385577,15.15594435
33574,2.58,369560.0,1933.32,3.486411133,15.12512086
33575,1.67,255494.0,1619.38,1.520986928,14.9190972
33576,2.23,383169.0,1898.16,1.902764387,16.28729881
33577,1.04,360501.0,1001.38,2.846560961,15.89288165
33578,0.0,399979.0,1730.31,1.618258591,16.68205551
33579,1.67,252735.0,791.32,0.643982216,14.92434525
33580,2.78,153588.0,1119.3,1.440883326,15.82857467
33581,0.75,380366.0,1439.75,3.246111202,15.94311115
33582,0.76,157531.0,1726.04,1.628457302,13.19045419
33583,2.21,379384.0,1038.58,0.960705142,17.12807164
33584,1.66,392429.0,944.15,1.505801231,15.35220837
33585,1.48,130681.0,1463.46,1.679342073,12.72919627
33586,2.14,370329.0,1242.88,1.957188086,16.81314258
33587,1.71,346567.0,1814.32,2.422868895,13.87433556
33588,0.62,256721.0,2355.83,2.567903974,12.88342291
33589,0.95,367793.0,1639.02,1.505082987,15.61346233
33590,1.0,357473.0,1586.04,1.788313931,15.29426578
33591,2.38,150498.0,1321.4,1.299360936,15.79091994
33592,0.85,372987.0,1849.36,1.894422847,16.14564979
33593,1.86,383180.0,2290.92,4.778349457,17.42378726
33594,1.44,383656.0,1862.84,2.990181113,15.18646978
33595,1.67,267561.0,1868.29,1.407319493,15.45986023
33596,1.75,379156.0,2093.7,2.623759818,15.41369008
33597,2.55,159178.0,1582.69,1.490146645,16.05071904
33598,0.96,378618.0,1094.71,1.060859471,14.25897722
33599,1.43,244701.0,2568.32,1.803902234,16.18293637
33600,1.84,357805.0,816.92,1.592640199,15.63780879
33601,1.54,155995.0,1423.66,2.027404424,15.24461489
33602,0.74,140351.0,2197.84,1.718579559,14.7693133
33603,2.31,166433.0,2049.03,3.730087436,15.88675697
33604,1.99,247501.0,1834.03,0.651774821,14.89412938
33605,2.4,368281.0,1795.33,3.451536477,14.56455592
33606,0.0,386521.0,760.79,1.030002304,16.60254423
33607,2.31,348771.0,1185.3,0.693126342,16.2800534
33608,1.89,393290.0,1770.7,0.813306798,17.40338419
33609,1.86,377613.0,773.55,4.279831336,14.16461127
33610,1.66,380272.0,2088.87,1.339066017,13.36193828
33611,1.68,345664.0,1394.69,1.67750365,15.72104639
33612,1.2,133244.0,1718.58,1.33880906,13.56367186
33613,1.95,364708.0,2890.16,0.137061823,17.73027397
33614,1.23,365973.0,1369.54,2.977812715,13.98687879
33615,0.94,376047.0,1991.72,3.450496143,16.71049734
33616,1.35,139183.0,890.28,1.305003622,13.68380888
33617,1.94,363773.0,1241.65,2.864646273,17.49397293
33618,2.33,145134.0,1264.06,4.919987161,16.09912608
33619,1.38,351687.0,1276.09,4.355382638,16.69816966
33620,1.22,279294.0,978.66,2.046592384,13.97473471
33621,2.04,254023.0,2745.47,4.077078206,15.13971006
33622,0.67,355419.0,1209.57,4.69060295,14.6605956
33623,0.76,365042.0,833.65,1.299438137,14.93117249
33624,1.22,389385.0,1833.7,1.546337826,15.78316374
33625,0.81,266328.0,1826.76,1.601482959,15.16330263
33626,2.24,357274.0,1943.28,3.430409807,16.39821019
33627,1.44,376126.0,796.39,3.376336436,15.12383793
33628,1.77,271106.0,1887.72,1.089691604,12.88436466
33629,1.33,376658.0,994.68,1.552901639,15.31911898
33630,2.11,147046.0,1922.17,4.215365868,16.41576251
33631,0.81,138005.0,1822.09,0.949550445,17.36431958
33632,1.78,390968.0,1928.25,1.834296096,12.82982852
33633,0.89,276265.0,1888.04,2.649620209,16.2962678
33634,1.2,134186.0,1235.75,1.520751401,15.47812117
33635,1.79,374574.0,1518.86,1.551029722,14.36485518
33636,1.08,382061.0,1079.11,1.560308715,12.94864266
33637,1.44,387402.0,2863.88,2.290693662,15.58815566
33638,1.62,375416.0,744.09,2.347461091,14.09214557
33639,1.44,149670.0,1916.83,1.99729516,14.75235299
33640,0.75,265301.0,1894.92,3.416016492,15.78494765
33641,1.71,156142.0,1798.55,3.903495088,16.58033082
33642,2.12,339795.0,1839.18,1.495420959,15.61934017
33643,1.45,372895.0,1470.81,3.53814234,15.41242465
33644,1.27,379908.0,2401.13,1.909881361,13.50052521
33645,1.76,338090.0,1832.03,3.795626355,15.04706317
33646,0.96,372448.0,1178.76,3.663704292,17.03658735
33647,1.15,387313.0,1808.4,2.162371886,15.81004196
33648,1.09,376942.0,783.36,4.595162304,13.81863021
33649,2.38,370691.0,1810.0,1.556077276,15.3341101
33650,0.87,156109.0,1276.52,1.270822474,13.46343587
33651,1.97,363431.0,1350.03,1.583841579,17.11941914
33652,1.57,387445.0,1866.25,0.714640461,15.82782969
33653,1.88,385336.0,2223.0,3.728391096,13.03902211
33654,1.06,353147.0,1015.92,0.788784139,11.92113145
33655,2.22,362191.0,1763.67,1.286508478,16.27160271
33656,0.58,354301.0,961.86,2.358131753,15.9441157
33657,1.56,368841.0,2340.6,1.317608905,15.67325053
33658,2.26,263009.0,1711.81,3.549718606,15.00176621
33659,0.86,345926.0,1788.48,2.396852137,15.85367561
33660,1.18,152372.0,1671.07,1.622215731,15.79034573
33661,1.73,385136.0,2252.83,4.420895349,15.22806103
33662,0.95,368099.0,766.72,1.454174018,16.43535227
33663,1.29,385641.0,1880.9,0.629787116,16.83569984
33664,1.61,245260.0,927.63,1.329863806,14.34544668
33665,1.64,243509.0,1796.07,3.661759116,16.43683307
33666,1.29,381104.0,1826.31,0.994998214,15.79790894
33667,2.07,370371.0,1026.59,1.542220023,14.0323725
33668,0.79,160393.0,856.8,0.761823699,14.58396761
33669,0.48,357513.0,914.42,1.402980281,15.4006487
33670,1.17,355893.0,1684.11,3.879591684,15.54419388
33671,2.02,339536.0,1256.42,2.625371289,14.76281306
33672,2.01,148108.0,1993.56,0.272029324,14.93155502
33673,2.02,120227.0,2068.97,2.258264918,15.40639543
33674,1.81,394048.0,1459.39,1.716636734,17.04468411
33675,1.95,154969.0,2163.67,2.868426754,15.00244687
33676,2.33,231409.0,1759.32,2.683611694,13.2772481
33677,0.69,357901.0,1682.98,0.996568998,11.73481852
33678,2.01,386332.0,1788.88,2.810410816,15.14695371
33679,1.4,250854.0,2268.96,2.141679818,17.1894907
33680,1.47,361857.0,2111.13,1.8990911,15.30675811
33681,2.3,271425.0,1804.7,2.027535362,15.70867818
33682,1.25,272627.0,1557.98,1.368470038,15.59974489
33683,1.25,388117.0,2182.11,3.127128759,15.49022627
33684,1.93,373181.0,1190.29,1.760846794,15.44800649
33685,1.09,362061.0,2525.78,1.345969845,17.2609297
33686,1.93,144538.0,1086.31,4.056977641,16.42141312
33687,0.82,151530.0,2622.21,1.907283194,16.0886157
33688,2.47,136795.0,1761.21,2.007581806,15.52602668
33689,1.35,139043.0,1534.26,0.577996777,15.89351669
33690,1.59,169714.0,1356.99,3.523908693,15.32142198
33691,1.62,358266.0,1435.87,4.625476195,16.63565125
33692,1.13,137919.0,2168.69,0.963645653,12.04053747
33693,1.7,126155.0,1544.08,0.924833239,14.76498261
33694,4.32,344340.0,1996.41,-0.177660295,15.10980272
33695,1.12,373066.0,2329.74,0.040116111,12.12104147
33696,0.65,356291.0,586.86,1.815000421,15.88624753
33697,2.77,255420.0,2067.13,1.702360719,14.02113644
33698,1.6,142300.0,1650.71,1.981778149,14.34990587
33699,2.39,394271.0,2228.34,3.536190248,15.54270825
33700,1.03,276547.0,1031.27,4.199091983,14.95844325
33701,1.15,155233.0,1802.37,2.177638535,16.00897183
33702,1.65,275399.0,2604.95,1.840447534,16.15663327
33703,1.62,341902.0,1834.42,3.824665261,13.81632365
33704,1.16,372386.0,1127.69,2.449104903,17.73027397
33705,2.54,351745.0,1713.14,3.724238874,15.96281285
33706,1.35,364085.0,2192.37,2.578431558,16.52859852
33707,4.97,146272.0,2134.25,0.915974449,16.75771252
33708,2.02,359847.0,1341.77,2.785753517,15.45407674
33709,0.68,146294.0,1429.83,1.956147357,13.98508929
33710,1.84,170702.0,1639.03,1.585136817,16.71796217
33711,1.62,245634.0,2498.64,2.465257211,14.96013424
33712,2.43,354502.0,1843.74,2.155367492,14.981044
33713,0.69,377323.0,2003.76,3.038469533,16.16062489
33714,2.32,123483.0,1789.96,1.2959984,15.75730521
33715,1.66,121263.0,1797.06,2.235087601,15.78961263
33716,1.74,271930.0,1820.92,1.188989103,16.75375483
33717,2.4,133290.0,1731.6,1.065893406,16.33875367
33718,1.69,370149.0,2319.11,2.159404699,14.80246173
33719,0.87,355909.0,2700.42,2.888488389,12.33290803
33720,2.64,256885.0,1821.69,2.854894226,16.57915334
33721,1.56,384120.0,2235.13,1.69917424,12.52157849
33722,1.4,358851.0,1474.3,0.40147336,16.21418908
33723,0.75,154070.0,1493.44,1.24348361,15.6423784
33724,1.68,358900.0,2098.03,0.634639758,13.00768934
33725,1.99,238447.0,2112.37,3.294299467,15.70954686
33726,1.73,372598.0,2488.29,1.437844675,15.64245312
33727,1.62,135180.0,2284.86,0.557306024,15.69293911
33728,1.07,375984.0,1853.17,4.677050974,13.72448818
33729,1.69,150899.0,1756.95,1.424749126,14.02294571
33730,1.38,277103.0,1865.2,3.364808784,15.15653198
33731,1.58,135541.0,2016.2,2.0793023,15.70597484
33732,0.64,246222.0,1873.03,3.280792827,14.85816021
33733,0.99,371417.0,1293.07,1.981752202,15.49936978
33734,1.99,362153.0,1786.92,3.049930553,15.57462023
33735,1.31,375352.0,1601.11,2.098730096,16.02340159
33736,2.23,381970.0,1516.84,0.916317427,15.40531967
33737,1.07,148382.0,1446.53,3.111972635,16.33197213
33738,1.23,352340.0,2132.86,0.976404548,15.8876089
33739,0.84,167715.0,1563.16,3.955684573,14.60158458
33740,1.63,131759.0,2413.96,1.756467606,14.13856935
33741,1.22,380858.0,1857.13,2.235503318,13.31328727
33742,1.79,145484.0,2948.93,2.752534108,15.16334621
33743,0.94,377687.0,1574.48,4.841318599,15.36303423
33744,0.77,130933.0,2214.56,1.801194036,13.39294199
33745,1.29,257988.0,2211.28,1.662141608,13.40252235
33746,0.98,359493.0,1284.9,-0.168568273,15.23685625
33747,6.27,366186.0,2488.24,4.315527461,16.66869677
33748,1.28,137390.0,1577.02,3.042186575,13.81060663
33749,0.98,353417.0,1811.27,1.43617628,14.29861913
33750,1.67,157669.0,826.69,1.279743628,16.73347957
33751,3.18,391096.0,1454.58,2.200408775,16.56680166
33752,1.83,388080.0,860.52,2.746790542,15.85968539
33753,1.22,362210.0,748.99,1.945493821,15.54557966
33754,1.53,145729.0,1857.67,1.119486824,16.14426576
33755,0.76,149766.0,2296.02,2.005346461,15.26631783
33756,1.58,352921.0,1878.71,1.342927478,14.12927379
33757,1.64,271467.0,1995.57,1.939735211,15.12757119
33758,0.7,251266.0,1909.15,2.468199007,14.78877717
33759,1.79,228881.0,1648.02,0.939957937,15.93021917
33760,1.9,235546.0,1765.94,2.031374015,12.27088871
33761,2.2,146773.0,1864.14,1.562655466,15.97281132
33762,2.1,388247.0,1886.02,2.582629758,17.73027397
33763,2.25,136823.0,594.79,4.094109753,15.07530023
33764,0.75,371119.0,1667.63,1.652678648,15.32387493
33765,1.18,257844.0,1338.52,4.09857542,13.20373113
33766,1.13,359388.0,1212.49,1.503684025,13.22714684
33767,2.35,152979.0,2230.83,3.819419032,12.43322188
33768,1.8,367987.0,1300.22,2.746722237,15.39676382
33769,1.83,234006.0,1648.95,1.743446174,14.42430615
33770,0.7,133373.0,2273.37,1.049023791,16.06968914
33771,1.4,349249.0,1814.26,2.469091002,12.4663001
33772,1.31,246875.0,1601.52,1.956274357,15.41503651
33773,1.02,370165.0,2134.97,1.430417878,14.38363376
33774,1.12,384874.0,893.82,3.877260642,16.27082527
33775,0.76,401119.0,961.93,2.587325657,15.07723467
33776,1.95,257075.0,697.81,4.51262632,15.46760709
33777,1.3,120727.0,1947.46,1.748839064,15.7493126
33778,3.09,127223.0,1872.96,2.848014852,16.9209497
33779,2.0,377797.0,2502.7,2.91171508,16.91105748
33780,1.45,351540.0,1796.43,0.449518657,15.04556485
33781,1.52,363498.0,1625.08,1.682780695,15.97194637
33782,1.33,361696.0,1948.11,2.246701427,16.22393621
33783,1.95,165165.0,1807.8,1.571352896,16.18487073
33784,1.29,397611.0,2555.2,2.137465287,15.20894114
33785,1.57,263320.0,1793.95,1.35321648,16.5433965
33786,1.88,340444.0,1448.61,1.098672369,15.93669652
33787,1.63,155771.0,2257.35,2.362774779,14.14973969
33788,2.43,118781.0,1032.6,1.095198006,14.40424594
33789,1.52,356743.0,1733.17,2.337357791,13.18947941
33790,1.11,347416.0,1851.79,-0.325366783,16.3431847
33791,1.6,371845.0,1240.79,1.85755683,15.9774361
33792,2.14,383117.0,1696.29,2.82789481,15.17709606
33793,1.96,357887.0,1800.82,2.888915407,16.56187828
33794,2.03,273836.0,1561.16,-0.187197337,14.92081696
33795,0.41,172258.0,1443.37,2.543817747,15.27121933
33796,1.54,368230.0,1690.39,1.943187638,15.74355274
33797,1.93,262188.0,1537.2,1.551520733,17.16002425
33798,1.57,386863.0,1632.53,1.396899252,12.64075638
33799,2.87,263919.0,982.45,2.305031556,14.6689351
33800,1.46,145025.0,1900.47,1.959477596,17.48934362
33801,2.63,133836.0,2431.13,1.63379809,14.98555502
33802,2.06,376136.0,1931.01,2.350952,13.36373264
33803,1.56,138927.0,1147.16,0.893850696,16.15371056
33804,1.9,371385.0,1902.64,1.372440163,17.28417295
33805,2.34,173791.0,1865.45,1.471954291,14.58910612
33806,1.08,137625.0,2155.73,2.786452194,15.3733315
33807,0.9,360704.0,1874.07,1.445975271,15.26284866
33808,0.72,375445.0,1062.01,2.845856193,13.01983272
33809,2.49,234240.0,1407.54,1.735172942,14.24167869
33810,1.14,264534.0,2176.84,1.113174745,16.26664573
33811,1.7,262415.0,1908.4,1.455638769,15.22414597
33812,0.51,160678.0,2292.64,4.830773364,17.73027397
33813,1.23,145465.0,1399.85,2.676343854,17.11915281
33814,1.71,363229.0,1854.22,1.590248322,15.24614233
33815,0.71,248771.0,1835.55,3.474105862,16.56910285
33816,1.04,344286.0,1138.91,2.337239379,14.44650947
33817,1.74,245740.0,1626.82,2.376433652,15.25683589
33818,1.23,244955.0,929.83,1.218384998,15.58379084
33819,2.96,381315.0,2429.02,1.681310176,12.71433956
33820,1.54,384562.0,1757.93,1.794168227,15.29390965
33821,1.46,132794.0,1439.49,0.764972664,15.03478488
33822,2.11,141270.0,1407.88,4.756760798,12.82264619
33823,1.19,370176.0,1231.13,1.68282233,15.14285649
33824,1.56,370478.0,1889.16,2.767416097,13.86653655
33825,1.24,242190.0,1329.73,2.591160998,14.66629204
33826,2.24,147218.0,2447.08,1.364581352,15.61496617
33827,0.66,138237.0,1109.52,3.234153119,14.85009341
33828,1.61,369616.0,1375.93,1.236393924,15.50325116
33829,0.58,372001.0,1077.63,3.365182302,14.84315525
33830,1.86,388436.0,2065.57,0.254750355,16.04292294
33831,1.4,357198.0,1683.46,2.593788128,11.2583727
33832,1.67,142424.0,1578.5,0.277912707,15.16542178
33833,1.18,238681.0,1002.87,3.179583731,13.33235986
33834,2.18,146987.0,2210.76,3.080089024,17.086619
33835,2.18,170104.0,951.48,1.134728428,14.32028773
33836,1.2,262552.0,1825.9,2.275213627,16.60102602
33837,0.72,252483.0,2108.92,1.029694478,12.14960514
33838,1.66,253513.0,2595.34,-0.121372232,16.27585812
33839,1.28,156013.0,1656.07,3.172163323,15.41263664
33840,1.44,274032.0,2046.2,2.897034376,16.44463133
33841,1.67,384790.0,1840.95,1.26900702,15.21180376
33842,2.35,163117.0,1815.66,1.511731004,13.18917778
33843,1.92,274907.0,794.59,1.801525882,16.77566709
33844,2.49,347534.0,1205.61,0.797401969,15.48736982
33845,1.68,258272.0,2189.2,3.033944469,12.28423389
33846,0.86,371800.0,1392.26,1.919538,15.17792779
33847,1.31,358811.0,1566.68,2.062568979,14.16428865
33848,1.21,357926.0,1153.04,2.819947106,16.95945219
33849,2.04,135128.0,2438.24,3.396914109,16.10357662
33850,1.43,169982.0,739.56,4.480448479,14.65683625
33851,0.86,394835.0,1827.81,2.307853705,14.02449619
33852,0.88,365076.0,2285.3,0.839801145,14.25756086
33853,0.22,166657.0,1555.54,3.59253266,16.40538969
33854,1.53,167446.0,1590.4,3.391494798,13.94135026
33855,1.49,382360.0,2336.11,3.481435859,15.1061502
33856,1.36,363743.0,1841.47,4.443041173,13.70660686
33857,1.96,364495.0,1898.58,1.375872101,16.48499277
33858,1.41,155766.0,922.59,1.584591216,15.42453865
33859,0.21,148158.0,1932.45,1.683039639,17.2032909
33860,2.41,353230.0,1807.14,1.079906378,12.39298056
33861,1.33,399458.0,586.86,1.106816796,14.81415109
33862,0.61,390773.0,1825.8,2.752324715,15.36967437
33863,1.1,351275.0,2517.67,2.839590158,16.48444417
33864,0.68,260841.0,2421.63,0.666708386,14.99181513
33865,1.98,374481.0,1826.68,1.162108146,15.99413812
33866,1.57,345434.0,743.56,1.105107575,14.42479877
33867,4.64,266762.0,1327.74,0.950617959,15.4701852
33868,1.95,255852.0,1945.46,3.085405556,13.12688269
33869,0.84,264705.0,1976.38,1.797094366,16.90853273
33870,0.88,131835.0,1780.29,2.087900068,11.43522157
33871,1.44,255392.0,1869.93,2.127980724,16.03688818
33872,0.82,153174.0,1839.88,3.756920887,15.55052543
33873,0.92,399078.0,2447.44,1.27259456,15.36552612
33874,2.1,362408.0,2015.74,1.725658529,15.00505728
33875,1.78,368866.0,1805.56,2.248452375,12.69302241
33876,1.38,358019.0,1311.03,2.706774238,13.72479443
33877,1.78,140490.0,1208.16,2.026951447,15.44071222
33878,2.42,374733.0,988.2,0.989287863,15.75082451
33879,0.61,151254.0,2399.34,1.917925049,15.90662799
33880,1.28,264234.0,2033.14,2.307187738,13.43426905
33881,0.8,364927.0,1953.55,3.449131704,14.92041642
33882,2.01,371559.0,1176.83,1.727473217,16.04022049
33883,0.42,153624.0,2337.28,1.639675098,14.93747532
33884,1.42,233492.0,1785.29,1.383775169,14.96621212
33885,1.26,373293.0,2172.77,3.925587262,12.1208156
33886,1.14,382342.0,1802.27,3.035544293,14.27988352
33887,1.33,379919.0,2471.32,3.181541579,15.77389259
33888,1.09,261851.0,1373.38,0.842317442,13.97662757
33889,0.96,390767.0,1992.47,2.313572806,15.74724125
33890,2.39,124740.0,764.39,2.808223632,14.9547119
33891,1.61,258932.0,1713.94,0.914264262,16.34206669
33892,1.87,125292.0,831.84,1.033791551,14.0240328
33893,2.84,245040.0,2565.77,1.347263961,15.22134882
33894,0.64,366166.0,1433.49,1.706087778,14.90105127
33895,1.58,377375.0,769.98,1.390264505,15.06206002
33896,2.65,249374.0,2101.76,2.082216728,16.5842402
33897,1.68,146159.0,767.81,2.423771023,16.16225264
33898,0.67,250995.0,1869.65,1.252765301,17.38172421
33899,2.08,144502.0,1879.31,1.751927565,16.33655384
33900,0.26,273252.0,2190.57,1.688283184,13.85035005
33901,2.09,379059.0,838.81,2.969462596,15.35907242
33902,1.24,355641.0,2031.92,1.409478232,12.45880587
33903,1.66,256914.0,848.67,3.469986638,15.92439949
33904,1.43,386911.0,1690.51,0.959324747,15.82187879
33905,0.82,141980.0,791.06,1.603686634,12.61432581
33906,1.47,366150.0,1341.0,1.088586362,15.15015688
33907,1.15,369123.0,2402.45,1.795292737,14.78002398
33908,1.24,134267.0,1978.49,3.972577463,15.40864481
33909,2.36,153711.0,1981.29,1.391660245,16.03943017
33910,0.94,399114.0,825.74,2.973230021,13.92467792
33911,1.9,261715.0,2575.97,1.91561934,16.46555805
33912,1.41,149843.0,1923.16,1.760964334,13.56849532
33913,1.07,143269.0,2083.64,1.973914847,16.15835465
33914,2.37,395489.0,2547.84,1.879301164,16.12583367
33915,2.55,251742.0,1399.53,1.592694478,12.70310035
33916,1.5,374648.0,1875.09,2.392651272,14.18846056
33917,1.72,377848.0,1282.36,1.556151594,14.85465231
33918,0.77,350664.0,1895.78,3.168888486,15.35951277
33919,2.13,387795.0,1843.36,4.350759783,16.19274427
33920,0.72,365482.0,2395.34,2.612336312,17.32542257
33921,0.71,359008.0,2552.6,2.099790131,13.84372415
33922,1.93,401119.0,815.47,1.188401267,15.61297272
33923,1.15,351605.0,1191.06,1.727180536,12.8415312
33924,3.01,372535.0,2575.68,1.649219943,16.44599469
33925,1.52,154824.0,755.95,1.98124119,13.15826933
33926,1.77,360741.0,697.85,2.951465749,11.69794519
33927,1.07,163431.0,790.54,2.495429582,14.90379663
33928,2.09,376371.0,819.05,1.901121311,14.39830908
33929,1.09,235761.0,2882.21,2.865573678,12.68888387
33930,1.96,369916.0,1111.42,4.820464026,15.9486267
33931,2.02,242385.0,1867.36,4.375482796,16.0635942
33932,1.7,364766.0,1819.95,2.61326517,14.05751443
33933,1.59,381464.0,2100.04,0.214758666,16.26922853
33934,1.87,248167.0,1163.96,0.882048177,15.08200453
33935,1.38,139449.0,1006.17,0.193117961,15.51915091
33936,1.25,374320.0,2128.21,2.928000617,14.27879142
33937,1.9,261026.0,2659.25,2.42605157,15.28323888
33938,2.42,132918.0,2166.13,3.627485189,14.63685038
33939,1.61,377520.0,1781.89,2.197346912,13.67206538
33940,0.9,145763.0,1383.93,2.670634169,16.24998591
33941,2.41,338882.0,2340.97,1.286228798,16.06250556
33942,1.82,381064.0,2578.72,0.916434532,16.82348002
33943,1.64,348261.0,1421.42,1.989430512,15.58049437
33944,1.55,156826.0,1907.69,0.529613754,16.26817593
33945,1.41,257623.0,1876.22,1.558579777,14.16514187
33946,0.86,177453.0,1458.72,1.316246705,14.24730749
33947,0.86,360956.0,1911.38,3.483226236,13.24103509
33948,2.46,158442.0,1749.49,0.271286852,13.82782991
33949,1.95,274676.0,1218.92,2.246348314,15.89124611
33950,0.68,143384.0,660.64,0.787215385,12.6310861
33951,0.61,386992.0,1947.54,3.261752778,15.95037486
33952,0.61,278153.0,2334.9,2.06678372,15.61734322
33953,0.97,390875.0,2413.75,1.707102691,14.77242429
33954,0.42,254608.0,1878.26,1.233192335,14.87110707
33955,1.66,263589.0,1709.83,0.240377942,13.73685148
33956,1.8,151683.0,836.95,2.638284507,15.95556081
33957,1.14,141631.0,2179.59,1.950824383,14.80879081
33958,2.65,166355.0,1289.27,1.712751084,13.84978065
33959,1.51,335144.0,1741.96,1.194750758,14.37149034
33960,0.83,131342.0,1790.59,2.081004572,14.49338768
33961,2.04,361298.0,1644.02,1.923619703,16.38129653
33962,1.62,354949.0,1351.01,1.526702692,16.85043314
33963,1.45,246161.0,1480.17,1.572067354,14.91159228
33964,1.09,260105.0,1535.81,2.882443476,15.87200355
33965,1.15,384456.0,1823.54,3.055695874,15.90366758
33966,1.74,368867.0,1484.96,2.104639356,16.25995406
33967,1.4,385993.0,905.71,1.561106082,12.90838133
33968,1.87,350130.0,1841.84,4.17484345,17.30144991
33969,0.6,167708.0,1598.91,2.093518309,15.10852129
33970,0.93,135317.0,1855.06,1.286014214,15.24100864
33971,1.71,159087.0,1503.21,1.910249976,15.65754755
33972,1.03,362157.0,1084.77,0.220510216,14.12472755
33973,1.48,369666.0,1306.16,1.961949236,15.19136723
33974,1.83,159795.0,2265.82,2.141942592,16.22363782
33975,0.87,259131.0,1311.29,1.528891494,15.81535528
33976,1.25,362317.0,1040.77,0.632425378,13.44967173
33977,1.38,382933.0,1597.25,2.84453662,16.16038707
33978,1.46,136709.0,1913.89,-0.036358562,14.56086418
33979,1.25,152941.0,2349.05,1.595039907,13.85219655
33980,0.89,147462.0,1880.06,1.315516842,12.83506224
33981,1.91,270445.0,1739.43,3.751357387,13.59567634
33982,1.71,249573.0,1549.25,2.205797658,15.70040094
33983,0.43,262921.0,1734.24,3.672280711,16.04580823
33984,1.51,373707.0,1584.69,2.012643481,15.18537722
33985,3.33,164807.0,1213.43,1.227160674,15.58548612
33986,0.5,141851.0,2596.66,2.163255717,16.40937596
33987,2.37,379089.0,1867.89,2.291644066,15.68153044
33988,1.51,251400.0,2432.3,2.113581418,13.54493862
33989,0.61,381114.0,2425.97,2.303540221,16.16243499
33990,0.53,142573.0,2598.19,4.385985347,13.5208258
33991,1.58,375080.0,1403.86,1.68452543,12.2956568
33992,1.21,124459.0,887.88,1.299990837,15.47055912
33993,0.54,130294.0,1621.65,1.792216153,17.67277825
33994,1.76,389587.0,2159.57,3.883089151,15.81546317
33995,1.72,374969.0,1882.28,1.966231987,16.64931338
33996,0.77,384204.0,2672.53,2.180075661,16.08070398
33997,1.05,151171.0,1823.26,1.546687473,16.45011576
33998,2.49,247188.0,606.12,4.227462991,14.37514985
33999,2.56,368089.0,966.07,1.148102059,14.91371017
34000,0.33,383768.0,2003.3,1.77562915,13.08579725
34001,0.14,251012.0,643.39,1.185665378,16.15157448
34002,2.77,358409.0,1900.87,2.748197045,15.53903845
34003,0.41,362189.0,1382.96,4.242333645,15.36583565
34004,0.35,401119.0,1786.46,2.591697244,17.73027397
34005,1.69,368039.0,1625.96,0.841065358,16.55371148
34006,1.83,242873.0,1116.94,1.292265327,14.03621253
34007,0.77,173276.0,1267.42,1.83302909,16.75083736
34008,1.25,149099.0,2490.64,3.244661256,12.88462969
34009,1.2,265206.0,1219.19,0.982513194,15.84234292
34010,0.75,267079.0,2251.12,1.626585823,16.89347845
34011,0.23,181178.0,829.82,1.19956886,14.85530927
34012,2.34,162329.0,2214.35,1.554725513,15.44401478
34013,0.41,127447.0,1370.45,3.564416451,14.83032336
34014,2.35,355918.0,2375.7,2.974850505,14.74268853
34015,1.5,139862.0,1814.86,0.645384638,15.60526624
34016,1.45,368633.0,955.15,1.492683067,14.6667512
34017,0.93,144047.0,2342.67,2.670322742,15.22502434
34018,0.32,397325.0,1620.35,4.285250982,15.53009638
34019,1.12,372869.0,1984.08,3.517716167,13.80032558
34020,1.5,372093.0,880.47,1.02073973,12.40729264
34021,0.71,260285.0,1887.84,1.638572297,11.7873158
34022,1.61,359293.0,693.4,1.301159631,16.10507867
34023,1.1,170616.0,1836.14,1.586590864,13.18712992
34024,1.15,148099.0,1948.55,1.13164454,13.79700556
34025,1.85,148359.0,2367.03,1.354013632,15.77195599
34026,2.02,359792.0,2258.41,4.704247714,14.94259063
34027,0.48,357289.0,1313.61,1.245991775,16.25205327
34028,1.57,381496.0,1817.94,1.773572847,15.49627447
34029,1.85,364023.0,1943.34,0.885069636,13.81126001
34030,1.51,378027.0,2561.41,2.388672548,16.02623059
34031,1.53,135555.0,1241.06,1.937920418,13.76475306
34032,1.06,163728.0,1532.88,3.845346713,14.34983273
34033,1.51,155165.0,1160.5,1.440714031,17.24376839
34034,1.73,260730.0,1833.63,2.094126319,15.73195367
34035,1.62,269269.0,836.49,0.995399442,15.42819285
34036,1.4,156649.0,1058.9,3.567307115,14.267813
34037,1.49,252426.0,1818.21,2.353665072,15.1782371
34038,0.86,266696.0,990.58,1.51891734,16.1654771
34039,0.0,256213.0,1827.23,1.370014708,15.27177256
34040,0.96,273297.0,1113.96,3.033735995,15.6514303
34041,2.08,359458.0,1190.16,1.224753987,16.59907533
34042,0.51,379310.0,1829.05,1.922728816,14.3370699
34043,1.19,386358.0,1442.46,2.452338934,15.28789348
34044,0.98,251538.0,1401.74,3.352466979,13.48524981
34045,2.86,359429.0,1320.04,2.809076162,15.72068796
34046,1.42,131837.0,1837.97,1.680150251,14.64380091
34047,1.6,237635.0,2067.42,1.133765239,13.16980479
34048,1.58,360624.0,1516.4,1.578856783,15.41248876
34049,0.68,168906.0,1859.72,1.569870172,14.06371706
34050,2.02,365468.0,1722.54,0.486441668,12.60853656
34051,1.73,361912.0,801.58,2.200904136,14.55182074
34052,1.88,149068.0,1384.43,1.945290768,14.21721594
34053,0.88,178707.0,2404.64,2.58634365,15.19485376
34054,1.01,361519.0,1950.7,1.690627914,15.90978075
34055,1.21,250307.0,1811.34,4.554979048,15.49095779
34056,1.42,356571.0,1883.55,3.305679582,16.20748051
34057,0.41,133035.0,2105.28,3.01025221,15.2191028
34058,2.05,136630.0,676.44,2.964885671,15.78390746
34059,1.39,149181.0,2109.32,2.876596805,17.01067474
34060,1.9,376739.0,1959.87,2.360091524,15.806055
34061,0.96,245832.0,1869.11,1.400439457,13.70823714
34062,1.57,379739.0,1920.81,2.426136804,16.28021056
34063,1.33,145472.0,1311.65,1.094467477,15.91599526
34064,1.9,239596.0,857.18,1.534192511,15.30646032
34065,1.71,255528.0,1098.03,2.091269961,13.81431154
34066,1.2,260717.0,1779.75,1.258940449,15.4893519
34067,1.64,269774.0,2010.55,2.235657746,16.80508623
34068,1.39,333948.0,1392.81,1.57807938,11.86785937
34069,1.26,381456.0,1857.16,1.448082981,15.98958014
34070,2.31,283379.0,1902.54,1.825417563,15.5920196
34071,1.88,165451.0,1818.49,2.625227938,17.71832079
34072,0.33,172447.0,1979.59,2.522131322,16.26308933
34073,2.73,354078.0,2065.94,0.956391273,14.98440312
34074,1.72,364838.0,1388.07,1.419881568,15.2935451
34075,3.0,124025.0,2586.63,1.862484894,11.40122158
34076,2.71,271749.0,1860.63,2.74433376,17.6761505
34077,0.83,148176.0,586.86,1.734141209,15.14356145
34078,0.06,267282.0,1846.12,1.030119897,15.69042956
34079,2.42,382993.0,938.46,1.480385056,15.4962754
34080,0.73,375387.0,1837.07,2.870173838,15.96936247
34081,1.31,114947.0,1530.84,3.692399838,15.79261696
34082,1.36,267919.0,777.78,1.830114689,14.98999065
34083,1.03,378858.0,1864.48,1.138266035,15.57108629
34084,1.66,396243.0,1642.82,2.848189508,11.50843966
34085,1.28,352182.0,872.11,2.527440847,15.69489206
34086,1.05,366262.0,1814.34,3.329123315,15.64386025
34087,1.44,181314.0,1889.9,3.223446754,15.99065261
34088,0.73,150214.0,1806.51,1.679656505,17.73027397
34089,1.48,144952.0,2166.03,0.654491873,15.30768266
34090,2.33,267213.0,914.1,1.865063236,15.63285067
34091,1.67,252272.0,1780.87,1.609809489,15.32491216
34092,1.9,368907.0,2435.45,1.885002704,15.5925809
34093,1.43,172322.0,1844.79,1.697498218,15.43941613
34094,1.86,133240.0,1626.82,1.789326706,14.18016283
34095,0.0,364664.0,1685.42,3.317283731,13.52081642
34096,2.68,135365.0,1777.99,1.621521743,14.5714059
34097,0.72,256642.0,870.93,1.897608324,12.16459125
34098,1.04,373818.0,1736.97,1.355345778,15.12779823
34099,0.7,140081.0,1947.02,4.856494559,16.72164205
34100,1.04,142782.0,2205.15,3.583589237,17.37592192
34101,1.25,380111.0,2209.3,1.839767123,15.21551266
34102,1.3,357110.0,1400.42,1.96285894,13.8785947
34103,0.76,380854.0,880.62,1.923853348,15.28916662
34104,1.67,371469.0,1497.63,4.665655157,14.09019342
34105,1.12,389850.0,633.77,4.615105813,16.14042564
34106,1.77,343320.0,1674.52,3.55353912,16.54540269
34107,1.6,126361.0,2478.92,1.456361708,13.38919066
34108,1.42,378817.0,1787.15,2.297142732,15.75116569
34109,0.7,382912.0,2108.75,1.364039633,13.02242797
34110,0.85,376601.0,2375.47,-0.221981885,14.73179953
34111,0.0,242249.0,1718.1,1.792878075,13.7881432
34112,1.2,385584.0,1578.78,2.465930043,15.53435124
34113,0.82,148360.0,1858.81,0.433636397,14.87780502
34114,2.05,123072.0,1864.64,1.873177538,15.27484673
34115,1.38,380157.0,2554.32,1.900195671,15.6328298
34116,0.94,372940.0,2005.24,1.507442067,11.73680482
34117,0.97,389182.0,1834.02,2.620699633,15.79484842
34118,1.16,363345.0,1805.17,1.982458647,13.99554421
34119,1.27,278355.0,1799.5,2.821905418,15.38481187
34120,0.62,254228.0,1781.48,1.195549721,15.53111106
34121,2.57,360612.0,1386.3,1.362103235,15.18930051
34122,1.6,374702.0,1547.52,1.33454554,13.51845609
34123,0.84,271904.0,1872.74,0.850897314,15.32024507
34124,0.93,282788.0,1843.39,3.090327342,14.03680386
34125,1.3,137021.0,1806.34,1.264596458,17.23563311
34126,1.54,121998.0,1715.88,2.492352895,17.26717115
34127,1.71,114947.0,2271.03,1.956255774,14.08251621
34128,0.87,373558.0,1199.02,2.029037415,16.98170996
34129,1.45,281332.0,1278.38,2.866696338,16.83029647
34130,0.41,363492.0,2247.05,1.511606779,14.0917273
34131,2.62,356562.0,732.08,2.301800433,14.30833347
34132,1.91,383179.0,1688.45,1.397538728,16.18965583
34133,1.3,143934.0,2504.03,1.938049427,15.84216524
34134,1.43,383735.0,2200.99,1.508425164,15.37088673
34135,1.89,256628.0,1414.26,3.338626441,15.65314006
34136,1.14,172307.0,684.23,1.434751152,15.53398565
34137,0.67,267823.0,2031.75,4.245092382,15.73904465
34138,1.55,392138.0,1889.76,1.886294677,17.06126867
34139,0.7,367910.0,1955.0,1.410526866,14.96247036
34140,0.96,166104.0,1018.6,1.821964024,14.65575322
34141,2.07,141352.0,1860.07,0.773716004,15.70741386
34142,0.82,134184.0,880.62,1.548216044,16.31738587
34143,2.22,264240.0,1980.39,1.520961713,16.4055026
34144,1.55,382655.0,933.01,2.534259337,17.05679299
34145,0.46,136652.0,1804.4,1.608715166,13.24252186
34146,2.24,358109.0,1672.7,2.303876221,16.5027065
34147,1.28,380337.0,1974.92,1.040385703,13.26371379
34148,2.04,119651.0,1529.88,-0.326393035,12.56841685
34149,0.98,155383.0,1895.26,3.300103381,13.82258343
34150,2.69,279969.0,1462.24,1.544671906,15.32828617
34151,2.15,359647.0,1923.86,2.665485008,14.05433252
34152,1.42,260463.0,976.53,3.051426084,16.00423043
34153,2.5,254578.0,1720.29,2.43436075,15.48972246
34154,0.12,344578.0,1887.87,1.820877167,13.81687423
34155,1.58,378866.0,1836.36,2.33607006,16.47780532
34156,2.61,252879.0,717.11,3.079957528,12.65266136
34157,1.29,149169.0,2410.19,4.134278722,14.37763334
34158,2.09,391658.0,1548.96,1.884383125,15.23444406
34159,2.43,272387.0,2601.71,-0.326393035,13.33492484
34160,2.04,376400.0,814.22,3.350446263,17.73027397
34161,0.93,138131.0,1862.24,2.298666918,15.47996992
34162,1.52,372209.0,2106.41,1.227707903,15.55729638
34163,1.88,284721.0,2062.06,4.363076063,14.68609316
34164,1.32,367473.0,1684.69,4.4257893,17.49911208
34165,1.15,142687.0,1379.62,1.502409362,15.55227473
34166,2.87,152027.0,1780.07,2.064549112,15.76641756
34167,1.15,363147.0,2227.12,2.993620749,13.9443737
34168,1.07,368877.0,1763.01,1.176438988,17.12881894
34169,1.37,127695.0,2413.02,2.938823388,13.93197274
34170,1.85,349389.0,2043.66,3.474878622,15.11185
34171,1.18,388229.0,1507.04,1.641636374,15.91065558
34172,0.46,345425.0,1581.61,3.437442849,15.76082681
34173,1.46,375516.0,1229.53,4.456432613,15.08118503
34174,1.16,360817.0,2286.55,2.145888446,17.029756
34175,2.14,150764.0,1185.9,1.754334901,13.24939887
34176,0.5,247709.0,2283.83,2.17027896,14.30141013
34177,1.1,127029.0,1536.05,0.853354394,15.23715595
34178,2.12,362602.0,1373.04,1.575633349,16.21885744
34179,2.63,378291.0,1889.99,4.17638803,12.69249416
34180,0.9,243646.0,2939.1,4.421413234,14.89983635
34181,2.78,144845.0,1270.68,1.932496121,13.90662464
34182,0.51,258951.0,1727.95,1.313145625,15.14983179
34183,2.81,236995.0,805.05,1.257604565,13.27699681
34184,1.61,228934.0,1481.65,-0.073271557,13.93640246
34185,2.19,170949.0,1830.34,2.968623632,15.71168186
34186,1.87,169020.0,717.24,1.818107452,15.54352261
34187,0.76,369500.0,1299.7,3.674148703,16.12750587
34188,0.92,373184.0,1356.15,1.767469681,15.52429079
34189,0.42,261060.0,1936.58,0.37930244,13.79672612
34190,1.87,269358.0,1793.17,3.610123235,16.84935925
34191,1.74,374722.0,731.07,0.2338854,14.98836037
34192,1.28,273795.0,1588.31,1.629276592,16.20573532
34193,2.28,381971.0,2055.61,1.256397305,15.83372978
34194,2.44,241607.0,1942.52,1.373879743,16.14799933
34195,1.63,267081.0,1900.07,1.523857873,15.50122996
34196,1.37,245323.0,1740.17,3.056379264,17.48460674
34197,1.35,133396.0,1636.66,1.834525759,14.80426954
34198,1.44,140910.0,1883.27,0.792362879,15.90469752
34199,1.03,371337.0,1064.96,1.587251175,16.17175951
34200,2.07,359121.0,1833.81,3.689814568,14.85783553
34201,0.81,376313.0,1761.98,4.382089638,15.92983494
34202,0.51,140788.0,1672.89,4.797246497,16.02127459
34203,1.4,263121.0,2202.38,2.553861025,13.63496168
34204,1.88,160966.0,877.66,2.699647803,15.0521807
34205,2.64,351174.0,1945.45,1.097681689,14.66033213
34206,1.93,365869.0,2710.39,0.911702267,16.86491354
34207,2.0,350973.0,1907.24,2.033149456,12.17347984
34208,1.53,372281.0,1810.91,2.783822493,14.85006547
34209,1.08,373873.0,1601.96,1.684387629,14.87545468
34210,1.12,386136.0,1445.2,0.989906717,12.93179595
34211,0.73,370810.0,886.18,2.994743152,11.93052002
34212,5.76,130298.0,2004.97,-0.227579992,15.98384953
34213,2.33,137997.0,2282.06,2.951213754,15.69391554
34214,1.97,153088.0,1791.82,4.855366761,13.56988881
34215,1.27,401119.0,906.72,1.801030981,15.47773988
34216,1.27,398963.0,1603.29,1.663436835,15.60286544
34217,0.99,140995.0,1577.82,2.415456924,15.69533262
34218,2.25,362001.0,1584.43,1.834845914,16.13758939
34219,1.12,156319.0,1466.77,1.786446301,16.82317967
34220,1.81,363788.0,969.64,1.533258617,15.80876998
34221,1.14,366267.0,1825.94,1.533305629,15.53422926
34222,2.34,141981.0,586.86,4.93924406,15.51616691
34223,0.8,137265.0,1422.35,1.533981808,14.07663559
34224,0.75,345917.0,1316.39,1.177031609,16.85417949
34225,0.85,126295.0,1762.38,1.337732289,14.31154863
34226,1.24,381303.0,2099.56,2.924079543,17.01115505
34227,2.02,361543.0,1826.7,2.909641314,14.30543525
34228,0.4,150579.0,1972.92,2.221642608,15.47889008
34229,1.51,160416.0,1235.19,0.641772759,13.76488072
34230,0.61,133543.0,1821.39,1.399222946,15.11457129
34231,2.15,251969.0,1443.16,1.873682536,17.37547886
34232,1.0,262563.0,1718.04,4.633604409,15.36250893
34233,1.56,163965.0,1515.54,3.942823734,13.46070056
34234,1.46,375611.0,1674.32,1.888210266,16.07308951
34235,1.16,332644.0,1673.19,1.197080544,15.77998384
34236,1.01,239408.0,1617.46,1.890444776,16.31154234
34237,1.31,149964.0,1952.9,1.083362051,15.63198473
34238,1.54,376689.0,2164.46,3.681500497,15.02215524
34239,1.22,374313.0,2740.15,1.456493946,15.7011485
34240,0.35,147828.0,1919.58,2.357639515,16.13262057
34241,1.91,368020.0,2144.04,0.126092571,16.37115316
34242,1.97,352365.0,2383.5,4.271147886,15.80145131
34243,1.38,363459.0,1701.51,1.235863176,16.30703569
34244,1.8,137956.0,1852.24,1.531730389,16.32116328
34245,0.54,139096.0,1220.27,3.361700647,14.98660599
34246,1.67,139976.0,1875.15,1.651994267,13.05539046
34247,2.05,137475.0,1451.38,1.635384161,16.40637373
34248,1.25,361721.0,1489.76,2.337151053,16.12435095
34249,2.2,252415.0,1067.55,1.380070367,15.94778796
34250,1.47,352775.0,1867.67,1.731495423,13.41309295
34251,2.4,154493.0,2479.26,2.463078055,16.41658379
34252,1.22,363135.0,1491.23,3.515835532,13.94988978
34253,1.41,359817.0,1959.54,1.5072991,16.17876757
34254,0.66,158402.0,1153.96,4.532996556,16.09220369
34255,2.2,371972.0,2635.27,2.946886299,17.73027397
34256,1.76,378632.0,1645.63,1.527290649,14.9751259
34257,1.1,126771.0,712.11,0.415266126,16.74540096
34258,1.76,368359.0,1351.68,3.999323426,16.23110021
34259,1.07,382552.0,1776.43,2.221416415,16.06576861
34260,1.24,378781.0,1899.48,1.056109147,16.40123536
34261,0.14,366613.0,944.63,1.947624354,14.69773072
34262,1.89,361537.0,2476.13,0.129269163,15.77486828
34263,0.15,361303.0,2238.77,1.994133664,16.84708473
34264,0.36,270895.0,2039.19,1.429746381,15.61823792
34265,1.8,164356.0,782.22,2.389987725,16.41575034
34266,1.09,261303.0,2355.97,2.884619488,13.42165894
34267,1.79,157269.0,2177.87,3.690101047,15.96222197
34268,2.12,346651.0,1793.45,1.034824895,15.88241372
34269,1.49,354873.0,606.34,1.433533035,13.51484482
34270,0.47,169639.0,1906.73,1.66546642,14.11492846
34271,2.14,345603.0,1559.34,4.262451447,15.14594506
34272,7.9,154474.0,1908.33,1.154334389,13.08846782
34273,1.87,161796.0,2015.06,2.933482702,15.6723791
34274,1.55,146110.0,931.13,1.56579562,15.60162624
34275,0.97,355236.0,1830.53,1.799113279,13.8799882
34276,0.94,170506.0,2097.08,1.673913661,15.74388604
34277,0.93,169340.0,2407.09,3.526574403,12.10113373
34278,1.96,375857.0,1838.2,1.109213349,16.66148053
34279,1.96,360770.0,2262.69,1.509818962,14.03188202
34280,1.72,165774.0,1895.58,3.926131089,16.55787178
34281,2.02,380869.0,1446.39,1.624546927,15.73862076
34282,2.07,127051.0,1504.57,2.130368653,15.49399133
34283,1.49,387793.0,1000.22,1.60414613,14.80950996
34284,1.22,398508.0,607.52,0.636350347,16.06604763
34285,1.56,252286.0,775.11,1.641450584,15.03152256
34286,1.79,352729.0,1804.29,1.306168227,12.80281212
34287,1.73,145894.0,2379.74,1.753084055,15.21741471
34288,1.02,242334.0,761.64,1.639979135,15.89507998
34289,1.68,168632.0,1607.63,4.496379479,15.40837936
34290,0.66,179551.0,1354.92,1.595326251,14.06016997
34291,0.93,387453.0,1847.85,1.561059923,17.00802848
34292,1.64,366305.0,2371.76,2.421473442,15.44405385
34293,0.85,150046.0,891.57,2.867683324,16.22368951
34294,0.76,260696.0,1382.97,2.274578343,13.97697116
34295,2.18,364359.0,1762.92,1.442288087,16.52406847
34296,1.81,134005.0,2416.04,3.332192546,14.84179569
34297,2.14,141963.0,1838.94,2.240524112,15.42847776
34298,1.4,279148.0,2075.92,2.11897162,15.59836989
34299,0.19,378311.0,2682.98,1.494059619,16.25819748
34300,1.36,244854.0,1836.43,1.044870165,15.06526817
34301,2.17,365202.0,2568.37,1.691439322,14.01805544
34302,0.37,371402.0,1524.28,1.78850188,14.09329544
34303,0.97,377913.0,1846.66,3.616590042,14.88830278
34304,2.53,122452.0,1668.44,1.938372023,13.3200472
34305,1.45,143832.0,1850.62,1.374860811,16.24776494
34306,1.42,391664.0,1157.91,1.412447122,15.95087358
34307,1.59,243896.0,1892.01,1.875682611,15.00877968
34308,2.17,349567.0,2113.86,2.395195957,12.59682131
34309,1.1,255869.0,1860.76,2.849665154,15.31589197
34310,0.73,362274.0,1903.95,2.007799102,16.31271925
34311,0.96,376326.0,1306.95,1.838026551,15.752664
34312,1.18,266155.0,2895.2,1.887202831,15.26300967
34313,0.71,361731.0,1814.81,1.401703772,13.79793597
34314,1.57,153176.0,2323.98,1.818702116,12.60862103
34315,0.45,287803.0,1018.41,2.380728064,16.03687302
34316,0.71,146316.0,1325.47,1.529179824,16.45148576
34317,1.66,114947.0,1806.16,1.068178746,14.92605195
34318,1.31,379290.0,1912.25,1.147750098,15.72312999
34319,1.87,339606.0,1574.72,1.906498463,12.28288523
34320,1.03,368715.0,2480.22,1.426571183,14.58338687
34321,1.63,250814.0,1645.04,0.149040507,15.93736224
34322,1.3,394589.0,2200.17,0.316120714,15.46361456
34323,1.9,393237.0,820.97,2.464192522,15.46303237
34324,0.45,151772.0,2185.18,2.81277726,15.75667836
34325,0.0,345892.0,2321.38,0.956962184,13.55158421
34326,1.2,137971.0,1141.62,1.117933027,12.74525285
34327,1.67,382156.0,887.88,2.08153251,13.26754787
34328,0.27,364653.0,1850.52,2.862535172,13.12792607
34329,1.64,159839.0,1932.83,1.390915878,17.73027397
34330,1.36,376352.0,1947.98,3.652522034,12.96997513
34331,1.38,392323.0,672.3,1.339586897,15.74821054
34332,2.01,364762.0,1949.13,2.680350599,16.84587819
34333,1.39,137666.0,1248.46,1.155230848,16.06777381
34334,1.33,372922.0,2185.9,1.24681825,13.52684499
34335,1.18,147986.0,1795.41,2.209207416,15.72676114
34336,0.55,346134.0,1729.3,2.092322258,15.84341716
34337,1.4,261956.0,1961.2,1.505391624,14.49170741
34338,1.23,393808.0,1236.63,3.55969411,16.02913888
34339,0.85,146202.0,1840.8,1.369358986,16.11016852
34340,2.82,253334.0,2287.24,2.284958302,16.24088807
34341,2.11,132689.0,711.54,1.489722968,17.14741828
34342,1.97,358534.0,2204.97,4.93924406,15.83243796
34343,0.62,145607.0,2117.34,4.08163633,14.63052543
34344,1.74,262222.0,1791.27,2.826602637,12.55800022
34345,2.84,114947.0,983.54,0.12973628,15.41063175
34346,0.74,383686.0,2008.8,1.707201404,16.31306602
34347,1.73,127744.0,832.76,2.794845665,14.73744009
34348,1.19,356957.0,2214.18,1.91018336,15.19024468
34349,0.79,358124.0,838.08,2.222436359,15.83917952
34350,2.63,375582.0,1739.76,2.194885618,13.99683615
34351,0.62,353151.0,1967.06,1.191646977,15.70355662
34352,1.36,361893.0,855.13,1.48839935,15.91862539
34353,1.8,349787.0,2267.28,1.865327652,15.74093502
34354,2.33,351933.0,758.17,1.603354182,13.16287317
34355,1.62,167533.0,782.81,3.089616948,16.52810446
34356,1.9,137911.0,648.14,4.164050937,15.19332449
34357,2.21,380647.0,2275.37,2.802731025,12.18180909
34358,1.54,364173.0,1672.36,1.35523983,15.83348589
34359,1.57,252810.0,1761.22,1.415816742,11.72638865
34360,1.13,140831.0,2937.28,3.702691702,16.87889757
34361,1.28,377864.0,1946.13,2.624325937,13.55238905
34362,0.6,370704.0,2424.87,3.517863294,15.75932693
34363,1.76,255081.0,728.67,0.952253244,16.28706679
34364,1.25,131844.0,2558.27,3.007960618,14.43637243
34365,1.18,366966.0,2142.6,0.931096706,16.05713413
34366,0.22,357305.0,1293.68,1.965192312,12.0080742
34367,1.92,350255.0,1724.82,1.551675613,16.47455792
34368,1.1,381498.0,1942.06,0.59932131,16.28666773
34369,0.58,368453.0,1255.4,2.753729309,15.37977237
34370,1.83,379531.0,1857.3,1.455887984,15.10105322
34371,1.35,142143.0,1793.98,1.29602619,14.35634728
34372,2.58,165348.0,1506.87,1.155301494,16.46095413
34373,2.95,362591.0,2028.42,-0.326393035,14.51033707
34374,2.54,374612.0,1849.97,2.178360433,13.79296371
34375,2.56,366232.0,844.38,1.668347755,15.17194268
34376,0.59,380087.0,1500.37,1.732896191,12.82738263
34377,1.5,342085.0,717.66,4.93924406,15.53818331
34378,1.72,364915.0,867.36,4.25855221,16.42391011
34379,0.76,345686.0,1705.22,1.525012798,14.85773027
34380,0.78,154015.0,1180.65,1.486243186,15.66142726
34381,1.73,371598.0,2494.57,0.930964853,13.14117309
34382,0.33,175122.0,1507.39,2.702177871,15.36675881
34383,0.7,359294.0,951.78,2.242797635,15.7306541
34384,1.66,395641.0,1272.16,2.075779965,15.4426212
34385,2.3,137741.0,586.86,0.988854827,15.64578302
34386,2.89,126723.0,815.03,0.999874314,16.14855149
34387,1.8,276262.0,1936.85,2.804963561,15.67901793
34388,0.85,160239.0,2301.33,1.878320498,17.36193482
34389,1.29,379811.0,2405.91,3.510922926,15.17370556
34390,0.65,362304.0,1631.87,1.97820528,13.96488763
34391,2.99,361108.0,1985.59,2.891980393,15.78956677
34392,1.7,353261.0,1858.02,1.083318992,15.17340437
34393,1.0,156764.0,1713.39,3.373971053,16.10600537
34394,0.35,266313.0,1960.87,0.953809662,13.21231685
34395,1.76,387400.0,1959.17,1.425414497,16.2425704
34396,2.03,127457.0,1811.41,1.775546525,14.12168565
34397,1.2,359703.0,2311.5,4.114365448,15.1258994
34398,0.88,130939.0,1470.85,3.119450148,14.92938971
34399,1.08,376298.0,2425.77,1.480113539,14.69060103
34400,1.65,366899.0,1300.65,1.6982506,14.85523988
34401,0.9,166291.0,1734.5,1.825440501,15.23420622
34402,1.24,139249.0,1901.85,1.033913804,15.88918135
34403,1.43,251649.0,1130.78,4.614873845,14.27437061
34404,1.58,382337.0,2077.03,1.294517905,14.48174123
34405,1.92,244998.0,1044.85,1.031534019,14.75453639
34406,1.06,145374.0,1705.29,1.638026324,15.26922671
34407,1.97,388226.0,1943.31,1.395297613,15.18428484
34408,1.26,374047.0,711.4,1.667060264,16.97475297
34409,1.39,368292.0,1783.71,1.383910824,13.99604824
34410,2.26,163528.0,1946.45,1.105032742,14.52263183
34411,1.75,362581.0,1007.62,1.210697204,15.45493013
34412,2.14,164522.0,2183.52,2.386929071,15.4464057
34413,2.09,373251.0,1912.03,1.774341826,13.57853709
34414,2.81,386858.0,2111.52,0.951694995,16.06578733
34415,1.1,396884.0,2017.9,2.046385859,15.92775184
34416,0.99,350200.0,974.54,1.889957095,17.49673395
34417,0.69,114947.0,1968.53,0.922379973,13.59996876
34418,0.76,244384.0,2953.66,3.434813796,16.96767587
34419,1.11,125380.0,2335.99,1.153221062,17.19042183
34420,1.54,263393.0,938.63,0.239920536,15.43567406
34421,0.23,382963.0,2222.29,1.758509714,14.17672129
34422,2.26,369619.0,1337.02,2.263637949,14.71255031
34423,0.88,357826.0,1273.81,2.887748545,16.30017429
34424,2.1,254553.0,888.61,-0.061984267,16.2019249
34425,0.78,371166.0,717.87,1.377240081,15.32016791
34426,2.95,171242.0,1046.88,1.461029828,15.81448754
34427,1.59,370409.0,1750.28,1.046278378,15.63832373
34428,2.38,379129.0,2441.3,1.465769598,12.29275984
34429,2.36,131380.0,953.91,1.614581238,15.17844965
34430,2.49,386688.0,1843.95,4.435185073,15.67865681
34431,0.58,344085.0,1637.7,2.101735176,16.90634288
34432,1.51,156304.0,2022.15,1.560207844,16.30987724
34433,2.54,151041.0,2500.85,3.701040678,15.52556832
34434,1.59,383137.0,1927.82,2.182863307,15.48671189
34435,0.52,156904.0,1871.3,2.990422894,15.02487602
34436,2.71,383888.0,1717.61,3.310625822,15.59426899
34437,1.25,369750.0,1816.76,2.274741561,15.46616167
34438,1.76,165577.0,1142.21,1.304428672,16.15826354
34439,2.64,368870.0,2282.55,1.901788767,14.36459041
34440,0.66,158111.0,2094.36,1.934920143,15.60617772
34441,3.18,346553.0,2101.29,1.763372136,15.48929801
34442,4.74,153481.0,1857.8,3.994798939,16.79804629
34443,1.22,160756.0,2338.61,0.133737528,15.6252471
34444,1.29,152323.0,1810.88,2.828082304,16.25453161
34445,1.97,367474.0,1638.3,0.13291547,14.93028839
34446,1.39,377141.0,1462.45,2.652100653,15.32563964
34447,0.62,372587.0,1918.93,-0.043489446,13.86669292
34448,1.32,152211.0,754.22,2.462778881,15.93786374
34449,0.54,158322.0,1373.44,4.567648282,14.00441117
34450,1.54,149723.0,1206.74,2.939577995,15.64981068
34451,1.66,138277.0,1275.77,1.621142496,15.97679791
34452,1.44,154564.0,1963.53,2.934371713,12.57319146
34453,1.88,351518.0,1035.38,1.216315523,12.27567369
34454,1.32,398887.0,1489.3,2.385424853,16.80894244
34455,2.01,377031.0,2093.09,1.760327356,14.78333178
34456,1.94,133157.0,1743.02,1.461381513,15.77241584
34457,0.21,366746.0,2370.75,2.511011117,15.80575567
34458,0.8,374771.0,2420.03,2.06905088,16.13722039
34459,1.7,255664.0,2275.74,2.956112148,15.79198581
34460,1.48,146312.0,1871.92,2.798604056,16.50122515
34461,1.3,358162.0,1139.09,1.947786236,15.50528979
34462,1.94,143872.0,2240.32,-0.326393035,14.05016034
34463,0.76,127741.0,1445.84,2.248623047,13.54219228
34464,0.13,372208.0,1637.44,1.590223338,17.21246275
34465,2.06,256889.0,1380.18,1.411386394,15.78770976
34466,1.15,374802.0,2229.61,2.003582411,13.27002607
34467,1.64,244290.0,1252.34,1.27289607,14.73359209
34468,1.55,128815.0,1922.9,1.349967451,13.75691453
34469,0.94,156458.0,1511.93,0.891778244,14.47417169
34470,0.56,386995.0,2260.73,-0.01648069,16.01768791
34471,1.74,244230.0,1883.37,1.712222495,16.3559673
34472,1.05,166820.0,815.98,3.374886004,14.91049079
34473,0.47,143282.0,2286.36,-0.326393035,17.73027397
34474,0.72,152823.0,2518.63,3.298882152,15.05746501
34475,0.95,369658.0,1784.43,2.075627535,15.7801085
34476,2.3,364096.0,1854.66,1.855016794,16.37654134
34477,2.0,378616.0,915.24,4.28025261,15.66516973
34478,2.47,391934.0,1844.86,3.951670551,15.45493592
34479,1.86,162353.0,958.07,1.287412628,15.33983038
34480,1.79,360293.0,1798.74,1.008672589,13.41510877
34481,2.0,388115.0,2337.77,0.549777274,15.94068314
34482,1.16,396539.0,2361.2,3.033092735,15.60144681
34483,1.6,274126.0,700.6,1.7225884,14.75121902
34484,1.77,133883.0,1384.97,2.026931011,15.11587808
34485,5.04,332254.0,1982.0,1.583973879,15.5218341
34486,1.39,155740.0,2576.36,1.491240402,16.10964738
34487,1.4,361736.0,1831.59,0.969504631,12.09125887
34488,1.34,168732.0,1767.67,2.982198729,12.26018552
34489,1.23,350743.0,1059.6,1.505036866,15.70153659
34490,0.7,149202.0,1815.1,3.059578674,16.79763782
34491,0.49,161425.0,1758.7,4.65896304,17.28659391
34492,1.13,355067.0,1863.92,2.672833181,14.42271594
34493,0.79,250933.0,1867.96,1.707126553,16.68942908
34494,1.32,368111.0,2736.56,3.123783891,16.52291895
34495,2.6,143871.0,1824.25,2.488102842,14.83824521
34496,2.37,345373.0,1815.44,2.094049927,15.42915671
34497,1.5,273226.0,2514.42,2.320881916,17.03259269
34498,1.45,142106.0,991.17,1.657586733,16.04879399
34499,1.46,177469.0,1886.36,1.664995452,13.39000919
34500,0.05,270399.0,2127.43,2.030304403,15.99787643
34501,1.32,369283.0,2130.28,4.765069721,14.71304951
34502,0.96,368360.0,1796.06,1.225001122,15.06276535
34503,0.53,165483.0,3047.82,4.232013146,16.73462779
34504,1.56,401119.0,1794.94,2.109226811,15.86841607
34505,4.18,378461.0,2228.66,0.633011821,13.58014982
34506,0.89,390537.0,668.11,2.090345356,15.8261841
34507,1.66,161064.0,1651.18,0.085569448,15.79801604
34508,2.65,127622.0,2392.09,2.83589916,15.97485928
34509,1.67,352299.0,1316.44,3.423183935,15.74106757
34510,1.18,364958.0,1766.64,1.899952859,14.45767939
34511,1.75,368888.0,619.86,1.60917284,14.37311488
34512,0.94,157523.0,2130.8,1.961498701,14.65048002
34513,0.8,273140.0,2343.74,1.491584887,16.92062999
34514,1.73,124313.0,2741.22,1.384103975,15.37891967
34515,0.75,382587.0,2582.6,4.491060206,14.68501177
34516,2.15,390066.0,2464.88,1.920837404,15.25977214
34517,2.07,278268.0,2123.52,1.190586122,15.5494272
34518,1.85,360535.0,2128.79,1.512587088,15.27368232
34519,1.5,249467.0,1975.89,1.574244302,15.2252057
34520,1.23,247028.0,2221.83,1.094201329,14.085828
34521,1.83,342495.0,1876.31,1.162769776,16.68589438
34522,1.71,390792.0,1693.58,3.606477464,15.9229506
34523,2.36,364200.0,1911.29,1.404843936,14.21310564
34524,0.56,371425.0,1744.77,1.501054646,16.72732149
34525,1.67,357316.0,1812.62,0.556446023,15.46892132
34526,0.45,367102.0,1061.55,4.111710196,15.03004669
34527,1.53,246846.0,1725.6,2.351311373,13.60680738
34528,1.09,374374.0,1658.38,2.453113004,13.3445677
34529,1.11,349855.0,1281.88,1.749166887,13.46394875
34530,1.26,158659.0,2324.38,2.468900217,15.33370485
34531,0.77,385061.0,742.99,1.556690075,14.81752665
34532,1.9,128762.0,2052.28,1.683831854,15.41529597
34533,1.6,257325.0,1537.42,2.261273694,14.1682789
34534,2.65,233854.0,1646.01,4.541727997,15.74076813
34535,1.98,381065.0,1776.51,2.007280738,16.65441815
34536,1.38,257152.0,2254.32,1.524173705,13.48661475
34537,1.78,383910.0,2432.66,1.979526354,17.42956614
34538,2.56,381361.0,2362.47,4.262243705,16.64038952
34539,1.58,164222.0,1895.1,1.689394115,15.29788055
34540,1.67,252243.0,1428.59,1.3969747,13.5171261
34541,2.01,368325.0,1892.65,1.636036418,15.15008868
34542,2.06,150755.0,1913.36,2.091797316,14.9696073
34543,0.76,350417.0,1898.07,1.604336885,16.5288086
34544,0.31,381519.0,1802.71,1.428529899,17.02745693
34545,2.15,147313.0,1941.8,1.509935844,15.2495871
34546,1.11,130691.0,1119.61,0.8866265,12.66666963
34547,1.6,179711.0,771.03,3.519020551,14.04814085
34548,1.2,261783.0,1622.71,2.265516323,17.43075024
34549,1.43,152103.0,1746.23,2.381116763,15.0836998
34550,1.05,251370.0,1793.36,3.923841368,15.56107136
34551,1.66,146007.0,1236.08,2.065569591,14.49227778
34552,0.14,368304.0,2000.84,0.241069592,14.63847786
34553,1.26,352425.0,1965.76,1.377946057,13.18161558
34554,1.95,393118.0,817.21,1.905651671,14.63471213
34555,1.47,248073.0,1730.47,1.06873926,15.09392082
34556,1.34,375648.0,777.43,4.578679477,16.47862786
34557,0.0,254069.0,1701.96,1.854425148,13.25093578
34558,1.81,349772.0,2341.17,3.588693338,14.93061804
34559,2.48,327529.0,1795.57,1.546800249,17.37522743
34560,1.34,362455.0,1935.55,2.409569702,14.73306371
34561,2.57,378142.0,1807.14,1.614322304,13.63277101
34562,0.84,354465.0,2234.43,4.323791796,13.17436752
34563,0.58,378332.0,2435.32,1.864164473,17.57461158
34564,0.29,386495.0,1824.7,4.612167809,14.89517563
34565,1.14,363937.0,1523.88,1.745833974,15.38113528
34566,0.28,361076.0,1026.45,2.570516295,14.77511103
34567,1.75,347719.0,1313.04,2.249571682,14.31211726
34568,0.9,241585.0,1887.85,1.479822993,15.24430811
34569,0.91,359405.0,2207.76,-0.191759035,16.21802677
34570,1.99,377025.0,1375.0,3.47348026,15.59689981
34571,2.31,145533.0,1335.6,0.864999167,13.5316165
34572,2.82,134873.0,762.1,1.370077919,14.13169099
34573,0.56,153380.0,1866.03,3.686602826,13.76487024
34574,0.95,266563.0,1901.49,1.75672499,13.41089065
34575,2.22,135387.0,1434.49,1.086061891,13.26910376
34576,1.92,360984.0,1099.58,2.046256751,16.3891147
34577,1.47,382089.0,1912.65,1.544105063,13.96695953
34578,2.66,375053.0,1555.35,4.132248831,15.22233977
34579,1.08,141176.0,1938.51,2.058763731,13.99849771
34580,1.77,251835.0,1723.76,4.683956071,14.64105865
34581,1.13,370269.0,1959.36,3.439006652,15.05478587
34582,1.46,388350.0,1725.46,1.578810738,12.08791102
34583,1.64,350059.0,2228.0,2.067299524,15.33257983
34584,2.03,155626.0,1301.73,1.784239356,15.91658759
34585,1.99,391855.0,2234.05,0.90585935,15.47088063
34586,1.58,371754.0,1814.9,1.035185008,16.23412607
34587,2.41,158722.0,1960.2,1.816129447,16.31854746
34588,2.38,272630.0,1587.65,0.699045271,17.73027397
34589,1.52,283311.0,1700.32,0.50661522,13.77550768
34590,1.42,162421.0,864.73,2.106623828,14.30606465
34591,0.59,378761.0,1356.57,-0.326393035,15.22030523
34592,0.48,372657.0,2489.35,1.548914707,14.20227672
34593,0.92,382129.0,1900.41,1.061440831,15.3791826
34594,0.32,273869.0,2486.54,2.241439382,14.95637303
34595,2.32,135558.0,1647.02,1.45786401,13.52898463
34596,1.98,147719.0,1793.96,2.843437118,14.21568968
34597,0.12,257013.0,702.3,3.956996232,15.89280061
34598,1.33,253478.0,1719.58,2.047035888,13.6604404
34599,0.05,386250.0,1856.37,2.413873177,16.06099984
34600,5.6,114947.0,1705.84,1.481272126,15.3421723
34601,2.36,341647.0,2462.08,-0.154930328,12.70839861
34602,0.77,252956.0,1371.24,2.347082365,13.49911103
34603,1.34,372442.0,1178.86,2.202422396,15.31885528
34604,0.8,337686.0,1281.03,1.056347141,14.25632464
34605,2.46,265656.0,754.09,1.95055171,15.60504254
34606,1.16,235161.0,969.9,2.054112894,14.39084575
34607,2.59,167460.0,1807.14,2.245840366,15.21554003
34608,1.0,371477.0,1289.77,4.10599766,12.11789055
34609,1.68,354425.0,1780.95,1.219458171,14.21094286
34610,2.56,268290.0,1485.99,2.374322737,13.66852743
34611,1.27,376061.0,1406.02,2.924610795,16.16818746
34612,1.74,345887.0,2401.96,4.448512921,15.22450829
34613,1.45,381720.0,1684.71,1.653504903,14.31408229
34614,1.18,147628.0,1178.99,2.2114067,16.60061421
34615,0.7,364725.0,1850.07,1.691523328,13.83601093
34616,1.42,151830.0,2181.78,0.158679942,14.5988646
34617,0.37,136593.0,1847.44,0.441344225,16.22819461
34618,1.19,150484.0,791.73,2.496836837,15.77421137
34619,1.66,355885.0,1253.97,3.03808009,15.42624764
34620,1.95,376692.0,1524.48,2.488340253,11.56931304
34621,1.92,380236.0,2364.9,2.143859208,15.27381243
34622,0.9,252939.0,1035.09,2.329504417,16.23102357
34623,1.83,274473.0,1910.57,2.877437802,15.72347715
34624,0.95,381239.0,1809.0,2.003223045,14.38846689
34625,2.31,263022.0,2192.32,0.116823423,14.8632029
34626,1.1,357926.0,1803.14,2.19848774,14.87294685
34627,0.49,169593.0,1118.5,1.895883417,15.79534789
34628,1.27,378387.0,1848.77,4.519185095,15.59828548
34629,0.79,134367.0,1729.2,4.529284044,15.51631125
34630,1.37,156300.0,1899.96,1.924859928,14.59359312
34631,1.92,129455.0,1696.6,1.332572546,16.06886207
34632,0.22,125984.0,2451.83,2.567539656,12.34447106
34633,2.19,363041.0,747.35,1.717871408,15.290188
34634,2.14,370496.0,733.41,1.0315325,15.49980067
34635,2.0,255901.0,2165.89,2.800730425,15.44791617
34636,1.61,382765.0,776.91,1.42111202,14.98176148
34637,1.27,167258.0,1060.13,1.721021304,16.20575898
34638,1.44,369373.0,1888.75,1.195676334,13.39002921
34639,1.4,133651.0,743.65,1.116595417,13.94786893
34640,1.49,129059.0,1328.82,1.459961569,13.09944217
34641,1.81,140048.0,1443.73,1.542099829,16.40323019
34642,3.73,374394.0,1722.35,1.72006694,15.43435257
34643,0.63,268186.0,876.98,3.493890458,17.24161796
34644,1.96,146527.0,973.25,4.33041205,15.77265798
34645,1.56,371785.0,1057.63,3.510617831,15.00187074
34646,1.37,357332.0,2297.91,2.97635418,13.58242497
34647,1.99,367713.0,1903.16,3.803989344,12.62012841
34648,1.5,385688.0,2061.62,2.157849537,15.72375268
34649,1.68,340547.0,1712.09,1.232204036,16.2603819
34650,1.39,259884.0,2120.51,1.564382689,15.08589751
34651,1.71,146913.0,1917.22,2.16558818,15.74448278
34652,2.37,352673.0,1190.15,1.535151068,16.62265528
34653,1.66,159131.0,1083.92,1.923761556,13.92017518
34654,0.41,359773.0,1441.45,1.225271613,15.48771165
34655,1.73,164034.0,1524.16,1.397599375,13.55801944
34656,1.36,380314.0,1952.24,1.698170657,13.19896276
34657,0.6,380850.0,1771.46,1.85052514,15.66460505
34658,0.42,364374.0,1832.97,0.748447279,15.37603402
34659,1.44,377393.0,1323.71,1.310505322,14.56479642
34660,1.57,140549.0,2011.89,2.738457384,14.17231743
34661,2.04,247541.0,2211.07,1.751508603,15.48614709
34662,0.91,362073.0,2288.2,2.17466574,17.73027397
34663,2.07,375204.0,1761.99,3.190322587,15.85618201
34664,1.31,254902.0,808.36,1.889647665,15.35206595
34665,1.8,157033.0,939.95,1.335402023,15.53630064
34666,2.44,351911.0,1902.98,0.02473134,12.41251991
34667,1.99,129498.0,1413.41,3.040819983,16.07849244
34668,1.63,367083.0,851.15,2.14975286,16.82205841
34669,1.29,389052.0,1092.86,2.585059564,15.32477486
34670,1.01,383014.0,1843.89,1.2845053,15.92423544
34671,2.89,235172.0,1565.1,1.186416862,17.04299275
34672,1.74,377778.0,1965.33,1.286837401,16.94965938
34673,1.88,396302.0,2101.24,1.707113892,14.96383723
34674,1.11,251860.0,1210.23,1.250780738,15.49506174
34675,1.47,151297.0,1386.28,2.258386295,13.04295188
34676,0.31,127634.0,1788.31,1.914935933,13.72864556
34677,2.08,378769.0,2112.63,3.958276007,15.78132667
34678,1.66,122105.0,1833.22,0.592566318,13.84243472
34679,0.17,130486.0,1537.5,3.826051476,16.7741382
34680,0.58,349308.0,1861.54,2.96982372,15.14767761
34681,1.63,160140.0,1501.02,3.531584557,15.33510916
34682,2.35,383866.0,2034.4,1.640602419,13.33588552
34683,1.49,139414.0,2385.21,1.412714598,13.46173361
34684,1.8,371246.0,1862.26,2.732091777,14.81631065
34685,0.08,377467.0,1517.63,1.622767537,15.46732498
34686,2.31,374078.0,2325.36,1.603099256,14.65491517
34687,2.63,356934.0,1767.95,2.262237923,15.6760972
34688,1.78,332863.0,1789.48,3.170511437,15.62597873
34689,1.61,354900.0,1996.07,4.038805594,14.55980179
34690,2.0,139287.0,628.72,2.26832451,17.73027397
34691,1.37,255268.0,1973.04,3.262609191,14.06564392
34692,2.52,149536.0,1656.89,3.63131382,13.90152621
34693,1.36,163852.0,1361.1,2.156608513,16.25902926
34694,0.92,391757.0,2405.42,4.281259476,13.19920078
34695,2.06,384174.0,2645.71,1.959631261,14.76711308
34696,1.03,384264.0,1491.97,3.512184868,15.88596924
34697,1.68,164789.0,2255.75,2.102367895,16.36252245
34698,1.65,362415.0,2364.27,3.127344083,13.18850495
34699,2.16,245054.0,798.35,4.745664608,16.20916833
34700,0.11,384144.0,1237.02,1.390341096,11.49135757
34701,0.79,159946.0,1451.33,3.136723318,13.86545715
34702,1.87,175974.0,1010.9,2.064186527,14.54608048
34703,2.19,261222.0,1800.1,2.199347554,15.29235371
34704,1.1,390990.0,2251.66,2.987162604,14.97569068
34705,1.7,369298.0,777.29,2.608351067,15.34074807
34706,1.76,386164.0,1869.87,2.80558036,15.12167028
34707,0.87,352684.0,706.16,1.619331016,13.45318824
34708,1.62,115077.0,1049.04,3.254477218,13.34393663
34709,0.98,165460.0,1258.91,2.003118761,13.44523855
34710,1.94,146439.0,634.19,1.946422473,15.40828118
34711,1.15,345409.0,2574.45,1.611776692,13.39146334
34712,0.67,373338.0,1854.46,2.591565789,16.22331879
34713,1.08,367383.0,2447.05,0.626060434,13.74779247
34714,1.31,375486.0,1868.86,3.444752423,13.54499516
34715,0.46,380867.0,2453.85,3.071360639,15.71366889
34716,0.69,382248.0,3047.82,2.318442958,15.93694659
34717,0.56,371500.0,2356.83,1.746687851,14.79986239
34718,1.86,364521.0,2440.85,2.056222137,14.47353689
34719,0.46,156138.0,2608.56,1.883477087,13.37753828
34720,1.61,149912.0,2417.46,0.624033361,15.3830528
34721,0.53,158451.0,1226.69,2.082675798,15.21645167
34722,1.48,393208.0,1864.64,1.811720721,15.71277551
34723,1.17,357088.0,1579.38,2.413281487,15.71832843
34724,2.75,137307.0,2485.58,3.375851187,13.07791125
34725,1.45,380080.0,2409.9,1.669270505,17.73027397
34726,2.26,254031.0,1798.08,1.341384949,15.48043577
34727,0.0,240774.0,1710.13,2.153975973,16.65409916
34728,1.91,380610.0,1879.21,2.005474805,16.76515275
34729,1.57,115260.0,2282.29,1.891334694,14.84327884
34730,1.91,355303.0,1768.7,3.244319747,15.35921211
34731,1.75,378198.0,2117.34,2.957153482,16.88154458
34732,2.03,157988.0,608.05,3.402000961,16.28286336
34733,1.97,140859.0,2155.91,3.773339229,16.43232663
34734,0.82,354358.0,2555.96,1.689377593,15.94491722
34735,2.27,367709.0,695.44,2.064159568,15.55373589
34736,2.13,132395.0,2209.05,2.055133359,14.89454228
34737,2.29,138752.0,1625.77,1.034386478,14.43104449
34738,1.13,269516.0,1990.24,1.896457235,14.64216481
34739,2.41,141317.0,2322.87,2.392779315,15.22873827
34740,1.61,157728.0,1776.97,2.938650053,14.77544845
34741,1.91,346280.0,2377.9,4.045235618,14.77357078
34742,0.23,157178.0,2444.31,4.626165813,15.13965444
34743,0.81,371730.0,2270.07,3.0880452,14.69888599
34744,0.76,258789.0,1345.08,2.706308778,13.78772411
34745,1.15,164737.0,2369.78,4.230741974,16.38992842
34746,2.55,367980.0,1351.73,1.55577374,15.39996825
34747,1.5,134299.0,1683.87,0.28873234,16.73253705
34748,1.94,372305.0,2096.89,0.935993878,14.66463309
34749,0.52,123401.0,1318.52,1.119954527,13.82271518
34750,1.59,378065.0,1850.18,1.810409227,16.40205139
34751,1.83,386022.0,747.53,1.37802732,11.94426057
34752,1.56,385815.0,2849.79,0.981288284,15.51095123
34753,0.75,142032.0,1814.7,3.41475042,15.80768052
34754,1.5,362976.0,2470.07,3.364965948,16.5112531
34755,0.91,270357.0,1955.15,3.524853984,13.74083228
34756,0.0,135796.0,1972.13,1.398151872,14.71951073
34757,2.21,371479.0,1241.95,1.597867408,16.2322686
34758,1.58,377962.0,1752.26,0.960085238,15.95725489
34759,2.42,146434.0,2148.41,1.839641901,16.34591622
34760,1.81,394536.0,2461.88,1.842300587,16.78346647
34761,2.54,362608.0,804.38,1.973518306,14.52350918
34762,2.38,366894.0,1978.53,1.370276603,11.2583727
34763,1.13,372632.0,1940.19,2.68354458,17.52612734
34764,2.31,151776.0,1900.36,0.995895909,15.09610403
34765,0.7,158875.0,705.39,2.116509767,16.05513596
34766,2.09,356695.0,1303.68,0.389324459,13.10721655
34767,0.55,258452.0,745.45,3.536079714,15.03801565
34768,1.21,238209.0,1630.17,1.937744546,15.20685488
34769,0.78,172335.0,2202.34,2.953351967,15.70461505
34770,1.27,167224.0,2541.56,1.520498199,14.54557238
34771,2.53,354133.0,1401.25,1.557508444,16.38931536
34772,1.96,343818.0,2021.01,2.410035632,15.97000271
34773,0.49,142951.0,2357.42,1.865288192,15.05658938
34774,1.6,366159.0,828.96,2.693773488,14.14884214
34775,0.79,390099.0,2275.96,0.823843865,15.18995922
34776,2.5,384486.0,1870.13,1.66715524,16.2000492
34777,1.17,270955.0,1405.24,3.349515367,13.69767871
34778,1.57,393118.0,1755.36,1.207461858,16.23759578
34779,0.59,279623.0,1987.46,3.144575235,13.56180574
34780,1.73,383166.0,2388.09,4.001186342,15.65372972
34781,2.31,146066.0,2412.07,0.680909494,16.91936731
34782,0.9,380966.0,2414.25,1.370476471,15.56235484
34783,0.74,381710.0,1953.82,1.986372786,16.26153123
34784,1.85,356093.0,1783.88,1.958131994,13.76921366
34785,1.63,341416.0,2191.65,2.980073219,15.32540035
34786,1.31,349117.0,672.75,1.546119976,13.17370225
34787,2.07,160593.0,1990.08,2.30068576,16.18670887
34788,1.03,400802.0,1661.93,1.868452832,15.38709032
34789,0.79,261226.0,1396.54,0.227863681,15.42804037
34790,0.99,381284.0,2069.04,1.887010094,14.07508686
34791,1.03,270276.0,1801.67,1.992682271,15.46997691
34792,1.76,380841.0,2000.78,1.943726107,15.33397863
34793,1.68,358023.0,817.93,3.688233995,15.32995206
34794,0.71,359946.0,1924.87,1.635316704,15.89002077
34795,1.65,366193.0,1922.74,3.045605382,15.34640738
34796,1.82,367888.0,1425.9,3.925772705,16.2344596
34797,3.03,378166.0,1534.17,3.274881617,13.80142231
34798,1.36,151894.0,1628.31,2.174158908,15.49832968
34799,1.57,150929.0,1577.88,1.738313487,13.54905563
34800,0.89,390038.0,2910.12,1.296272992,13.68933791
34801,0.58,358767.0,2521.37,2.029750995,13.50322382
34802,1.6,150711.0,1889.52,1.58966869,14.13204971
34803,2.43,337982.0,618.2,2.376905027,15.41914585
34804,1.06,370810.0,911.52,1.098597095,15.07183588
34805,1.44,355855.0,1699.01,4.370471127,12.399711
34806,1.26,367228.0,1334.89,0.632108094,13.31307882
34807,0.82,278733.0,2047.02,1.010317018,16.17356637
34808,1.28,135940.0,1639.11,3.054840024,15.80113475
34809,1.27,364162.0,1877.54,3.825957846,15.29667441
34810,1.08,142136.0,1931.25,4.45566562,14.89271771
34811,1.37,141882.0,1943.82,1.527031632,12.82814177
34812,1.94,364456.0,2629.93,1.66273159,15.60184202
34813,0.71,357716.0,2374.32,2.053033697,14.70007199
34814,0.8,259602.0,640.28,1.943203975,15.84831532
34815,2.37,122697.0,1065.48,1.89120083,16.94423197
34816,0.78,388092.0,1084.37,2.103694012,15.9024651
34817,1.24,143752.0,1767.58,4.482844284,13.60596452
34818,2.37,384612.0,2172.64,3.303439035,13.29292388
34819,0.28,256511.0,1878.39,1.352699271,16.43442482
34820,2.84,152034.0,812.76,1.688236815,15.49494802
34821,1.41,377747.0,1596.47,2.104495527,13.9390064
34822,1.27,148278.0,1568.75,1.535295893,15.46464831
34823,0.46,359066.0,1755.06,1.047584172,16.40963463
34824,1.02,157501.0,2070.37,1.951712769,13.64247697
34825,2.66,246471.0,1940.89,2.696407466,15.73819561
34826,0.5,161030.0,1285.67,2.197345771,15.79718281
34827,1.73,158308.0,2431.95,0.642654195,11.97466166
34828,2.34,138417.0,1491.85,3.015906569,15.76998712
34829,1.45,384792.0,1809.31,2.897226885,16.70506361
34830,1.38,136397.0,1959.03,2.861199553,13.28204522
34831,0.0,148662.0,1200.32,1.321187074,17.07610336
34832,0.33,350558.0,1530.31,0.842391577,15.40328399
34833,1.54,351145.0,779.31,2.85964217,15.15598001
34834,1.81,132112.0,2338.25,2.697877775,15.63031422
34835,2.48,357754.0,1434.07,1.88454049,11.88589033
34836,2.62,136841.0,1918.99,3.096950846,15.81180539
34837,1.67,394868.0,1859.38,1.892693948,15.79986067
34838,2.67,138395.0,1586.19,1.226696137,16.27700893
34839,2.02,283486.0,2078.44,2.111554182,14.3217414
34840,0.91,381224.0,2144.79,2.380364372,11.32162533
34841,1.47,387270.0,2217.65,2.25622571,16.6998823
34842,1.41,348643.0,1750.56,1.631252274,12.72081825
34843,0.52,247533.0,1441.69,1.811481124,13.32574468
34844,1.18,367032.0,1943.68,1.740345364,15.4775211
34845,0.38,370773.0,1086.5,2.097156213,15.38816549
34846,1.83,380296.0,1705.82,2.901719688,15.697986
34847,1.99,394827.0,1924.33,0.824512969,16.36401668
34848,1.33,367532.0,1020.48,1.862719469,14.54904316
34849,0.79,242345.0,1495.54,3.492758484,16.16901011
34850,1.25,127309.0,1490.12,0.684785144,13.78017418
34851,1.89,134644.0,1989.02,1.646374728,15.97297995
34852,0.71,152155.0,1674.05,2.612768877,16.07514405
34853,1.13,133107.0,1975.38,1.472535541,15.48525693
34854,1.18,163384.0,873.03,1.838569444,16.82342117
34855,2.2,373662.0,811.65,4.582384455,14.79100931
34856,1.43,380120.0,1762.57,-0.208836045,13.31685852
34857,2.37,386489.0,858.7,1.542273584,17.06223981
34858,1.26,346421.0,1955.69,1.960630885,16.30922308
34859,1.24,380325.0,2527.92,2.161426241,16.15219623
34860,1.35,246431.0,1155.02,0.96321568,13.43767547
34861,2.29,270930.0,1284.36,4.93924406,14.47616453
34862,1.04,153227.0,2529.0,2.415758097,13.99115642
34863,1.31,153897.0,2453.71,3.844234079,13.67638741
34864,1.6,152931.0,2581.61,1.859819893,15.11018955
34865,0.25,399587.0,2516.58,2.222337549,16.83774258
34866,1.2,132516.0,1850.86,1.939693736,16.22504056
34867,1.39,247464.0,2293.56,2.315884417,14.9336339
34868,2.02,249002.0,1841.14,2.859061819,16.34501861
34869,1.86,266026.0,2331.01,2.9763622,13.23247522
34870,1.72,381393.0,1907.41,2.376551805,14.1488161
34871,0.07,391615.0,1944.57,2.211229451,17.50988407
34872,1.54,370238.0,2432.4,2.941248098,13.71587809
34873,1.31,358750.0,2444.52,1.436637937,15.45876343
34874,1.68,374750.0,2478.31,1.874351625,14.88318333
34875,0.8,386944.0,2035.44,1.988705227,16.23045828
34876,1.15,171471.0,1278.18,3.968977092,14.33720518
34877,0.92,364556.0,2015.75,1.292208243,16.8953541
34878,0.33,155739.0,1443.45,3.812662368,14.69453247
34879,1.62,161831.0,1990.32,4.269329006,16.45251059
34880,0.58,260602.0,2023.19,2.077478748,16.50897286
34881,2.15,248970.0,2505.7,2.265087498,14.58489647
34882,0.52,150761.0,1361.0,2.316635454,17.1331393
34883,1.25,367931.0,1384.51,1.862205309,15.39110377
34884,1.25,169265.0,1796.67,3.714473765,16.22988229
34885,2.82,359732.0,746.26,1.826614522,16.14956696
34886,1.52,147907.0,1890.4,1.436788088,15.13467196
34887,1.43,253518.0,1593.36,1.076723119,15.72356628
34888,1.84,355356.0,991.73,2.129637337,13.50603361
34889,1.73,142330.0,879.0,1.428972399,16.22266604
34890,1.84,370093.0,2170.38,3.412779571,16.43694933
34891,2.12,380851.0,873.14,1.718847837,16.05255186
34892,1.11,141573.0,1299.0,0.757576883,16.95045955
34893,1.25,362488.0,2860.29,1.855670401,16.13436919
34894,1.05,136710.0,2201.23,3.355690218,12.55270176
34895,2.33,187330.0,1770.32,1.915411058,15.74949097
34896,1.19,381548.0,2053.88,3.020534623,14.30284286
34897,0.77,362811.0,1502.36,3.0776609,15.72075833
34898,1.93,395362.0,916.76,3.013337305,13.3184246
34899,1.88,253798.0,1848.37,2.944574285,17.59946808
34900,1.58,353783.0,2359.02,0.878443246,16.09585475
34901,1.12,142555.0,2350.78,0.346905084,14.52454875
34902,1.04,252190.0,810.96,1.691392812,15.43276195
34903,1.49,150621.0,1814.01,0.941075071,16.01448217
34904,0.2,154805.0,1062.11,1.888494913,14.07887979
34905,2.2,373511.0,673.24,2.855911284,16.33493058
34906,1.86,391810.0,2210.91,2.982906604,13.81868199
34907,1.62,155211.0,1770.55,3.706245209,14.576706
34908,1.4,268224.0,2582.95,1.930322169,12.56903292
34909,1.06,264854.0,1781.36,2.210555811,15.32604822
34910,1.3,379859.0,1498.89,2.595764367,14.71183882
34911,1.86,163089.0,789.41,1.996393099,14.17137281
34912,1.85,156666.0,849.19,0.749486129,16.68393666
34913,1.88,136841.0,1820.73,3.546956085,15.23847859
34914,1.62,251105.0,2558.32,0.373892571,15.73676225
34915,0.3,159669.0,2844.87,0.839295607,15.62283664
34916,1.98,241704.0,1320.13,0.704842097,15.40794139
34917,0.87,395129.0,1772.68,2.715712374,17.32255149
34918,1.34,172136.0,2650.27,2.188624568,16.51795244
34919,1.08,358283.0,944.45,2.231106652,15.94589062
34920,0.97,368723.0,1913.37,3.233405414,14.94837197
34921,0.83,157691.0,1879.56,2.952901418,13.13573074
34922,1.91,345618.0,1431.19,2.672029244,15.43077394
34923,1.91,153921.0,855.06,1.48212051,16.49616517
34924,1.38,353612.0,1867.62,3.404670103,15.98232879
34925,0.83,152410.0,1895.28,0.363677953,15.96784567
34926,2.08,251935.0,2492.0,2.480050883,15.00890499
34927,2.49,361120.0,1146.75,1.215084814,15.17211066
34928,1.09,371207.0,1215.38,1.72389332,16.18296284
34929,0.53,401119.0,1932.3,2.072767265,15.16973853
34930,1.63,362074.0,1946.17,2.894028044,15.94817489
34931,2.12,376006.0,2326.58,0.810815913,15.21417272
34932,1.2,358010.0,1968.22,2.243219094,15.45045101
34933,3.04,381732.0,749.5,1.697462413,16.09844225
34934,1.08,382803.0,1728.29,1.446501742,14.96483775
34935,1.83,392272.0,2498.91,3.141379913,15.07302787
34936,1.47,358699.0,2181.39,-0.326393035,12.75577376
34937,1.9,264062.0,1023.0,3.092310324,12.9310912
34938,1.2,151928.0,2452.81,2.081141915,17.1057718
34939,1.69,253060.0,1675.32,3.20118271,13.15027495
34940,0.54,401119.0,1730.37,0.703405808,16.42913159
34941,1.42,260011.0,621.06,4.233376313,12.97982369
34942,2.12,162543.0,890.13,2.169732248,16.18782902
34943,1.19,370284.0,2391.61,3.860630528,16.34798792
34944,1.81,254825.0,876.1,0.462146303,14.29416005
34945,2.02,166092.0,1857.76,1.599168241,14.07664713
34946,1.88,364890.0,1655.93,0.667418236,11.91730428
34947,1.83,360194.0,2067.4,1.08518659,15.4640216
34948,2.05,384402.0,1828.69,1.749403709,15.93521875
34949,0.71,366432.0,1686.09,2.31428648,15.38868145
34950,1.64,136259.0,2078.82,0.894083935,14.50774782
34951,1.78,127900.0,1867.05,1.780191099,15.53202134
34952,1.8,361734.0,2186.09,3.0003362,14.56953752
34953,2.11,246619.0,2343.29,1.309929049,15.14330591
34954,0.33,264432.0,2216.88,1.627069874,14.96081209
34955,0.39,384099.0,1834.9,2.291124768,16.2423182
34956,0.95,140775.0,1445.49,3.631507135,15.77337077
34957,1.29,381937.0,953.18,4.337300351,13.29424308
34958,2.0,146094.0,2842.31,4.116845031,15.88574862
34959,1.23,376931.0,1337.97,3.439067194,15.46631295
34960,0.92,269822.0,1763.57,2.790927387,14.42965949
34961,1.16,359258.0,1816.92,4.413126365,13.52164005
34962,0.89,241044.0,2042.57,2.333249723,13.09158106
34963,1.51,361482.0,2471.73,3.750037144,13.78329855
34964,1.33,378124.0,2688.44,2.854460417,16.38107682
34965,3.19,356009.0,1347.53,4.521563779,14.46677772
34966,0.29,376589.0,2007.73,2.907204659,16.80838943
34967,0.83,274243.0,2237.85,3.094798054,13.46517936
34968,0.64,152522.0,1805.9,1.617256152,16.29167676
34969,1.72,126535.0,1843.81,2.707463612,15.32545994
34970,2.36,148855.0,1154.18,1.02189552,15.72150071
34971,1.93,350585.0,1846.8,1.924965739,13.96158799
34972,1.5,370935.0,1502.79,2.300808374,13.52569731
34973,0.23,380562.0,1673.47,1.570459191,12.91518031
34974,1.75,349963.0,2419.21,3.192858588,14.28131267
34975,2.38,271638.0,1919.75,1.884143911,14.24738513
34976,1.05,362992.0,1878.03,3.341866698,16.0112569
34977,1.53,347993.0,1888.08,2.476931633,16.05525969
34978,1.63,356557.0,2424.96,3.023038093,13.29637672
34979,1.61,364109.0,2244.29,3.786225789,12.75010748
34980,2.26,360414.0,1734.83,1.156032918,15.8669969
34981,1.06,385920.0,1882.93,3.442684056,16.03862018
34982,1.99,163124.0,2550.9,4.583720237,15.60739552
34983,0.97,258042.0,694.92,1.187082129,15.28405198
34984,1.57,369747.0,867.31,3.771264868,16.64193741
34985,1.78,132447.0,1174.0,4.93924406,12.70999083
34986,2.79,115045.0,1395.65,0.746113879,15.65086445
34987,1.38,373050.0,1942.42,3.803076881,16.18666689
34988,1.32,374191.0,1539.16,2.992989561,15.01709079
34989,0.84,382575.0,2497.38,4.309279941,13.84168296
34990,1.88,343134.0,1138.91,1.401130315,13.81687536
34991,0.0,152381.0,2031.75,1.21891345,16.74645321
34992,1.69,156642.0,2280.63,2.844780377,15.59185053
34993,2.01,259231.0,2721.47,1.348644013,15.17009415
34994,2.0,365216.0,2217.76,2.781054388,15.66869257
34995,2.31,368136.0,1899.3,1.524721438,14.76696859
34996,0.66,358734.0,1386.21,4.93924406,16.23408262
34997,1.07,354661.0,1719.97,3.447763483,13.45621575
34998,0.76,257677.0,2035.14,3.048011483,16.27240935
34999,1.21,380459.0,1962.67,1.730744456,13.79538035
35000,0.88,255282.0,1895.94,2.426503025,17.27608005
35001,2.18,261903.0,1583.56,1.099781623,15.24610328
35002,0.99,175720.0,2035.5,2.780509539,15.68785123
35003,1.15,367568.0,2214.04,1.420150522,15.50107887
35004,1.38,128827.0,757.89,2.040714873,16.58633769
35005,1.97,269799.0,1952.14,3.844154434,14.73081575
35006,2.1,357665.0,840.79,1.359426734,15.77690461
35007,1.97,260788.0,1115.95,2.647765273,17.73027397
35008,2.58,277358.0,1819.38,2.419970826,13.8848707
35009,1.37,383780.0,1034.56,1.748315545,14.9232845
35010,1.39,263380.0,1841.17,1.204475132,15.65992312
35011,1.36,372344.0,1876.21,1.721250719,12.75031245
35012,1.3,150997.0,2021.97,1.421272227,17.41723154
35013,1.3,381028.0,2432.32,4.199479531,17.58210941
35014,1.11,365873.0,1493.1,0.986946935,15.8109209
35015,1.91,139015.0,1971.14,0.47845995,13.91099426
35016,0.54,390384.0,1955.33,1.849972286,13.44222233
35017,1.83,369039.0,1602.09,1.842362191,13.26026953
35018,0.46,378450.0,750.71,2.225708988,16.65394122
35019,0.82,371336.0,1863.67,1.426578133,15.04793008
35020,1.13,351984.0,2223.55,4.208732637,13.14520646
35021,2.62,341869.0,1869.86,1.831173933,13.34480716
35022,2.54,153744.0,1896.34,1.354293756,14.26159582
35023,1.23,285456.0,1018.47,2.941005521,14.08837472
35024,1.34,384940.0,2041.17,2.896228197,12.76044005
35025,1.38,384198.0,2611.81,2.025781807,16.72782856
35026,0.0,400939.0,1929.04,3.057439616,16.77985518
35027,1.17,151684.0,807.44,1.355726211,16.45615782
35028,0.83,251177.0,1505.98,1.868479967,14.57195297
35029,1.85,260525.0,2459.4,1.580561968,13.30554364
35030,0.93,271373.0,2112.96,1.974659886,16.14312555
35031,1.83,373444.0,2229.88,4.372501309,15.01746616
35032,2.4,360188.0,2748.38,3.212866525,16.43010347
35033,0.37,151740.0,2479.71,3.619194211,16.13418216
35034,1.16,165760.0,1487.09,2.118150215,16.84644418
35035,0.81,372370.0,2615.34,1.8930718,16.21898084
35036,1.17,354459.0,901.49,2.146306316,15.91014693
35037,1.85,182169.0,1970.9,2.015274926,15.27827744
35038,1.69,149180.0,1789.61,1.212767305,15.00516076
35039,0.97,134012.0,2021.9,1.312985339,13.24237796
35040,2.53,390162.0,1697.74,1.582368346,15.46523434
35041,1.84,394115.0,2442.64,1.348931378,15.14951439
35042,2.17,351105.0,2382.88,1.099603908,16.75267665
35043,1.89,341910.0,2458.39,2.849497668,16.64294888
35044,1.5,355165.0,1236.89,2.285655295,13.67675454
35045,0.45,354438.0,1709.79,3.932104283,14.918505
35046,2.02,363138.0,1747.51,2.117612993,15.5694669
35047,0.74,379950.0,2915.15,1.558335076,15.21781988
35048,0.25,251172.0,1609.54,1.511123185,14.96774449
35049,0.76,257712.0,1810.0,1.93760234,13.71570668
35050,1.5,281342.0,1064.4,1.877168451,15.07420288
35051,0.79,380337.0,1510.93,3.520063845,14.76531192
35052,1.49,266366.0,1791.13,2.094122733,15.69044935
35053,1.79,242939.0,1665.75,2.530170915,14.23053787
35054,3.89,277677.0,1819.75,3.761021267,15.32740363
35055,1.41,374775.0,2487.68,1.54347638,14.9077326
35056,1.49,376194.0,1500.81,4.159639467,16.14695093
35057,1.87,119936.0,1008.87,1.623445742,16.84870397
35058,1.3,136738.0,868.8,1.825770629,14.10884944
35059,1.3,357040.0,1294.12,3.225435813,14.99019258
35060,2.36,147431.0,820.37,1.244665332,15.43523435
35061,0.98,138862.0,1888.91,1.111037338,14.03209206
35062,2.27,357451.0,758.34,2.284980337,16.39963965
35063,1.79,147910.0,586.86,2.072366662,14.88791649
35064,1.08,140576.0,2366.44,2.15844295,14.66503461
35065,1.99,144881.0,1851.4,3.032679504,15.9240843
35066,1.31,142444.0,643.16,1.21060938,14.79911681
35067,0.71,277256.0,1930.44,1.894785233,16.57699654
35068,2.13,379770.0,1448.9,1.750385615,15.95046397
35069,1.9,248110.0,1279.76,2.562673196,16.25922782
35070,1.41,337902.0,2284.28,3.703975335,15.63970138
35071,1.42,269466.0,2373.22,1.632177209,17.71488206
35072,2.23,363551.0,2495.33,2.261700304,14.27544905
35073,1.24,249112.0,1696.29,3.774027769,16.13740662
35074,0.39,258144.0,2181.88,2.296135519,15.44159443
35075,1.64,369853.0,1899.48,1.179392664,14.86479816
35076,0.88,379140.0,1600.73,2.526867057,16.125795
35077,2.0,385634.0,1812.26,3.509532976,16.33861534
35078,2.05,384257.0,1335.73,1.533127813,16.27999021
35079,2.43,257481.0,1766.64,1.964503081,11.95897051
35080,0.75,346112.0,1893.1,3.551180685,13.5278522
35081,2.01,140334.0,966.93,0.829687132,14.8455457
35082,3.02,379817.0,2418.56,1.20469848,15.18670168
35083,1.61,360794.0,2079.21,1.382963314,15.98161404
35084,1.36,128995.0,1386.37,1.332054765,14.65361265
35085,1.79,159537.0,1832.62,1.680725152,15.42503027
35086,1.63,383837.0,1905.02,1.179523556,16.22247088
35087,1.2,341837.0,951.38,2.806691681,15.20949926
35088,1.78,367729.0,1483.94,1.13564794,15.15067316
35089,0.6,149845.0,1598.95,0.124146772,13.99994647
35090,1.77,356354.0,738.91,1.360417498,15.16311285
35091,1.82,355883.0,682.46,1.915327322,16.05964888
35092,1.7,365015.0,1883.08,2.924612174,14.12426979
35093,0.85,369245.0,1916.28,2.27650597,16.62235795
35094,1.21,393334.0,2716.83,2.222818611,14.28276828
35095,2.49,131881.0,1788.21,0.023285689,12.06001859
35096,0.68,356606.0,2320.21,1.382524755,16.97840303
35097,2.15,355581.0,1859.58,1.720001468,16.63692796
35098,1.9,345964.0,1052.16,0.346439357,15.35840424
35099,1.5,138792.0,1922.28,4.365483161,16.86713412
35100,0.53,244712.0,973.56,1.400558964,14.67796125
35101,0.29,383861.0,2191.99,1.031830371,16.29540616
35102,2.09,352416.0,2042.22,1.156346433,15.71287525
35103,0.71,395978.0,722.29,4.334525445,15.26985934
35104,1.45,267306.0,1847.53,1.581824375,15.88162775
35105,2.61,170182.0,850.95,2.311308652,15.88727416
35106,1.88,347336.0,1876.9,2.935847431,15.2708287
35107,0.63,149386.0,1626.76,2.952213041,15.85357587
35108,0.92,379623.0,2290.88,1.760307453,14.40574708
35109,0.85,379500.0,1881.28,3.457884283,15.85273826
35110,1.12,128186.0,2189.7,1.02451985,15.21736745
35111,1.97,390585.0,2248.76,2.011990659,15.03486694
35112,0.44,362538.0,1455.21,4.37660214,13.395781
35113,1.76,371937.0,2661.76,1.000097098,15.15411758
35114,1.11,161359.0,919.14,3.97156052,15.89881131
35115,1.13,166485.0,2207.47,1.903697961,14.29937668
35116,1.63,351964.0,1927.22,3.132314841,14.27253422
35117,1.88,228775.0,1416.33,2.76065666,15.88056361
35118,1.0,366029.0,2400.78,1.307832406,14.47119121
35119,2.74,383332.0,2010.63,1.764939282,12.3590487
35120,1.78,161490.0,2131.67,4.190073959,15.77650197
35121,1.43,355910.0,2433.14,1.978111309,14.40357555
35122,1.51,130008.0,1767.1,1.686690395,11.2583727
35123,0.95,370102.0,819.53,1.427453529,15.25774477
35124,4.09,133440.0,1790.05,3.197672932,14.97730409
35125,2.68,128334.0,1931.62,1.099348787,16.06271695
35126,1.81,372171.0,1874.99,2.72553006,16.6201768
35127,2.15,119459.0,1859.67,1.408840394,14.8395016
35128,1.08,345587.0,2173.06,2.273113008,12.85043212
35129,1.46,138639.0,1154.27,1.759203858,14.56696252
35130,0.38,367964.0,2148.98,2.118886456,17.45423158
35131,1.38,355011.0,617.29,1.812514602,17.03865907
35132,2.36,387421.0,2435.0,0.778049471,14.22041359
35133,0.4,149292.0,1162.24,1.715805561,13.87064839
35134,1.72,146071.0,1892.08,2.017596813,15.70763325
35135,1.25,379705.0,2025.66,2.459984469,14.89704712
35136,0.43,357060.0,1187.23,1.143320569,11.71589942
35137,1.18,375797.0,1853.86,1.493097745,15.82883465
35138,2.23,133937.0,1960.72,1.352765045,14.35149973
35139,2.12,355422.0,2284.97,1.726333519,15.65504703
35140,1.6,377415.0,2010.24,2.43932971,15.61195272
35141,0.77,366182.0,1318.13,3.84847044,15.80641856
35142,1.44,248695.0,1690.12,1.003914338,15.15054532
35143,0.82,134342.0,1643.83,1.456553977,15.29414782
35144,0.34,379109.0,2306.98,2.687775862,11.79705536
35145,1.52,136883.0,1950.29,2.115825597,16.26880694
35146,1.55,258702.0,1802.08,1.953347088,15.77376006
35147,1.17,253289.0,2517.6,1.552631724,15.54452634
35148,1.91,131802.0,1810.86,1.589438766,15.56623672
35149,0.39,259859.0,1428.65,1.368836155,13.45881889
35150,1.26,384324.0,2105.69,3.016494824,14.32230518
35151,1.87,157294.0,1938.19,1.661151696,16.3359526
35152,1.92,367176.0,2225.99,1.319895664,12.43582938
35153,1.71,394706.0,1306.5,3.85915577,17.03068878
35154,0.59,332458.0,1247.6,1.477817742,16.65015755
35155,0.89,132423.0,1011.73,1.758871542,15.14299942
35156,1.41,142975.0,2204.24,4.147125319,11.42090069
35157,2.96,358400.0,586.86,2.727785588,13.23007188
35158,2.39,153773.0,1707.38,4.384533168,13.60992653
35159,0.61,381369.0,1815.6,0.572597228,16.4807474
35160,0.89,354315.0,1319.76,3.30883127,16.62576033
35161,2.1,356125.0,1764.14,1.159420343,13.85212458
35162,1.06,145975.0,586.86,1.808299258,15.72216753
35163,1.73,157896.0,1916.59,1.595395055,15.2379407
35164,2.07,372096.0,1815.1,1.165002111,16.86518288
35165,0.46,358237.0,2264.56,2.314389116,16.02526496
35166,1.26,391107.0,606.69,1.573961524,15.44221114
35167,4.7,332723.0,1874.47,-0.126546769,14.7624477
35168,0.39,374985.0,1694.0,3.819122729,15.92144157
35169,0.92,254089.0,1952.89,1.180408185,14.86238116
35170,2.17,381737.0,1708.6,1.841385345,15.06402331
35171,2.31,384324.0,905.21,2.180175949,15.42960707
35172,0.94,352318.0,1780.99,1.204450085,14.58400349
35173,0.96,242650.0,1782.85,1.933528634,13.80545439
35174,1.81,388846.0,1617.98,4.508174659,14.22272616
35175,0.68,141740.0,1216.26,1.640987049,15.66854324
35176,1.04,152538.0,1457.24,1.364785489,13.42871928
35177,1.05,378541.0,1945.08,2.568902282,15.18004148
35178,1.44,126861.0,1923.67,2.899511073,15.83246661
35179,2.28,367749.0,2269.23,2.212632517,15.45287431
35180,1.21,371607.0,2152.87,2.043675885,13.97696161
35181,2.08,144885.0,1841.67,2.671931919,13.91101139
35182,1.01,381392.0,1665.43,0.712940176,15.26736387
35183,1.47,384953.0,1872.02,3.186350635,17.09932916
35184,1.57,140363.0,1729.57,2.032952696,12.23224519
35185,1.6,370991.0,1904.47,1.039059561,14.14900949
35186,1.39,148836.0,1250.5,0.794121242,15.3982871
35187,1.12,363450.0,1561.15,1.07618506,13.22248549
35188,0.21,387499.0,1534.83,1.655977287,15.04670225
35189,1.2,264161.0,2467.18,3.802533094,15.90219726
35190,1.62,145731.0,1258.79,4.324677379,16.13257586
35191,1.81,356992.0,1036.04,0.126081747,15.22658814
35192,1.32,390963.0,1553.09,0.48176189,16.00405978
35193,1.54,245906.0,1835.61,1.844837909,13.12132747
35194,2.01,162065.0,1432.83,2.011362836,13.90089968
35195,0.31,130376.0,1427.29,3.394980068,15.49783593
35196,2.3,373038.0,1842.84,4.57203798,13.70351838
35197,0.53,164212.0,2279.78,1.340471795,14.84897469
35198,1.26,384416.0,933.82,2.257229367,16.01154194
35199,2.03,359407.0,1734.27,1.471883525,15.36553698
35200,2.33,267676.0,1665.34,1.343019483,17.35887388
35201,1.41,154191.0,1868.22,2.224185616,11.2583727
35202,1.82,129097.0,2257.31,2.375919614,15.74079573
35203,1.01,371894.0,774.59,1.964406068,13.49255013
35204,1.35,361148.0,1838.98,2.143231649,15.80474473
35205,1.54,237412.0,1993.65,1.597872954,14.84371166
35206,1.48,356900.0,1081.37,2.31805013,16.42837469
35207,2.48,125798.0,2128.17,1.287326658,15.81436724
35208,1.2,277122.0,2776.92,1.697502647,15.74935146
35209,1.59,379815.0,1918.07,0.559892848,13.89572586
35210,1.0,387048.0,2321.41,1.213050233,17.73027397
35211,1.57,369483.0,1812.22,1.961345064,15.6809192
35212,0.75,256768.0,2599.65,0.135558214,15.78704847
35213,2.06,359960.0,1383.96,1.867300363,16.00217317
35214,2.71,384420.0,1938.94,1.927325768,16.43881004
35215,1.65,361817.0,1874.83,3.67068841,15.43951955
35216,1.19,259626.0,2446.66,1.892355933,14.03780747
35217,0.59,240556.0,792.78,1.615024554,12.62707618
35218,1.2,357611.0,1861.98,1.210009757,14.81359952
35219,2.99,371064.0,1848.54,0.45217759,15.04878584
35220,1.62,347396.0,1760.9,0.664966407,14.83767991
35221,1.16,143070.0,2784.22,1.884827168,15.55696424
35222,1.88,377150.0,995.97,2.173633892,17.33663282
35223,1.61,122834.0,734.28,3.98023183,13.47958937
35224,1.7,117683.0,881.07,2.874083565,15.71957571
35225,1.18,125204.0,1639.15,0.519598094,14.81925265
35226,0.93,256806.0,2077.73,1.560506251,15.87731561
35227,2.08,358909.0,1301.03,1.713452287,12.54879486
35228,1.45,142773.0,1040.29,0.779830881,16.68809177
35229,2.23,367994.0,1871.4,4.023056311,13.68232311
35230,0.95,166974.0,1278.84,4.391752152,16.45691089
35231,1.85,376988.0,2452.85,1.648922261,15.80824241
35232,1.1,348894.0,2601.01,1.390968978,12.31982576
35233,1.12,266912.0,2124.21,2.58267994,17.00173214
35234,1.36,370354.0,1903.08,2.143468847,15.27928611
35235,1.69,292715.0,1334.23,0.638589593,14.82379759
35236,0.95,260610.0,1834.71,1.650103301,15.6053768
35237,2.0,376645.0,2391.93,1.513804638,15.45605291
35238,1.42,245255.0,914.68,1.97583458,15.91700423
35239,1.57,152738.0,1418.72,1.34741635,15.65053229
35240,0.46,162574.0,1893.42,2.305134341,15.4885087
35241,2.22,365622.0,951.07,1.143725047,13.28478064
35242,1.42,379440.0,1039.2,3.410484494,15.36544149
35243,1.6,135658.0,1999.76,1.44487443,14.38887274
35244,2.23,349776.0,1942.38,1.285799719,17.11001055
35245,0.53,379977.0,1786.8,2.742052221,13.42824118
35246,0.9,182631.0,985.65,2.906985323,17.29119453
35247,0.51,151902.0,1894.57,2.895955062,13.40652457
35248,1.53,391644.0,1766.51,2.160682027,15.50689083
35249,1.36,259977.0,1476.09,2.308113454,15.87165472
35250,0.28,383483.0,1901.79,1.692774612,15.8467854
35251,0.72,144439.0,1818.43,2.499174901,16.23747019
35252,2.23,366843.0,1888.31,2.259025642,12.57137982
35253,1.71,377292.0,713.02,2.133950603,14.9959291
35254,1.11,242098.0,1775.06,1.51337023,14.83429996
35255,2.29,344594.0,2227.03,2.768011729,16.80867205
35256,1.06,393071.0,949.21,2.337054841,16.75820882
35257,1.11,247829.0,1789.93,0.877769157,16.28204845
35258,1.51,265369.0,1866.67,4.616446394,16.48379571
35259,2.39,125566.0,882.76,1.092512503,14.40519499
35260,1.51,254428.0,1861.2,2.837440172,13.20567663
35261,1.98,383075.0,2383.7,0.989277993,15.89211042
35262,1.04,367569.0,2523.15,1.365989296,16.34754162
35263,2.34,143975.0,1969.59,3.020555719,12.11512952
35264,1.08,130918.0,1897.85,2.742072803,15.43893175
35265,0.62,268097.0,1792.32,4.142590673,15.57248565
35266,1.79,350256.0,1763.55,1.86241246,13.92625381
35267,1.87,281150.0,787.94,1.40770579,15.79819146
35268,1.38,361276.0,1816.37,3.390573742,16.38616836
35269,1.16,378402.0,2083.95,1.81940664,17.73027397
35270,0.58,237306.0,1581.05,1.906153453,16.47231495
35271,5.16,152795.0,1811.08,1.928954293,13.5614442
35272,1.65,120122.0,1832.76,1.311561893,16.02153574
35273,1.08,133417.0,1474.03,3.596366249,16.18065352
35274,1.73,147212.0,1824.06,3.616483937,12.42648568
35275,0.0,379028.0,1965.18,2.839050443,16.00782789
35276,1.02,160269.0,1399.27,0.149166303,15.98035778
35277,1.28,371106.0,2022.5,1.515453917,15.77309111
35278,0.55,130637.0,1950.7,4.494077935,16.20199214
35279,0.84,268438.0,2367.81,1.472916789,16.31325241
35280,0.97,361751.0,1833.35,3.369205817,13.22574993
35281,0.33,391149.0,1689.2,-0.091891676,14.5238869
35282,1.49,355759.0,2391.5,3.304851002,14.57326695
35283,1.08,378988.0,2233.08,1.778916222,17.45278669
35284,1.02,146758.0,2627.76,3.094886745,13.12173993
35285,1.2,366643.0,2264.3,3.871771162,14.79665992
35286,2.37,381395.0,1926.41,1.89789581,14.11590647
35287,1.55,140238.0,2070.51,1.977128168,13.85804433
35288,0.38,386019.0,2100.9,1.865946484,14.02910789
35289,1.0,147303.0,808.27,1.367818584,13.66265259
35290,0.58,248186.0,2328.95,1.469471422,15.55309171
35291,1.64,162519.0,1914.52,4.521302523,15.43895953
35292,2.35,374800.0,2146.65,2.210097745,12.3034152
35293,1.48,139083.0,1820.28,1.196033869,15.44115037
35294,1.87,355708.0,1425.92,1.653100742,14.61653959
35295,0.9,248673.0,2371.57,3.575271477,16.44114885
35296,0.45,360049.0,2290.98,2.947835046,17.51117169
35297,0.53,363073.0,2530.1,1.700463794,13.97459011
35298,0.94,152539.0,1539.16,3.605177245,15.15599146
35299,1.29,375132.0,908.0,2.423118883,17.73027397
35300,0.87,269977.0,1925.66,2.055068143,15.54024725
35301,2.18,149006.0,2523.31,1.393554645,14.35209629
35302,1.62,126818.0,1227.57,1.465928369,16.13834507
35303,1.54,344351.0,1347.96,0.606736786,15.36043027
35304,2.52,381121.0,2090.33,2.391335198,17.13936008
35305,2.31,354262.0,1610.92,1.389253643,15.51951951
35306,1.12,383093.0,2576.26,2.216655161,15.00021245
35307,5.35,367409.0,1617.21,1.591534569,15.8968691
35308,1.67,398863.0,1386.75,2.293509599,14.40112357
35309,1.1,240625.0,1580.82,1.701305293,12.2388229
35310,2.3,136149.0,1107.37,3.076704868,15.65155451
35311,2.03,276775.0,697.95,1.586488321,12.55888788
35312,1.39,380509.0,1849.28,1.571246435,15.63253939
35313,0.91,265936.0,841.69,1.63375407,16.0545942
35314,1.63,354913.0,1936.63,1.404840128,15.23105389
35315,0.82,355633.0,1935.53,1.305717485,15.37910035
35316,1.4,262828.0,752.15,3.67812208,12.63391553
35317,0.49,352291.0,2736.32,2.803703255,13.0731857
35318,2.3,126346.0,1889.91,2.324775863,16.55583781
35319,0.69,277653.0,1973.86,1.344146754,15.61116155
35320,0.93,274254.0,1563.09,1.51996227,13.93405671
35321,1.78,251110.0,977.18,1.550703856,16.60634175
35322,2.45,363878.0,2526.65,2.426184691,15.1621066
35323,0.42,385241.0,1760.09,2.599779027,17.541642
35324,1.6,244817.0,1969.37,1.623356321,15.79952063
35325,1.12,138714.0,2457.78,1.228767959,14.7961754
35326,1.34,377245.0,1356.22,3.064093777,14.85728039
35327,1.15,333982.0,1638.41,1.95441814,12.73978694
35328,1.53,362416.0,2238.33,3.648202331,13.10139026
35329,2.29,354695.0,1899.08,1.158666256,14.17306111
35330,1.61,369250.0,1879.26,2.922769285,16.83091372
35331,0.98,129813.0,2200.63,2.97144965,16.61201655
35332,1.53,148280.0,1339.91,2.567643693,16.55992351
35333,0.83,366744.0,1770.91,2.224421826,14.91762067
35334,2.56,114947.0,586.86,1.279452112,15.36901671
35335,1.26,356824.0,1328.08,2.304740571,13.8119691
35336,0.45,382305.0,1872.78,2.131269564,15.78659138
35337,0.45,335814.0,1893.29,1.204095226,17.08665887
35338,1.91,352450.0,1820.26,3.108316721,13.76891316
35339,0.99,250759.0,2124.23,2.032074718,12.58035469
35340,1.1,362792.0,1760.19,2.402085194,15.10448021
35341,1.87,159319.0,1902.61,2.002105032,15.04149964
35342,0.87,147505.0,1727.66,3.065163923,13.74808453
35343,1.73,132305.0,669.12,3.414148081,15.39699326
35344,0.39,374901.0,2133.15,3.044405126,16.13123371
35345,1.57,154382.0,1705.79,3.966289509,14.81671568
35346,0.77,350170.0,1083.26,2.156160487,14.7948777
35347,0.45,389512.0,1927.39,3.201573921,14.18436731
35348,1.58,136690.0,1809.22,1.45638397,13.99117884
35349,1.16,139248.0,853.99,2.558603791,11.95425664
35350,3.07,118751.0,2170.48,1.745532692,12.96103142
35351,1.44,245781.0,1717.13,1.604690606,14.00052487
35352,1.05,380520.0,1077.07,3.745269464,13.84990922
35353,2.72,351009.0,1606.55,0.923362317,15.20788911
35354,1.74,123296.0,1375.49,2.981615046,15.32947351
35355,0.79,391966.0,2062.35,1.266789019,13.09860354
35356,2.38,251452.0,1884.59,2.523590659,15.65947928
35357,1.65,386310.0,1921.31,1.262676433,14.83450026
35358,1.64,360170.0,1960.22,1.838298498,15.35399296
35359,1.29,363201.0,1097.08,1.487668458,16.43976391
35360,0.04,270834.0,2414.08,3.59918538,15.43130252
35361,1.87,255007.0,1189.18,2.783701204,17.02323198
35362,1.43,376524.0,1405.9,4.332350959,12.62126991
35363,0.92,362605.0,1897.42,3.043062419,14.10558545
35364,1.48,264699.0,2416.9,1.807829785,13.5570709
35365,1.68,379010.0,2775.47,1.260185178,15.52064801
35366,0.35,368313.0,694.17,1.735416842,15.18033369
35367,1.49,126269.0,2201.45,4.253606296,12.78877137
35368,0.0,250425.0,1824.67,1.813650035,13.92434775
35369,1.33,162251.0,1902.73,2.392638471,16.4727278
35370,2.12,157421.0,2567.28,2.423452934,15.75674265
35371,1.75,270795.0,1999.89,1.600931299,14.7854897
35372,2.74,242864.0,780.79,-0.038416027,15.51985759
35373,2.11,362680.0,1337.28,1.775452016,16.56903944
35374,1.81,379724.0,1743.1,1.533830604,14.69865586
35375,0.89,272719.0,1044.12,2.335276839,17.69831424
35376,1.24,268260.0,1784.92,4.382338523,16.20210229
35377,1.47,395695.0,1835.6,1.345816794,15.69109503
35378,1.56,174767.0,1613.37,1.691585132,16.77095174
35379,1.73,379420.0,1064.96,2.936906081,14.87262793
35380,0.41,360301.0,1964.44,2.015714157,15.86008901
35381,2.11,235618.0,2243.27,1.328829318,13.98600397
35382,0.98,375064.0,1005.84,3.664705541,15.46969187
35383,0.83,398800.0,1758.78,1.707576007,15.8936495
35384,0.47,161490.0,974.16,3.721599594,15.89024037
35385,1.37,254264.0,1907.02,1.412896886,15.64466767
35386,0.57,167684.0,1926.11,2.265181636,13.75586591
35387,1.56,265531.0,1669.27,1.758899478,12.93860707
35388,2.03,356563.0,1929.92,1.83950954,15.85957531
35389,1.7,237863.0,605.24,2.819859109,16.03403207
35390,1.66,153821.0,2621.66,1.747983737,15.33950909
35391,1.19,247165.0,2347.95,1.174321385,15.30203212
35392,1.44,261039.0,1672.29,0.570911344,12.97606682
35393,1.22,143887.0,1324.56,2.15181776,13.77385067
35394,1.19,153595.0,1347.35,0.044128076,15.66954192
35395,2.4,144480.0,1878.91,1.268483767,15.78557602
35396,0.87,272098.0,2482.38,0.664174953,13.62286227
35397,2.1,388768.0,2315.49,1.557178402,14.51165925
35398,1.2,248708.0,1872.81,2.692265047,14.93166165
35399,0.15,254124.0,2185.29,1.464445119,12.76257159
35400,2.08,160840.0,1801.11,3.697251641,15.39224762
35401,1.61,357955.0,1755.89,1.355138635,15.67878083
35402,1.33,361325.0,1783.99,2.043514955,15.84512299
35403,1.2,372097.0,1789.04,3.352831872,15.2519453
35404,1.88,364215.0,762.72,4.33120883,14.93989191
35405,2.58,356935.0,738.62,2.61810376,14.27590077
35406,1.33,355157.0,2127.4,1.818747699,15.77818471
35407,1.49,386792.0,1904.24,2.460444467,14.69655158
35408,1.88,383397.0,1247.54,3.189343836,15.89076242
35409,2.08,131393.0,1867.65,1.46694079,12.84344264
35410,1.16,154000.0,1663.44,1.489644764,14.04493871
35411,0.99,155528.0,2026.32,3.400572031,16.29032494
35412,0.91,356248.0,1770.34,1.736002432,14.6897138
35413,1.4,165905.0,1740.81,1.2519906,17.65072238
35414,1.94,361777.0,2379.61,4.634316206,15.71118726
35415,1.76,157591.0,1837.04,1.99203309,16.04491538
35416,0.97,386700.0,2108.28,1.103136691,14.79799346
35417,1.92,385785.0,1119.61,4.385484588,16.88249544
35418,1.14,371054.0,1306.16,1.942037755,16.18534247
35419,0.99,144730.0,1361.78,1.584052765,14.96964117
35420,1.62,360557.0,767.45,1.141414433,16.72478908
35421,0.79,361554.0,2246.08,2.226843884,16.32424367
35422,2.71,353168.0,2218.18,1.478231575,16.32958815
35423,1.29,379726.0,1208.37,2.450264795,12.89035797
35424,2.0,155034.0,1927.36,3.162626765,15.87952232
35425,2.03,258361.0,1280.17,-0.326393035,15.28082177
35426,2.35,240854.0,1995.36,3.863540943,15.52008758
35427,1.3,390426.0,596.11,0.936733408,15.36414054
35428,1.38,356960.0,1943.38,0.859596622,14.44182858
35429,1.85,360919.0,1904.85,2.715513976,16.89478124
35430,1.51,269603.0,1807.07,2.26241961,15.33824045
35431,1.26,350223.0,1390.13,1.777873288,16.12416622
35432,1.9,360222.0,2371.94,-0.212867138,14.831282
35433,1.66,269590.0,1208.42,-0.034339252,15.79315414
35434,2.43,365300.0,2044.58,2.371116001,14.47443793
35435,2.13,372107.0,1632.6,1.149188277,14.17957836
35436,1.96,155588.0,1744.79,2.707999464,14.43226073
35437,1.74,366336.0,2176.7,1.448040333,15.90627452
35438,1.51,146751.0,1877.61,0.53422464,15.45436887
35439,0.8,384430.0,2397.26,1.804367036,15.80179761
35440,2.24,141361.0,1003.61,3.220838961,16.46723105
35441,1.01,269183.0,1665.2,2.764552849,16.04827251
35442,1.56,255674.0,1822.19,1.970013575,17.03485961
35443,1.17,155497.0,2332.92,2.511281851,15.12644751
35444,0.68,166633.0,2295.86,4.93924406,15.2168193
35445,0.22,257105.0,2396.31,0.726740435,15.79416134
35446,1.92,155961.0,1872.56,3.064335838,15.38129167
35447,0.49,168478.0,1874.74,1.399912807,14.20482975
35448,1.3,393309.0,1409.32,4.385674493,15.3281627
35449,2.08,376902.0,2129.18,1.508778465,14.5705673
35450,1.61,235341.0,1164.5,1.38342642,13.55050281
35451,1.25,155312.0,1469.97,1.411780195,16.94887198
35452,1.72,380178.0,746.1,2.037339362,15.04191459
35453,1.07,364098.0,1315.28,2.920110938,12.01921432
35454,2.02,381263.0,2252.34,1.098166069,15.3875932
35455,0.41,381238.0,1791.31,2.121903971,15.64179146
35456,2.47,138268.0,1828.0,1.934343236,15.25402595
35457,2.23,368480.0,1002.93,3.96539227,15.36665379
35458,1.84,262691.0,1957.63,1.839550888,13.16741607
35459,1.89,158710.0,1285.59,3.058732778,15.28091384
35460,1.06,277211.0,1943.98,1.77090435,13.16496041
35461,1.09,165962.0,798.54,1.521865612,16.4782398
35462,2.72,376475.0,2331.81,1.400208691,16.17431419
35463,1.82,352465.0,822.39,1.993051963,13.25445489
35464,1.82,142413.0,1016.84,2.081247987,15.1537685
35465,1.71,368610.0,2026.83,2.858210108,15.41564587
35466,1.72,387141.0,1171.86,2.313262837,15.37678542
35467,2.05,244532.0,1836.03,1.184681822,16.4975644
35468,0.68,250657.0,1820.53,-0.120783437,13.52147509
35469,1.02,149023.0,778.44,2.547633882,13.82037059
35470,1.15,357207.0,2276.37,3.456398182,15.87142177
35471,1.71,364085.0,1375.17,3.673160773,14.08068156
35472,2.18,158046.0,2419.69,2.579078772,15.70736749
35473,1.02,363890.0,953.05,1.506928237,15.57979529
35474,2.04,120846.0,1382.79,1.667380203,14.23365645
35475,1.68,124394.0,1009.37,0.22430247,15.34929882
35476,1.42,120694.0,1820.48,1.740945996,13.91358671
35477,1.8,378352.0,2486.18,2.971896585,13.02519337
35478,1.07,386368.0,1782.32,3.29560654,15.515664
35479,0.81,373633.0,2834.61,3.011865351,15.74824607
35480,1.69,131723.0,1792.55,0.698378541,15.9588006
35481,0.83,173360.0,816.81,2.322921631,13.48154134
35482,1.16,157870.0,1831.95,2.767052169,12.48763037
35483,0.96,346629.0,2206.5,1.793853201,15.34659346
35484,2.17,357934.0,1917.24,0.34091346,15.40641575
35485,1.57,370425.0,2315.85,1.151784833,14.62068394
35486,0.99,147545.0,1995.63,2.590189377,12.34575952
35487,1.21,377087.0,2313.9,1.275169362,15.90840134
35488,1.3,124851.0,1350.85,3.469681102,17.59016159
35489,2.44,366945.0,740.61,-0.062833508,15.40073688
35490,1.08,376625.0,1662.93,0.437440289,15.61232572
35491,1.29,379160.0,2439.67,1.462706803,12.96765877
35492,1.54,376252.0,2154.74,3.728275219,16.88587353
35493,1.47,151356.0,1134.59,1.444795526,12.20153133
35494,1.8,251722.0,2289.07,2.404534104,17.02931691
35495,2.29,358799.0,2595.65,1.915974562,15.0964421
35496,1.49,373639.0,2928.22,2.28231828,15.15409456
35497,1.32,231110.0,1551.38,3.579047295,14.73166003
35498,0.48,381631.0,1313.62,2.824689311,13.21817743
35499,2.47,270586.0,1859.27,3.873324869,15.19144845
35500,0.97,372182.0,1611.85,1.811134615,17.441663
35501,2.49,379256.0,976.89,3.743009631,13.60963685
35502,2.21,342513.0,1816.71,3.091737397,17.38344908
35503,1.72,394421.0,1820.48,2.511901897,15.23314973
35504,0.02,248493.0,2425.45,2.906096538,15.01255476
35505,1.22,384796.0,1007.84,0.917374422,17.14108202
35506,0.68,360390.0,1627.94,1.318922315,13.17803972
35507,2.48,149157.0,1745.11,1.146323687,15.11180519
35508,1.76,258455.0,1322.46,1.879278567,15.91965242
35509,1.6,375368.0,1549.56,1.925042133,15.88233695
35510,2.1,259575.0,733.42,2.889886415,15.21111818
35511,1.51,387366.0,2264.17,1.105070864,15.81834449
35512,2.95,228476.0,948.8,1.621668566,14.96311073
35513,0.73,361138.0,1465.29,2.198940802,14.68689301
35514,1.11,365740.0,1501.73,2.381584837,15.37196518
35515,0.76,355495.0,1842.22,2.85177181,15.84975641
35516,1.78,124463.0,735.93,2.750777147,14.47241932
35517,1.01,158948.0,1576.31,1.270235873,15.32966032
35518,0.0,260516.0,1843.98,1.66230007,15.36628257
35519,0.32,359839.0,1489.64,1.588320708,14.04981979
35520,1.54,392928.0,1985.78,2.293765654,14.64479427
35521,1.65,382725.0,1599.99,4.235741536,16.23219802
35522,1.03,264763.0,1801.22,3.050749789,14.90683743
35523,2.58,141887.0,2601.55,1.109285532,13.31199805
35524,1.79,351960.0,2247.21,1.433431189,15.3410894
35525,1.54,123046.0,1888.81,2.155890839,13.49653154
35526,2.06,143268.0,1566.15,1.627361313,14.70444288
35527,1.81,139324.0,1887.9,2.076155441,16.2110958
35528,1.95,358208.0,2469.44,1.048127269,15.22455605
35529,1.86,379063.0,2485.17,3.812351366,16.39071282
35530,1.92,154720.0,2399.26,1.77223811,15.65575974
35531,0.66,384131.0,1305.8,2.306785962,16.86237495
35532,2.48,376308.0,1977.96,1.858202817,13.50471309
35533,0.0,362766.0,2582.46,1.899093005,15.89476905
35534,1.37,151042.0,1858.08,1.968227827,15.91350272
35535,0.75,140764.0,2030.09,1.582630757,13.07899439
35536,0.88,373807.0,2022.68,2.918489694,15.65868898
35537,2.37,365601.0,1932.05,3.605950734,12.64338237
35538,0.58,356998.0,2370.93,1.415280658,13.35880954
35539,2.26,131003.0,1857.69,2.232745457,16.25056857
35540,1.13,163890.0,2251.74,1.577349806,15.81287466
35541,0.3,391212.0,1576.66,3.601054444,15.98788407
35542,4.78,358781.0,2147.88,1.691156772,15.4252022
35543,1.99,376140.0,1847.03,1.878514274,14.01425847
35544,0.93,384526.0,1798.36,4.026506364,15.29575534
35545,1.04,155478.0,741.39,2.148502774,13.8894725
35546,1.35,128736.0,2118.56,1.170350259,11.95914874
35547,1.55,140201.0,2314.06,0.397198407,16.65819526
35548,1.61,243572.0,1902.46,1.949494306,16.87341124
35549,0.04,151337.0,1571.74,2.283956213,16.57185563
35550,0.24,139098.0,1299.38,2.083682435,15.6005542
35551,1.67,354356.0,2220.49,3.930757143,15.47076377
35552,1.16,146864.0,2133.25,1.754699393,15.50668677
35553,1.71,379858.0,1298.55,1.611190532,13.07158336
35554,1.67,366320.0,2146.82,4.361374581,15.78711468
35555,0.93,152823.0,1620.43,2.128085528,13.7431187
35556,1.87,365702.0,1995.48,1.668035095,15.81250405
35557,0.71,247389.0,961.52,4.736920257,13.79409347
35558,1.18,137297.0,1703.74,2.27266555,16.72385668
35559,0.97,365372.0,1934.13,1.471041056,13.23152688
35560,1.72,253918.0,1516.09,2.178061965,12.89474102
35561,1.5,137821.0,2121.46,1.383314902,16.44904421
35562,4.24,168068.0,832.29,3.392785576,15.88545049
35563,1.69,381548.0,950.19,1.978744395,15.7136095
35564,0.95,272974.0,1836.0,0.967870622,16.33360307
35565,1.02,141286.0,586.86,1.597050821,15.19754413
35566,1.98,383261.0,2341.59,3.07237373,15.5889888
35567,0.78,276080.0,1930.15,1.164147779,16.48737702
35568,2.23,375633.0,1850.46,2.219470448,15.11519111
35569,1.81,370836.0,1811.04,2.83716257,14.6774353
35570,0.7,375421.0,1742.77,1.225060673,14.33146948
35571,0.72,152734.0,1484.09,3.817837094,14.32511338
35572,1.02,368726.0,1589.0,2.431217828,13.18379919
35573,1.27,356861.0,1833.93,2.020067076,16.65397878
35574,1.81,123896.0,586.86,1.968301043,13.39447689
35575,1.83,369784.0,1484.09,1.164619828,16.74098209
35576,1.04,359770.0,2077.99,1.989542808,13.67758837
35577,2.04,394673.0,1865.22,1.61777754,15.42079491
35578,0.67,257249.0,1858.49,1.773472416,16.25460353
35579,2.67,382516.0,2016.14,2.030703752,16.62512041
35580,2.98,355381.0,697.82,0.606587796,16.41043156
35581,2.15,252479.0,1800.15,1.151729926,15.83604804
35582,1.31,368317.0,2395.04,1.639334693,13.94195841
35583,1.28,143053.0,2293.75,1.012763999,15.27136295
35584,1.22,256488.0,1813.08,1.112208517,15.79012896
35585,2.06,401119.0,676.57,2.072388657,14.39409831
35586,1.64,150182.0,939.93,1.832916188,13.96121545
35587,1.78,368480.0,1768.36,4.933637934,13.75581419
35588,0.27,360367.0,1758.95,1.500132709,16.20101125
35589,0.46,362976.0,2001.13,1.202733918,15.43085519
35590,1.46,126891.0,2085.08,3.196040532,12.75030223
35591,1.36,385428.0,1707.7,0.57072551,14.00817848
35592,2.21,160806.0,726.41,1.841922315,15.22306977
35593,1.26,275534.0,1824.63,0.845996892,15.30608635
35594,1.27,157034.0,928.83,1.79548909,15.97780496
35595,1.69,176590.0,1487.38,3.183627471,13.83160515
35596,0.68,246391.0,2159.48,3.605674528,13.17367109
35597,1.53,166043.0,1828.94,2.058260188,15.76440608
35598,0.8,147420.0,2474.8,4.549783577,16.67822605
35599,0.87,380389.0,966.52,2.086621111,16.20870163
35600,2.42,379719.0,1396.36,0.610231003,15.41258286
35601,2.83,153545.0,1942.6,2.657074489,17.73027397
35602,0.0,252923.0,1965.23,1.144473096,17.59982689
35603,1.47,255743.0,1233.13,1.984718757,12.04963306
35604,1.49,358509.0,916.89,1.453312113,13.33879188
35605,0.53,396278.0,1721.66,2.851078861,12.422752
35606,1.76,368299.0,2033.59,2.81433075,15.83091766
35607,1.98,369766.0,1848.39,2.055449998,13.54832473
35608,2.52,140955.0,1806.82,1.270012839,15.14793505
35609,1.5,261291.0,2568.83,2.593459689,15.76505273
35610,0.97,267787.0,1822.24,4.3853005,14.81508795
35611,0.83,356613.0,1955.01,1.651309293,16.40538281
35612,1.21,134597.0,2153.65,0.526479488,15.64813139
35613,1.12,363250.0,1932.88,1.620000904,15.68268203
35614,1.13,372472.0,2377.21,1.584161672,14.05686657
35615,1.97,140509.0,1901.53,1.592185584,16.44698211
35616,1.57,157406.0,1757.59,1.34272773,16.20342652
35617,1.94,149343.0,2290.54,0.540863584,11.95417023
35618,1.49,248381.0,1930.78,-0.134335175,15.7210912
35619,1.06,252679.0,2625.97,2.705086654,13.23916369
35620,1.46,256665.0,1425.54,1.243332972,14.25715999
35621,1.64,159808.0,1754.86,1.291969582,15.45904002
35622,1.84,147087.0,1816.16,2.453649841,11.79354211
35623,1.13,379270.0,2107.05,1.588399715,14.53074879
35624,1.33,247391.0,1971.87,3.19185851,15.68061749
35625,1.17,118658.0,2219.63,2.088257626,12.17391286
35626,0.78,257985.0,1623.48,1.568749339,16.4484734
35627,2.13,363856.0,791.89,1.390988166,15.55271958
35628,2.02,375585.0,1930.31,1.355230068,15.45083153
35629,0.89,142257.0,1957.81,0.882888048,14.65900101
35630,0.99,356536.0,1893.12,1.688389742,16.95578399
35631,1.54,363636.0,2378.42,1.938016315,12.78620884
35632,1.24,367553.0,913.3,2.353223551,15.4115857
35633,0.16,373517.0,1600.95,2.196400725,15.3678792
35634,1.89,371598.0,2011.62,0.894349098,15.57924327
35635,2.47,153316.0,690.02,2.182384299,16.27096346
35636,2.93,130902.0,1285.43,4.024460064,17.55869443
35637,1.65,129593.0,2019.07,2.282152241,14.83875643
35638,1.02,337576.0,2260.0,1.539199813,13.0031228
35639,0.55,374761.0,1875.89,3.931707776,16.20758301
35640,0.36,114947.0,2203.87,2.390087589,15.23262997
35641,4.17,337428.0,2041.79,1.822134809,16.10074471
35642,1.24,362753.0,1691.49,0.161180547,16.33012361
35643,0.46,234620.0,1688.87,2.100111611,17.28278691
35644,1.32,354987.0,1966.93,1.588587695,17.16077255
35645,1.99,242193.0,903.28,0.770634997,15.66398883
35646,1.8,152102.0,1711.76,3.032248937,14.69353049
35647,2.22,123130.0,1852.59,2.809381381,12.49389267
35648,0.62,252090.0,1313.33,0.727824663,13.51048706
35649,2.85,350608.0,1598.64,1.489032911,15.34674474
35650,0.9,401119.0,1996.69,2.963314942,16.41414478
35651,1.66,114947.0,2460.16,0.943775256,14.96433514
35652,0.94,138160.0,1862.44,1.299552047,15.01321883
35653,1.0,139151.0,2282.36,3.414734461,15.02556914
35654,1.85,148644.0,1782.41,2.010889826,15.34121333
35655,2.04,276533.0,863.15,4.45559721,15.66072646
35656,1.41,382042.0,1726.05,3.9530879,15.51278695
35657,0.13,255585.0,907.51,1.44927794,13.69186309
35658,1.98,139870.0,829.2,0.002915629,12.17646135
35659,0.82,266568.0,1771.17,2.260964958,16.88851205
35660,0.17,151830.0,1535.72,2.775426509,15.56980138
35661,1.65,360852.0,2359.37,2.029904123,14.58772534
35662,0.85,367043.0,1332.83,1.143078464,15.82850007
35663,2.42,355189.0,2272.78,1.872268035,15.47770238
35664,0.91,127940.0,1772.78,1.235545118,15.96827826
35665,1.84,254060.0,909.15,3.145989857,16.13160633
35666,0.78,376494.0,1716.4,2.273210751,13.45322234
35667,0.56,130829.0,813.75,4.66619854,15.74523388
35668,2.33,286195.0,2032.14,1.531753178,15.37129284
35669,0.86,353944.0,1772.68,2.238094544,13.79078212
35670,1.6,120848.0,1878.83,1.600345207,14.0843454
35671,1.22,388851.0,1890.2,1.473855223,13.15416371
35672,1.45,374391.0,2024.58,2.74873782,17.32512599
35673,0.94,373273.0,2311.67,0.484080308,13.25258651
35674,1.63,380967.0,1886.4,3.170815574,14.37866339
35675,2.14,149396.0,1873.17,1.844999645,15.81455564
35676,1.48,137184.0,1604.29,0.971258027,14.39816999
35677,0.81,369961.0,1903.09,4.728074071,17.03412783
35678,1.12,146525.0,617.07,2.25068933,13.38564238
35679,0.61,371791.0,1966.45,1.61290087,13.6993455
35680,1.4,381617.0,2244.41,2.647201363,17.40696374
35681,1.69,254447.0,2823.45,1.595141294,15.91963441
35682,1.73,370087.0,1805.6,3.614233537,17.73027397
35683,0.84,123786.0,1881.32,2.926603965,15.81197734
35684,1.25,118288.0,1881.07,1.485439588,14.41039553
35685,2.75,160239.0,2254.94,2.400688141,16.20404442
35686,1.81,140374.0,1662.45,3.127491976,17.73027397
35687,1.69,145421.0,1360.01,2.151501692,15.4565821
35688,2.68,267712.0,1969.61,2.556136876,16.98855637
35689,2.78,366772.0,1891.12,3.632519,15.2622488
35690,1.96,380346.0,2085.58,2.349607123,15.43908595
35691,1.27,266116.0,1929.12,4.242539868,14.38955672
35692,2.06,252893.0,2171.72,1.385321552,16.32951221
35693,1.03,145970.0,2162.31,1.46317007,15.04944435
35694,1.4,382038.0,1784.78,3.471282427,15.60606304
35695,1.4,131615.0,1819.35,1.750237618,15.4733049
35696,2.22,157880.0,2854.47,2.910072746,15.37392352
35697,2.07,367604.0,1869.4,1.708864355,15.28162019
35698,1.03,373507.0,2114.21,2.005101294,15.93896851
35699,2.08,133666.0,1901.9,3.405393846,12.23132546
35700,1.16,342465.0,1786.48,0.706012184,12.4648544
35701,0.73,170260.0,2025.84,4.312313859,13.1648743
35702,1.33,259994.0,791.09,2.054732892,17.73027397
35703,0.7,144206.0,1238.24,1.83225468,15.01289413
35704,0.71,130409.0,1859.1,1.327912514,15.34572231
35705,1.22,127505.0,1437.34,2.876428557,14.91140174
35706,1.26,166926.0,2172.61,1.883920082,15.07367428
35707,2.2,366870.0,1021.96,1.492969951,15.46725752
35708,1.19,368987.0,2423.36,1.569865046,15.82812061
35709,1.35,242452.0,1549.14,2.45099151,16.6781916
35710,1.77,142942.0,1537.85,3.751524643,16.50446233
35711,2.31,146256.0,1236.64,2.719266468,16.44568978
35712,2.98,142906.0,2103.9,0.482648155,15.85976723
35713,0.92,125256.0,1927.59,3.941724113,15.31446039
35714,1.2,356271.0,2003.75,3.454404677,12.26707425
35715,0.45,174147.0,1837.56,1.521158979,13.1564484
35716,1.34,144386.0,2836.29,2.759790087,12.68944534
35717,1.69,371295.0,1691.58,1.257258391,15.76235831
35718,2.22,350479.0,2106.4,1.920467333,13.14768843
35719,1.36,393889.0,1986.67,1.652599805,16.20628181
35720,2.13,166422.0,1850.09,1.7365293,15.44866316
35721,0.96,382073.0,1891.18,1.935822771,15.17420058
35722,2.04,172442.0,1846.22,3.976894016,12.63105955
35723,1.32,350708.0,1244.26,3.20203436,15.01990679
35724,0.58,362657.0,2455.73,3.876019854,12.58401289
35725,1.68,378662.0,1756.28,1.982875425,13.13492171
35726,2.13,341207.0,1870.83,2.238055515,17.03041598
35727,1.96,384634.0,1920.11,1.846419334,13.34950298
35728,2.16,357441.0,795.68,0.857192876,15.48976615
35729,0.93,397546.0,2249.82,3.228854206,15.09531117
35730,1.64,130617.0,2687.6,1.560833832,13.44206534
35731,1.01,401119.0,2191.26,3.653623711,15.08093164
35732,2.6,166293.0,875.09,1.991326891,12.64901252
35733,0.34,171300.0,1634.08,3.268106295,16.77713257
35734,1.34,257339.0,1842.09,1.416681045,13.35771459
35735,1.22,270430.0,2489.07,2.755069289,16.00564168
35736,2.33,139237.0,901.18,3.58002376,15.9093244
35737,1.67,154985.0,1613.15,1.08527591,15.24305523
35738,1.72,374122.0,2149.62,1.566484496,16.74084751
35739,1.72,272275.0,2046.17,1.650979521,15.04418019
35740,0.06,376351.0,2206.21,4.647395673,13.8244766
35741,2.69,150976.0,1654.6,0.977039465,12.81131139
35742,0.74,353704.0,1767.04,3.689420877,15.39011946
35743,1.04,236021.0,1142.0,0.575436679,14.63320788
35744,1.71,367967.0,2426.78,1.297550995,13.26651404
35745,1.48,370735.0,1814.13,2.277338652,15.47817161
35746,1.03,160711.0,1991.47,2.101356497,14.71608904
35747,2.61,263256.0,2387.2,1.41737022,16.13608817
35748,2.01,377301.0,1956.5,1.729857198,16.13126313
35749,1.78,144561.0,2007.54,1.605014891,16.11670891
35750,0.63,372998.0,1110.09,1.091297238,14.8646756
35751,2.59,164410.0,802.41,1.591618176,15.61613274
35752,1.42,373722.0,1713.2,1.086856067,11.60840597
35753,1.99,351802.0,2232.27,0.843793998,15.4219165
35754,0.97,339956.0,2500.16,2.483633885,16.01336522
35755,1.5,372427.0,767.32,1.062049091,12.50658563
35756,1.98,351722.0,847.75,2.243059626,15.97053592
35757,1.18,359664.0,995.84,3.572426418,13.152804
35758,0.41,247950.0,1533.54,2.213529696,14.04906766
35759,1.76,391352.0,1979.51,1.177548039,15.30960954
35760,2.03,369980.0,2521.54,2.644287834,15.98874891
35761,1.4,172769.0,1492.62,3.85804425,12.18890173
35762,0.54,171335.0,946.04,2.29583419,15.52971681
35763,1.88,276165.0,1970.93,4.398713868,16.17498662
35764,0.41,149724.0,2095.38,1.268388994,16.21226656
35765,0.33,234742.0,1570.1,1.192977086,15.56238971
35766,2.53,156429.0,2073.64,2.232074674,16.46006178
35767,1.89,147551.0,1840.92,1.58112472,13.24329521
35768,1.54,369495.0,2045.06,1.360772326,16.50052761
35769,1.32,127654.0,2216.59,-0.326393035,13.25944447
35770,0.81,359875.0,1879.06,1.464512771,15.43904823
35771,2.42,150297.0,1864.94,2.563807205,16.22326983
35772,2.05,372939.0,1844.44,1.052527359,14.86082116
35773,1.5,240420.0,2243.57,1.417544633,14.21194406
35774,0.97,160227.0,1525.76,2.76166878,15.44236667
35775,1.69,373572.0,1791.47,3.486311201,12.97986742
35776,1.75,265360.0,1068.91,4.213075359,15.31284137
35777,2.25,114947.0,1824.17,1.297592814,15.18533916
35778,1.32,258750.0,1921.49,1.092076203,16.18226342
35779,3.06,251266.0,1864.87,1.610139492,13.70757265
35780,1.74,385071.0,1561.62,1.403425517,15.17663141
35781,2.08,127049.0,1023.16,0.866010069,15.27914922
35782,1.55,257602.0,953.17,4.343579307,15.24273286
35783,1.14,260855.0,2447.37,4.371634664,15.9417784
35784,2.51,394966.0,1390.12,2.023177656,15.33110481
35785,1.59,367953.0,1720.69,3.852397343,15.77987118
35786,1.19,351647.0,1901.03,1.144009904,15.62599921
35787,2.52,145466.0,2163.31,0.989644621,14.47747476
35788,0.6,367937.0,1407.37,1.244026962,15.31882653
35789,0.61,351162.0,1134.82,1.801793032,13.74977824
35790,0.32,270271.0,1850.41,3.985974164,15.1007402
35791,1.8,146066.0,2490.35,1.732081603,15.71907775
35792,1.15,251686.0,1058.45,3.770099662,16.41284447
35793,2.17,339099.0,2579.24,1.064460099,14.77818483
35794,2.28,258355.0,1594.11,2.179212473,16.61383127
35795,0.56,372142.0,2216.95,1.81043853,13.29613061
35796,1.17,264429.0,1321.76,3.269216584,16.99005628
35797,1.42,371699.0,1720.18,0.703070903,16.67568007
35798,0.62,379519.0,1958.46,1.438642185,15.29124557
35799,1.06,143442.0,803.52,1.132229346,14.68491658
35800,1.65,251522.0,1869.61,2.72214137,15.80584627
35801,0.81,271095.0,1469.04,2.188014085,16.27166835
35802,1.69,114947.0,869.42,3.019713916,13.48411436
35803,2.82,358951.0,626.03,1.795299404,14.69161573
35804,1.22,384626.0,2338.12,3.262819578,15.64115668
35805,1.22,377453.0,2271.36,3.559584202,15.05779577
35806,1.1,366707.0,1789.72,1.578272086,16.1135408
35807,0.93,356698.0,1610.66,2.314471946,14.24055559
35808,0.51,375359.0,1433.24,1.577499288,17.09860895
35809,0.6,384660.0,981.85,2.650331046,13.1925139
35810,1.52,248074.0,1922.23,1.283458985,15.18392346
35811,1.55,375520.0,1735.8,1.291557468,13.20901905
35812,1.45,260887.0,2438.3,2.702445413,15.4070402
35813,0.65,347940.0,1621.53,1.910352101,17.03968528
35814,1.23,159067.0,1901.52,1.644515298,15.47535731
35815,2.07,369911.0,2348.25,1.603370353,16.70061184
35816,0.39,139089.0,1337.17,1.895378002,12.66188261
35817,1.19,372046.0,810.3,1.803260687,13.20845653
35818,2.33,354274.0,2720.35,1.475351242,13.43039831
35819,1.75,234037.0,1780.47,0.391361316,15.65520586
35820,1.59,172168.0,1126.61,3.781673908,11.50924315
35821,1.4,268304.0,2525.83,1.399351073,16.4423069
35822,1.22,371422.0,2527.72,2.381940078,15.86787409
35823,1.58,362382.0,2074.67,1.984445249,13.66951631
35824,1.81,357282.0,1255.92,1.820120532,16.85792094
35825,1.93,357208.0,1741.95,1.560994001,15.03762501
35826,1.87,391646.0,1789.74,1.519489033,17.00172997
35827,1.86,360480.0,1423.84,2.32967648,15.64795088
35828,1.44,256843.0,1775.06,1.438159746,15.08848392
35829,1.43,251709.0,1472.84,1.771951992,17.59709336
35830,1.89,251984.0,2890.87,3.615895097,13.29967054
35831,1.02,174412.0,1371.1,4.719616975,13.82402318
35832,2.34,123940.0,2247.69,1.650471879,15.44026789
35833,1.06,377804.0,2423.02,1.512131785,11.81644882
35834,2.28,248061.0,2105.32,1.713299377,15.08094457
35835,0.92,358416.0,1907.8,1.88942766,11.5755869
35836,0.92,386241.0,2520.95,3.82702372,14.58514651
35837,0.67,264378.0,1958.86,1.649811647,17.06826551
35838,2.07,146018.0,1873.16,2.227027492,12.92903944
35839,0.53,373805.0,1835.48,1.875065845,16.29579533
35840,1.45,367079.0,2009.23,1.183227704,16.74093961
35841,1.73,266148.0,1872.23,2.404799481,16.758583
35842,1.73,384269.0,2087.52,1.264692322,17.16779155
35843,2.31,346974.0,1876.85,2.101264663,14.17061908
35844,1.81,373877.0,2202.27,1.579044353,11.77148583
35845,2.13,124740.0,1336.14,3.404290875,15.83256063
35846,1.57,399664.0,627.29,2.476603428,13.69173649
35847,1.0,264175.0,1863.59,0.186987925,15.55399939
35848,1.09,164819.0,745.1,1.526711889,15.8096803
35849,1.22,247436.0,2149.19,4.678561411,15.87153118
35850,1.68,389631.0,846.39,2.796949818,15.54556166
35851,1.1,361598.0,2293.15,2.42635167,15.10115083
35852,2.17,157499.0,1882.1,4.118488959,13.95665666
35853,1.13,386309.0,2015.17,1.531025555,15.04334364
35854,0.73,367851.0,2310.85,1.503591783,13.55891716
35855,0.39,173307.0,1812.94,0.960879414,13.70380226
35856,1.37,361502.0,2380.64,0.944636189,13.05343981
35857,1.28,371596.0,1889.58,3.595292707,16.35565129
35858,2.42,151227.0,2306.17,0.836499374,16.42413964
35859,1.03,375012.0,1822.21,1.103595594,15.11201993
35860,2.35,350867.0,1237.8,1.855985314,16.5497507
35861,1.16,367802.0,1972.95,2.103907502,17.40799988
35862,1.73,371780.0,2455.57,1.540253913,13.59286553
35863,1.73,357306.0,1935.9,3.863359734,15.54835117
35864,0.8,391032.0,2566.73,2.40098941,16.45951623
35865,1.3,149105.0,2309.77,1.146111814,15.91092131
35866,0.0,358490.0,2509.95,1.076036131,17.54930015
35867,1.39,254021.0,2371.72,1.842945317,16.16567866
35868,1.86,255599.0,1213.35,0.145388804,14.85230774
35869,0.92,275737.0,1799.87,1.225590873,15.60381564
35870,0.7,140382.0,1271.66,2.106207398,15.26181799
35871,1.09,390142.0,2275.09,2.009986973,15.46099315
35872,1.14,166298.0,2423.85,2.124586955,15.73728507
35873,1.93,397213.0,961.36,3.172467722,16.06349548
35874,0.32,367126.0,1695.08,0.493004825,15.97086714
35875,1.53,252914.0,1986.65,1.132743772,15.5311692
35876,1.13,350343.0,2317.05,1.293459029,16.65794745
35877,0.78,386802.0,2482.33,4.164986512,16.5460949
35878,1.59,367795.0,2095.11,4.143483949,15.35639538
35879,0.78,365756.0,1415.54,3.105113396,17.34533116
35880,2.47,263309.0,1483.48,0.313114373,14.45743944
35881,2.51,167855.0,2339.66,1.790555988,16.2256526
35882,1.2,389442.0,2050.64,3.474341532,16.09670426
35883,1.44,268602.0,1661.68,0.755917667,16.1220582
35884,0.44,349881.0,1995.88,1.473009186,13.45656031
35885,1.04,352150.0,2286.89,2.317762755,15.0411541
35886,1.78,143921.0,1665.36,2.492512911,15.35065893
35887,1.6,137936.0,2420.16,1.812027413,13.72916633
35888,1.35,169937.0,1624.55,1.807926686,13.21322576
35889,0.12,344285.0,2055.04,2.244716834,12.62181442
35890,1.29,353988.0,892.86,3.676395769,13.23998547
35891,2.03,265704.0,2176.58,1.452420253,13.20674725
35892,1.73,277122.0,1480.94,3.822511406,14.1829426
35893,1.9,234123.0,2882.73,1.974040516,16.99840209
35894,2.05,375986.0,1208.82,1.325353464,13.59433454
35895,0.14,137348.0,2111.13,3.552793588,15.49275925
35896,0.9,145448.0,1236.85,2.093393857,16.89626064
35897,1.55,338811.0,1792.5,1.227265589,14.49359983
35898,0.86,375280.0,1802.56,3.826731183,14.01385726
35899,1.33,343232.0,1516.69,0.450968635,16.02371412
35900,2.27,145089.0,2460.54,-0.166825747,15.7582152
35901,1.72,360912.0,1747.85,3.461886037,16.03554242
35902,1.24,146685.0,1799.12,0.541848033,16.96470817
35903,1.72,359605.0,1428.63,1.289361118,13.25399005
35904,1.39,359591.0,2282.71,1.821967992,15.45068465
35905,0.65,372769.0,1452.03,0.82709985,15.53761013
35906,1.9,370667.0,2325.77,1.145434113,13.33711244
35907,1.14,134910.0,1775.27,2.017828053,15.95932745
35908,1.31,271090.0,913.9,4.011491001,15.46036927
35909,0.0,370145.0,1093.24,1.743505172,15.98450237
35910,2.21,125615.0,2136.51,1.639991515,12.75727205
35911,1.25,351249.0,1715.52,2.292551637,16.16094641
35912,1.67,366371.0,1782.09,1.178708859,15.3157351
35913,0.96,376384.0,871.18,1.708406166,15.44556317
35914,1.75,154475.0,1859.33,1.344785061,14.32043268
35915,1.72,365314.0,1869.05,1.26409405,15.06525413
35916,1.27,374769.0,2112.02,1.335860777,15.51311994
35917,0.55,345941.0,1984.65,1.951944547,15.30960228
35918,1.17,164397.0,1902.43,4.505660113,15.78682654
35919,2.05,162775.0,1699.03,3.183131016,14.65945973
35920,1.88,252787.0,997.17,1.790804294,14.27874497
35921,1.94,254281.0,2385.61,1.192822798,16.8739056
35922,2.36,384924.0,1863.35,1.915251964,15.73980137
35923,1.52,150114.0,2405.69,4.722188663,15.81835318
35924,1.87,274567.0,2108.23,1.384952977,15.2355352
35925,3.27,150684.0,1290.51,1.567731499,17.55460521
35926,2.04,131268.0,2368.67,2.226607203,15.02103395
35927,0.0,167938.0,1826.78,2.177090353,16.24130283
35928,0.42,149535.0,1133.99,1.601106011,15.38975108
35929,1.94,250464.0,1824.81,4.705460682,17.14094744
35930,1.18,264619.0,1907.51,1.887207154,14.25798833
35931,0.4,168344.0,1761.68,1.792647701,17.24704114
35932,1.6,360695.0,1868.94,2.078084802,15.86388167
35933,0.77,135512.0,1285.18,4.421266822,16.5843914
35934,1.48,159855.0,1771.9,1.174947173,13.48864859
35935,0.73,369352.0,718.16,2.730569799,15.74469409
35936,0.63,269223.0,1468.79,2.369515464,15.47958147
35937,1.83,374877.0,2141.46,2.958665682,17.64726614
35938,1.96,353205.0,770.02,3.932051011,15.66011993
35939,0.77,145341.0,1870.12,3.842521526,15.40776631
35940,2.72,143929.0,679.76,2.784464188,14.00876295
35941,1.67,237985.0,1179.57,4.705303417,14.95626258
35942,1.3,379683.0,986.4,1.795396131,17.29858967
35943,1.52,365637.0,1782.1,3.912131638,16.90221602
35944,1.5,367900.0,2492.34,4.685238624,16.24285441
35945,2.44,139967.0,2341.17,0.718188106,15.61792359
35946,1.58,376105.0,1956.82,2.248554753,15.09390998
35947,2.15,392315.0,1939.72,3.259722708,14.82487994
35948,2.06,121394.0,1842.6,1.210066488,15.53138527
35949,1.61,386312.0,800.57,0.220812065,15.59306181
35950,0.07,148917.0,2119.33,1.332638301,16.01780829
35951,0.94,384113.0,1940.83,2.092446102,12.9533559
35952,2.07,155407.0,2587.39,1.62482314,14.96465417
35953,0.17,379943.0,1864.12,2.993750425,15.49106688
35954,2.21,371723.0,2471.43,2.036583175,15.94013685
35955,1.51,376638.0,1394.62,1.69826195,16.47680029
35956,1.74,285101.0,901.63,2.41605409,14.90509207
35957,2.07,357982.0,1346.13,0.932311204,13.27555211
35958,1.02,147145.0,1841.84,3.796786868,14.71072346
35959,0.93,364623.0,2306.47,0.145065511,16.46781537
35960,1.11,380379.0,1518.36,3.783450535,15.40176334
35961,0.87,157537.0,1915.36,1.814226144,13.39749595
35962,0.85,360379.0,1736.61,1.821111547,13.96583006
35963,0.58,357225.0,754.03,2.706815383,12.81918821
35964,1.2,372667.0,2498.23,-0.109777748,14.91804818
35965,0.51,388800.0,1447.49,2.071394717,16.17518572
35966,1.59,358829.0,1833.91,0.743622897,15.61370803
35967,1.61,238750.0,863.97,1.189511898,16.42960633
35968,1.71,138894.0,2008.72,3.40902811,15.83647703
35969,2.44,345303.0,2543.23,2.081586557,15.57202209
35970,0.59,388611.0,1786.99,1.330497911,15.44661703
35971,2.22,141214.0,904.77,2.022097669,12.08363716
35972,1.68,267025.0,1228.36,1.471939581,16.22848429
35973,1.37,381452.0,2507.78,1.160773896,17.21492676
35974,0.59,348232.0,1337.47,1.590288471,16.34409869
35975,1.14,390097.0,739.22,2.849936549,14.85933331
35976,1.46,375291.0,2177.07,0.565807815,16.8714888
35977,1.06,131789.0,2432.59,2.192064304,16.06517823
35978,1.47,355156.0,2369.24,2.151128112,15.30929783
35979,1.3,348263.0,2232.15,1.966418789,13.74454137
35980,1.03,147711.0,1844.25,2.791797125,13.38902086
35981,1.47,359755.0,2430.44,2.243465858,16.63209016
35982,2.51,377653.0,1665.16,0.010067652,16.42866312
35983,1.62,233624.0,1700.24,2.877183276,14.80456072
35984,1.95,140833.0,859.86,3.259436138,13.20253888
35985,0.55,348825.0,745.57,4.733826584,11.76644023
35986,1.63,382367.0,1856.84,2.263962582,13.93260219
35987,2.31,143496.0,1307.52,1.932510455,15.27546031
35988,1.45,368073.0,1418.67,4.591880767,14.91942586
35989,1.7,270134.0,1884.27,1.619845541,14.01045655
35990,0.43,356472.0,2368.62,4.273170281,14.53789342
35991,1.1,391126.0,2376.53,0.795893839,16.35636037
35992,1.72,129716.0,1752.5,3.462331639,13.28556909
35993,1.54,133174.0,1791.49,1.79937805,14.78842151
35994,1.65,283377.0,975.87,1.708664497,13.81027257
35995,1.44,161418.0,2572.79,2.747596516,15.465789
35996,0.74,389744.0,728.51,2.319790966,15.69709621
35997,1.62,132448.0,1366.11,1.567894524,15.66940297
35998,0.0,376546.0,2300.59,3.849322556,12.90114994
35999,2.13,282079.0,1816.32,2.170854904,16.42242595
36000,1.82,159074.0,2077.77,4.630565054,16.08192457
36001,2.51,379864.0,796.56,4.285287723,16.02146179
36002,2.83,144929.0,1794.51,1.382175711,15.11261581
36003,0.85,398702.0,1847.3,1.943478416,16.10430024
36004,1.09,363931.0,1832.48,4.629148736,15.52443193
36005,1.19,363409.0,2123.51,2.766284983,15.16121032
36006,2.09,151059.0,1831.0,1.569238695,16.51461607
36007,1.71,378732.0,1883.57,2.468619609,15.85672111
36008,1.72,362661.0,906.17,2.219747825,16.34077783
36009,0.95,369562.0,1548.19,4.367706446,14.42891744
36010,1.15,390184.0,630.55,4.071012156,13.83830607
36011,1.64,382692.0,2138.44,2.302563567,16.0355068
36012,1.72,140141.0,1932.22,1.782238045,16.36252437
36013,1.7,172140.0,2025.32,2.049027343,16.07206813
36014,1.7,357163.0,1416.98,1.722949588,13.33577813
36015,2.01,362064.0,1812.06,0.978252929,15.51172733
36016,1.04,172981.0,1308.89,1.507812192,13.45417325
36017,2.32,247872.0,1241.34,0.285556765,11.72279738
36018,2.65,364216.0,1757.21,2.229662997,14.84634253
36019,1.07,147632.0,1714.13,2.235627615,15.33530792
36020,0.76,146368.0,2159.78,1.984512684,15.67131663
36021,1.23,163688.0,1793.24,1.783177446,13.72988553
36022,2.41,266907.0,1693.55,2.065951895,16.59708307
36023,1.71,258626.0,860.43,1.365168223,14.94548907
36024,0.44,270869.0,806.17,1.505588724,15.80567968
36025,1.79,262038.0,1910.62,1.834329109,14.04427138
36026,1.94,390702.0,1401.88,0.499743302,15.1164255
36027,1.67,130386.0,1940.47,2.491427221,15.36199884
36028,2.27,373126.0,1403.69,0.516201837,16.76949549
36029,1.71,388348.0,900.81,3.860613589,15.33458535
36030,1.03,387116.0,1931.74,1.189648273,16.98976496
36031,0.92,155511.0,1427.61,1.804009745,15.71448434
36032,1.43,364089.0,1281.88,1.704266541,14.89452949
36033,1.83,139434.0,1621.92,2.808660581,14.11567474
36034,1.5,380156.0,2099.52,1.586704729,16.01269124
36035,2.25,360943.0,2419.49,2.57263587,14.16772662
36036,0.01,378416.0,1890.2,1.122252922,16.50727277
36037,1.44,156053.0,1065.16,0.910680176,15.96809929
36038,2.25,374461.0,1973.62,1.811581054,12.21122497
36039,1.22,359316.0,864.14,2.809530489,15.85926713
36040,0.97,153218.0,980.08,1.441483874,15.66920662
36041,2.23,149357.0,978.57,2.023830134,14.80840309
36042,1.86,335892.0,1678.94,1.980825377,12.40039939
36043,1.38,132112.0,1163.6,1.605717549,12.7343292
36044,0.82,399441.0,1924.28,3.041854654,17.16235494
36045,2.47,387280.0,729.86,1.057113385,13.30789593
36046,1.12,265465.0,1285.68,2.349671066,12.89276819
36047,1.18,270310.0,942.73,0.741730785,12.62211802
36048,1.35,389993.0,2557.4,2.730556475,17.5050522
36049,1.82,278578.0,1505.33,2.570159409,16.19545693
36050,1.01,373314.0,2216.14,3.559174467,13.25469354
36051,0.97,133751.0,1401.28,2.409095991,16.18393526
36052,1.7,149793.0,1859.12,1.676504524,12.07765417
36053,1.94,368980.0,613.77,1.695481575,15.07551724
36054,2.01,376907.0,1854.16,4.158733015,12.99328367
36055,0.78,160843.0,1871.05,2.07174855,15.9886028
36056,0.35,165838.0,1179.79,4.177963407,16.43967835
36057,0.0,263669.0,1044.88,2.665351482,15.75434561
36058,1.13,392224.0,1352.29,1.085767797,15.99030735
36059,0.9,374819.0,1392.6,2.320773811,16.21778391
36060,1.16,392757.0,2110.72,1.797521597,14.98044249
36061,1.92,375173.0,1958.9,2.53769533,16.14171926
36062,1.59,127847.0,1814.43,1.657500709,15.37991268
36063,0.95,369452.0,2184.07,1.829565412,14.34386955
36064,1.24,119266.0,1868.53,4.93924406,14.16902502
36065,1.3,373848.0,1341.9,1.680151198,16.54440265
36066,1.39,128729.0,1904.11,0.569680418,14.56287856
36067,0.21,382594.0,1497.28,1.114742466,16.20809901
36068,2.09,361965.0,2634.67,1.264108949,15.00810923
36069,1.81,352170.0,730.17,1.346887873,13.1575634
36070,0.89,259230.0,2103.31,4.313162965,15.74718375
36071,1.21,229832.0,1865.15,2.57914266,13.05223343
36072,1.31,377894.0,1955.88,3.182676501,15.28230168
36073,0.72,375352.0,1498.7,2.34883035,13.16086573
36074,0.11,387777.0,2708.59,4.705876342,15.79755678
36075,1.52,376726.0,2314.1,1.840158428,13.70025237
36076,2.12,381588.0,1321.26,0.746449234,13.74504695
36077,1.96,351871.0,1737.8,3.833062673,17.36271686
36078,1.39,379462.0,1713.42,2.238253494,15.88524746
36079,1.87,119146.0,920.2,1.26241944,14.98508524
36080,2.12,152966.0,917.43,2.60496824,16.01556358
36081,1.19,242625.0,1381.44,4.526229764,13.71700194
36082,1.59,356593.0,2306.39,0.770622076,13.75267411
36083,1.73,175966.0,2404.51,1.255140747,15.19809254
36084,1.49,162862.0,2247.37,1.606628343,13.81345771
36085,1.35,150120.0,2342.9,1.446198431,13.91346827
36086,2.2,354726.0,850.86,2.728452575,12.40444059
36087,1.27,152350.0,1740.05,1.525325662,13.8531052
36088,1.41,379833.0,1772.84,1.77423313,16.20168296
36089,0.97,352664.0,1007.66,3.013952259,14.18078544
36090,2.28,174313.0,842.26,1.703195176,15.9775018
36091,0.02,347532.0,1809.36,3.002504463,15.08632253
36092,1.03,143021.0,2446.59,1.456312288,15.08827004
36093,0.13,378468.0,2359.84,4.062463416,15.97056608
36094,1.31,370014.0,1178.17,2.398089844,14.72604642
36095,2.38,343666.0,1157.1,1.246392462,12.92998833
36096,1.49,129798.0,1490.89,1.200395711,14.63495445
36097,2.56,256993.0,2636.11,0.74879577,13.85742888
36098,2.95,366101.0,1141.7,2.011260528,16.88117158
36099,2.22,169195.0,1809.17,3.05040085,15.11056726
36100,1.06,382604.0,2420.36,1.347813781,16.31287768
36101,1.15,377241.0,1994.43,3.193095967,13.6498755
36102,2.52,375108.0,1301.81,0.434145958,14.28641953
36103,1.31,370378.0,2029.74,1.229763795,16.73034934
36104,1.42,237652.0,2260.49,4.004512634,13.84045667
36105,1.99,247206.0,2507.6,1.858726899,14.77474656
36106,1.37,137978.0,2169.36,3.589585953,16.73596584
36107,0.22,163374.0,912.56,1.988555688,15.69114076
36108,2.03,133888.0,948.72,1.000319195,15.77340811
36109,1.52,146386.0,2388.44,1.766461639,16.7322879
36110,1.34,367422.0,1905.97,0.657617579,16.0031168
36111,1.35,242764.0,1636.67,-0.326393035,17.40389588
36112,1.9,271065.0,725.59,2.700956383,15.47331378
36113,0.13,143436.0,1915.05,1.006915163,15.25557077
36114,2.33,384541.0,1771.95,1.225712231,13.32276027
36115,0.67,345779.0,1482.93,1.550974761,13.85370874
36116,2.15,362341.0,1352.48,2.167314699,15.89320496
36117,0.98,129410.0,2249.75,2.443171353,15.21105534
36118,2.45,166248.0,1109.83,2.921233026,14.12765554
36119,1.22,354171.0,2232.38,1.335408698,14.84650042
36120,1.88,143973.0,2212.77,1.950545241,15.32509537
36121,2.35,389622.0,1726.67,2.045723272,15.35124448
36122,0.39,144279.0,1378.94,1.910218337,15.41132856
36123,1.42,149908.0,2332.27,0.414069782,16.60596854
36124,0.85,150742.0,977.65,1.818067944,15.99407793
36125,1.53,227774.0,1777.08,2.161632196,14.85475342
36126,1.35,152157.0,2233.94,1.810957683,11.2583727
36127,1.68,135871.0,2327.79,2.152875914,16.72120845
36128,1.71,266490.0,1877.44,1.316027741,14.37822719
36129,1.72,362920.0,1694.82,4.402673119,16.91788768
36130,0.5,135995.0,2194.77,3.414551768,15.50936986
36131,1.53,147210.0,1915.84,1.125012318,13.76040232
36132,1.29,362573.0,2172.05,2.079373916,15.52629866
36133,1.17,134692.0,2629.46,0.983772907,16.34524796
36134,2.48,361093.0,642.01,1.006911407,15.29014445
36135,0.91,368152.0,1778.27,1.270690894,17.58024778
36136,1.16,144222.0,1847.86,1.136632114,16.25270684
36137,1.3,151753.0,1365.44,3.010407062,12.47303513
36138,1.27,175963.0,1989.39,4.819877563,16.08867013
36139,2.95,354910.0,748.82,3.194985761,16.01436195
36140,1.07,149849.0,1858.05,4.371791185,16.33490541
36141,1.51,278964.0,2559.5,1.470826853,12.95989299
36142,1.31,167838.0,1167.71,0.0808578,14.02183767
36143,1.22,375933.0,1194.63,1.32348117,15.12221274
36144,1.07,363090.0,877.27,3.352044474,15.45086246
36145,1.56,359701.0,1866.18,0.79889369,15.01527336
36146,1.8,384251.0,1476.63,1.846076305,14.83421672
36147,2.76,255428.0,1700.71,1.80887904,16.35927795
36148,1.8,364757.0,927.8,4.00276859,12.91169481
36149,1.93,356725.0,1743.77,3.664251914,16.29257547
36150,0.0,379718.0,843.42,4.450746142,16.23229686
36151,2.57,359889.0,814.55,2.006334408,16.56405754
36152,1.21,345168.0,2528.08,0.797740717,14.93699986
36153,1.26,385831.0,1847.39,2.203391051,16.87445211
36154,0.75,263483.0,1824.84,1.580254188,15.84227379
36155,1.93,351116.0,691.82,2.912660042,15.21608833
36156,1.7,271341.0,1115.85,1.906754388,16.95209882
36157,0.68,382543.0,2765.81,1.564626225,13.8225929
36158,0.0,282355.0,1908.06,2.184946805,17.4133627
36159,0.0,380145.0,1801.01,4.066618956,15.76857351
36160,1.03,262723.0,891.08,1.26995018,14.09624691
36161,2.59,359353.0,1871.07,1.853292179,14.38430592
36162,2.42,136040.0,1899.95,0.736250993,16.07551455
36163,1.53,381343.0,1212.26,2.900561006,13.2400128
36164,0.73,375446.0,776.6,2.775957927,15.24732156
36165,0.81,384829.0,705.05,2.030868227,15.19821371
36166,2.37,268449.0,1415.76,1.842583583,16.31899943
36167,0.65,139087.0,1890.75,1.808378413,14.62334894
36168,0.36,133770.0,1914.0,3.589680411,15.62532039
36169,0.63,171051.0,1073.99,4.232675138,15.56390751
36170,0.6,138770.0,1828.84,1.339977756,12.33970572
36171,0.84,257821.0,2366.11,4.199054934,15.77271431
36172,0.83,365670.0,2254.63,3.130095516,15.41347234
36173,1.8,243563.0,776.0,4.658146382,16.10302608
36174,2.02,155232.0,1657.23,2.330762784,15.89111019
36175,1.04,363970.0,1798.38,4.300165289,15.18954756
36176,1.59,371304.0,2292.22,1.799532551,14.20089183
36177,1.22,361001.0,1716.52,1.249210041,16.66527922
36178,0.62,348449.0,1727.55,2.103059508,12.88428843
36179,2.22,267588.0,630.34,1.866743495,16.75988347
36180,1.89,119423.0,2615.79,3.103305212,16.16427978
36181,1.18,384538.0,1093.35,2.508663207,17.4474925
36182,1.02,235927.0,2474.65,3.833854756,17.09237569
36183,1.08,146350.0,2473.31,1.269385441,13.54101428
36184,2.25,357405.0,1993.94,1.146691824,15.40059395
36185,2.04,255364.0,1788.8,1.851691182,15.32964902
36186,2.29,364760.0,1424.15,4.201570069,13.23824198
36187,0.41,259860.0,2251.1,2.214581762,13.98118738
36188,0.65,245239.0,2349.03,1.494905832,14.00548797
36189,2.4,376248.0,2897.21,4.573349151,16.48718157
36190,1.55,155401.0,1876.43,1.967509581,14.41768797
36191,1.94,143033.0,2335.59,3.635297192,16.63596539
36192,1.59,363173.0,946.21,3.452757039,15.43328689
36193,1.04,366475.0,1743.2,4.155654333,13.87276933
36194,1.8,366679.0,1203.94,1.694470866,13.36226063
36195,1.07,149992.0,2019.72,3.130532893,14.65957418
36196,1.94,372669.0,2188.25,2.101673535,16.10484898
36197,1.5,125821.0,965.02,0.552518419,16.07059979
36198,0.48,260405.0,1918.66,2.38227125,16.28703771
36199,2.57,377847.0,2128.33,2.343993522,13.50916797
36200,0.66,258051.0,1481.47,0.279746484,16.02346597
36201,0.0,269553.0,1505.03,0.167735026,15.83601373
36202,1.28,148994.0,2411.15,1.844368818,14.50443091
36203,1.13,150178.0,1771.11,2.247510908,14.75241244
36204,1.18,278647.0,1739.34,1.79460382,17.73027397
36205,0.48,396612.0,1280.06,4.718775683,16.23648774
36206,1.86,139948.0,1369.1,2.055012984,16.57858819
36207,1.24,272157.0,744.9,3.416813563,14.58847364
36208,2.71,379322.0,1311.21,1.103491682,16.8249424
36209,0.88,137948.0,1747.07,4.418273957,13.80291911
36210,1.57,229839.0,2181.71,0.080620725,15.54430232
36211,1.38,167936.0,2248.04,2.485306179,15.55231845
36212,1.96,389854.0,1608.84,2.951395916,16.10833163
36213,1.59,372899.0,2214.66,2.32676131,16.80279444
36214,2.49,269371.0,1335.1,-0.263246068,15.18227715
36215,1.15,148302.0,1768.48,4.437804133,16.73093976
36216,0.0,272910.0,1740.82,4.184435388,14.18493982
36217,2.19,385218.0,1936.44,1.302083384,16.23507364
36218,0.99,257123.0,2208.62,2.564209498,16.2008922
36219,1.39,240387.0,1748.16,1.442103034,15.07834331
36220,1.23,150589.0,2146.12,1.871398335,16.17127241
36221,1.94,344855.0,1082.57,3.005732994,11.50475691
36222,2.33,166764.0,2401.56,0.954767979,16.02434396
36223,1.34,350406.0,2180.3,1.106486194,15.77666455
36224,2.42,358161.0,1847.03,1.780448481,16.01717472
36225,0.42,146913.0,1951.3,2.453910942,14.93279662
36226,0.82,368845.0,1206.93,4.288845111,16.02914793
36227,0.66,161914.0,1617.33,2.338910139,16.31994632
36228,0.86,254494.0,2256.14,2.904263219,15.52038049
36229,1.21,157264.0,2104.87,1.134391841,15.70804624
36230,1.55,241462.0,2512.5,1.444714681,13.1898191
36231,1.42,143371.0,775.13,3.453490273,13.92514589
36232,0.61,364545.0,2327.75,3.27228922,13.88359571
36233,0.72,376248.0,1300.14,0.015623525,16.47986576
36234,1.0,167789.0,1897.06,4.095799513,15.10193319
36235,1.55,265705.0,850.03,1.061429876,13.63109264
36236,1.17,369840.0,1507.29,1.524131841,13.76093925
36237,0.85,259986.0,1787.38,2.209458424,13.53727916
36238,2.31,354457.0,664.88,1.587889482,16.21037315
36239,1.67,352012.0,1688.87,1.200952516,14.38675542
36240,1.68,372770.0,1476.12,2.372651132,14.13135044
36241,0.75,385099.0,1930.97,3.711190747,15.8177965
36242,1.44,173571.0,1886.56,3.048242352,12.91111097
36243,2.74,356073.0,1864.14,1.328538928,15.76876417
36244,1.9,162827.0,2233.4,2.422686959,12.736794
36245,1.62,361452.0,1797.61,3.24465257,15.72326649
36246,1.35,392395.0,1867.82,2.405009357,12.26290826
36247,1.51,141755.0,1620.6,3.63875228,14.12489778
36248,1.89,368631.0,1861.73,3.353793107,13.11429429
36249,1.48,382968.0,1337.3,1.252442859,15.0882358
36250,0.74,161257.0,2362.09,1.183652693,16.18614894
36251,6.38,377750.0,703.25,2.444237546,15.84006557
36252,1.15,157087.0,1863.32,1.736666937,16.91240597
36253,1.7,354409.0,1605.6,2.056605653,16.20745272
36254,2.31,166335.0,1770.07,2.971936416,15.37779616
36255,0.94,176026.0,947.24,0.983798447,15.67964089
36256,1.5,382430.0,1932.66,3.98443919,14.87883913
36257,1.4,151561.0,2528.53,1.88685225,15.54907519
36258,1.43,168872.0,1091.83,2.673187164,14.29696659
36259,2.91,114947.0,671.6,3.063522878,14.7205499
36260,2.31,369045.0,2431.62,2.559338716,15.72208862
36261,0.71,377691.0,1898.6,0.772809512,15.43963101
36262,1.82,389156.0,874.79,3.163290513,14.71099389
36263,2.32,125185.0,1760.94,2.060924808,17.38864473
36264,1.8,366845.0,1176.76,1.497519825,15.95308211
36265,2.49,126906.0,1101.81,1.215585886,15.76824546
36266,1.04,259494.0,1301.9,3.819166245,16.04594651
36267,1.54,385255.0,1766.59,1.375121655,12.57905586
36268,2.06,358371.0,1267.33,3.970268853,17.34940394
36269,1.4,381312.0,1372.08,3.618395128,13.43471147
36270,2.1,374849.0,657.8,4.70621863,13.11238319
36271,1.64,277313.0,2071.76,1.263126417,15.57809962
36272,1.26,150187.0,2417.8,2.190926562,12.03475673
36273,1.87,282523.0,1704.57,3.43828423,13.35952563
36274,1.75,381931.0,1749.47,2.91597395,13.62488176
36275,2.13,258841.0,1588.44,1.725038349,15.40397813
36276,0.65,263073.0,2351.76,2.089167873,15.64277323
36277,1.08,126805.0,1164.66,1.655795974,14.36490127
36278,0.75,375766.0,2017.64,0.784663085,14.06329658
36279,2.37,370726.0,802.79,1.449406775,17.21731892
36280,1.96,177343.0,883.6,1.891805666,16.97900536
36281,1.17,255252.0,1904.79,2.047416895,14.33102336
36282,1.17,368112.0,1005.18,0.584581373,15.4520173
36283,1.0,375260.0,1339.12,4.430895358,16.12317811
36284,0.84,178787.0,1131.49,4.539298588,16.58001569
36285,2.95,361953.0,1144.83,-0.018253963,16.36328501
36286,2.35,344625.0,1937.11,3.74581937,13.88744836
36287,0.17,266783.0,2213.86,1.511485997,15.16458179
36288,0.65,358250.0,1902.35,0.084479735,16.52702695
36289,1.04,233526.0,1362.12,1.833879511,13.56761542
36290,2.05,360768.0,2342.46,0.476886587,14.0100005
36291,1.76,380207.0,1917.87,2.353189008,15.4219115
36292,1.37,128604.0,1386.64,2.157260543,11.70015776
36293,0.72,382315.0,1904.43,2.008331988,15.1173033
36294,0.61,382265.0,2178.24,1.272900213,16.32257988
36295,3.21,249404.0,2211.54,1.369141772,15.40710602
36296,1.4,364698.0,1914.33,3.458233415,17.26454816
36297,1.41,163338.0,1133.32,2.393818497,14.96702658
36298,1.93,253602.0,1677.54,2.384573338,15.77720816
36299,1.52,369571.0,770.12,2.608569227,14.2104603
36300,1.68,347795.0,2206.75,4.131620917,16.25962995
36301,1.6,347818.0,1171.79,2.946191263,16.46622376
36302,1.4,387733.0,1031.24,3.675035571,14.35100395
36303,1.26,361039.0,1654.26,3.4944897,12.57167262
36304,2.62,358882.0,1788.23,1.196584172,15.68199933
36305,1.47,349530.0,865.88,2.423836146,14.02136168
36306,1.42,167824.0,2090.14,2.598172837,16.21312654
36307,1.18,377085.0,998.51,1.757838371,16.19613993
36308,1.21,141915.0,915.74,1.398191141,15.36179946
36309,1.35,354972.0,768.73,1.992037803,15.44341047
36310,1.94,129681.0,1908.06,1.114719305,11.2583727
36311,2.44,232332.0,1920.49,1.639375864,16.01657229
36312,2.07,364454.0,1883.45,1.321242431,15.20995095
36313,1.76,139705.0,806.4,2.533444142,15.72234295
36314,0.96,136467.0,691.31,1.067915974,15.4093812
36315,1.37,169710.0,1903.11,3.74622669,15.14064118
36316,1.34,155255.0,2212.06,1.181170122,14.23073063
36317,1.04,153560.0,2329.96,0.96365407,15.15689319
36318,1.45,372345.0,1785.87,3.100172663,15.32185717
36319,1.63,158717.0,2423.0,1.733855743,17.5105766
36320,0.89,388520.0,2705.94,2.218996122,13.74962478
36321,2.28,368236.0,1335.11,1.337262319,12.68921916
36322,0.85,381890.0,1233.83,1.639077636,15.57130835
36323,0.88,360049.0,2200.09,2.425095264,13.02925747
36324,1.41,134195.0,2262.1,1.957908358,13.91563834
36325,1.97,158432.0,1463.02,3.353977027,13.10152317
36326,2.0,229634.0,1990.69,3.744641431,15.75901522
36327,1.66,262042.0,2304.67,0.968470142,15.08753605
36328,1.93,368948.0,1213.14,3.060961928,14.94057142
36329,0.64,268575.0,1272.11,1.254229801,15.1190576
36330,2.24,137018.0,1779.21,2.030587533,13.91931463
36331,0.85,356302.0,751.14,2.10536737,15.02601947
36332,1.8,134723.0,907.46,0.923995516,13.5896759
36333,1.09,380908.0,2129.05,1.930159025,15.14502883
36334,1.7,271904.0,2245.08,2.935026452,11.2583727
36335,2.12,371475.0,2443.4,1.525153298,15.02639052
36336,1.2,168608.0,2038.88,3.570655972,16.02198667
36337,2.52,333240.0,2221.36,1.702078159,13.43689396
36338,0.45,375367.0,2519.25,3.727989948,16.68875778
36339,2.11,163670.0,3047.82,1.256697146,13.19161325
36340,1.22,156336.0,2405.76,2.418789747,14.5661071
36341,1.99,140986.0,2122.74,2.009930436,15.3500895
36342,1.0,375067.0,794.89,4.461611823,15.35423076
36343,0.84,165089.0,1566.57,4.061963444,15.77746041
36344,2.87,271595.0,2103.71,1.646139433,13.38145102
36345,2.29,161469.0,1938.65,1.603957587,14.86018663
36346,1.37,366610.0,2325.17,1.781985333,15.63551417
36347,0.65,133599.0,2177.6,0.852756462,15.47047595
36348,0.96,385960.0,1956.06,3.565380614,16.2646559
36349,1.87,384495.0,638.15,1.554687267,16.18315398
36350,0.54,242052.0,2306.06,1.066517305,15.89062702
36351,1.48,369898.0,1989.43,4.93924406,16.21218901
36352,0.36,162251.0,2046.45,1.972062565,15.24548613
36353,0.65,245411.0,2300.51,1.111858847,13.24264733
36354,0.8,144366.0,2078.5,3.682838016,13.83636214
36355,2.59,354525.0,1985.05,4.374792011,13.49829644
36356,1.66,153401.0,1926.93,4.8864081,17.48850809
36357,0.0,374370.0,904.46,1.690599988,16.67088024
36358,1.05,341665.0,2348.12,2.383244924,13.3182132
36359,1.47,245487.0,1829.83,1.514901508,17.16808734
36360,2.01,162398.0,949.81,2.939221049,16.14735594
36361,0.0,359030.0,1072.35,1.202522714,13.51680921
36362,1.14,381442.0,1873.52,4.158565294,15.5415722
36363,0.86,149819.0,2253.67,1.515953031,15.57452751
36364,0.85,382091.0,930.92,3.335785813,15.47938088
36365,2.16,144686.0,1688.87,2.540557488,15.02652574
36366,0.58,382080.0,2488.08,1.592538258,16.90013828
36367,1.42,381480.0,2278.73,3.279198746,15.53151207
36368,2.93,360735.0,2252.29,2.360666422,12.00709313
36369,1.45,379344.0,2539.77,2.519396945,17.54807897
36370,0.91,352405.0,1824.06,4.727441446,15.63212169
36371,1.83,163365.0,1595.9,1.014755758,17.22970282
36372,1.64,170428.0,2004.18,0.266838915,15.63853648
36373,1.41,359093.0,2562.44,1.711248258,14.88104463
36374,1.06,143460.0,1949.27,0.527667003,16.11236932
36375,1.5,155066.0,997.31,0.38470536,15.61225517
36376,1.17,378709.0,1798.38,1.242687062,13.72691121
36377,0.4,264930.0,1748.83,1.55639114,14.01928165
36378,2.15,375215.0,1932.31,2.646705764,15.21489196
36379,1.07,382735.0,2006.53,0.429154314,13.89851866
36380,0.48,363656.0,1556.51,1.972095953,14.26013869
36381,1.17,379046.0,2213.14,2.466251566,15.58671682
36382,1.45,371956.0,1763.17,2.095747909,14.94963004
36383,1.06,164698.0,2198.67,3.191859601,11.2583727
36384,0.96,127545.0,1770.6,1.30947255,15.76559931
36385,0.98,147122.0,1008.41,3.32963945,15.6967387
36386,2.25,327455.0,1049.85,2.723492766,11.76142567
36387,2.29,134003.0,1977.03,1.186130979,14.04307162
36388,2.13,347804.0,1704.87,2.125559174,15.81016729
36389,1.42,371584.0,1801.36,3.370976407,13.97278234
36390,2.71,362962.0,2097.76,0.78293076,13.15949068
36391,0.58,378792.0,1825.86,1.935553035,17.5915408
36392,2.45,371595.0,2350.75,4.733628484,15.39720824
36393,1.19,152624.0,1945.03,1.826967487,15.10595069
36394,0.56,357133.0,1809.41,4.559014857,14.12989576
36395,1.84,165247.0,2302.14,2.272067274,16.53933111
36396,0.62,377144.0,1851.82,2.627848337,15.36194324
36397,0.78,375806.0,1873.23,3.861365836,13.59301036
36398,1.0,389963.0,852.22,3.616403294,15.534738
36399,1.26,377772.0,782.71,2.001856004,13.96941861
36400,0.74,261918.0,2911.05,4.478641797,13.60987195
36401,0.49,393678.0,1806.21,4.894025358,15.98044399
36402,1.52,359114.0,1025.21,2.919161133,11.84777776
36403,2.85,380422.0,969.58,2.807592705,16.29603965
36404,1.84,364751.0,1798.02,1.591943988,15.50501457
36405,1.73,137565.0,1781.73,1.772106061,15.63806538
36406,1.88,348795.0,2197.18,1.663870191,15.53028926
36407,1.63,247358.0,765.51,0.274547947,14.960292
36408,1.43,131478.0,2454.46,4.237671089,15.14144905
36409,1.23,125499.0,1750.03,1.036841373,15.87083601
36410,1.89,376170.0,1798.52,0.737042241,14.88713977
36411,1.25,361850.0,1908.48,1.004743856,14.35814266
36412,1.57,371407.0,897.52,1.876620502,16.06145313
36413,0.8,357592.0,1946.29,2.656896986,15.73357709
36414,0.54,367181.0,2055.61,2.57352089,15.79745503
36415,1.46,335827.0,865.97,2.983383643,16.27756749
36416,2.28,352809.0,1143.22,3.03731386,15.115514
36417,1.49,246321.0,1875.98,1.666974959,15.52218645
36418,1.35,141135.0,1909.71,1.292160293,15.30144892
36419,1.65,257148.0,2138.64,1.323324677,17.06323923
36420,0.8,263824.0,2218.92,1.026467636,15.26336933
36421,2.32,239993.0,1429.02,2.019484569,15.56121173
36422,1.81,349115.0,1269.13,1.36811954,15.57272666
36423,1.75,120572.0,1763.26,0.56573929,14.62841236
36424,1.26,149010.0,2637.0,3.852582573,15.92778553
36425,1.27,256124.0,2026.86,1.554375172,15.52589995
36426,1.8,138375.0,786.25,3.259159093,15.83959607
36427,1.73,140175.0,1483.67,1.112353118,14.22079004
36428,0.58,371297.0,1555.05,0.974264156,14.84668745
36429,2.85,362394.0,586.86,2.374242377,15.92473336
36430,1.06,363636.0,1967.46,3.677547422,15.59081157
36431,1.96,373705.0,818.74,3.657814892,14.59421499
36432,2.41,270934.0,742.12,1.761048327,15.51094598
36433,2.47,375487.0,1857.86,1.667104342,15.34034781
36434,1.07,401119.0,2621.14,1.827128245,15.79610796
36435,0.94,362805.0,2031.22,1.509383336,17.01887617
36436,1.82,255787.0,1948.69,1.522076478,14.51990598
36437,2.31,131372.0,2298.81,2.036094223,15.59610449
36438,1.66,362400.0,1823.02,2.295663452,15.86960096
36439,2.27,254521.0,1805.97,2.813597728,12.20646008
36440,1.91,384582.0,2635.38,1.1175151,15.53410031
36441,1.84,397387.0,2239.29,1.875254365,16.23631633
36442,5.02,383413.0,2251.68,1.070966865,15.10896191
36443,1.28,260563.0,1960.41,1.496053415,16.96066983
36444,0.81,370777.0,1900.06,1.734168707,17.49556951
36445,1.63,367210.0,717.24,1.303963414,15.29498775
36446,0.32,353312.0,2178.98,1.545135066,13.98779266
36447,1.74,152819.0,1783.48,3.903157405,16.8785565
36448,1.28,401119.0,1885.29,1.827494042,14.35512947
36449,1.21,374142.0,992.35,1.530003201,16.32228133
36450,2.74,137849.0,1979.97,1.20294218,16.37796128
36451,0.0,367470.0,1512.2,2.48429504,12.85067104
36452,0.73,148304.0,702.72,1.414242338,15.34482314
36453,1.37,153159.0,1092.59,2.252041875,15.14760302
36454,2.0,145761.0,1766.79,0.587903527,16.52377161
36455,1.73,236124.0,1384.73,1.880264792,15.62584734
36456,0.34,362812.0,688.54,1.174549616,15.58006436
36457,4.82,367827.0,1908.7,3.716130473,15.23949948
36458,1.1,258257.0,1788.91,4.6437991,15.37645217
36459,1.86,368039.0,1646.99,2.082158558,16.19308169
36460,1.03,359313.0,2199.33,4.107195043,14.88658673
36461,1.35,346535.0,1816.68,2.141393049,14.96343345
36462,1.5,356593.0,2123.4,1.258131612,15.2636675
36463,0.38,378134.0,2576.1,1.994798857,15.91434173
36464,1.23,264043.0,1539.06,1.622343803,16.41939569
36465,1.82,369382.0,2626.44,3.366324754,16.4518722
36466,1.95,255405.0,2310.08,2.444075294,13.54001846
36467,1.48,373635.0,726.0,1.966088503,14.5442718
36468,1.62,148976.0,2263.76,1.52246539,15.74533596
36469,0.61,263487.0,1293.31,1.776869281,15.09099264
36470,2.48,373185.0,592.03,1.632838026,13.1044228
36471,2.25,346036.0,919.69,0.750582969,14.31879715
36472,2.11,124288.0,656.55,2.702044037,16.31822758
36473,1.31,153436.0,1879.61,1.337818931,15.63224406
36474,1.19,363792.0,2643.2,1.732738627,15.81837281
36475,0.2,154452.0,1800.1,2.069959154,15.853977
36476,1.42,277674.0,2285.62,3.290247739,14.54423028
36477,1.02,371844.0,1338.75,3.235665572,16.1623357
36478,0.08,255765.0,1049.33,3.698571731,15.56890371
36479,1.14,154655.0,1741.93,2.177384178,16.03223403
36480,1.27,369015.0,1910.04,1.422798242,16.32601701
36481,0.94,272794.0,1870.06,2.892048355,15.1943081
36482,1.73,381663.0,1362.27,1.094960823,15.31483489
36483,0.91,278041.0,2231.45,2.122512999,15.78905468
36484,2.37,351486.0,1393.32,0.906356842,15.9110495
36485,1.7,252276.0,835.43,1.731822592,14.95170477
36486,1.03,158494.0,2490.44,2.362797823,14.73156659
36487,2.33,353055.0,2637.22,2.834348535,15.45525125
36488,1.43,158810.0,1708.86,4.059711943,15.56792844
36489,0.82,250363.0,1163.33,4.327554879,12.79920447
36490,2.73,370087.0,2828.15,1.730199197,16.79283037
36491,0.49,377717.0,1195.41,0.956663781,13.51420331
36492,1.01,388773.0,1555.56,4.495686751,16.72597689
36493,1.49,166690.0,2243.18,1.549231771,16.77985474
36494,0.31,363919.0,2474.16,3.414466569,13.853333
36495,0.97,375720.0,1815.39,2.916332387,17.4739127
36496,1.32,359144.0,1444.25,0.454919145,16.49056755
36497,0.0,261873.0,1838.25,2.854995283,14.12861873
36498,0.87,393552.0,900.02,0.646297883,14.42933748
36499,0.87,354923.0,2130.99,3.905732456,15.79403459
36500,2.76,145363.0,1278.92,2.30248659,15.35237089
36501,1.65,359516.0,832.77,2.230849878,16.56238435
36502,1.03,249407.0,1050.64,1.663207853,16.21057709
36503,0.89,137576.0,2384.38,2.994922075,15.53535886
36504,1.48,353558.0,766.89,4.777010725,15.05254512
36505,1.87,338815.0,1737.12,4.004142675,11.79644494
36506,2.66,120692.0,1809.82,1.175688141,13.07985919
36507,0.68,377762.0,2403.99,2.536567563,15.80795283
36508,0.93,258202.0,2188.77,1.954691022,14.6603828
36509,1.45,392437.0,1586.59,4.129274097,15.52852795
36510,1.01,175189.0,1933.54,2.037741857,16.35661031
36511,1.15,130428.0,1456.91,1.899607385,15.63435374
36512,0.73,269216.0,2598.51,1.134531883,16.17940219
36513,1.27,139915.0,1416.44,3.413219068,16.21745065
36514,1.03,343479.0,2081.31,2.667025772,13.60557433
36515,1.07,249315.0,1241.66,1.338777636,14.13988005
36516,0.49,242576.0,1991.96,1.84468574,14.25180005
36517,2.18,379448.0,2404.03,0.838730977,14.83414626
36518,1.57,391448.0,1832.59,1.878885192,13.92852611
36519,1.25,364060.0,772.62,1.417083098,13.50815765
36520,0.64,384117.0,1956.7,1.381781135,16.59738221
36521,0.64,255020.0,1131.93,1.960586851,14.43822642
36522,1.06,157006.0,2477.6,1.625415708,15.05493712
36523,2.1,366298.0,1760.17,2.271227997,14.45320572
36524,0.56,362605.0,1747.92,1.284785643,15.30774605
36525,3.67,145312.0,1836.63,1.67158933,15.41271994
36526,1.44,138656.0,1303.27,1.837148088,15.73935905
36527,2.38,365561.0,1281.99,1.827984971,15.15567922
36528,1.51,339720.0,1733.23,1.631258856,14.33949794
36529,0.74,379923.0,814.51,1.207788747,13.14762908
36530,1.5,347715.0,1406.35,0.909453451,15.38606673
36531,2.47,346720.0,2387.7,1.076721949,14.75132471
36532,1.14,134039.0,1314.79,1.961041368,15.49803495
36533,1.09,120299.0,715.07,2.12856407,14.76826149
36534,1.06,368539.0,852.35,1.325518971,14.65699882
36535,2.47,368796.0,1217.29,1.70833398,16.36877782
36536,1.06,350867.0,1819.46,2.407635442,17.17889414
36537,2.12,168596.0,1667.87,3.974221199,15.26222968
36538,1.54,374055.0,1008.39,3.729439963,15.32880357
36539,0.0,160130.0,1874.11,1.215945884,16.00459979
36540,1.31,138010.0,1353.96,3.123087663,15.53448117
36541,2.18,351634.0,1182.42,2.743571631,16.06943938
36542,1.72,264614.0,1871.42,1.060726111,14.33840417
36543,2.41,237023.0,1804.76,3.391950102,14.90239652
36544,1.89,174319.0,1396.78,1.835730674,13.72656305
36545,0.81,168211.0,897.66,1.181803735,16.50185437
36546,1.78,168299.0,2208.39,2.221820368,14.56865362
36547,1.21,250382.0,1630.77,0.72947937,15.38494118
36548,1.16,385791.0,1846.44,1.573002448,12.95970043
36549,0.89,265409.0,1506.32,1.63663004,15.29257657
36550,2.13,368132.0,1096.9,2.437677563,15.32743759
36551,1.33,366911.0,775.3,1.921102455,15.01891649
36552,2.59,382516.0,1860.91,1.571475598,14.11057102
36553,1.46,280520.0,1941.59,3.52909894,14.77062215
36554,2.47,169483.0,913.81,2.350315177,15.59567974
36555,1.81,395679.0,929.19,4.484241027,16.93960939
36556,0.92,401088.0,2321.38,2.08868977,16.05460387
36557,1.38,357923.0,932.69,1.786627627,14.65242685
36558,2.19,147417.0,1376.12,0.366711721,15.9358569
36559,1.01,398758.0,1272.48,2.713310963,15.00966498
36560,0.33,144080.0,2114.35,3.06024615,15.75041218
36561,1.27,380374.0,1814.04,2.221806878,13.15825955
36562,0.64,370605.0,1448.4,1.747703908,15.50568418
36563,1.82,133556.0,1150.14,1.777574817,14.35758773
36564,2.33,355616.0,1017.38,2.893622197,16.57189939
36565,1.39,365143.0,966.95,3.48126184,12.58127553
36566,1.08,358275.0,2172.02,4.319514224,15.79076269
36567,0.94,361410.0,1426.36,3.943218906,15.51159084
36568,1.7,384159.0,1946.32,1.367736832,14.38218534
36569,1.0,132688.0,746.35,3.478442353,11.43850383
36570,0.95,363558.0,1674.63,1.588617651,16.93084906
36571,1.74,248380.0,1871.3,1.109904364,14.29184386
36572,1.61,134638.0,1710.12,0.615718794,15.652035
36573,1.5,251103.0,1766.37,0.85465063,14.02407137
36574,1.52,378007.0,2815.02,2.221064815,14.82565137
36575,1.75,362783.0,1756.82,1.794188728,16.07657614
36576,1.21,256329.0,1397.61,1.917800716,15.09656099
36577,1.81,244494.0,836.58,4.047175099,15.16596352
36578,0.27,337838.0,1515.53,1.938495468,14.29876906
36579,0.68,384523.0,1322.29,2.609810244,15.94197297
36580,1.3,142905.0,689.24,2.503594807,14.6789003
36581,1.21,354623.0,1778.62,3.280191898,15.70267646
36582,2.26,138608.0,1938.86,1.090415682,16.20871785
36583,1.16,377381.0,2114.02,1.545987399,15.09197639
36584,0.76,118951.0,1708.05,1.795575735,12.95968594
36585,1.63,137900.0,1791.78,0.146046598,13.1026923
36586,1.67,252013.0,2134.49,2.474314935,15.90102421
36587,0.86,153645.0,3023.53,1.3922965,16.09885801
36588,1.78,284167.0,1923.8,3.011270629,16.00626656
36589,1.09,157845.0,1455.21,1.706731656,12.19486782
36590,1.24,123455.0,1009.86,2.719087271,16.50313645
36591,1.89,245125.0,1320.62,1.103284323,15.44643569
36592,1.5,375606.0,1770.89,1.042023008,16.24257127
36593,1.01,352784.0,2400.7,1.072173871,13.4395659
36594,0.64,380131.0,1873.71,0.91980379,14.79769604
36595,0.65,179413.0,2004.17,1.890671777,16.1526899
36596,0.23,135425.0,1724.32,1.327574112,12.16146766
36597,0.77,272332.0,2617.17,1.679889274,15.65805441
36598,1.2,364838.0,1901.62,3.659610848,16.69229004
36599,2.16,136123.0,2615.71,2.504278062,14.89570232
36600,1.22,132737.0,751.23,0.231727573,13.43219776
36601,1.64,146638.0,1473.99,1.008334562,17.26501571
36602,0.64,262156.0,1987.64,2.560048293,16.75432844
36603,1.66,357859.0,746.26,2.121738589,13.55262459
36604,2.21,143502.0,2502.09,1.237799068,16.20516971
36605,1.02,138813.0,2335.28,2.178321745,15.59783328
36606,1.15,367005.0,729.84,3.631131525,15.75687188
36607,2.61,354006.0,2196.94,1.232290477,16.33491953
36608,1.3,262441.0,1459.52,3.426747376,14.41927724
36609,1.36,148100.0,1397.92,1.612372358,13.83808737
36610,1.74,142961.0,1334.92,2.349320019,16.0611838
36611,1.62,337534.0,2339.39,4.228088682,15.58779541
36612,2.24,250228.0,2341.33,1.829448541,15.27946273
36613,1.78,143079.0,1737.7,0.925513732,15.71804972
36614,2.22,120199.0,1809.8,3.023989423,14.12561895
36615,1.13,393889.0,2567.65,2.269318083,13.07549842
36616,1.56,179646.0,1906.96,1.607443771,15.7414476
36617,1.07,338203.0,1878.45,1.253511209,14.19674791
36618,1.84,375613.0,1579.89,1.873190328,17.73027397
36619,1.4,253184.0,1892.14,3.706821883,14.57871207
36620,1.05,370324.0,1757.5,1.765843629,12.04659478
36621,1.33,159800.0,1762.33,0.859127568,15.66156619
36622,2.79,382942.0,1284.57,2.529876456,15.34817803
36623,1.73,398452.0,1831.55,4.089317868,14.39005446
36624,2.01,340897.0,1913.51,1.66865416,15.53953654
36625,2.25,360939.0,2160.71,1.464208845,13.47811923
36626,2.72,377168.0,729.81,2.212509169,15.26227224
36627,1.65,374737.0,1418.08,1.949474779,13.47220765
36628,0.91,363540.0,693.08,1.994740148,15.83944832
36629,1.78,130276.0,1512.04,1.175154137,16.02692556
36630,1.41,363426.0,2590.07,1.640559584,15.52832221
36631,0.86,260357.0,907.97,0.780054277,15.50440616
36632,2.56,366277.0,1802.63,1.917862625,14.03531712
36633,1.37,389904.0,1954.51,0.95420426,15.30046205
36634,2.57,138020.0,2186.72,1.936039924,16.38188493
36635,1.39,263909.0,2003.66,3.445046843,12.41537026
36636,2.62,142844.0,2304.28,1.622870063,13.61141985
36637,1.03,372314.0,1822.1,3.788798127,15.11723097
36638,1.31,155444.0,1759.04,0.2210988,15.27998876
36639,5.68,399898.0,1165.73,4.146914341,17.73027397
36640,1.91,136871.0,1808.58,2.060186626,16.27222728
36641,1.53,367853.0,1890.89,2.994100933,13.82840477
36642,1.97,337015.0,754.76,0.496942495,14.71818981
36643,2.38,388336.0,1730.5,1.26488459,15.11483034
36644,1.56,358254.0,2345.44,1.82873327,14.91230838
36645,2.54,387315.0,1477.84,4.245192258,13.1977623
36646,0.95,382122.0,2086.1,1.990162826,14.43206978
36647,2.36,135181.0,1353.17,0.100610187,13.75790222
36648,1.01,378393.0,1931.57,2.426249317,15.17981388
36649,2.74,344398.0,1823.46,0.866285172,12.44862879
36650,2.43,254360.0,1793.96,1.246158618,15.59908915
36651,0.78,156291.0,1944.95,2.089686997,13.10047115
36652,0.81,364346.0,1850.27,0.961974934,15.9889633
36653,1.48,330531.0,1428.33,4.079905802,14.60539078
36654,0.36,364912.0,2271.96,3.994728275,12.17149836
36655,0.91,139249.0,1177.78,4.268915393,16.15339338
36656,0.52,371337.0,1169.93,2.133135132,13.67894486
36657,2.02,398722.0,1811.81,3.64501109,15.93916809
36658,1.35,261869.0,1525.9,3.63948895,16.63680747
36659,1.47,378673.0,1368.21,1.644100226,16.67353848
36660,2.81,172984.0,1312.39,2.232377572,14.0481099
36661,1.17,356269.0,1928.19,1.66234612,13.61089539
36662,0.75,373105.0,1394.32,4.466563663,15.55175687
36663,2.24,246808.0,1075.75,2.815646968,14.52306056
36664,2.24,352475.0,2134.04,1.603120964,15.38821573
36665,1.42,370960.0,1712.2,3.613007698,16.27395679
36666,0.88,265846.0,2449.54,1.832099837,15.01447682
36667,1.39,378813.0,1949.15,2.857995322,16.49425908
36668,1.9,266849.0,929.96,1.941999171,17.73027397
36669,1.85,360220.0,2281.02,0.428683095,14.69219977
36670,0.9,265029.0,1444.96,3.262621962,17.02426507
36671,1.88,254181.0,1760.35,0.941322308,15.62073885
36672,2.35,358873.0,1755.14,3.197976691,15.2845841
36673,1.94,272459.0,1714.18,2.925271433,12.69051207
36674,1.63,136396.0,2086.45,0.786169808,16.77693233
36675,1.67,364971.0,1395.26,1.632657761,15.40940264
36676,0.67,253876.0,1270.63,1.268133285,15.39923751
36677,0.78,240210.0,1961.24,2.604740061,17.1950783
36678,1.44,153834.0,708.77,1.173624495,14.70194733
36679,2.5,361844.0,1881.93,0.174383387,13.10404259
36680,1.0,371035.0,2079.68,0.332939252,14.80647477
36681,1.52,262130.0,2443.52,1.951390558,13.68442361
36682,1.65,242602.0,1826.64,3.827514864,15.27307518
36683,2.25,140315.0,2162.6,0.822259236,15.35362529
36684,1.3,251488.0,1824.75,1.96325217,14.43074995
36685,0.96,343544.0,1004.19,0.954227954,15.83265132
36686,1.59,157545.0,1011.12,3.498292957,16.19633126
36687,0.95,373542.0,1760.32,4.393316902,15.57187592
36688,2.56,399414.0,1692.91,3.349361575,13.98263721
36689,2.18,344370.0,1623.15,2.882071077,15.02404849
36690,1.22,373024.0,757.44,2.127412123,13.64260777
36691,0.55,378017.0,1832.24,3.535622329,14.47653721
36692,2.03,365447.0,1107.55,1.012866876,14.87069311
36693,2.3,154665.0,805.95,2.062071391,14.38975569
36694,1.47,269950.0,2202.35,4.496259664,16.25511663
36695,2.57,144074.0,2155.97,1.754512218,15.81631694
36696,0.34,252903.0,1210.09,1.646731941,15.3431834
36697,0.19,386086.0,1225.26,2.845892696,11.69301262
36698,1.02,386602.0,1660.8,3.731517641,16.2757533
36699,1.8,378776.0,1872.87,1.320042677,14.74716263
36700,0.86,343977.0,1998.14,1.116464181,15.12101786
36701,1.53,356611.0,2418.83,1.851624133,14.89409883
36702,1.14,149801.0,1682.9,3.173954535,16.2600848
36703,0.35,347082.0,2163.5,1.772285675,13.27246388
36704,0.18,156188.0,1960.91,2.02255618,16.22184222
36705,2.0,163415.0,2544.34,1.572247034,15.91374066
36706,1.69,391786.0,2195.31,1.55226075,15.56709279
36707,1.81,131731.0,1695.12,3.722680269,15.94112232
36708,2.45,159114.0,1843.32,0.742844902,16.05951489
36709,1.64,382310.0,2138.05,1.452552397,15.59628952
36710,1.64,119474.0,807.17,0.329422882,16.79713113
36711,0.73,386148.0,1993.66,3.076561036,16.19667542
36712,0.64,401119.0,2471.15,3.09073612,14.83186213
36713,1.97,374583.0,1140.67,1.235016356,11.85668013
36714,1.01,375152.0,2453.21,1.956266317,14.4156193
36715,1.12,151235.0,1648.43,1.340634246,15.13794274
36716,0.77,374989.0,1087.62,1.599052004,13.54759228
36717,1.95,365633.0,1807.18,1.312280414,15.33109388
36718,1.13,137347.0,1241.67,1.703082406,14.588026
36719,1.73,371179.0,1854.81,1.178054391,12.54906322
36720,1.18,358104.0,1826.54,4.448796252,15.9988011
36721,2.05,357776.0,1067.27,1.857024208,15.63293877
36722,1.39,260874.0,986.97,0.944846706,14.82322666
36723,2.75,155263.0,1464.6,-0.068850488,13.77039908
36724,1.83,162372.0,2912.83,4.533916304,16.71216987
36725,1.7,148017.0,1762.8,1.468735135,15.66848157
36726,0.54,370823.0,2409.62,2.749663004,15.43106044
36727,0.46,134250.0,1382.65,1.428414558,17.17427432
36728,1.8,269124.0,1626.87,1.22302462,12.97797855
36729,1.49,367571.0,810.87,-0.013260596,15.70953789
36730,1.27,116738.0,1492.27,1.648361324,11.41790749
36731,1.71,259687.0,1935.79,2.484964959,15.87577191
36732,2.33,251468.0,955.7,2.750591053,15.63462974
36733,2.14,182245.0,2574.5,2.60081701,15.59430462
36734,1.5,173506.0,2563.0,3.938110036,14.29423617
36735,1.82,150801.0,1774.15,3.091300269,16.41401006
36736,1.1,381062.0,1900.15,1.407503977,16.45501292
36737,1.57,353506.0,1469.76,3.110877015,14.95033953
36738,2.03,358814.0,1884.26,3.278026775,15.16765548
36739,2.09,395993.0,2741.12,0.886446113,16.50377186
36740,0.43,240808.0,706.66,2.052507057,13.592472
36741,2.38,373663.0,2531.58,2.168889557,12.23735002
36742,0.95,352960.0,1514.99,1.420704502,16.4354378
36743,1.23,349724.0,1709.21,4.854195729,15.73341988
36744,1.09,264584.0,1442.39,2.344998691,13.94667585
36745,1.2,364443.0,2339.93,3.652440509,15.44521206
36746,1.92,357673.0,2026.87,2.468326334,16.95849785
36747,1.15,358288.0,784.79,1.403646643,15.77297918
36748,1.24,133803.0,1467.19,1.194351407,15.4362553
36749,2.03,349517.0,2342.67,4.488523844,17.27379775
36750,2.04,254155.0,2380.3,1.150987761,15.03040642
36751,1.26,138834.0,1545.91,2.8303327,14.32015135
36752,2.32,383974.0,2294.0,1.216980276,16.78272979
36753,1.23,262991.0,818.86,2.43437159,14.34339252
36754,0.7,164558.0,1856.04,2.459943353,15.2523524
36755,2.1,257514.0,897.16,4.52547607,15.761777
36756,0.87,134237.0,1700.32,1.937415546,14.61568475
36757,2.44,125652.0,1987.39,1.43512104,13.0251327
36758,1.49,354412.0,1939.12,2.296561292,13.63644531
36759,0.53,146389.0,1816.94,1.55374541,14.95564992
36760,1.67,381314.0,805.85,3.664078155,15.80678013
36761,1.0,265293.0,2100.3,2.518408145,15.11787381
36762,2.36,368463.0,2470.22,4.543411361,14.86372367
36763,0.85,248853.0,1965.52,1.479477266,14.71884778
36764,2.16,357656.0,608.83,2.045318938,14.74555336
36765,0.28,359755.0,1845.75,1.150303456,13.51647461
36766,1.78,387970.0,1953.12,1.611574378,16.19584593
36767,1.47,372335.0,951.63,2.968468789,13.27924678
36768,1.7,359549.0,1807.09,2.868225521,16.88402733
36769,1.23,376536.0,682.22,1.773205336,14.66330898
36770,1.45,358386.0,635.92,0.944068588,12.63100282
36771,1.3,266441.0,1762.15,0.976850231,12.36156854
36772,0.15,158125.0,1312.73,1.548384662,15.45200727
36773,1.21,361868.0,2226.14,1.046790435,14.58003296
36774,0.99,372180.0,1358.76,3.201326355,14.66213919
36775,2.83,373812.0,2610.45,2.848184603,15.76300354
36776,1.86,345803.0,1250.55,3.626239354,15.97829177
36777,1.08,353520.0,1839.14,0.35156893,15.49775228
36778,1.75,399510.0,1852.37,1.691456498,15.60296166
36779,0.36,355054.0,1942.07,4.738859034,16.00360231
36780,1.96,364442.0,1557.28,4.127250612,15.06314137
36781,1.76,151599.0,1475.71,3.090695437,17.07905361
36782,1.45,143135.0,1916.6,1.455700647,14.23367611
36783,0.96,125603.0,1325.39,4.260748457,15.94872285
36784,1.09,351496.0,1621.7,4.921624616,15.9495409
36785,1.92,360802.0,1811.62,0.173374283,15.64654221
36786,2.08,357241.0,2351.8,1.706459795,12.07314474
36787,1.22,133114.0,717.15,2.845652921,15.58344785
36788,1.18,387157.0,1918.22,0.877762797,13.45338755
36789,0.61,250686.0,926.17,3.844133434,15.50164689
36790,0.98,150057.0,2485.51,2.347919961,13.61266712
36791,1.71,255313.0,1275.84,1.618343577,15.82538232
36792,1.74,130561.0,1276.38,0.719887254,15.18003916
36793,1.58,140356.0,1362.6,0.657696603,15.7485631
36794,0.46,247265.0,1982.81,1.292704078,14.70617374
36795,1.49,389170.0,1985.71,3.164110273,14.23572952
36796,1.3,369142.0,2098.47,1.886136662,15.97678284
36797,1.35,123123.0,1646.93,1.806229932,15.96337235
36798,1.78,382532.0,1875.01,4.163359998,15.10577366
36799,1.05,343435.0,1435.53,2.135018661,13.67040503
36800,1.26,274109.0,1048.44,4.62489212,16.9784038
36801,1.23,114947.0,1929.73,1.474748202,17.11677755
36802,0.74,164946.0,2296.09,3.911039586,16.940138
36803,2.14,143703.0,1602.15,1.445445789,14.22833308
36804,1.9,378913.0,941.36,3.831438762,16.08295151
36805,1.22,377152.0,623.38,1.858935807,15.53813391
36806,1.53,376694.0,2448.93,2.300915172,15.86456053
36807,1.73,377676.0,1387.64,0.225350881,14.96555671
36808,2.16,348284.0,1399.98,2.002036781,15.08393404
36809,0.96,385486.0,1641.54,2.380590598,16.14676223
36810,0.81,388446.0,1234.78,1.32757873,12.20356063
36811,2.47,380206.0,840.24,1.782962231,14.68431285
36812,2.14,349106.0,2056.89,2.618731994,14.89327342
36813,1.99,137139.0,1873.43,1.274218267,14.78507767
36814,1.17,244160.0,1805.06,1.334825789,17.72683348
36815,2.24,247954.0,1329.92,1.556585412,15.85262722
36816,0.75,370873.0,1297.83,2.219255021,15.52696345
36817,0.05,368169.0,1447.9,3.085703004,16.05471558
36818,1.86,369335.0,1934.94,1.704472792,15.60917324
36819,0.52,169086.0,1964.14,2.470000547,14.09267271
36820,1.39,181242.0,1982.53,2.216475424,13.79554266
36821,0.26,377935.0,2377.71,1.521904992,13.43998259
36822,0.64,365405.0,1722.25,1.818124024,12.64380763
36823,1.36,382895.0,1881.48,1.166724045,15.40131801
36824,0.68,155530.0,2075.74,2.14969104,15.93257335
36825,1.39,155490.0,586.86,1.98794778,14.56456517
36826,0.92,360028.0,1645.08,3.493881818,17.17510874
36827,0.72,372717.0,1880.04,2.949337603,15.10331086
36828,0.96,369894.0,1410.39,2.164886962,13.74534642
36829,0.66,247690.0,1752.66,1.771688122,15.73255316
36830,1.8,146032.0,1987.13,1.249604363,15.3685048
36831,1.14,387259.0,1301.94,2.274906951,16.02126819
36832,2.07,372914.0,2203.09,1.997589917,13.68281736
36833,2.87,373254.0,1188.41,1.44732309,16.32424912
36834,1.64,269866.0,2360.93,2.584858718,17.63808456
36835,2.26,141931.0,1788.36,0.448604137,15.88605504
36836,1.84,139563.0,1638.11,4.36177176,16.43128484
36837,1.84,352963.0,1417.22,2.333399115,13.68748131
36838,1.2,136750.0,2393.36,1.040950521,16.90401393
36839,1.3,170503.0,1945.82,3.703050647,16.11069059
36840,1.48,149019.0,865.96,1.991098316,14.12301119
36841,0.87,358528.0,1907.36,1.688021229,16.32824477
36842,2.11,249663.0,1944.11,1.274618704,13.97013086
36843,1.37,142774.0,1843.51,1.794061193,14.94956877
36844,2.0,389721.0,1970.93,2.5201359,15.5312688
36845,2.68,369246.0,2336.97,3.490347045,15.0126974
36846,1.37,243543.0,1405.54,0.217703171,15.70622324
36847,1.49,388692.0,2417.13,1.845622309,15.39096891
36848,1.13,151577.0,1869.39,1.250532164,14.24148303
36849,1.37,260116.0,2105.41,1.062263056,15.73540649
36850,0.26,381760.0,2915.46,0.849886562,15.68930517
36851,1.85,258154.0,833.19,4.349180576,15.76118866
36852,0.6,144637.0,1160.8,2.206490538,17.73027397
36853,0.97,255160.0,1884.83,3.70830194,15.79121565
36854,0.67,171929.0,1710.78,0.984637817,15.96029163
36855,1.32,246990.0,1002.03,1.893263969,14.15400886
36856,1.85,141548.0,1023.47,0.985070463,14.26507797
36857,2.6,363777.0,1922.25,0.821459183,14.08956605
36858,1.08,374670.0,938.05,0.22403723,15.6073534
36859,1.47,276816.0,1389.23,1.122727787,12.78756506
36860,1.85,157540.0,2645.92,1.58476649,17.28549862
36861,1.63,167890.0,2277.71,1.641221133,14.75667352
36862,2.11,268471.0,1918.6,4.309635823,14.20578876
36863,0.46,356083.0,2355.83,1.113918683,14.77674106
36864,0.56,363689.0,878.19,2.823029849,16.14380496
36865,2.29,254882.0,2239.38,1.51088866,15.98797688
36866,1.45,377345.0,2915.82,3.824320837,15.95420113
36867,2.22,373616.0,1399.26,3.129871391,15.70135173
36868,0.69,363988.0,992.71,2.746482373,15.54321788
36869,1.05,375208.0,1194.88,1.265481713,15.87367014
36870,1.0,134628.0,1602.06,1.675080359,14.75184086
36871,2.07,145282.0,864.43,3.594787353,15.37026198
36872,0.64,336696.0,2144.07,4.407998575,15.74942407
36873,1.76,152165.0,1060.93,4.135990561,14.07527837
36874,1.18,171860.0,2253.54,1.489643955,12.52945272
36875,1.2,253818.0,786.51,1.22051776,15.48665107
36876,2.65,362327.0,1192.45,1.943643384,11.77196135
36877,1.48,256348.0,1899.64,1.714802094,14.6271795
36878,2.09,368695.0,2682.99,1.257635735,14.81667772
36879,1.27,247032.0,731.9,0.447380039,12.30664929
36880,0.55,364159.0,1517.65,1.867718679,14.70321812
36881,4.05,268701.0,2416.21,1.564028575,13.48042272
36882,1.32,272142.0,1902.81,2.957077358,15.73571309
36883,1.2,369713.0,2426.08,0.673994753,15.60202104
36884,1.29,387566.0,1796.56,3.834163253,17.73027397
36885,2.46,155623.0,1828.32,1.163498538,17.73027397
36886,2.14,401119.0,967.45,2.312695845,15.94451108
36887,1.31,383573.0,1781.83,3.891868718,13.74761431
36888,1.63,123065.0,2195.28,1.801881951,15.50532402
36889,0.74,365639.0,2005.81,4.442730494,13.55684269
36890,2.49,135572.0,1832.97,1.767042593,15.83941033
36891,0.87,159137.0,871.47,4.368862487,15.88231069
36892,2.45,364439.0,3047.82,0.483367583,15.626696
36893,4.0,252053.0,1173.05,1.431229163,15.63960117
36894,1.04,345982.0,1121.67,1.16796615,14.1757847
36895,1.53,275587.0,2411.09,2.733380109,13.91775476
36896,1.33,367220.0,1826.98,2.851072972,16.23296655
36897,2.43,146207.0,1397.38,0.740839409,16.01444597
36898,2.1,115194.0,1076.62,1.031189746,12.87200715
36899,1.82,271412.0,998.51,2.024907994,15.30864488
36900,0.26,382702.0,1813.21,2.783861792,15.9656774
36901,1.15,129365.0,1759.73,2.13999061,13.83087688
36902,1.66,225798.0,1684.85,1.091520587,13.0262244
36903,0.25,374874.0,1882.28,0.061142246,16.76020305
36904,0.93,370664.0,2460.35,2.142467315,17.73027397
36905,1.6,378225.0,1329.03,2.881810854,11.74314878
36906,2.04,155089.0,2975.98,1.219559391,14.33498663
36907,1.04,130081.0,837.71,2.040975489,15.15230165
36908,1.09,266724.0,1069.87,1.948574231,13.14089556
36909,1.55,362214.0,1539.43,1.695157304,11.31289086
36910,1.41,391741.0,1928.38,4.373309305,14.73939517
36911,1.25,150735.0,1841.48,1.528414944,15.93798346
36912,1.29,119845.0,1899.8,2.034471383,12.94304213
36913,1.66,159829.0,2059.37,0.576387478,12.74890568
36914,2.96,375291.0,1913.9,2.339786938,15.83400656
36915,1.7,233343.0,1819.99,0.788131997,11.85305548
36916,1.13,258832.0,1010.58,1.002071074,12.40470141
36917,1.5,255974.0,1689.75,0.831031109,15.68553892
36918,2.36,379341.0,2466.04,2.980544076,15.95586155
36919,1.57,156141.0,1863.81,1.268947928,15.78801791
36920,0.48,348560.0,2085.58,2.795738571,13.80656214
36921,1.7,360002.0,2229.7,2.601026631,15.44019654
36922,0.69,265020.0,1540.09,1.24366928,14.13045295
36923,2.05,141494.0,1892.0,1.565021435,16.80818369
36924,1.39,280969.0,1989.79,2.2045456,17.11033067
36925,0.49,350557.0,784.47,0.992288453,15.20523094
36926,0.86,171923.0,1222.66,1.559611628,15.67212971
36927,1.15,136049.0,996.42,0.839751067,12.55598471
36928,2.15,124443.0,1681.22,1.404573519,15.30468606
36929,1.7,273314.0,2392.13,1.380024609,14.37372946
36930,1.49,390518.0,1979.87,2.018866607,17.04279723
36931,1.01,385484.0,1667.15,3.875467213,15.90201114
36932,2.22,357740.0,1830.28,1.076511353,12.55891677
36933,2.67,160172.0,850.31,3.016001151,14.91428817
36934,1.9,354052.0,2023.03,3.332027154,14.61222785
36935,1.99,114947.0,1933.52,1.952179231,17.27069262
36936,0.02,364327.0,2514.89,1.289762681,14.92108635
36937,2.07,401119.0,2566.32,2.038858111,16.59133313
36938,1.86,354372.0,1564.57,1.408641364,15.19157747
36939,2.4,368071.0,1214.85,4.489629659,17.00738391
36940,1.09,164662.0,2408.35,1.778901688,15.0352879
36941,2.14,382462.0,2049.65,0.494859571,15.36164996
36942,2.05,345815.0,1838.28,0.280327589,13.17506979
36943,1.72,372987.0,2746.52,1.285705045,16.13529215
36944,0.87,186490.0,1759.3,4.119603482,14.85756293
36945,0.76,287394.0,1825.29,2.589194906,15.28129824
36946,2.39,391695.0,1804.12,0.035731271,16.40554103
36947,2.35,250535.0,1040.66,2.642377294,13.60117399
36948,1.59,366948.0,1970.24,4.70159495,13.77818618
36949,1.39,361575.0,586.86,4.378627733,14.87256768
36950,1.52,349750.0,737.09,2.25546953,16.33617319
36951,0.94,372821.0,1372.7,2.391233093,16.37353373
36952,2.07,114947.0,2149.95,2.151181377,16.18943221
36953,1.98,156259.0,2478.02,2.360279099,16.19899315
36954,1.2,361706.0,1224.43,3.113214821,15.48092855
36955,1.72,144402.0,1893.88,2.140561318,15.52605694
36956,1.47,348726.0,1669.78,1.205171717,15.80116588
36957,5.33,357880.0,2374.58,2.128973846,15.15590165
36958,1.2,129786.0,1440.81,1.005159921,17.08155674
36959,1.38,392105.0,2180.2,0.493388495,14.42085582
36960,0.43,364681.0,1762.79,1.942535492,16.31322217
36961,0.92,120424.0,1327.73,0.984630187,15.64712715
36962,1.87,350951.0,858.77,1.436777936,13.6111262
36963,1.44,383572.0,2308.63,1.335188928,14.05574552
36964,0.32,366250.0,941.31,2.727781407,15.20371592
36965,2.01,352761.0,1727.9,1.318037683,16.23978009
36966,1.43,144415.0,938.19,-0.083485868,16.72728774
36967,2.52,141686.0,2017.85,2.575454053,15.29186025
36968,1.62,371433.0,1828.23,1.607561155,13.05090003
36969,0.0,364421.0,2366.41,1.32625674,14.36523308
36970,1.73,269914.0,2420.07,3.549393209,16.28250678
36971,1.59,352234.0,1794.65,1.578149959,15.82586232
36972,0.63,158826.0,1420.49,1.660511964,15.64464515
36973,0.83,354237.0,2558.72,2.671133995,15.74548355
36974,0.68,389506.0,2014.44,1.61461526,14.87366586
36975,1.92,150346.0,1151.05,0.095690003,16.82716305
36976,0.0,385831.0,2621.44,2.190282889,17.49577216
36977,2.36,168766.0,1515.02,1.788900642,12.97673566
36978,2.65,347128.0,2049.07,3.057617719,14.31930021
36979,1.86,248369.0,586.86,3.597893699,15.01029569
36980,2.41,359450.0,692.06,1.980261392,15.53371407
36981,1.86,363577.0,1982.11,1.445307136,15.79803088
36982,1.99,238642.0,830.9,1.722291782,13.94613118
36983,0.51,393650.0,1837.64,3.009542693,14.82852983
36984,2.18,361604.0,1191.05,1.315788311,15.74889061
36985,1.18,131105.0,1430.28,1.782916528,15.4005431
36986,1.62,354882.0,1843.77,2.703826507,15.43627547
36987,0.4,393853.0,2241.55,2.737460567,14.12297543
36988,1.39,158742.0,2269.07,4.766225829,16.06696179
36989,1.0,124141.0,1344.39,1.886649171,17.66712308
36990,0.46,380601.0,1631.73,0.90276046,14.68908146
36991,0.67,161595.0,1994.83,2.440725667,13.99912336
36992,1.6,114947.0,1336.55,1.781373239,17.34805127
36993,2.05,262077.0,2325.96,1.968151231,15.65249446
36994,0.89,376938.0,2351.78,3.226247675,15.36357828
36995,2.21,367279.0,842.1,1.46930201,15.49142748
36996,1.5,374313.0,1330.1,1.241370697,16.24105394
36997,1.15,376620.0,1598.62,1.925016155,14.50145087
36998,1.64,360006.0,1758.2,1.895682035,14.70003695
36999,1.72,384513.0,1467.73,0.214216109,16.3530857
37000,0.95,393257.0,1955.64,4.93924406,15.84902197
37001,0.99,149146.0,2178.39,1.915213393,14.32247462
37002,0.97,372023.0,1033.91,1.822444253,12.48145509
37003,1.75,362142.0,1985.85,4.77923647,16.07156048
37004,0.74,117504.0,1921.67,3.230783126,13.61924187
37005,1.01,142412.0,1734.58,4.529036441,12.49875154
37006,1.39,340905.0,1700.31,3.189136677,13.21484618
37007,2.17,354787.0,2141.35,1.425137034,12.40279803
37008,1.84,353974.0,1834.74,1.552408221,15.63726123
37009,1.8,385892.0,1890.99,1.565727848,16.8689007
37010,2.19,368296.0,2183.26,3.524476351,15.28631798
37011,1.08,252895.0,1706.46,3.590759329,15.86479694
37012,0.47,368854.0,791.86,2.207114269,16.80374282
37013,1.71,360562.0,2506.89,2.981734887,14.11716405
37014,0.27,164526.0,1655.47,3.683438411,17.73027397
37015,1.76,252591.0,2117.26,1.099280305,13.89283036
37016,1.75,370453.0,1253.21,3.1328757,13.71824397
37017,0.14,129279.0,2500.98,2.423981132,14.13472541
37018,2.4,133640.0,700.01,1.619531485,12.94635651
37019,2.43,376715.0,1646.77,0.931256808,14.26031947
37020,1.21,235452.0,2191.46,0.728887156,13.93370084
37021,1.27,165881.0,1263.38,3.331207534,15.44679701
37022,1.02,130308.0,2069.53,4.313042892,14.33310825
37023,4.79,146171.0,2347.07,1.84281116,17.71918744
37024,1.87,242956.0,2348.93,3.264353649,16.34412054
37025,1.23,343222.0,1269.64,3.026819506,16.96367998
37026,0.54,254926.0,1032.47,2.641265999,15.26224655
37027,2.25,347216.0,1858.18,0.628562169,15.77797863
37028,1.57,131653.0,1767.21,0.406138084,15.00535685
37029,1.37,376483.0,1899.95,2.554893165,14.18068247
37030,0.87,354734.0,2078.01,1.498158628,16.13323864
37031,2.35,143020.0,1260.28,3.393552262,15.4088928
37032,1.61,258830.0,1680.15,3.006034441,16.09215147
37033,2.33,121576.0,830.34,3.656287447,16.5058549
37034,1.32,138956.0,2145.37,1.805804342,15.91660266
37035,1.19,238788.0,586.86,0.362792705,15.2145521
37036,0.71,367046.0,1500.86,1.488940578,14.53955059
37037,2.38,354934.0,886.78,3.26483416,15.46784253
37038,1.14,357660.0,1142.83,0.905527869,16.999564
37039,1.5,267119.0,1840.73,1.4202129,13.41092566
37040,2.5,373221.0,1733.77,0.762801654,14.56919135
37041,2.31,268755.0,1123.5,1.923810129,12.23205734
37042,1.24,156644.0,1953.13,3.066440993,15.69215813
37043,1.54,130355.0,1682.13,3.089476392,14.91523883
37044,2.67,236167.0,813.62,1.923114135,15.28911614
37045,0.76,359852.0,1623.85,1.457864906,15.55291671
37046,0.7,358788.0,1003.95,2.697514478,17.35757883
37047,0.46,381242.0,1360.96,0.93516172,16.04565344
37048,1.21,154505.0,2351.56,2.87626015,15.08589208
37049,2.27,283647.0,1870.41,0.46520153,16.15939087
37050,1.92,260279.0,1391.61,1.55552164,13.93295914
37051,0.56,145255.0,1815.25,2.861999533,13.20802063
37052,2.41,163702.0,1210.78,1.503582899,16.02667737
37053,1.64,137534.0,2214.31,1.202364835,16.03717681
37054,1.74,378888.0,1939.42,2.225171733,13.68278644
37055,1.14,377435.0,622.65,2.33957323,12.79838457
37056,1.64,358083.0,1980.37,1.258228936,15.45800471
37057,0.9,125680.0,1800.35,2.810936037,16.22260314
37058,0.77,393079.0,1419.11,1.87245737,15.93968499
37059,1.99,249033.0,1850.25,1.149081768,16.78905621
37060,1.56,360314.0,1841.32,1.907887204,13.36422858
37061,0.85,161097.0,1252.4,3.046150019,13.60719359
37062,2.03,262838.0,1855.96,1.326542942,15.60405218
37063,1.47,147089.0,1512.45,2.491346906,13.27922829
37064,0.94,369574.0,1913.89,1.1166244,15.93076546
37065,0.0,167472.0,2530.02,4.556914127,16.71151984
37066,2.21,249872.0,1042.73,2.33199026,15.46534182
37067,1.45,156106.0,586.86,3.55893775,16.14222127
37068,1.29,373632.0,1898.31,0.669162006,11.38783508
37069,1.79,280132.0,2527.73,1.91487224,15.54382575
37070,0.63,386360.0,2292.55,3.303533428,13.03231616
37071,2.26,118948.0,1747.09,0.943915697,14.88205853
37072,1.68,353588.0,2487.72,2.006765639,14.11877514
37073,2.14,248212.0,1769.26,3.167870255,16.08181182
37074,1.59,379201.0,2222.23,1.765027607,13.30619056
37075,0.0,354533.0,1769.51,2.194178912,15.99066841
37076,1.32,275514.0,2265.99,3.553559074,15.69161396
37077,1.64,162148.0,865.33,2.02660433,14.5219591
37078,2.06,159480.0,1541.04,3.957216565,15.44480361
37079,1.12,132773.0,1834.99,4.297234604,16.60788356
37080,0.39,354860.0,2271.16,1.929574764,15.24983004
37081,0.55,130036.0,1699.06,0.492658061,15.62575369
37082,2.71,151232.0,1725.25,0.334203505,12.04054208
37083,1.66,377707.0,2198.83,0.12195633,14.98497057
37084,0.9,148258.0,1291.45,3.030308889,13.61398215
37085,0.91,355743.0,765.11,-0.194006439,16.64486594
37086,1.3,377346.0,1559.94,3.611107588,15.77280221
37087,1.56,248557.0,1468.65,1.21627208,13.60344531
37088,1.61,248238.0,1686.87,1.472191957,12.83424826
37089,0.54,157399.0,2032.42,3.627494307,15.83639235
37090,1.69,346695.0,1706.99,2.302897449,15.48418077
37091,5.32,253639.0,1001.07,1.546220789,14.28519104
37092,0.43,282711.0,1278.76,1.074637524,15.74382453
37093,1.91,153588.0,1761.02,1.14653389,15.39305426
37094,1.49,154815.0,2408.83,1.806015238,15.47824771
37095,1.54,285863.0,1434.26,4.174030292,14.12860784
37096,3.01,378804.0,1862.0,2.290245637,14.93817204
37097,1.62,349324.0,1802.92,1.597199148,11.79547225
37098,2.21,357395.0,1664.8,2.783490941,13.82419183
37099,0.93,238072.0,2030.29,2.086919556,16.08319547
37100,2.62,233482.0,1981.35,2.072283158,15.47089945
37101,0.89,136859.0,1799.46,0.870404507,16.25717618
37102,1.06,284469.0,1969.41,0.894663152,15.1569749
37103,1.65,372632.0,1976.05,1.884526865,12.94366025
37104,2.66,380059.0,1936.63,2.765465047,14.05873048
37105,2.89,163994.0,1276.06,1.635620279,12.15083392
37106,1.18,396947.0,2240.23,4.294872199,13.0805564
37107,1.94,372454.0,2272.22,2.921366549,13.97376526
37108,0.96,347554.0,2200.01,0.987490326,11.2583727
37109,1.88,362729.0,1823.92,1.739154141,15.40429466
37110,2.0,129718.0,2083.63,0.976877973,16.73509377
37111,1.7,143739.0,2434.54,1.470319151,11.85992638
37112,2.21,125333.0,1530.51,2.652163909,13.29642655
37113,1.07,229205.0,1373.82,4.02527955,13.36850508
37114,2.0,147035.0,1937.47,1.226900749,15.91816871
37115,1.82,265160.0,975.74,1.667463627,14.01340095
37116,1.31,392452.0,2281.29,1.905646524,15.68483577
37117,2.19,251015.0,1760.91,1.677527891,15.79829194
37118,2.69,367041.0,1802.97,0.975560044,14.79385195
37119,1.71,264069.0,719.9,4.581402629,15.83868493
37120,2.04,371409.0,2639.38,1.081801049,15.9153914
37121,1.49,370240.0,1928.18,1.725096372,15.1422651
37122,1.22,156846.0,2473.57,0.960347898,15.44875781
37123,2.04,353900.0,1504.88,1.662320673,13.85788108
37124,1.57,167670.0,2413.17,2.471145045,16.25641647
37125,3.61,258250.0,1681.22,0.798892763,14.32135304
37126,0.21,164431.0,1312.15,1.877039049,15.67970393
37127,2.05,385478.0,2282.71,1.364083326,14.17343991
37128,0.37,260133.0,1917.98,3.066775304,13.39271554
37129,1.24,365406.0,1879.95,1.615531003,16.7017762
37130,1.36,370698.0,1695.01,0.674370751,13.69871589
37131,1.1,275497.0,1897.19,1.058537748,12.69562006
37132,0.47,147577.0,2442.74,1.932090376,14.31493281
37133,1.54,128122.0,684.34,1.702983571,15.14363196
37134,1.13,380749.0,1911.24,1.749491346,13.71685271
37135,2.37,152629.0,704.46,0.863844563,16.22174628
37136,2.42,157517.0,2456.03,1.57784647,13.40213517
37137,1.14,248386.0,1901.83,1.101781941,16.13600662
37138,0.75,278322.0,1461.68,1.287685072,15.76855386
37139,1.81,379620.0,1818.18,3.750637456,16.05653104
37140,2.03,137835.0,1905.91,1.973969882,13.82821376
37141,2.02,128022.0,1784.9,1.180620515,15.84223284
37142,1.22,364061.0,1776.04,2.969207869,13.39790532
37143,1.59,255519.0,1759.61,3.468322281,13.17808849
37144,1.38,140238.0,821.4,3.75321719,14.23547918
37145,1.88,363117.0,1021.64,1.049527368,16.53350255
37146,0.52,393451.0,897.88,1.010320345,11.89053002
37147,1.2,385257.0,2504.98,2.075112352,16.1949755
37148,1.76,138322.0,975.22,3.335999404,16.25147398
37149,1.85,140947.0,1451.15,1.570920535,14.928386
37150,0.0,347566.0,2711.74,1.321739143,13.40653166
37151,1.39,250626.0,1795.1,2.176300438,12.85735056
37152,0.87,368976.0,2139.97,3.450472728,12.92120436
37153,1.9,279401.0,2040.91,1.209240183,16.28593989
37154,1.97,154753.0,1153.44,2.813838015,15.6205655
37155,0.82,382319.0,2384.9,1.911288244,15.56162686
37156,1.34,372440.0,1775.54,0.471268422,13.38905139
37157,1.62,164857.0,1772.38,4.266499913,13.81704962
37158,0.53,247518.0,2469.31,1.929404552,13.20810782
37159,1.11,357675.0,1351.3,1.775369126,12.97592862
37160,1.11,135720.0,1759.69,1.447700553,13.14379169
37161,1.69,401119.0,1915.37,1.907574368,16.56953573
37162,1.62,240533.0,1911.75,1.377378526,15.84993463
37163,0.75,366314.0,1980.15,2.199729706,15.90392483
37164,0.53,248943.0,2677.61,0.006568705,14.9484899
37165,2.53,245324.0,1112.84,0.923749217,14.82127043
37166,1.23,231336.0,1309.29,3.214122127,13.85142168
37167,2.19,397383.0,951.46,1.356888362,13.89206887
37168,1.1,267076.0,1252.81,1.934147319,16.96721042
37169,1.61,153918.0,625.68,1.363241952,15.9581535
37170,1.45,152204.0,779.21,3.750071265,13.8253566
37171,0.16,155710.0,1281.72,1.83795389,13.1394977
37172,0.75,259536.0,2206.91,1.861269499,14.22343076
37173,2.58,355763.0,2071.57,3.280219172,15.49392867
37174,1.05,378044.0,1939.67,2.734525374,16.5139698
37175,2.24,259591.0,1762.74,2.155483104,13.79959379
37176,1.68,361681.0,1865.64,3.567361417,16.22755273
37177,2.42,242574.0,2429.18,3.371864208,15.46635792
37178,1.81,176338.0,2522.5,3.421171054,15.22695844
37179,1.23,376475.0,1632.9,3.355437511,12.58461572
37180,0.6,144261.0,1767.11,4.380746613,16.83145548
37181,0.94,377391.0,2259.48,-0.175758667,15.14264551
37182,2.5,381394.0,2420.24,1.748536592,15.45130759
37183,1.15,377579.0,2446.72,0.858602573,14.86670267
37184,1.12,381861.0,1926.95,3.895021666,13.52760867
37185,1.43,395676.0,1105.64,3.806014644,17.01474597
37186,1.79,140873.0,1614.91,3.785302683,15.18574963
37187,1.71,370266.0,2045.69,3.205440997,12.60459482
37188,1.53,384891.0,1815.76,1.841551795,13.56879322
37189,0.39,270638.0,1569.53,2.979537998,15.10556034
37190,1.15,137044.0,2061.33,2.712143241,16.74255752
37191,1.76,126670.0,1853.68,1.973658482,13.2466401
37192,2.19,368804.0,1806.05,4.675984131,15.67341761
37193,0.71,388725.0,739.26,1.162862599,13.39187729
37194,1.17,159370.0,2276.13,0.951909121,16.22013768
37195,2.49,371559.0,2067.28,2.932199447,14.88317815
37196,0.33,168092.0,1209.82,4.14080041,16.61325148
37197,1.63,132355.0,1903.73,2.33251974,14.71202397
37198,0.89,367319.0,809.85,4.126199202,13.47166665
37199,1.27,360174.0,1536.14,2.192009426,16.36107065
37200,3.15,165374.0,1797.04,1.351672657,17.05260007
37201,1.38,265496.0,2177.55,2.057457597,15.32453376
37202,2.61,371009.0,1109.61,3.496643102,15.79586462
37203,2.46,143228.0,1407.26,1.146476359,15.5780044
37204,1.45,393153.0,2742.81,4.174203296,15.43504958
37205,2.33,261240.0,918.06,1.457837853,15.67576809
37206,1.17,269783.0,2156.07,1.917641296,16.22228723
37207,1.77,135250.0,1943.75,4.005515615,11.2583727
37208,1.09,382370.0,1944.06,1.166613247,14.71491366
37209,1.41,372772.0,1830.75,1.609701804,14.66322388
37210,0.56,152278.0,1328.17,3.15098774,15.2701058
37211,2.02,128262.0,2460.05,1.820784006,16.03821733
37212,1.32,266109.0,1405.08,1.289208067,16.74622082
37213,2.01,275385.0,925.8,1.606441239,15.96374004
37214,1.73,364943.0,2221.8,4.421643116,14.26839232
37215,1.07,136449.0,2340.47,0.672112149,15.28733495
37216,2.07,368756.0,2224.53,2.142725422,15.393791
37217,5.59,252504.0,1311.61,4.575396388,15.51971383
37218,0.7,159001.0,2060.64,1.33765439,13.56289123
37219,3.96,257401.0,586.86,2.06392906,15.1391847
37220,1.28,361326.0,1995.74,0.406544879,15.25451871
37221,1.0,350962.0,674.98,1.674284085,15.42080143
37222,1.46,371992.0,2935.38,2.912555812,14.69173989
37223,0.87,293297.0,2534.73,1.879698666,15.03629335
37224,1.14,366303.0,1814.61,0.034648551,13.92249098
37225,1.01,170602.0,2485.49,2.734434244,16.29240798
37226,0.79,120310.0,1428.04,1.742588588,15.38807268
37227,1.41,358551.0,1952.72,2.097416588,15.88791776
37228,1.1,179099.0,2459.27,2.026272057,13.87987441
37229,1.56,372367.0,1606.79,1.28406574,15.07979559
37230,0.0,384047.0,1904.93,1.431794834,13.90114015
37231,1.05,378929.0,1123.47,4.126099216,11.46601883
37232,0.85,134230.0,1897.01,2.578102994,13.25392317
37233,1.86,267206.0,1514.53,4.867164082,15.94835135
37234,2.55,367717.0,2053.69,1.651138245,14.71205025
37235,1.9,246752.0,1451.81,2.219845849,17.03909023
37236,1.51,255697.0,586.86,1.74903301,14.00302513
37237,2.34,257067.0,1671.51,1.403483264,16.56084187
37238,1.85,362404.0,1338.44,1.252535691,15.35883103
37239,0.47,363351.0,1488.22,2.39193406,14.00661553
37240,2.27,366019.0,2453.61,2.172395699,17.10960128
37241,1.87,374208.0,1892.78,2.617100273,15.87565553
37242,1.05,159773.0,2253.3,2.835815852,15.12704181
37243,0.84,377258.0,1963.3,1.954439549,14.47052286
37244,1.53,372631.0,2310.51,3.042715231,15.62053058
37245,2.22,266538.0,2637.08,1.059963341,14.04040359
37246,2.49,373122.0,1503.43,2.140769014,17.31882465
37247,1.8,146203.0,2237.06,1.369616495,13.8233928
37248,1.96,379258.0,1575.14,2.586730002,12.28951093
37249,2.01,355839.0,1336.8,2.054530705,15.07482379
37250,1.13,156468.0,1444.29,3.636400083,16.54118308
37251,3.02,134314.0,2750.08,3.050047476,16.50823345
37252,1.86,351515.0,1721.59,0.606932584,15.63562909
37253,0.46,380226.0,1885.59,3.822190987,14.8895265
37254,1.83,359905.0,2001.45,1.24957561,15.52640493
37255,1.37,384695.0,2306.71,4.517871377,12.88015184
37256,1.89,140011.0,694.92,1.429163194,16.03455603
37257,0.67,271132.0,1303.21,1.517707757,17.51588295
37258,0.28,155113.0,2069.51,1.043863566,15.5118177
37259,1.87,257949.0,2508.29,1.270449956,16.3845261
37260,1.12,358099.0,2345.82,4.442821837,12.79886295
37261,1.44,337174.0,1521.81,1.933552584,16.49218196
37262,1.33,146535.0,2693.38,2.202793056,16.38491367
37263,1.11,364522.0,614.36,1.204681129,16.12924662
37264,1.79,166119.0,1029.4,2.195465218,16.00243209
37265,1.3,273207.0,1853.0,1.841437035,15.34271875
37266,1.62,149746.0,1243.98,2.110385777,14.14736942
37267,0.73,364582.0,2325.25,1.91330359,11.2583727
37268,2.4,135778.0,1906.07,1.634446059,16.37007951
37269,1.57,238040.0,2754.12,4.64297925,15.99977566
37270,1.57,385275.0,1889.66,1.455571109,16.74567374
37271,1.12,247376.0,1876.91,1.47213933,16.66862552
37272,0.25,354720.0,1995.47,1.858063357,15.38684519
37273,0.17,148777.0,1834.78,2.110569847,14.67688631
37274,0.72,115560.0,1876.63,2.074482771,17.04686968
37275,0.73,370220.0,2033.21,1.961255832,15.61999148
37276,1.43,367865.0,1890.49,-0.107046119,15.72227712
37277,2.14,370550.0,1853.83,2.522174119,15.56218902
37278,1.99,137209.0,792.96,2.129281113,14.19484147
37279,2.0,252169.0,1819.86,3.002836719,16.20411232
37280,1.7,129314.0,2360.26,1.28869752,11.71024185
37281,1.71,151064.0,1498.06,3.037362867,15.7751673
37282,1.75,130171.0,1114.15,1.869131874,13.80200527
37283,0.8,175191.0,1945.46,1.666871903,15.85581428
37284,1.9,266712.0,1824.26,1.74262915,16.45273759
37285,1.89,365716.0,1342.92,0.759193264,12.34085476
37286,1.88,243547.0,1946.54,1.727614008,13.29393537
37287,2.37,123603.0,1338.03,1.918384722,11.35664946
37288,1.21,284521.0,1788.18,1.363428889,16.52100521
37289,1.3,286437.0,2077.88,2.096440708,15.71860849
37290,1.96,370566.0,2657.85,3.173399405,17.25622081
37291,2.22,378393.0,2233.85,1.401576511,15.19655724
37292,1.42,341957.0,707.78,3.495929077,15.87461093
37293,0.95,359823.0,1738.02,2.377949427,12.49967982
37294,1.09,263398.0,1831.55,2.913843921,16.33411179
37295,1.46,370269.0,1070.97,1.608564549,15.37845134
37296,0.99,377346.0,1162.25,2.270585746,15.16990465
37297,0.68,382215.0,1220.42,1.704485985,15.563899
37298,0.0,379785.0,1686.6,1.851982136,16.66146779
37299,1.67,382081.0,2359.63,1.76949208,13.40108456
37300,0.89,363200.0,1848.06,1.004655015,13.5184905
37301,1.34,142221.0,1385.66,0.608371805,13.50659953
37302,1.64,356487.0,1669.63,1.920095557,17.06626328
37303,1.31,363898.0,2301.66,4.457763274,12.65498114
37304,0.63,384181.0,1900.88,1.886129936,16.24798472
37305,0.91,250000.0,1475.2,1.022461723,15.6594488
37306,0.61,340843.0,1916.41,0.704339772,13.97660207
37307,2.5,361271.0,1937.1,2.165352585,15.63144782
37308,2.48,142529.0,892.2,4.071618848,13.46505877
37309,0.48,348744.0,1936.8,2.242067768,15.91675425
37310,0.92,347458.0,1641.42,2.003570348,12.92415912
37311,1.72,368150.0,946.56,1.703955,15.22375703
37312,1.31,349590.0,852.95,3.876726445,16.46897763
37313,0.61,160384.0,2486.72,0.722926441,15.33215469
37314,2.15,263269.0,1716.36,0.979749636,14.45912043
37315,1.36,379230.0,1886.51,2.012796141,16.16483852
37316,2.21,262944.0,2475.61,2.820957118,15.41976742
37317,1.04,251423.0,1875.47,2.008959231,13.09591541
37318,0.99,381068.0,2526.1,3.593183774,14.10922341
37319,1.14,143228.0,1269.62,0.938296405,16.14505118
37320,1.9,142932.0,1523.44,1.529795252,16.3122621
37321,2.32,235298.0,2300.94,1.548087198,13.66813817
37322,0.86,391827.0,1855.41,3.165549056,16.27994765
37323,1.7,378996.0,2533.54,1.504054227,15.49376647
37324,0.93,246685.0,1857.99,0.2975464,15.70013207
37325,1.03,234241.0,1964.29,3.110521049,15.9672223
37326,2.21,356155.0,1734.6,4.637910742,15.70293681
37327,0.0,149752.0,1845.48,2.426991793,17.5336299
37328,2.22,152299.0,1023.74,2.22025622,15.39888746
37329,2.1,372503.0,1639.48,1.576248039,16.12261864
37330,2.09,362634.0,1847.74,1.262031415,14.7917753
37331,1.44,368422.0,961.26,1.934206114,16.40329017
37332,1.18,154719.0,2135.61,1.828995616,16.87623702
37333,1.64,372562.0,1778.33,2.401635223,15.19070641
37334,0.0,364004.0,2206.9,2.169965518,12.75099702
37335,2.0,388350.0,2592.94,2.064414737,16.19245558
37336,1.01,367669.0,1832.67,1.78205865,13.88489571
37337,0.31,369504.0,1446.56,4.325892395,16.18989257
37338,0.0,172709.0,1839.89,1.475738152,13.27567283
37339,0.42,142864.0,1763.47,2.362806253,16.39495786
37340,1.99,242945.0,2042.44,2.702940888,14.58678671
37341,0.71,352124.0,2428.54,1.297955137,13.91943774
37342,1.99,262366.0,1819.25,0.906803477,16.08718651
37343,1.53,147830.0,1902.11,1.703753327,15.3630314
37344,1.11,123370.0,1743.58,0.650564002,15.33288383
37345,0.91,133655.0,1376.13,2.185263705,13.67172692
37346,1.01,365652.0,2387.18,3.537848406,15.77939879
37347,0.78,373612.0,1357.49,1.640905516,15.18931149
37348,1.78,146483.0,1828.45,2.163566578,14.08963697
37349,2.29,276025.0,922.28,2.961164113,15.32644948
37350,1.53,262071.0,1801.96,2.089538528,15.66448419
37351,0.79,369551.0,2042.07,2.134869429,12.28088027
37352,1.38,141763.0,1099.25,2.583777651,14.38153261
37353,2.15,385783.0,2347.73,3.291537731,15.68867715
37354,0.73,361279.0,2417.79,4.473947114,16.51911678
37355,2.12,380058.0,1029.19,2.027045103,17.3211224
37356,0.34,285037.0,2397.55,2.929427566,14.65844749
37357,1.17,124217.0,982.76,2.00325943,15.56037132
37358,0.91,257359.0,729.75,1.732555876,14.18335926
37359,0.78,124604.0,1809.12,2.994405484,16.10877879
37360,0.8,355131.0,1554.79,0.265849495,15.28865948
37361,1.01,144314.0,1686.89,1.220006525,15.86275774
37362,2.09,265752.0,2013.11,4.062802467,14.60642673
37363,2.38,259670.0,801.29,1.217320901,13.45736302
37364,0.44,382399.0,2066.84,1.166106457,14.82498375
37365,1.86,146130.0,1581.13,1.103750221,15.20950177
37366,0.27,382783.0,827.84,1.686098784,14.50287164
37367,2.66,254869.0,2455.84,2.920531287,15.7375138
37368,1.22,156512.0,1729.17,4.40321189,15.20843266
37369,2.08,350413.0,2423.72,1.836856637,16.10174622
37370,0.6,148716.0,2589.72,2.24621388,15.61992578
37371,0.93,132699.0,1728.58,2.013891136,13.79623327
37372,1.23,269272.0,2248.09,4.701642984,15.50506798
37373,1.77,257212.0,1148.79,3.002534445,14.67258898
37374,1.22,145945.0,957.4,2.290186044,15.21558187
37375,3.04,369944.0,1228.77,0.493389613,15.62137095
37376,0.04,263498.0,1520.85,2.109003631,11.94667786
37377,0.96,356200.0,1763.89,1.936009753,15.59559775
37378,1.69,143858.0,640.01,2.298285761,13.14120062
37379,1.63,388240.0,2457.72,2.496073648,17.73027397
37380,0.0,281632.0,2235.59,3.373830076,11.72705895
37381,0.69,141030.0,1332.53,3.481329793,17.26873286
37382,1.07,224075.0,1176.68,1.084781584,16.1801333
37383,0.79,270891.0,1809.84,4.755154734,16.86625887
37384,2.4,398489.0,1801.63,1.259735707,13.02413746
37385,6.91,355270.0,941.92,0.647996845,12.77702862
37386,1.74,131179.0,1284.62,1.953100544,15.90879503
37387,1.03,386406.0,1938.52,1.170221308,13.38150135
37388,1.06,178031.0,1948.88,2.8429485,14.59888183
37389,2.87,359122.0,1135.87,2.750662859,12.79215764
37390,1.23,247841.0,695.35,0.606906114,15.97855722
37391,1.07,335044.0,2283.68,1.048489834,17.10386439
37392,0.37,162208.0,1992.68,3.880135638,16.49264165
37393,1.9,178912.0,951.1,1.512786137,15.515138
37394,0.45,393095.0,1357.63,1.417612049,15.26593965
37395,1.73,370054.0,2238.96,4.51799069,15.26422156
37396,1.16,141489.0,1834.82,3.133753798,11.2583727
37397,0.96,272018.0,1378.98,1.569001638,16.58897286
37398,1.35,372014.0,2162.39,0.699459855,15.73763177
37399,0.65,372379.0,1473.71,1.902089447,16.62152943
37400,2.15,136802.0,1104.79,2.841435587,15.6711493
37401,2.3,345723.0,1593.55,1.85022686,15.89640507
37402,0.94,268729.0,2196.34,3.858134554,15.41081597
37403,2.0,348234.0,1901.35,2.097901248,15.35787802
37404,1.39,362759.0,2337.4,3.221601488,13.48606838
37405,1.09,162948.0,1288.06,3.601873571,13.11469298
37406,2.61,144014.0,1447.55,1.949729219,15.55507454
37407,0.99,350670.0,1751.77,2.090620033,16.04609505
37408,3.39,255779.0,2134.76,2.548410547,14.47537962
37409,1.01,387074.0,1692.72,0.923251224,12.95907285
37410,2.61,274450.0,2053.12,2.187612033,14.29335384
37411,1.43,259442.0,1843.29,0.138637028,16.55982725
37412,1.36,355980.0,1938.5,2.533225238,13.49617339
37413,2.2,367128.0,1881.83,3.619943966,15.67032023
37414,2.15,365702.0,1081.16,1.945021774,15.89179041
37415,0.66,389744.0,855.88,1.894270585,15.68040319
37416,1.53,257774.0,1799.42,2.352230157,16.49421501
37417,1.77,265633.0,2405.96,1.932903084,15.70901445
37418,1.67,247299.0,831.29,1.650704257,15.76376684
37419,1.13,153513.0,1505.43,1.77798265,13.7689584
37420,1.74,251311.0,2142.5,1.893938141,15.30946041
37421,1.78,260801.0,1785.13,2.678750322,12.69732554
37422,1.54,380104.0,1947.99,2.876634088,15.30887141
37423,1.98,273399.0,1510.03,-0.326393035,15.62529011
37424,1.14,392305.0,1730.81,2.102787036,11.92687067
37425,0.5,379509.0,1823.21,2.065720256,14.26232646
37426,1.55,385165.0,2618.65,0.866678034,13.97873049
37427,0.67,357499.0,955.14,3.01689429,14.93646355
37428,2.49,247747.0,851.87,2.344413935,17.30242228
37429,1.32,145777.0,2207.66,3.790652864,14.09818447
37430,0.95,350706.0,1638.72,2.812824724,16.31091656
37431,1.39,351876.0,852.62,3.107473475,15.64876447
37432,1.4,328049.0,2425.45,2.255371066,14.10956278
37433,1.2,143497.0,1705.87,0.405687361,15.55147665
37434,1.07,265192.0,1901.34,2.061189749,15.63766752
37435,1.74,372900.0,1542.0,0.239478941,14.03546504
37436,2.66,363546.0,1947.09,4.537528495,14.09805262
37437,1.69,160990.0,1760.24,1.97099007,15.93150187
37438,2.13,141456.0,1542.96,0.994646337,13.06999895
37439,1.96,356374.0,779.14,1.427615156,13.59427128
37440,1.28,348791.0,1957.37,2.894394281,17.15194686
37441,0.67,269868.0,1654.85,1.241403681,16.23423923
37442,1.36,173026.0,1966.39,3.214521008,13.91479919
37443,0.81,387459.0,1914.0,3.296197398,16.97322334
37444,0.68,369843.0,1869.82,3.609001336,13.93943573
37445,0.22,167012.0,2301.66,2.43848386,13.53806004
37446,1.73,133365.0,1434.52,0.615001328,16.86395404
37447,1.81,360029.0,1932.53,2.34574477,16.02338949
37448,0.91,260232.0,1884.5,1.278991471,14.98391329
37449,2.13,351989.0,2325.35,3.861962533,14.30660935
37450,0.95,140205.0,1429.41,2.019280833,15.06382905
37451,1.85,366559.0,2121.38,1.771860378,17.50206588
37452,1.24,379924.0,1384.31,0.504364456,17.39858453
37453,2.24,401119.0,1770.03,1.696583125,17.31878847
37454,1.31,398819.0,2620.83,2.354490421,15.3164128
37455,0.02,380062.0,805.09,2.068162291,12.70209945
37456,1.87,140478.0,2185.51,2.336527752,16.08161011
37457,1.4,269830.0,2242.04,1.417201146,15.92564679
37458,0.71,368778.0,2366.1,1.737479931,16.66362715
37459,1.62,179959.0,1941.56,2.97035317,14.83380667
37460,1.42,267741.0,1390.24,2.327667836,15.35435916
37461,1.68,259200.0,1862.93,1.279122454,14.88714115
37462,0.98,158757.0,1487.77,3.664720289,14.96910517
37463,2.47,246966.0,2461.37,3.735805874,15.03556455
37464,1.82,372486.0,1567.51,3.472163774,16.57154427
37465,2.79,255786.0,2493.02,4.102786347,15.59201462
37466,1.39,245928.0,2349.84,2.405158965,13.3263505
37467,1.97,239498.0,1482.5,1.480999458,13.39964465
37468,1.54,376940.0,1543.33,0.760857194,15.28849064
37469,0.95,140248.0,2333.35,3.037382843,15.51379278
37470,1.52,124708.0,1858.14,0.552723471,11.80971078
37471,2.45,146488.0,1891.57,1.125237949,15.188528
37472,3.02,358267.0,1648.58,1.610691394,12.67849844
37473,2.68,124416.0,867.71,0.330894548,16.10706494
37474,0.11,157579.0,1487.44,4.461984686,13.81996359
37475,1.09,143702.0,1981.95,2.931995258,15.41062364
37476,1.73,381348.0,2366.83,1.617670694,13.02363726
37477,1.93,364749.0,648.78,1.442001296,13.27897163
37478,1.89,255662.0,1856.32,2.515944456,13.24143839
37479,1.96,366800.0,969.31,2.066048668,12.68134315
37480,1.77,277340.0,1958.12,2.174940457,16.77910346
37481,0.67,367921.0,1945.25,2.039867166,16.96153066
37482,1.15,361511.0,1493.83,1.240933328,16.28618086
37483,1.37,133352.0,2363.4,-0.262788372,15.4337122
37484,1.24,364315.0,2175.27,1.20923082,15.75090068
37485,1.12,354075.0,955.58,4.626747135,15.78559395
37486,2.51,371542.0,610.4,1.90695364,15.0531977
37487,1.96,366119.0,1568.82,1.62548636,12.69235402
37488,0.85,168843.0,1931.45,3.182626543,12.43628013
37489,1.23,363580.0,1095.63,1.498683168,14.73092512
37490,1.39,358644.0,957.59,4.36836388,17.27601659
37491,0.0,353911.0,2858.22,3.065211364,16.3915558
37492,0.86,379133.0,2285.28,3.417752962,14.8340815
37493,0.84,265387.0,2630.4,2.538296016,15.90809465
37494,1.75,359070.0,2310.87,0.307508281,13.4839167
37495,1.67,271790.0,1846.04,0.834480865,15.75551567
37496,1.12,378637.0,2529.32,1.649984698,14.82641208
37497,1.61,163701.0,967.86,1.578815486,12.29598636
37498,1.12,350477.0,2274.67,2.42106888,15.04516787
37499,0.4,149571.0,1777.34,1.632860164,13.80429392
37500,0.51,365080.0,2449.79,1.255399312,15.21064175
37501,2.06,393529.0,1155.54,2.169271186,17.09897291
37502,1.39,375450.0,2201.08,4.86558351,14.94329924
37503,1.16,154191.0,2081.78,2.900705425,15.28589944
37504,1.08,114947.0,2223.43,1.995733775,16.85301485
37505,1.06,354403.0,1720.21,2.797103891,13.6683163
37506,1.68,361186.0,1035.2,1.904573344,14.44355837
37507,1.56,146629.0,1809.03,0.878899593,13.22687674
37508,1.72,392037.0,705.08,0.576839955,15.95605444
37509,0.69,165580.0,2250.89,1.767108174,16.28071849
37510,0.95,383755.0,1366.12,1.610083823,15.46004155
37511,1.57,383194.0,1079.01,2.09998531,13.93651282
37512,1.02,377301.0,1970.11,2.836846911,16.58602999
37513,1.52,241471.0,805.1,4.868052901,14.87996396
37514,0.49,151988.0,778.04,2.398652876,16.37110189
37515,1.26,381345.0,2577.22,2.164964975,15.16543021
37516,0.97,274314.0,2553.69,1.797530764,15.98579081
37517,1.43,336106.0,2301.33,2.356155264,14.66598663
37518,1.17,361417.0,1585.57,4.537581746,16.06887907
37519,1.2,365647.0,1914.65,1.956699457,15.29860232
37520,1.02,151955.0,960.99,2.000250846,13.34605828
37521,1.83,258715.0,1611.07,3.789013479,17.04620998
37522,1.34,270442.0,2329.33,1.376240962,16.0876883
37523,1.25,378584.0,2245.56,2.414323173,13.77520255
37524,2.05,131365.0,2153.58,1.830604655,15.48652367
37525,0.51,130169.0,1422.82,3.460758665,15.55857722
37526,1.27,401119.0,2318.91,1.211890357,16.37569587
37527,1.93,248617.0,1375.05,0.372322376,15.96643483
37528,2.7,373563.0,2015.11,0.541364802,15.30744189
37529,0.81,136530.0,806.73,1.25908105,15.83256034
37530,1.28,365387.0,1821.5,4.559793971,12.05036163
37531,1.12,345541.0,1033.06,2.105815307,13.22410916
37532,1.14,377397.0,1857.02,3.502268214,14.29580899
37533,1.83,377894.0,1937.02,1.653909662,15.7138981
37534,2.82,353161.0,784.41,1.636922935,16.29099678
37535,1.08,364008.0,1726.56,1.495692726,14.84801037
37536,2.11,379760.0,1969.55,0.702322628,15.40130722
37537,1.2,353000.0,2510.21,1.930740068,15.68132352
37538,1.81,363319.0,1863.33,1.268115177,15.11239441
37539,3.46,244478.0,806.87,2.089724443,15.54905222
37540,1.18,248565.0,2092.18,1.307176196,14.842061
37541,1.01,371541.0,2617.93,4.85893903,16.37455026
37542,1.73,249941.0,1134.12,3.497542777,15.87968197
37543,1.77,351410.0,1374.27,2.443669192,15.58002688
37544,0.0,379515.0,1271.51,4.519994131,17.10176251
37545,0.13,385919.0,2493.27,2.148471375,16.70986944
37546,2.79,274150.0,2001.15,3.147878983,16.61794943
37547,0.35,133264.0,1813.61,4.376426692,11.2583727
37548,2.7,141146.0,1868.48,2.748020712,15.37920731
37549,1.21,142795.0,2193.57,2.061827333,13.8055831
37550,1.32,346882.0,2325.97,4.50517079,15.51702577
37551,1.96,144617.0,1852.18,2.072175311,15.33392806
37552,1.99,345353.0,853.49,0.152641027,15.03411069
37553,1.53,150324.0,1424.28,1.913818626,15.65307143
37554,1.48,345289.0,1073.56,1.893349065,15.33660069
37555,1.53,362640.0,2246.45,1.246020382,15.2386249
37556,1.09,146894.0,874.03,1.409409344,14.97833138
37557,1.54,143615.0,1393.28,1.887758082,14.2403975
37558,1.68,261811.0,2487.52,1.536162148,12.73387093
37559,1.29,159154.0,1902.62,1.679390544,15.77137585
37560,0.29,361679.0,1277.1,1.589839678,15.33937658
37561,1.59,147056.0,2176.1,1.3573539,14.73003875
37562,1.6,354042.0,1087.36,0.929949567,15.83346649
37563,2.36,138385.0,839.39,1.273438677,15.47249005
37564,1.1,139206.0,2161.25,4.654811485,11.2583727
37565,1.71,253427.0,1798.18,1.021875041,15.92462255
37566,1.14,147788.0,1838.16,2.346710703,15.49934764
37567,1.02,342743.0,2392.65,1.772635699,15.77941272
37568,1.53,371535.0,2524.71,1.672738294,16.06648684
37569,2.14,136478.0,1915.55,1.597162246,15.47884613
37570,0.76,253781.0,1221.61,2.869447383,12.57600344
37571,1.65,255823.0,1860.22,3.880950498,15.73891314
37572,1.33,379171.0,2362.62,0.541246177,15.75466411
37573,1.07,363031.0,2331.63,1.865365093,17.05045808
37574,1.16,150894.0,985.4,1.906205503,13.68643094
37575,1.89,125986.0,1552.01,1.456532975,13.05571173
37576,1.09,137493.0,1725.76,2.227194118,16.79621032
37577,1.19,267856.0,1788.19,1.724278513,13.41563733
37578,0.8,378847.0,1878.77,3.198899563,16.25731043
37579,0.53,157260.0,1387.41,1.170095925,15.49923769
37580,1.59,261188.0,1141.08,2.848483852,16.24314685
37581,2.46,147794.0,1335.48,3.053320913,16.21058059
37582,1.79,342299.0,678.72,1.118924741,14.77097505
37583,0.82,149471.0,1598.48,0.242075976,13.66559121
37584,1.61,355403.0,1874.99,3.467794515,15.59085999
37585,1.04,266018.0,1138.34,1.107540551,14.87873047
37586,1.96,252235.0,1898.71,2.310557874,16.38687817
37587,0.82,384130.0,814.46,4.541102317,14.782069
37588,1.07,387306.0,699.62,1.172881516,16.61559875
37589,2.51,136230.0,1489.82,1.663590512,16.61550466
37590,1.44,393329.0,2138.25,4.723941227,14.96417636
37591,1.33,353072.0,1413.06,2.748874981,15.78203045
37592,1.43,384942.0,1415.12,1.625338974,15.39642761
37593,1.37,266634.0,1398.95,4.09869524,16.703776
37594,0.89,263089.0,1924.43,1.2055828,15.65071463
37595,2.04,398671.0,2448.55,1.769919011,14.91970108
37596,1.69,262199.0,1043.3,1.723572794,15.77653204
37597,1.23,377991.0,1995.6,1.608400471,12.58780791
37598,1.56,114947.0,1276.28,1.274479523,16.35872064
37599,2.52,170492.0,1947.02,1.239562191,15.92359443
37600,2.45,153772.0,860.73,1.308861447,15.53815727
37601,0.95,161831.0,813.65,0.824058661,14.88745046
37602,1.18,347177.0,1945.63,3.39417463,15.17576008
37603,1.26,250888.0,859.71,1.249509543,15.58012628
37604,1.85,345183.0,1932.24,1.008597668,15.30444152
37605,2.13,152557.0,1740.02,4.280097392,15.58211377
37606,0.89,173772.0,1956.29,1.809284387,15.46096862
37607,1.97,368522.0,1859.72,0.928979446,14.66905861
37608,1.71,388324.0,2300.43,1.081846196,12.82308978
37609,0.0,170680.0,708.52,1.969252115,16.12443935
37610,1.82,131301.0,812.83,1.941204828,14.01482213
37611,1.21,382554.0,1899.88,2.913778894,16.18238214
37612,2.05,261254.0,2217.49,4.156748825,16.00309496
37613,2.14,365044.0,2422.56,1.551557732,16.14443126
37614,1.42,375844.0,2381.0,-0.034412077,14.97619514
37615,1.38,369628.0,2355.46,3.630328433,13.91538148
37616,1.6,245411.0,2653.73,1.563844588,16.78494625
37617,1.89,386143.0,2416.19,2.961048107,13.53804908
37618,0.53,378790.0,1643.91,1.789297072,15.24911705
37619,1.6,269285.0,1454.68,1.717969912,15.26492481
37620,1.38,135523.0,1807.01,1.654514748,13.84628083
37621,0.99,137680.0,1848.67,2.90488361,13.16100545
37622,1.54,386943.0,668.33,2.375836659,13.38167983
37623,1.23,177740.0,772.51,3.711066424,15.61307253
37624,1.95,160709.0,1698.19,1.548849636,15.632866
37625,0.62,354497.0,1189.44,1.597044733,15.52576973
37626,2.38,147749.0,1753.08,1.547308205,13.86802298
37627,1.85,354953.0,2147.28,1.643250617,14.46740215
37628,1.97,374061.0,1542.85,4.57902936,16.52163272
37629,1.47,356840.0,1713.43,2.788903741,15.29393584
37630,0.38,169248.0,1765.31,1.59007467,15.62148845
37631,0.37,256831.0,1764.54,3.349960164,15.26528929
37632,1.12,374458.0,1268.72,1.953892645,15.52984517
37633,1.86,388129.0,1805.2,3.833718016,12.89943127
37634,1.07,357017.0,2141.88,3.178456266,13.31399125
37635,0.79,372289.0,2428.29,2.142940336,17.73027397
37636,1.1,364538.0,2580.57,2.110143455,15.50647096
37637,1.36,375655.0,2599.04,2.562393448,13.94850653
37638,1.84,261995.0,1220.67,0.856632252,12.46452362
37639,2.02,368331.0,1813.64,0.746785426,14.96502644
37640,0.62,357421.0,1155.92,1.071561493,14.88561393
37641,1.17,356065.0,1035.99,1.013899298,15.47015259
37642,1.52,386584.0,2031.23,1.598030099,15.63014969
37643,1.86,139881.0,1078.01,4.297756138,14.34734514
37644,1.0,350577.0,1276.71,3.327620616,12.3300735
37645,2.38,379216.0,2366.41,1.384454701,17.15532296
37646,0.63,150124.0,1818.0,1.5035385,16.81601409
37647,1.43,380271.0,1351.3,4.540865,16.41711339
37648,1.55,350800.0,809.45,1.770852266,16.09279948
37649,2.13,372702.0,1582.7,1.531672177,16.03768415
37650,1.83,348353.0,916.82,1.01375948,16.35630775
37651,1.77,386334.0,1075.82,0.481647516,14.57609038
37652,1.28,162686.0,793.94,2.612197382,16.01626055
37653,2.19,375914.0,1478.91,2.961206588,15.83363658
37654,2.0,359765.0,2153.64,2.630502662,15.01154386
37655,0.75,139966.0,2578.36,2.904698152,15.09965271
37656,0.79,366096.0,2117.35,1.412005828,15.6983989
37657,1.7,360672.0,2228.31,4.705985221,17.12021121
37658,2.27,371714.0,2486.77,2.814819804,16.0673382
37659,5.64,357054.0,586.86,0.444584569,13.44531489
37660,1.44,362898.0,1784.01,1.287891452,14.44950383
37661,0.71,143517.0,2116.0,1.387618945,15.16801436
37662,1.99,343344.0,1330.79,1.297747939,13.16881455
37663,0.6,342196.0,2202.49,0.621776123,13.09068693
37664,1.84,141350.0,1282.89,1.653238362,16.70237429
37665,1.64,362016.0,1811.18,2.337757868,14.76239366
37666,0.08,367119.0,3047.82,3.718867104,17.12485412
37667,1.11,369463.0,1926.51,1.805156262,15.6980758
37668,1.45,378556.0,2532.93,1.367324878,16.18916399
37669,1.31,363742.0,1758.69,1.786336677,11.2583727
37670,1.58,284003.0,1865.53,0.818370458,15.23289768
37671,1.64,369104.0,1763.4,2.199516205,12.77839092
37672,1.4,114947.0,1917.39,1.432703392,15.3727875
37673,0.33,177757.0,1513.81,2.374436816,14.00374701
37674,0.97,379743.0,1907.59,1.965254884,15.56392853
37675,0.27,384120.0,1822.68,2.508049053,14.41186121
37676,1.88,382294.0,1405.67,1.646245495,13.81248275
37677,6.2,245623.0,1820.07,1.978691643,15.27983957
37678,2.4,254860.0,2089.4,1.547665591,12.61682892
37679,0.95,392208.0,1207.63,2.480454193,16.35314598
37680,1.41,365699.0,2571.46,3.386318173,14.78697386
37681,1.65,122720.0,734.03,1.787679655,15.65010638
37682,2.07,156451.0,1804.49,1.387150214,13.69755144
37683,1.51,371868.0,1251.92,0.685930655,16.1329938
37684,1.79,386807.0,710.91,1.778152123,15.65590957
37685,0.97,241485.0,1422.62,2.126710932,15.39241757
37686,0.08,269614.0,2313.23,2.353777812,15.77584153
37687,0.9,262087.0,2389.76,1.939359774,14.92250324
37688,2.48,362244.0,848.37,1.116101686,16.2033678
37689,1.33,392183.0,1962.77,1.328481357,16.27018362
37690,1.03,371178.0,1362.43,1.594639641,15.67410312
37691,1.51,377328.0,1443.54,0.81096247,15.80807186
37692,4.49,274802.0,2351.61,3.707170927,15.98837932
37693,1.11,257590.0,1780.9,1.493714268,15.97323959
37694,1.64,391181.0,2380.18,1.840098246,13.80385577
37695,0.16,366824.0,1343.9,1.315804581,16.36108025
37696,2.18,240578.0,1211.42,2.330414711,15.74411941
37697,1.48,366388.0,2376.02,2.292949542,15.78816152
37698,1.38,249592.0,2456.96,1.969700568,13.87254819
37699,2.48,133785.0,679.36,1.116027072,17.28463111
37700,1.32,250736.0,1868.5,1.690292738,13.96764447
37701,0.91,259996.0,597.76,2.85488838,15.813478
37702,0.41,373883.0,1819.17,1.324410339,11.99819051
37703,2.45,252954.0,1819.83,1.182582636,15.84881404
37704,0.37,250059.0,1121.37,1.796921784,15.9441775
37705,0.0,380565.0,2263.05,2.464560906,13.53277854
37706,1.29,157894.0,1362.12,2.000180118,13.56096711
37707,0.77,387292.0,943.1,3.590852914,15.73095704
37708,0.71,369017.0,2596.45,1.830174131,15.47174241
37709,1.11,139876.0,2024.27,3.017495835,15.78699258
37710,0.85,378320.0,2247.52,3.038839797,17.34126924
37711,1.7,348057.0,2673.01,1.907997913,16.13355013
37712,1.26,363443.0,1847.97,1.673215951,16.46547665
37713,1.54,361091.0,1990.41,3.42375469,12.93278046
37714,1.52,131623.0,2294.38,2.085212849,15.05836415
37715,0.85,384118.0,1449.25,4.598818819,17.31144252
37716,0.78,369302.0,1402.66,-0.326393035,14.94180691
37717,1.6,352257.0,1344.85,0.949121714,15.06097463
37718,5.47,385106.0,1749.43,2.647071937,16.2456956
37719,1.37,369926.0,675.19,-0.050497626,15.43503319
37720,0.51,368664.0,2792.7,1.987021532,17.38768739
37721,2.16,281877.0,1316.83,2.358627728,16.4455132
37722,0.53,396687.0,2446.11,0.671527449,15.9702572
37723,1.89,118643.0,1128.64,1.767353036,16.18798392
37724,2.46,345811.0,1839.23,1.793542549,16.84771677
37725,5.84,136816.0,2075.83,0.943415007,14.34658905
37726,0.51,266431.0,1866.74,1.440763433,15.8616373
37727,1.59,355439.0,1857.82,2.054715067,14.59692529
37728,2.21,363155.0,765.99,0.473887047,14.79387373
37729,1.61,364927.0,1917.34,3.090823172,16.69634057
37730,1.3,349080.0,982.63,2.013751066,14.3377492
37731,1.13,124206.0,1800.92,0.133324468,15.30629977
37732,0.42,366094.0,1435.98,1.714346434,16.04668673
37733,1.97,264103.0,1283.2,2.737878334,14.18517469
37734,0.51,254153.0,809.41,1.389985821,16.29921334
37735,1.07,284426.0,1730.24,2.152901559,14.21286132
37736,2.15,366763.0,746.03,2.037170308,15.26203335
37737,1.34,359736.0,1274.63,3.889295869,14.53138572
37738,2.15,358528.0,1795.92,1.799604966,16.84538176
37739,0.7,163913.0,2213.84,2.669762848,13.21695068
37740,1.72,383028.0,1316.68,2.088357588,13.4076462
37741,1.41,122218.0,1882.05,2.176026558,16.14221232
37742,0.35,147049.0,2513.7,1.391735235,15.99233408
37743,1.74,363288.0,773.47,1.504707586,15.12306024
37744,1.73,347536.0,2052.26,2.220199153,13.67175978
37745,1.48,355681.0,1934.46,3.562182354,16.11549969
37746,1.55,246787.0,1922.18,1.183205795,14.74334094
37747,1.11,372893.0,922.01,1.614754258,13.25192118
37748,0.78,151173.0,1913.83,2.736649847,13.63716401
37749,2.12,352790.0,1865.83,0.929795392,15.14837269
37750,2.47,362785.0,2128.83,1.162323436,14.80543196
37751,1.39,361258.0,1851.65,2.081424914,14.12581208
37752,0.79,252391.0,2354.75,3.427825626,17.13418567
37753,2.39,254931.0,2197.52,2.885981295,12.7107183
37754,1.52,268350.0,1248.4,1.849844122,12.58368265
37755,2.0,349901.0,786.58,1.68101157,14.73163392
37756,0.89,153286.0,1938.42,1.975586665,15.50911265
37757,2.03,386016.0,1932.51,2.159693399,15.62459278
37758,0.7,120315.0,586.86,0.716495875,16.97657903
37759,2.17,141938.0,1489.63,2.087461519,15.62320971
37760,1.94,150070.0,1305.74,1.305688794,13.26106522
37761,2.59,360562.0,1858.73,0.654755297,16.08148989
37762,1.06,376244.0,2290.53,1.831752976,16.02659372
37763,1.13,357099.0,1851.02,1.22524928,13.92420672
37764,2.57,380752.0,2394.24,3.670057134,15.80550332
37765,1.13,363626.0,790.6,2.7067579,13.58735641
37766,1.4,119385.0,665.45,2.887158064,16.23263841
37767,2.28,145242.0,1356.91,1.514422678,15.92332177
37768,0.97,373022.0,2193.3,0.863949532,14.64652593
37769,1.74,154554.0,1899.47,1.047968771,17.55027568
37770,1.44,377137.0,2414.1,1.997664572,12.1416878
37771,1.52,240293.0,1186.36,1.670501158,17.10579818
37772,0.36,363318.0,1826.69,1.084876539,15.15957034
37773,0.52,386886.0,1880.02,1.964736401,15.91420853
37774,0.9,151625.0,1426.31,1.932197169,16.89854722
37775,0.76,370713.0,1335.15,0.54021935,16.22520297
37776,1.28,369606.0,1314.37,1.438884994,13.27775478
37777,1.07,149469.0,1616.33,0.541096259,15.00352413
37778,2.27,132518.0,1172.99,1.286040818,13.50601337
37779,1.64,375137.0,841.2,3.181007255,16.04669165
37780,0.8,375535.0,2627.3,0.893575455,15.24804459
37781,0.48,157003.0,1477.71,4.926329747,16.77852609
37782,1.29,355872.0,1567.31,1.458686238,16.69671867
37783,2.41,365071.0,1971.15,1.003617173,17.01810126
37784,1.41,147889.0,1330.64,2.812609414,16.98041641
37785,1.65,354647.0,2129.05,1.933226295,13.59303438
37786,1.63,133548.0,2086.12,1.649175562,14.71324238
37787,2.29,130775.0,952.72,3.620222138,13.97502548
37788,0.73,395405.0,844.26,2.29873833,17.2522533
37789,2.14,254758.0,846.71,1.784391239,12.92340895
37790,2.67,373029.0,1772.94,2.469264298,15.71570895
37791,1.29,157972.0,1870.1,2.893356753,14.33812126
37792,0.35,383411.0,1817.47,3.97968017,15.53618823
37793,0.76,150232.0,2485.01,1.407029016,16.29927479
37794,3.07,384814.0,1065.39,3.601846785,14.08548041
37795,1.44,119275.0,1806.35,2.961283578,14.58666443
37796,1.63,136633.0,2440.35,1.419062294,14.42169966
37797,0.95,249024.0,1320.9,1.957230754,15.02839706
37798,0.89,385974.0,2275.4,0.395915197,16.41287517
37799,1.67,375261.0,1659.55,2.373302991,16.0084198
37800,1.27,148335.0,1188.85,-0.295088063,14.33865259
37801,1.21,267103.0,838.66,1.43181348,14.94296953
37802,1.18,246873.0,1676.33,1.900760107,13.274825
37803,0.98,366238.0,1454.22,2.218399411,16.03592632
37804,1.38,274349.0,2321.37,1.241261858,15.7779375
37805,1.71,128175.0,1023.12,1.890942898,15.233249
37806,1.14,124704.0,849.02,1.751955335,15.03738708
37807,1.02,346611.0,2628.35,1.428609136,13.10228454
37808,1.22,173088.0,3047.82,-0.24274199,15.89156838
37809,1.73,244829.0,1970.6,1.356325547,14.94983005
37810,0.36,382504.0,1903.82,1.525449635,15.19069213
37811,2.08,166993.0,2095.87,1.92218047,14.12288131
37812,1.39,126496.0,912.05,1.792274189,15.60424642
37813,2.1,247622.0,1809.96,1.190786547,13.5867611
37814,0.8,262044.0,1865.2,2.154987004,15.58093615
37815,3.41,136426.0,2221.49,4.074879934,15.6550863
37816,0.93,370161.0,2460.83,1.043114152,15.76417633
37817,1.45,384377.0,1940.21,1.590796012,16.20268594
37818,0.91,395502.0,1454.02,4.724344251,17.73027397
37819,1.61,157275.0,2415.44,1.048984354,16.0965437
37820,1.24,251078.0,1730.84,1.976477435,16.0884634
37821,0.03,147346.0,953.21,2.224151125,15.07563326
37822,0.2,375372.0,2240.91,2.838788725,14.72544679
37823,0.61,356861.0,875.32,2.971730923,15.72418008
37824,0.89,378016.0,1726.13,4.353058514,17.20833739
37825,1.67,240246.0,1345.81,1.851567225,16.37873017
37826,1.49,261690.0,922.06,3.231709473,17.59061669
37827,2.15,162601.0,1186.52,1.857330914,16.82018729
37828,1.26,145600.0,2269.97,1.148406308,14.76333965
37829,0.0,357173.0,1403.65,2.90046405,14.80309409
37830,1.8,384999.0,2030.45,1.032272013,15.12725799
37831,1.47,351902.0,2430.52,1.125179912,13.50592383
37832,2.52,126131.0,1951.45,3.441361071,15.50583845
37833,2.51,342525.0,1817.76,2.714471406,15.06025396
37834,0.99,150162.0,2366.75,2.221679396,13.89558947
37835,2.18,401119.0,1107.64,2.069807894,13.92785642
37836,1.73,345201.0,1577.29,1.886047755,14.49719279
37837,2.41,338538.0,2252.21,1.713764257,14.22872973
37838,1.0,372066.0,1494.5,1.734515224,14.97225734
37839,0.33,256973.0,860.73,2.194176714,16.16778299
37840,1.13,380015.0,2559.63,3.905963469,16.0484678
37841,2.11,367249.0,1770.24,1.517704743,15.14561158
37842,1.42,252086.0,883.72,2.078129622,13.32820913
37843,2.06,277084.0,1571.65,0.186023619,16.64375247
37844,1.43,350959.0,1907.54,1.437164042,16.11567896
37845,1.48,250481.0,2450.08,1.850355907,13.83480205
37846,1.99,125786.0,2223.59,1.726818822,16.17774741
37847,0.17,269384.0,1880.85,2.84923994,14.94795759
37848,1.6,147811.0,608.05,1.7926683,15.25907173
37849,1.44,355066.0,1733.12,1.991965589,15.2184398
37850,2.33,358921.0,2137.36,4.035171863,14.12916503
37851,1.87,282356.0,1489.19,1.108664431,14.4243068
37852,0.13,392844.0,2344.59,2.824458028,16.24953551
37853,2.44,369199.0,1951.0,1.713140275,15.74746758
37854,0.45,275141.0,1495.97,1.444146779,13.30644275
37855,2.01,241235.0,1838.35,3.019106819,13.9475225
37856,1.86,141954.0,862.77,4.380194585,15.68183078
37857,1.29,380480.0,1995.74,1.080199623,14.99478499
37858,1.69,263986.0,1812.28,1.235806651,13.82682629
37859,2.44,260272.0,2577.96,3.89537033,17.73027397
37860,2.61,369465.0,1779.75,1.057823318,16.60117674
37861,2.44,361895.0,899.6,1.165315412,15.82391208
37862,0.86,358126.0,1763.87,4.606434371,16.51470299
37863,1.65,254423.0,2338.35,1.422177368,12.84216533
37864,1.78,278440.0,1749.35,1.979154591,16.65706722
37865,1.65,366671.0,1762.09,1.373476966,15.44532171
37866,0.84,371654.0,1964.66,2.615590868,15.40482971
37867,1.7,393846.0,606.28,2.110229573,14.24527977
37868,1.63,383373.0,1977.66,1.620061686,16.43525218
37869,0.72,270617.0,1507.51,2.058287259,16.17044899
37870,2.07,131483.0,1260.64,1.13093608,15.8255735
37871,1.62,389634.0,858.41,1.931543674,14.9102579
37872,1.83,389492.0,2487.06,3.435650103,13.66994003
37873,2.27,271814.0,1775.73,0.781001112,16.87394738
37874,1.52,134953.0,1772.31,1.664546721,15.94770296
37875,1.81,371384.0,1605.53,0.996804181,13.64778096
37876,1.66,143207.0,1429.81,2.954243994,17.09120991
37877,0.91,367909.0,1840.52,1.274118602,16.1503577
37878,1.75,369425.0,1939.25,1.358834896,14.66784531
37879,1.13,392426.0,1763.79,2.833079078,14.33329023
37880,0.53,374419.0,757.22,-0.326393035,16.1016814
37881,1.15,152825.0,1890.67,2.349628218,15.75453219
37882,1.6,128842.0,1743.92,1.206051006,15.14048236
37883,0.84,380049.0,2557.7,1.765058702,14.63118869
37884,1.08,259756.0,2177.53,2.240006994,16.97111737
37885,0.32,369290.0,1035.6,4.722968558,16.49579768
37886,0.93,378848.0,1756.63,1.994336276,14.51316299
37887,1.51,354163.0,2364.18,2.435176669,15.40349621
37888,2.05,149194.0,1019.07,2.931806205,15.3332468
37889,1.68,357224.0,2188.74,2.283717306,16.2675247
37890,0.32,373000.0,1485.38,3.776898741,15.78615134
37891,1.07,260426.0,925.0,3.175187002,16.89609893
37892,1.3,262557.0,1702.47,4.412294476,16.53978204
37893,1.54,148561.0,2259.68,2.066334457,16.3846449
37894,1.98,159420.0,1558.2,1.454655204,15.19136828
37895,2.16,365876.0,2996.91,0.96392443,15.42061653
37896,2.65,336054.0,1015.57,1.569977127,14.57274865
37897,1.76,378519.0,2372.34,1.665507907,15.09393656
37898,2.27,375426.0,1919.99,2.315300627,14.34050775
37899,2.42,147555.0,1859.49,1.380290773,11.33814284
37900,0.56,130583.0,1753.18,1.839037611,15.92009522
37901,1.4,350873.0,1779.47,1.608578595,13.74189818
37902,1.16,366605.0,1846.41,4.438501859,15.73862208
37903,1.2,365555.0,1927.07,1.723165879,13.14631152
37904,1.72,161699.0,1921.85,2.093001989,12.73513243
37905,1.23,248700.0,2905.84,1.256537085,15.3317296
37906,0.89,257113.0,1651.68,1.918010175,15.88929747
37907,1.96,357831.0,2283.84,3.862688409,15.12835773
37908,1.52,263289.0,784.03,4.692876245,14.57904913
37909,1.03,145996.0,2344.57,3.41043982,17.23365215
37910,1.7,251296.0,2162.64,1.994988316,13.7050613
37911,2.92,261028.0,1810.87,0.822720659,15.85011361
37912,1.31,372661.0,622.27,1.222169459,15.7234261
37913,2.1,247248.0,1442.07,0.493774353,13.39359659
37914,1.14,177334.0,1915.72,2.869510596,16.63963366
37915,0.53,374203.0,1878.86,1.35753383,13.65167156
37916,2.2,153909.0,1922.49,0.988092013,15.18462831
37917,0.77,348179.0,2412.78,3.006710466,15.34391704
37918,1.55,141559.0,1170.1,3.390777099,11.6047812
37919,0.69,382191.0,1798.41,4.186306011,16.36280915
37920,2.15,353721.0,1852.73,3.505950644,16.19296911
37921,0.78,373940.0,1803.05,1.878748518,15.08610679
37922,0.47,377163.0,817.25,3.58995254,13.18533323
37923,1.91,382282.0,1677.96,1.526212089,15.61479909
37924,1.96,264767.0,586.86,3.185769554,15.11783235
37925,2.64,369988.0,848.69,1.864083646,15.62458381
37926,1.33,358313.0,662.0,2.093053509,15.78348237
37927,2.18,177255.0,2346.86,0.343804773,12.76122345
37928,2.03,353335.0,1973.61,2.543453222,14.95679665
37929,0.42,116913.0,1888.18,2.150670728,14.3715959
37930,1.42,365963.0,2429.02,2.100377515,15.48931827
37931,2.27,255354.0,2141.74,1.879267847,13.94983891
37932,2.09,122898.0,1131.52,2.004483881,15.49923829
37933,1.76,372310.0,1027.78,1.708027222,15.38614833
37934,2.01,133445.0,1798.81,2.282475226,16.40632941
37935,2.34,396035.0,2401.3,2.274057031,13.86014056
37936,1.38,371095.0,1564.24,1.872634775,15.81488304
37937,1.74,366280.0,2860.84,4.60128996,14.65759561
37938,0.66,131126.0,1832.4,3.268459435,15.94499775
37939,2.01,254115.0,839.99,1.426119318,15.97360874
37940,1.7,374803.0,2010.76,0.02460552,16.36444525
37941,2.31,353478.0,1786.65,2.375746112,14.05726307
37942,0.64,368273.0,1945.56,1.819753725,16.316929
37943,0.77,370606.0,1920.96,3.077745162,13.46906672
37944,1.53,139086.0,2408.15,3.982635823,14.13238835
37945,2.19,277911.0,1939.56,1.549060434,16.23024295
37946,0.97,155662.0,2303.61,4.057084891,15.64995131
37947,1.03,260073.0,2439.78,3.493612711,14.26174266
37948,2.2,159646.0,836.67,1.095884075,15.36895803
37949,1.32,263857.0,926.17,1.409357249,11.2583727
37950,1.87,352191.0,754.27,1.456601317,14.92398687
37951,1.86,360153.0,1850.35,1.38574371,14.76408035
37952,1.33,259973.0,1912.22,1.784297953,15.3940209
37953,1.62,364989.0,1861.89,3.370869748,15.58113509
37954,2.21,143628.0,1079.78,1.600192532,16.29334398
37955,0.47,162390.0,843.6,3.595453386,16.87108831
37956,0.74,250519.0,1814.77,0.899570921,15.3004688
37957,1.56,249731.0,1126.03,2.937508717,14.77852655
37958,1.51,254277.0,1692.04,1.58317166,13.36140948
37959,1.6,378371.0,1501.49,0.927484884,15.87651361
37960,1.93,365009.0,1913.3,0.800310347,16.99210293
37961,2.21,256750.0,1340.92,2.632405413,15.96907009
37962,2.18,357740.0,2390.03,1.395309243,15.91979869
37963,1.71,143375.0,2286.22,1.665652053,15.9855126
37964,2.03,368079.0,1866.6,3.712973998,15.18974335
37965,0.96,371077.0,2205.56,1.621981084,17.16094383
37966,0.6,261685.0,1572.06,1.653076868,13.72392097
37967,1.58,354139.0,2317.97,2.911200214,16.11306644
37968,1.8,252426.0,2175.66,1.701734759,16.29434045
37969,0.3,282237.0,1418.57,2.568255155,16.02036528
37970,1.7,373208.0,1809.82,0.502087488,15.95895384
37971,2.59,167430.0,1982.21,4.155523353,15.8167178
37972,2.26,268754.0,1542.26,0.490034458,15.83863201
37973,0.76,260245.0,1922.91,3.766300383,17.20340236
37974,0.55,239317.0,1758.49,1.469593982,15.87135918
37975,1.72,388793.0,1523.05,2.36806417,15.07519951
37976,0.68,138890.0,965.51,1.500194208,16.39640129
37977,1.54,389330.0,1824.57,0.824343207,13.6809002
37978,0.53,142736.0,1816.02,2.979482818,13.99279964
37979,3.0,260076.0,1849.9,2.274974962,15.89658329
37980,1.49,267609.0,2161.68,0.530421412,15.73079725
37981,1.88,243705.0,2055.39,-0.270506214,16.18682504
37982,1.15,368990.0,1673.87,3.973820694,16.27892048
37983,0.0,380421.0,1854.94,2.982270673,16.88735402
37984,1.46,129141.0,1992.33,1.479729284,17.01307122
37985,1.05,245843.0,1721.04,3.504560147,16.97916909
37986,2.36,145180.0,1820.75,2.70448722,16.71933001
37987,1.4,375566.0,1419.2,2.151131154,16.9553228
37988,2.28,379551.0,1743.31,1.626793895,16.02233016
37989,1.63,369571.0,2258.54,1.098623094,12.54265586
37990,2.1,137377.0,771.88,1.122176261,15.82185471
37991,1.75,166368.0,1714.96,2.141098127,16.07155571
37992,1.74,382052.0,2319.97,0.671646277,14.56784452
37993,3.72,339582.0,2503.92,4.368074898,15.24729048
37994,2.66,131446.0,1078.1,2.478438646,15.48769502
37995,1.27,368565.0,1659.93,2.150631234,13.30493239
37996,1.77,149826.0,1353.18,2.090878429,15.39675754
37997,1.9,143308.0,968.95,1.623167273,13.96839896
37998,0.77,394658.0,2000.99,1.701680002,15.89744947
37999,1.74,143731.0,1715.12,0.686567323,15.24272506
38000,0.32,149176.0,1402.78,2.127295644,13.48466979
38001,0.99,378301.0,1811.73,4.745596322,15.66119192
38002,1.07,373544.0,1445.97,1.33605364,14.96568686
38003,2.61,354360.0,1109.67,3.593948896,15.51684859
38004,1.06,249424.0,869.99,1.253725516,13.93944354
38005,0.69,164815.0,1721.76,2.821985096,14.13827251
38006,1.97,385097.0,1922.04,1.253098789,14.75455754
38007,1.02,265489.0,2183.9,0.767992281,15.33451315
38008,1.89,261566.0,2353.81,1.686662205,13.35241444
38009,1.02,264184.0,1113.28,1.975630177,15.21323251
38010,1.43,366958.0,1803.22,0.853067717,16.33478431
38011,1.99,132072.0,1863.35,1.475297169,15.25414466
38012,2.32,145208.0,2122.03,2.549493029,14.05696788
38013,0.73,141261.0,1836.22,0.65916902,15.53886318
38014,0.57,363226.0,2550.2,2.669427561,17.22333415
38015,0.96,381781.0,1100.17,4.691460598,15.48891031
38016,1.16,354683.0,2475.98,1.166518036,16.28430739
38017,0.32,379510.0,1383.77,1.583001896,15.41814443
38018,1.26,277418.0,2004.73,2.810382594,15.18232859
38019,1.84,261079.0,1617.21,3.212854436,13.33237069
38020,2.12,361787.0,1467.46,3.698230428,15.40158742
38021,1.3,257845.0,1870.31,3.843721542,16.20857629
38022,2.88,372460.0,2050.41,2.618641344,15.66633602
38023,0.09,156142.0,1918.86,2.486169987,15.54284624
38024,0.31,386740.0,1498.36,4.608689185,13.44219286
38025,1.53,363114.0,1792.59,0.803521804,16.11419506
38026,1.54,260793.0,1569.84,2.721251218,15.58484851
38027,0.99,154192.0,1882.55,1.820600274,14.54351464
38028,1.75,382029.0,1459.83,3.422534886,14.36298857
38029,0.49,264546.0,1058.64,0.970186466,12.55589436
38030,2.53,401119.0,899.76,1.538286944,15.84028252
38031,2.51,245015.0,1171.73,4.396846399,13.43989788
38032,0.93,365763.0,1997.42,3.453037823,15.52883645
38033,1.28,359068.0,1894.42,2.219231117,16.53361922
38034,1.35,380516.0,1828.4,1.464735572,15.82331201
38035,1.9,250947.0,1959.32,1.89522473,15.82620249
38036,1.69,350758.0,1823.39,2.120899193,14.41610996
38037,1.85,138885.0,1702.83,1.625466197,15.3879373
38038,2.42,133588.0,1845.36,1.096075584,15.54753478
38039,0.95,145454.0,2043.72,4.468661116,16.01544943
38040,2.93,360356.0,1756.55,0.969393809,15.43484366
38041,1.79,139885.0,2539.22,1.911257458,13.49773782
38042,1.66,343380.0,2201.82,3.832245222,14.38834878
38043,2.07,369681.0,1653.16,1.210025822,15.81228156
38044,1.18,144991.0,853.88,2.344782572,14.13080687
38045,1.37,146962.0,825.4,1.628330605,15.19304167
38046,1.63,372073.0,1921.84,4.39453845,16.33033828
38047,1.59,277494.0,2597.27,2.410896708,16.66917253
38048,1.38,158088.0,1218.2,4.797718776,15.60493334
38049,1.82,350392.0,1795.1,0.635095746,15.75128185
38050,0.64,276307.0,2426.21,0.768771914,16.21587829
38051,0.99,373522.0,2812.76,2.159385679,15.06188648
38052,1.06,370794.0,2690.0,2.273905733,15.70366928
38053,1.03,385527.0,1380.42,2.370033367,14.0606918
38054,1.32,366107.0,1159.75,1.717803474,15.57444674
38055,0.84,137536.0,2413.21,2.708990365,14.40618751
38056,0.35,384226.0,899.37,1.782218399,17.04558316
38057,1.42,370670.0,1896.26,3.407674102,15.03330012
38058,2.01,144695.0,1804.46,1.667580617,15.29108737
38059,1.51,370394.0,1818.6,1.96755292,16.70617844
38060,1.23,366034.0,852.29,4.210409893,13.86789239
38061,2.5,358153.0,1427.04,1.684714075,16.1781811
38062,1.92,374961.0,1776.49,1.859545319,15.27102298
38063,1.32,375061.0,2204.08,2.874003271,15.967644
38064,0.35,375292.0,2248.52,1.948263429,14.04669078
38065,1.12,249674.0,1872.35,1.087443887,12.99149262
38066,0.88,361312.0,1870.49,1.041856172,15.86469615
38067,0.77,159723.0,2353.95,1.670345501,16.21380002
38068,1.12,376490.0,1689.29,3.547285187,15.93417269
38069,0.84,159205.0,1640.98,2.898994021,12.1910107
38070,2.14,355311.0,1792.67,2.397067592,15.77735154
38071,1.16,370391.0,1003.11,1.642542547,15.04038731
38072,0.65,383330.0,2197.78,1.416974523,12.553283
38073,1.0,155567.0,1290.62,3.657141402,15.57930006
38074,0.7,381305.0,1400.66,4.763302364,15.47329788
38075,2.09,358944.0,2669.71,2.470669238,17.60017001
38076,1.39,287069.0,2315.44,2.217089236,15.50161118
38077,1.12,379965.0,1643.92,2.594029005,16.26618463
38078,1.67,371046.0,1767.74,1.948514509,15.72618632
38079,1.09,267808.0,1635.86,2.027389195,13.79444453
38080,0.72,375352.0,794.49,1.809374284,16.78590475
38081,2.04,256623.0,2416.77,1.670700899,15.53981722
38082,1.3,234772.0,1797.48,1.893783516,15.65561471
38083,1.19,349697.0,2364.46,3.22255499,13.68316621
38084,1.57,139911.0,2426.36,3.004430146,16.0884726
38085,1.54,341781.0,1199.97,4.396422798,15.7175307
38086,2.22,171727.0,1817.22,1.992125745,15.77166174
38087,1.74,141790.0,1040.52,2.426414005,13.3086132
38088,1.61,136307.0,1350.59,3.256580495,16.36488708
38089,0.62,135715.0,2114.65,0.731651758,12.76803215
38090,1.08,277072.0,1273.65,1.549967562,16.27238248
38091,2.27,131940.0,1696.22,2.829061556,12.91100383
38092,1.18,387271.0,2423.25,4.13903904,16.23855962
38093,0.87,257494.0,1404.67,0.922922569,17.27232134
38094,1.44,158739.0,2105.24,2.39343443,13.431838
38095,1.59,389526.0,1899.53,1.945605088,16.16284761
38096,1.26,141233.0,1446.64,0.580710145,13.70393551
38097,2.5,268505.0,1354.39,1.268505113,15.95784874
38098,1.99,116681.0,2252.98,1.549421277,14.71124798
38099,1.36,388491.0,2224.82,2.483427008,13.97691576
38100,2.33,264591.0,2289.95,2.900837729,15.78196108
38101,2.87,245446.0,900.97,2.565824608,12.4433843
38102,1.22,369018.0,1816.08,2.12019365,15.47018412
38103,2.46,257157.0,2034.96,0.77743664,17.73027397
38104,2.06,359113.0,2032.61,2.647405623,16.63015308
38105,2.52,345694.0,2082.73,1.365136154,12.99532268
38106,2.81,369130.0,1881.61,1.649301356,15.42655653
38107,0.67,375003.0,2397.2,3.181223926,15.98986279
38108,2.03,363113.0,1962.1,3.113522165,16.7716905
38109,0.22,396684.0,2184.76,2.405406558,15.04425733
38110,0.93,390925.0,1718.93,0.828668255,17.15926443
38111,1.08,258888.0,1954.12,1.273880253,15.96961122
38112,1.61,340814.0,2337.49,1.200764963,13.20479119
38113,0.6,261014.0,1400.96,1.857552139,16.26106958
38114,1.86,384591.0,1144.91,1.113151919,16.41019855
38115,2.64,363508.0,1161.93,4.235047207,16.01538858
38116,0.29,387166.0,586.86,2.489932384,13.64058454
38117,1.91,348036.0,2185.87,2.023690913,12.42809835
38118,1.08,144388.0,2226.63,1.946920217,13.76327059
38119,2.05,390330.0,1942.26,1.891703971,15.8283817
38120,0.65,386781.0,1371.91,1.634949671,15.03013139
38121,1.47,378045.0,864.18,2.288402213,15.24345594
38122,1.84,363636.0,2413.54,3.236931471,13.87582854
38123,0.68,362394.0,1938.71,2.13268709,16.44263079
38124,2.78,235874.0,1806.09,2.15527157,16.28667939
38125,2.06,365034.0,1299.2,2.678039089,15.22354765
38126,0.92,130972.0,1279.34,2.087957439,15.71129868
38127,2.6,264045.0,1610.52,3.70820208,14.50702549
38128,1.0,145393.0,2263.47,1.616079511,12.05961664
38129,1.17,242581.0,714.78,0.494357696,15.20865512
38130,2.14,377324.0,2562.77,2.031879031,15.83221992
38131,1.79,371845.0,2002.18,2.260082124,16.81455215
38132,0.59,265314.0,1705.29,4.81797086,13.21554031
38133,1.5,356458.0,1411.71,2.193662706,15.47097843
38134,1.09,141508.0,1926.94,1.633209834,15.01323793
38135,2.77,391494.0,873.0,1.410273847,12.20474137
38136,2.13,239306.0,1991.7,1.643403221,15.07947418
38137,1.81,376144.0,1150.79,2.815970602,17.2185596
38138,1.53,161611.0,1400.37,1.881510815,16.49081131
38139,1.67,142056.0,628.43,1.459143794,14.76008178
38140,2.68,370701.0,2332.1,4.438767343,13.94636379
38141,0.72,380630.0,1954.23,2.492324728,16.3533847
38142,0.0,401119.0,1932.37,2.402382297,16.34309345
38143,2.32,368820.0,1964.17,2.035067844,15.97891987
38144,2.51,362460.0,2234.92,2.793650316,16.25950265
38145,0.43,364991.0,1906.27,1.970393296,13.20569258
38146,1.26,398635.0,1830.19,2.417069283,15.43082586
38147,2.26,146085.0,786.53,2.909465607,15.86466561
38148,1.69,387502.0,2632.82,4.454363978,14.09371399
38149,1.44,364627.0,2117.07,2.737095977,15.84309313
38150,1.8,147430.0,1741.04,0.311329995,17.71018056
38151,1.76,368639.0,927.53,1.898595185,14.40776301
38152,1.83,364171.0,2207.84,0.899884663,12.64903534
38153,1.84,269569.0,1970.55,1.493104109,15.93042285
38154,1.75,371558.0,1602.18,1.139848624,11.67465374
38155,1.75,134828.0,639.82,1.658994709,16.42530035
38156,0.67,401119.0,2699.68,2.586018957,15.11630544
38157,0.11,276985.0,2010.59,4.269956568,17.01476883
38158,0.54,261116.0,2410.98,1.788327248,14.83318334
38159,0.58,138108.0,1834.35,1.549960931,15.06726556
38160,2.16,166545.0,999.82,1.295092755,13.7838016
38161,1.79,373302.0,1046.24,1.127279318,15.28987124
38162,0.91,143166.0,2360.33,3.095846119,15.66058316
38163,1.08,264499.0,1340.31,4.5576026,16.85554705
38164,2.3,381587.0,1277.11,3.338101117,15.95411863
38165,1.21,368018.0,1967.16,2.630331477,15.12312296
38166,1.79,378101.0,2397.27,3.284945626,15.46643281
38167,1.38,368126.0,2065.44,2.302276137,15.47201925
38168,1.2,376243.0,1841.67,2.548287338,14.09411032
38169,1.88,364291.0,2498.02,0.460618971,13.44145318
38170,0.98,380369.0,959.21,2.404818235,15.58087387
38171,1.47,133914.0,2073.44,3.414126715,16.41133566
38172,1.54,373042.0,808.58,1.55707289,16.70899394
38173,1.43,248516.0,708.72,1.466517945,15.85273902
38174,1.11,371173.0,1811.11,0.650771245,16.9265985
38175,0.61,372822.0,822.47,0.719509924,15.46313635
38176,1.69,373675.0,1830.51,2.3274807,15.01482953
38177,0.9,357555.0,1019.64,1.77429982,17.24585439
38178,1.18,370067.0,1881.88,4.326431594,11.96281233
38179,1.95,259365.0,2494.91,2.640488851,15.7277743
38180,1.82,365766.0,1795.77,2.400915527,17.52143061
38181,0.85,149983.0,586.86,2.391629401,16.11625494
38182,1.11,356099.0,1669.63,2.458930764,15.50821389
38183,1.92,154688.0,1849.7,2.879249955,15.9449432
38184,1.07,378675.0,1747.97,0.976930623,16.73669373
38185,1.51,161063.0,2013.32,2.736678001,15.51666732
38186,2.42,162089.0,2331.91,1.421379061,14.86482845
38187,2.19,328877.0,1269.01,2.381014406,15.93678447
38188,1.91,257198.0,2331.14,3.0198801,15.87254385
38189,0.72,120119.0,1751.6,2.094318259,16.69818325
38190,1.11,153455.0,1267.79,2.306861909,15.66416358
38191,1.99,335774.0,832.15,1.884661268,13.77515721
38192,1.28,166774.0,1950.71,1.923373042,15.48188996
38193,1.4,251541.0,1236.55,1.636179776,16.44378192
38194,2.52,251234.0,1368.67,1.601291547,13.25120171
38195,0.43,265866.0,1944.61,0.011322699,14.04700702
38196,1.4,176882.0,1394.47,2.8762746,16.40751585
38197,1.9,137044.0,2183.91,1.887839802,13.38854441
38198,0.53,361799.0,2152.16,4.025665975,15.03223754
38199,2.1,241657.0,2012.57,2.764207717,15.62655928
38200,1.61,281697.0,1884.76,3.037689818,16.12498367
38201,0.97,384380.0,1364.21,1.146915035,13.0483227
38202,1.11,367060.0,1869.48,2.334701611,17.04184699
38203,1.59,260795.0,1538.11,0.098055553,15.38444671
38204,1.62,346245.0,1727.0,0.675952655,16.05470048
38205,1.74,380105.0,1702.63,0.50435362,11.75139741
38206,1.39,125765.0,783.94,1.358649824,15.63183122
38207,2.06,361173.0,1948.08,1.855665804,12.3934298
38208,1.71,365137.0,2172.44,2.09655328,17.20500762
38209,1.0,140499.0,1289.02,2.007401075,13.99985644
38210,0.97,258888.0,835.66,2.181763656,15.23843523
38211,1.75,136034.0,1738.36,3.565668444,15.66905464
38212,1.21,367078.0,1658.31,1.711126349,14.7787128
38213,1.08,371922.0,1966.18,2.549816475,15.14445892
38214,1.2,352208.0,1455.31,2.710972188,15.26435774
38215,1.36,379557.0,1374.99,2.580973364,16.95805359
38216,1.18,383264.0,1879.85,3.699206189,17.15795842
38217,1.66,118893.0,1818.67,4.147165141,13.90930736
38218,0.84,143084.0,1794.49,2.752790862,16.23338435
38219,1.31,366760.0,1819.67,1.856158683,11.90515049
38220,0.84,374037.0,1164.12,4.856712008,14.59776309
38221,1.23,385473.0,1889.66,1.957341192,15.13994837
38222,1.93,366256.0,1750.42,1.314552234,16.10030784
38223,2.14,146451.0,1160.42,1.587282889,13.76511551
38224,0.64,359829.0,2353.99,2.323897679,16.2563719
38225,1.19,365821.0,1916.52,1.852966336,14.68645448
38226,2.02,147552.0,1036.45,3.565779172,13.05607019
38227,1.74,353560.0,2245.69,1.834558403,16.37933175
38228,1.46,144672.0,1030.05,2.939407855,15.77776302
38229,1.49,232570.0,1565.9,1.794015012,17.14867537
38230,0.98,365146.0,1785.47,0.288453501,13.93667759
38231,2.01,365859.0,2166.86,1.642601152,15.42134229
38232,2.04,251261.0,1313.58,1.73908452,16.6433284
38233,1.88,375896.0,1307.78,0.985153117,13.65295541
38234,0.93,117954.0,1471.62,3.862188712,13.09400162
38235,2.67,364159.0,876.73,2.7964706,14.02938172
38236,1.85,257969.0,2390.06,4.859338224,15.20979299
38237,1.21,345078.0,1787.19,1.668224891,15.52060463
38238,1.5,383192.0,1286.26,1.041237468,17.48453996
38239,1.87,354868.0,1528.39,1.640637782,12.71994757
38240,1.24,376857.0,1894.95,1.365606011,14.77648617
38241,2.01,266039.0,2260.63,3.539670397,13.65801173
38242,2.02,366172.0,1686.6,1.581213984,17.43827619
38243,1.38,377483.0,1795.56,2.101748106,15.23441114
38244,4.54,257639.0,1576.69,2.343384168,15.79382243
38245,1.42,385737.0,2318.83,2.245493881,15.49211349
38246,0.51,385176.0,3028.06,1.303680936,15.83200656
38247,2.1,372139.0,2214.3,3.741258128,12.38584184
38248,0.93,114947.0,1268.47,0.95081595,14.09442365
38249,1.13,394330.0,1534.19,1.20369526,11.63700992
38250,0.41,368748.0,2554.85,1.539621598,16.28273116
38251,1.23,377743.0,1822.44,1.504911532,13.15313309
38252,1.59,374084.0,1789.4,1.072393338,14.90162702
38253,0.45,151348.0,1950.31,1.849268682,13.22421921
38254,2.21,134548.0,926.64,0.520837523,15.62826823
38255,0.98,370039.0,872.27,0.50568854,17.56409318
38256,1.38,128829.0,1817.91,1.030653848,15.90513053
38257,1.99,372588.0,2381.6,2.10418894,14.10902828
38258,0.76,274035.0,1932.67,1.182096347,17.53431031
38259,1.45,248782.0,1839.09,1.897316279,14.17846121
38260,0.98,135425.0,1814.55,1.822581424,16.37253616
38261,1.36,381484.0,1949.19,1.569843763,14.76175702
38262,1.01,123561.0,1677.59,1.064200883,14.96086305
38263,1.01,164419.0,1860.86,2.358015441,13.08181332
38264,1.58,355829.0,1895.55,2.317189442,15.06666721
38265,1.84,259240.0,1690.85,0.107740087,15.39155048
38266,1.15,250947.0,1306.17,1.152148328,14.45458629
38267,0.94,364435.0,1815.26,1.234892767,16.4541261
38268,1.64,395950.0,1061.22,3.576062641,16.52473394
38269,1.16,144919.0,1385.53,2.746936,14.31146712
38270,2.47,352313.0,1427.19,1.375185066,16.346308
38271,0.73,363526.0,1990.97,0.65468651,14.86191295
38272,1.04,367851.0,1860.05,4.50634557,15.6243316
38273,1.31,373280.0,1612.32,3.370644665,15.76211683
38274,1.18,239761.0,819.24,1.942026084,15.87974565
38275,2.35,172628.0,1748.13,1.33858558,16.34031775
38276,1.57,374430.0,1865.81,0.718195918,16.1991687
38277,1.09,137270.0,959.49,1.747308678,16.04716363
38278,2.05,377587.0,2272.49,3.067755908,15.10021077
38279,1.72,144301.0,1715.5,2.809443299,16.22637518
38280,1.95,269953.0,1329.48,1.770675593,15.07576671
38281,2.27,142821.0,755.1,1.278729861,15.61687307
38282,1.19,375791.0,2220.11,1.315722043,16.15854163
38283,1.55,382777.0,1851.11,1.65945204,14.81515172
38284,2.19,138010.0,1748.83,3.254036477,14.75202666
38285,2.01,371864.0,1835.15,2.382395976,16.18267397
38286,2.22,382546.0,1272.97,2.583120565,16.3632693
38287,2.07,366700.0,1891.69,1.283258043,17.2167307
38288,1.68,363708.0,1229.6,1.320125412,15.64744061
38289,2.44,374821.0,1379.84,2.088223494,16.04831767
38290,1.83,143017.0,1812.23,3.515919125,15.94432189
38291,1.1,374243.0,1865.55,2.176621497,12.92010316
38292,0.49,367534.0,1887.38,2.669021508,15.97012759
38293,1.6,352366.0,777.68,2.870287754,15.17927182
38294,0.69,270195.0,1274.57,0.148284448,15.91580458
38295,0.62,131535.0,2152.76,-0.326393035,15.69358665
38296,0.94,361726.0,2277.48,1.560028768,12.50154113
38297,1.77,261767.0,780.47,0.751121129,15.70048795
38298,1.23,382846.0,1713.57,4.477314125,17.14288426
38299,0.42,252216.0,1734.79,1.440933381,15.85605768
38300,1.15,387054.0,1397.02,3.384219011,13.21998119
38301,0.1,382997.0,1454.44,1.898204883,15.76408358
38302,1.61,257426.0,923.57,1.546816311,15.78486617
38303,1.72,386087.0,1284.71,3.075764774,15.08395868
38304,0.93,258277.0,2136.48,0.53199359,13.93397438
38305,1.24,261758.0,1519.43,2.050088448,13.27012284
38306,1.17,173300.0,2547.32,2.375639039,16.26166902
38307,1.06,157417.0,1047.03,1.987619088,14.68483917
38308,2.84,146241.0,1499.35,-0.054422929,16.03011659
38309,2.03,156681.0,2438.57,1.067319415,15.64359754
38310,2.01,266732.0,1022.54,4.070467407,15.60784252
38311,0.69,369422.0,1147.43,1.418173159,13.76944318
38312,0.94,397223.0,2051.56,3.518265011,15.55934541
38313,1.71,266502.0,1790.45,3.065823254,15.16972855
38314,0.79,137980.0,1808.09,2.01973832,14.41949346
38315,0.39,355288.0,1788.15,3.104311209,15.75830872
38316,1.3,241049.0,1598.22,2.29436399,14.70262774
38317,1.31,126211.0,1702.31,1.613276173,17.36722485
38318,0.91,148409.0,2211.8,0.263858082,14.50486291
38319,2.02,379933.0,1351.91,1.783960521,13.52513923
38320,0.93,386414.0,2573.06,2.813651158,14.95167377
38321,1.3,375989.0,703.74,4.041727823,13.30173641
38322,0.47,171658.0,1644.63,0.302731776,15.79054787
38323,2.59,138401.0,1472.68,2.727645964,15.86952291
38324,1.93,156009.0,1378.1,1.002085323,14.56183377
38325,2.76,378434.0,1790.32,1.21954938,15.76840029
38326,0.81,170722.0,1210.72,1.802661847,15.63443257
38327,0.87,390808.0,1898.09,3.94568293,16.50264103
38328,0.72,376163.0,1460.77,1.981005202,15.18869607
38329,2.09,248131.0,2193.97,2.847101454,15.74762253
38330,1.77,242194.0,1994.25,1.016593434,16.78495709
38331,2.54,383333.0,1471.75,1.114803114,16.51432047
38332,1.57,379870.0,676.19,3.095851217,13.52822737
38333,2.19,381516.0,722.37,2.762138259,13.82586867
38334,1.45,375920.0,875.65,2.024810537,13.98737973
38335,0.93,364205.0,2198.13,1.308761837,13.03051129
38336,0.59,378947.0,1039.09,1.20309204,12.04108244
38337,1.86,363916.0,1287.44,1.944767132,14.1278511
38338,0.92,134306.0,1919.67,1.743085894,14.04422565
38339,0.69,149807.0,1816.43,1.525139164,16.06059657
38340,2.33,121561.0,1247.85,0.145553437,11.65571373
38341,1.93,162870.0,897.39,4.290507541,16.73340892
38342,1.78,140074.0,2470.47,0.722207745,15.22333923
38343,0.83,156289.0,2385.89,0.788680932,16.28225487
38344,2.14,382147.0,1908.85,0.69593317,16.31740354
38345,1.52,374004.0,2161.89,3.003634908,16.17340766
38346,0.79,370510.0,1497.46,1.15315521,16.39329752
38347,2.06,171857.0,1875.7,2.909373579,15.60339603
38348,1.23,158881.0,906.45,4.34509014,12.8409114
38349,1.68,350819.0,2033.84,3.012682395,16.01399741
38350,1.9,157272.0,2296.91,1.755535688,14.87533928
38351,1.24,370076.0,1522.91,1.553333001,16.59380144
38352,0.0,374755.0,1801.93,3.995137343,15.60900271
38353,1.29,142620.0,1774.35,1.564320945,15.30505645
38354,1.84,347243.0,1704.52,0.919284059,15.18279236
38355,1.08,346213.0,1242.73,3.209931585,15.40723395
38356,1.1,374360.0,1924.66,1.440765307,12.95396472
38357,2.01,132299.0,790.75,1.458552873,14.87518782
38358,2.47,381676.0,2043.75,1.800669116,16.90359095
38359,1.24,141384.0,867.11,4.196799823,15.03237799
38360,1.31,363422.0,1514.64,2.877766288,16.24228608
38361,1.24,378181.0,1785.09,0.243581074,13.6315851
38362,1.68,142530.0,925.08,1.289044624,15.51961375
38363,2.18,380549.0,964.43,2.324172857,13.88796922
38364,0.28,379120.0,1355.16,1.805828196,16.19073399
38365,1.61,350792.0,1664.84,1.684052544,15.95664444
38366,0.45,376718.0,1373.11,2.924504895,17.18623084
38367,1.78,277798.0,1034.13,3.006524861,15.12567016
38368,1.95,136616.0,1944.11,3.455868609,16.85567894
38369,2.76,376555.0,2291.39,2.307110825,16.16392815
38370,3.03,137966.0,1689.71,3.096645599,12.57338159
38371,2.47,264718.0,917.16,1.460670956,15.33865837
38372,1.84,357104.0,692.34,1.984675544,13.75578046
38373,1.53,387481.0,1809.48,1.514708062,15.94707413
38374,1.87,384262.0,1835.39,0.548433812,15.78470557
38375,2.38,245870.0,1939.3,1.922991819,15.23533127
38376,1.44,250812.0,1894.15,2.823138707,13.50807319
38377,1.91,362475.0,2154.87,1.596248751,15.73738744
38378,1.16,149787.0,1809.74,1.626730956,15.67657201
38379,1.77,366540.0,1794.89,2.014579544,15.25950916
38380,2.45,373234.0,1866.18,1.793418574,14.45112987
38381,0.92,149470.0,1930.09,1.017440776,16.04585922
38382,1.5,162446.0,2154.0,1.541231551,13.18723824
38383,2.61,350396.0,1527.97,1.590430724,15.72038633
38384,1.59,365358.0,1771.04,0.403342935,16.00411819
38385,1.2,136857.0,890.55,2.75992385,15.53445514
38386,2.98,367676.0,2661.12,1.593992994,14.93587942
38387,2.08,255118.0,1767.26,2.682623594,16.15563763
38388,2.42,114947.0,2233.55,1.572041532,12.99260296
38389,1.96,384945.0,1976.04,0.512563368,15.90216665
38390,1.38,138558.0,1912.04,2.419912087,14.94087247
38391,1.42,275344.0,1059.33,3.872199604,13.57692423
38392,1.12,140191.0,2453.9,3.682691188,15.84329779
38393,2.15,275908.0,1724.41,2.934315691,13.84476351
38394,2.16,348790.0,1819.56,2.579994327,13.49132675
38395,1.74,387615.0,2000.17,1.297207597,14.50472962
38396,1.43,373122.0,809.85,1.030860779,13.56721939
38397,0.98,373783.0,1303.01,1.814568931,15.82731798
38398,1.11,391090.0,1771.01,-0.144321405,13.89226565
38399,1.07,375088.0,1863.1,0.990786525,14.88313188
38400,0.64,238289.0,1633.4,3.911450747,16.26992223
38401,1.62,269589.0,1829.9,0.85665629,16.3267903
38402,1.78,387356.0,1069.63,1.970334283,15.57425909
38403,1.75,131782.0,744.59,0.467909242,13.81691461
38404,1.98,357749.0,2558.46,2.75223256,13.08375081
38405,1.76,248027.0,1739.75,1.690159711,13.90593945
38406,1.35,377508.0,1161.21,1.124667435,15.50263544
38407,1.69,364142.0,1811.8,2.199125972,15.31032143
38408,1.12,154062.0,1532.34,-0.326393035,13.37788358
38409,1.18,145450.0,2150.24,1.75719842,13.03090323
38410,1.69,385396.0,2626.81,1.97225994,16.29893484
38411,0.65,377458.0,1345.43,4.399616836,12.12896776
38412,0.9,359285.0,2153.54,3.149615182,12.36505975
38413,1.52,167445.0,2368.02,1.635406133,16.40597771
38414,0.97,375178.0,1902.89,1.781734379,15.39592562
38415,1.64,358258.0,978.57,1.575136366,14.65904623
38416,1.57,263080.0,1477.18,1.004549667,16.17316645
38417,1.52,371961.0,2170.49,2.207720674,15.69364428
38418,0.4,376903.0,2191.8,0.538893269,15.69491538
38419,0.58,358241.0,1891.28,3.819763968,15.68688292
38420,1.93,256668.0,1473.25,1.375323219,13.88630577
38421,1.69,152997.0,1259.39,1.631542611,15.08369728
38422,1.53,359697.0,2401.58,2.700876601,15.12031414
38423,1.49,377290.0,1894.61,1.620498555,14.28802615
38424,1.72,376651.0,1785.67,2.049770509,15.76723984
38425,1.23,380279.0,796.89,1.844442206,14.53751183
38426,1.02,375165.0,2480.37,1.439048569,16.15096408
38427,1.46,351468.0,1927.75,1.382342799,15.40580462
38428,0.48,147633.0,1238.98,4.93924406,15.40748365
38429,1.96,141834.0,1113.43,4.483407517,14.84757688
38430,1.91,122046.0,1297.94,1.534775603,14.38477697
38431,0.87,133630.0,1767.85,1.881022413,15.70461771
38432,0.08,163240.0,1936.62,4.685958995,13.90780148
38433,1.34,140033.0,1781.33,0.256024171,15.56140837
38434,1.59,350103.0,1833.46,1.847108549,13.58210419
38435,0.85,382138.0,1901.43,1.685359362,14.35216882
38436,0.52,380830.0,1780.73,1.438727224,16.00399646
38437,0.51,166798.0,2244.78,2.052140038,14.0300735
38438,0.0,387589.0,1948.15,3.695630442,14.13484035
38439,0.19,374802.0,1944.45,0.887254291,16.96213889
38440,1.89,362547.0,2516.85,3.534254033,14.25894134
38441,1.63,155332.0,1678.28,1.156238139,11.93182981
38442,1.44,371162.0,684.22,3.603082449,15.91412545
38443,1.43,145548.0,2015.62,3.61316501,16.30605406
38444,2.11,265032.0,2110.68,3.623821606,15.80568441
38445,1.68,381166.0,1821.86,2.082224327,13.79649912
38446,1.99,233979.0,1329.49,2.186702595,13.14141626
38447,1.51,393586.0,992.82,1.334730443,15.95749276
38448,1.27,394463.0,2331.11,1.904408368,14.10044165
38449,0.06,368847.0,1090.82,3.506332104,16.04712666
38450,1.09,363141.0,655.43,1.244883688,14.97871027
38451,2.13,400552.0,1763.95,1.439172293,15.31707295
38452,2.43,155303.0,1863.55,3.40027301,16.06902936
38453,1.96,366758.0,828.78,3.792866269,15.81412379
38454,0.65,391203.0,1913.71,1.740610818,13.77602054
38455,1.05,345703.0,1117.08,1.890632352,17.6212819
38456,0.78,377108.0,2448.67,1.471737391,14.12879493
38457,0.85,253651.0,1109.4,1.717561864,13.40766481
38458,2.55,150063.0,2499.58,2.336724482,12.79159159
38459,0.91,263494.0,2017.54,2.200394474,15.46621583
38460,0.59,123869.0,615.75,1.064805763,15.78071498
38461,2.22,248590.0,2444.36,0.924839807,15.40794249
38462,2.15,154890.0,924.76,-0.199991943,15.17073681
38463,1.13,144462.0,2039.72,0.087165202,11.40266698
38464,0.4,378194.0,714.96,1.307061955,11.84516469
38465,2.15,344495.0,2896.79,1.43388811,13.85384188
38466,0.65,375017.0,797.94,3.481746163,15.57913774
38467,0.82,349622.0,2739.28,2.715444358,15.69198588
38468,0.62,361951.0,2186.81,1.951420605,15.81365351
38469,1.38,373796.0,2319.69,2.239524236,13.21909135
38470,1.62,370269.0,2495.46,1.49622972,13.58276917
38471,1.89,148182.0,1854.32,1.942668421,16.81680914
38472,1.47,267350.0,1941.0,0.635452646,13.90089099
38473,2.93,366960.0,1138.36,1.757861391,15.80739154
38474,1.84,262427.0,1045.25,1.285327563,16.82828693
38475,1.1,248027.0,1596.61,2.061497203,17.73027397
38476,0.66,255120.0,1796.22,0.003864543,15.58156916
38477,0.57,383988.0,1294.32,1.253273937,15.67925349
38478,0.92,376936.0,2160.02,3.14493536,16.76132487
38479,2.5,122362.0,1675.15,1.675618524,13.48867456
38480,0.97,396621.0,1668.83,0.90647243,14.7231912
38481,1.1,261339.0,1936.25,2.514100807,16.97716006
38482,1.0,392903.0,700.98,3.659181901,13.13140534
38483,2.59,241709.0,1741.75,0.463545695,16.14832187
38484,1.3,360135.0,2354.59,1.375052422,16.65327979
38485,2.04,362442.0,2128.09,0.964824187,15.02887524
38486,0.86,401119.0,1835.7,2.152707706,16.82015215
38487,2.2,362415.0,2284.44,1.634400076,15.8306091
38488,1.55,385106.0,1493.23,1.652028425,15.15597573
38489,1.62,360968.0,1786.88,2.091420258,16.49121698
38490,0.97,122032.0,1062.36,2.606770174,12.9945845
38491,1.76,133282.0,732.15,1.791792447,13.28311133
38492,1.46,151907.0,831.91,1.632829054,14.02720311
38493,0.95,386806.0,1650.15,1.87364375,16.13656011
38494,1.78,373395.0,2216.86,3.654210248,15.16175935
38495,1.34,379611.0,1962.09,0.501271165,15.65444854
38496,1.06,380023.0,612.19,2.050865106,16.62662843
38497,1.58,168972.0,816.89,3.444102478,17.11702789
38498,6.18,344599.0,1450.6,1.691180513,16.58564159
38499,0.57,156095.0,672.44,1.954318324,15.7318929
38500,1.46,356308.0,586.86,2.049080082,15.74233002
38501,0.0,365346.0,799.49,1.842553301,15.73574436
38502,0.45,258641.0,1947.22,1.770439948,14.17839599
38503,2.16,151213.0,2245.91,3.315343651,15.90341161
38504,1.17,122638.0,1941.56,1.323186905,13.26011428
38505,1.79,383442.0,1811.74,2.426697159,15.42598778
38506,2.04,266529.0,1544.31,3.705697285,15.81794435
38507,1.27,349552.0,842.07,2.787070156,15.87785136
38508,2.0,375167.0,1234.15,1.928626559,17.32568308
38509,1.66,139844.0,812.7,1.988400509,17.26927073
38510,2.36,377084.0,1876.93,1.226867367,15.7859123
38511,1.08,359862.0,1004.22,1.0017151,15.43184345
38512,1.63,370209.0,1518.24,3.099100471,14.42821635
38513,2.19,139737.0,1882.06,2.749668903,15.74907903
38514,4.04,274731.0,1151.7,2.320377956,15.65656039
38515,1.57,157299.0,1848.17,3.162214507,16.92180822
38516,0.93,149784.0,1753.47,0.182529391,16.25860535
38517,1.15,242409.0,2000.03,1.590622773,15.78413531
38518,1.53,350759.0,749.8,1.831503721,16.08634592
38519,1.65,380778.0,1831.96,3.94175207,16.29319943
38520,1.07,365763.0,1769.46,2.727060841,15.01167483
38521,1.56,362067.0,1635.39,1.766068479,15.61167849
38522,0.71,365377.0,1840.96,1.336529069,14.92479244
38523,1.78,276197.0,1833.98,1.600432605,16.1945985
38524,0.96,399267.0,928.54,3.879114901,13.77624808
38525,0.62,280279.0,2452.33,4.516795382,16.08726519
38526,0.71,379217.0,2279.98,1.93007724,15.55192164
38527,1.24,378870.0,1325.92,3.354623235,12.93320724
38528,1.56,380653.0,1768.47,2.832645025,15.51391514
38529,1.85,351083.0,2543.36,4.32002529,14.09122659
38530,1.01,285376.0,873.07,1.083647065,17.42275988
38531,0.8,374886.0,1291.88,2.346490167,16.6391582
38532,0.79,246905.0,1366.92,3.773657136,15.48501235
38533,2.32,356598.0,857.7,0.151984552,14.47353094
38534,1.67,270607.0,2246.55,3.143316698,13.70170761
38535,1.41,259151.0,1941.28,2.906929121,13.11663633
38536,0.64,374904.0,1860.5,3.493179698,13.61640951
38537,0.56,364982.0,1701.64,2.137192737,15.78956916
38538,1.34,268364.0,1937.38,2.41652232,12.40383526
38539,2.71,235842.0,2276.02,2.424394635,13.65487671
38540,1.44,348590.0,1816.74,0.413135362,15.22642849
38541,1.97,261776.0,2256.76,3.405155595,13.4815603
38542,0.98,359269.0,1990.81,4.137953729,14.30813743
38543,2.97,343220.0,1911.31,2.719404351,15.27598981
38544,0.79,155853.0,1981.86,2.082853302,11.32135653
38545,1.42,277584.0,1773.0,3.413241678,15.960014
38546,2.17,130229.0,1468.15,1.038180668,15.26245071
38547,1.42,357630.0,1978.34,1.774628273,15.5745389
38548,2.0,154670.0,750.84,2.902773515,15.18783331
38549,0.79,346377.0,2219.97,0.868505507,11.73420249
38550,0.87,130254.0,2239.99,2.172663191,16.39989206
38551,0.18,135035.0,1379.38,1.710736898,16.01401077
38552,1.21,162729.0,1458.18,2.818508114,13.76601777
38553,1.51,251764.0,924.34,1.667872765,15.50307752
38554,2.06,149113.0,1961.84,0.998976598,14.14439399
38555,1.26,132388.0,1862.07,1.310247983,13.55226501
38556,2.81,145089.0,810.3,2.569199664,11.89786859
38557,2.81,167481.0,868.83,4.130810995,15.72879734
38558,2.75,358906.0,1098.4,1.534185156,12.30257084
38559,1.71,356670.0,1844.49,2.867433333,15.03711377
38560,1.88,227686.0,1837.74,1.970685715,12.78795914
38561,1.24,149415.0,1941.79,3.355179762,17.69832685
38562,0.78,242346.0,2304.83,2.383889084,16.61106525
38563,1.54,347845.0,2207.78,3.178906757,16.07952333
38564,1.84,149629.0,2372.93,1.295990651,15.31128156
38565,1.7,261512.0,2206.98,1.239885821,15.62570877
38566,1.66,256978.0,2004.68,1.320176535,15.77844459
38567,1.47,400587.0,1807.44,1.12876745,16.4781261
38568,0.39,372943.0,2619.79,1.784015513,15.01351549
38569,1.74,254084.0,824.81,2.00041649,14.65135221
38570,1.6,168387.0,2579.15,2.319018355,12.993595
38571,2.9,157365.0,1009.06,3.018501705,15.92244483
38572,2.19,375546.0,1609.87,1.48245641,13.25370644
38573,0.75,360692.0,2493.55,1.009028268,16.59675655
38574,2.06,365145.0,2403.54,1.922395424,13.4620539
38575,0.61,363335.0,1978.9,1.321379137,15.42627025
38576,1.08,379971.0,1810.53,0.904276528,14.524101
38577,0.29,371353.0,2307.03,3.313092063,12.66832451
38578,0.55,374677.0,2581.98,3.881839058,16.35981403
38579,0.1,171804.0,1011.84,1.394981858,15.6739299
38580,2.69,348386.0,858.31,3.47021511,15.12859072
38581,0.76,374858.0,876.87,2.13889104,15.77161056
38582,1.49,364943.0,841.65,1.238546059,15.59014631
38583,1.02,276741.0,1310.01,2.94665803,16.86058882
38584,1.64,356232.0,1757.77,1.642834397,15.55909555
38585,1.3,158688.0,1329.62,4.799098937,15.71771665
38586,0.3,343194.0,1773.92,1.316562262,13.43497298
38587,1.56,239364.0,609.82,4.308830535,15.1885908
38588,1.73,244614.0,1362.49,1.944405203,15.34555293
38589,0.68,130152.0,1552.73,1.45759391,15.37681057
38590,1.84,368857.0,2418.64,2.814712783,17.55008705
38591,2.18,371215.0,895.42,1.563445949,12.96852135
38592,1.76,135095.0,1860.52,1.388408801,16.60171669
38593,1.81,358510.0,1827.34,3.685985455,13.94358539
38594,0.37,277152.0,2180.77,2.209561361,16.47477239
38595,1.98,357710.0,1905.44,2.731466061,17.23819971
38596,1.78,267016.0,2027.63,1.849150388,16.5138179
38597,2.62,126606.0,1177.43,1.703176093,16.10209022
38598,1.32,162986.0,1802.56,2.142778621,13.49809596
38599,1.66,160336.0,2337.26,1.075856216,16.72559071
38600,1.03,372767.0,2128.2,0.48359334,14.97811945
38601,0.51,360280.0,1808.28,2.807841302,15.89596473
38602,1.69,364689.0,1067.52,3.559553467,11.94973781
38603,1.37,354619.0,1414.81,0.3208172,16.14832768
38604,1.54,247788.0,2255.27,1.883059424,16.28020437
38605,1.76,380986.0,1864.26,4.560903509,14.01374108
38606,0.88,127982.0,586.86,4.317028455,16.84753861
38607,1.6,146672.0,2510.38,1.853871872,16.05902938
38608,2.66,245711.0,1824.69,1.421452497,13.44543674
38609,2.15,374980.0,1991.82,1.290129753,14.40536227
38610,0.82,144902.0,1283.32,1.636128414,16.89052147
38611,3.94,283774.0,1630.87,3.119925164,15.61826528
38612,1.0,251596.0,1344.66,1.612336678,14.50453973
38613,1.16,133613.0,1877.27,1.890199615,15.83209149
38614,2.26,166502.0,1415.38,3.973574803,15.87020037
38615,2.49,370018.0,2080.22,1.917630592,14.01603741
38616,1.99,159292.0,590.02,3.800522947,16.59830893
38617,0.38,265088.0,1554.9,1.989363433,17.73027397
38618,1.38,351993.0,2227.61,0.811523891,15.82289989
38619,5.55,389024.0,1909.17,1.489905018,12.37517437
38620,1.62,378715.0,1252.72,1.760105368,14.64776363
38621,1.24,260028.0,2041.17,1.992475084,15.48163468
38622,0.45,385993.0,2043.93,2.304330561,17.29639322
38623,1.57,117804.0,824.67,2.620542189,14.94111372
38624,1.34,360528.0,899.47,-0.326393035,16.83767382
38625,1.8,376818.0,933.25,1.6703413,15.65098834
38626,1.54,376230.0,1509.85,1.14862083,13.72379856
38627,1.68,371073.0,1887.62,0.686814514,15.28899516
38628,0.84,357206.0,948.27,2.064807799,17.67736938
38629,0.77,151256.0,1380.08,3.945004104,16.5109955
38630,2.61,256815.0,2128.02,2.05420089,13.43516381
38631,1.17,376421.0,1701.12,3.554141111,15.91508974
38632,1.84,362770.0,2695.21,4.570566617,16.13969936
38633,1.25,279557.0,1987.82,0.527298333,16.16452347
38634,1.19,145579.0,1791.35,2.086756082,13.86109792
38635,1.87,366661.0,1440.83,4.312920563,16.1084081
38636,0.83,387443.0,796.99,-0.326393035,13.33186028
38637,1.6,173073.0,2511.35,0.380265603,16.2305733
38638,1.25,361843.0,1856.58,0.30136153,16.48477297
38639,1.37,375929.0,1924.67,1.978202318,16.58124631
38640,2.31,337579.0,1945.26,3.652017733,14.3708288
38641,0.78,386312.0,1788.22,2.511324051,13.39124574
38642,1.89,264814.0,1945.22,3.280780467,14.73038229
38643,1.93,393672.0,2239.45,1.566079678,14.00937629
38644,1.02,257520.0,1920.85,3.402442659,14.73308914
38645,1.63,390477.0,1941.62,2.924964309,14.42257884
38646,1.2,127540.0,1191.87,4.307925316,17.68479935
38647,0.37,387067.0,1919.24,2.142533624,14.90227617
38648,1.31,130180.0,1886.86,2.567144843,16.35647478
38649,1.98,169275.0,983.16,1.717999618,13.98313433
38650,1.79,383420.0,657.17,3.454769404,15.25666609
38651,2.35,239902.0,1783.71,1.95477083,17.00792656
38652,1.12,373013.0,1950.34,1.464226591,15.09531596
38653,2.85,245194.0,2322.38,3.969460207,15.19491509
38654,1.77,159825.0,1732.17,2.15137988,16.19244024
38655,0.69,269943.0,1810.34,3.614317936,14.26789212
38656,1.53,267388.0,1361.81,2.104180496,15.30516075
38657,2.28,356515.0,1671.64,1.484234687,15.43808105
38658,2.31,130204.0,2332.36,-0.141881472,15.96589877
38659,1.35,401044.0,1722.0,1.593524671,14.97963038
38660,1.1,354718.0,1915.14,4.325345138,14.58795523
38661,1.67,255384.0,1057.43,4.352699682,13.79585531
38662,1.93,363001.0,1736.18,0.817983303,17.73027397
38663,0.58,265316.0,1801.78,1.498713841,15.99305338
38664,2.32,370083.0,2030.66,3.340595359,14.67301753
38665,0.83,371680.0,1607.04,1.969144725,17.67231751
38666,0.13,131541.0,2058.8,2.035325923,16.5387818
38667,1.55,135168.0,1409.21,1.972762023,12.43268466
38668,1.79,152697.0,871.0,3.794934567,16.46394962
38669,2.55,129098.0,1754.79,0.104093322,15.45237042
38670,0.72,147288.0,1747.93,2.87077704,13.83789335
38671,1.75,251952.0,1239.53,1.49984451,16.14387677
38672,2.59,372470.0,1793.35,2.212000443,13.45164858
38673,1.12,237581.0,2739.88,1.825950574,13.61514508
38674,1.92,344862.0,1782.73,1.323546162,12.91250745
38675,3.05,152102.0,586.86,2.95570305,17.26927751
38676,1.2,379782.0,1841.59,1.321532258,13.11166796
38677,1.89,148541.0,1837.14,2.803213173,15.63954739
38678,1.84,155725.0,1917.38,1.886794335,15.36947382
38679,1.72,376259.0,1312.89,0.979606225,15.20539127
38680,1.09,250702.0,1738.99,2.158286785,14.12962484
38681,0.98,124765.0,1003.55,2.475977076,15.24767606
38682,0.78,358338.0,1198.86,1.498332474,14.21994344
38683,0.85,399506.0,883.98,3.375148278,16.03486712
38684,1.57,165182.0,2543.98,2.052519708,16.58410516
38685,2.12,153372.0,1927.45,1.170391824,15.70262967
38686,1.84,360697.0,1910.19,2.26031428,13.74546619
38687,1.09,173717.0,1453.08,4.717641876,16.18942718
38688,1.08,133782.0,1972.48,1.782521121,15.44708704
38689,2.62,357740.0,780.22,-0.030077004,15.3721131
38690,2.51,162695.0,2504.86,2.199093791,15.6004868
38691,1.01,114947.0,2316.18,1.888204185,15.42869103
38692,1.05,142089.0,2349.14,2.435175642,14.94451785
38693,1.01,388216.0,940.68,1.98170978,17.38043535
38694,1.96,133112.0,2021.25,2.013541228,16.31473709
38695,1.68,334480.0,1670.75,1.622435605,16.04536116
38696,1.2,265646.0,1970.21,3.540406099,14.15618472
38697,0.66,370665.0,1105.13,3.308804119,15.50149771
38698,4.14,115243.0,2049.34,1.427350392,15.52389203
38699,1.24,254518.0,2356.33,1.889432781,16.63139171
38700,2.66,160363.0,1377.6,1.643180562,17.47140601
38701,1.76,384635.0,658.77,1.74724004,15.02185938
38702,1.51,151974.0,716.83,0.083205917,16.8132081
38703,1.23,357783.0,1605.33,1.566130695,16.50301935
38704,1.85,362864.0,1114.26,0.083709893,15.29235115
38705,1.21,258499.0,2466.89,1.234883587,15.66985958
38706,2.11,143498.0,2093.55,2.915393177,13.33832909
38707,1.41,252369.0,681.97,1.616095696,17.23365511
38708,0.71,370665.0,1493.27,0.402484175,12.12289734
38709,1.24,383971.0,1937.91,1.649458909,14.78481272
38710,1.98,152915.0,1527.73,0.816381184,14.91196915
38711,1.71,350961.0,1740.16,2.059523827,15.59889539
38712,1.76,346565.0,675.4,2.473262728,14.89944282
38713,0.42,379442.0,1943.27,4.712943878,16.9764579
38714,1.98,140786.0,1461.76,0.821180374,15.85391741
38715,1.78,357996.0,2221.72,2.054144419,15.81939853
38716,0.74,147448.0,1311.12,2.033024869,15.41999908
38717,1.22,382625.0,893.6,3.565411963,13.14665318
38718,0.53,388136.0,1465.22,3.974234108,15.07406264
38719,1.57,167987.0,1714.26,1.26543235,15.68667974
38720,1.87,381056.0,1821.87,1.775265903,16.02350832
38721,1.91,354152.0,1784.54,2.303556392,14.23114329
38722,2.21,371605.0,1825.86,3.493945093,15.42516518
38723,1.86,133763.0,1722.72,3.160165332,15.4602617
38724,1.55,385128.0,2339.34,0.721085608,13.2760893
38725,1.1,255314.0,1113.17,1.849282054,13.95320366
38726,2.21,351220.0,1875.57,0.879807619,15.6751614
38727,1.97,391833.0,1946.7,3.655587267,15.75406048
38728,1.25,251979.0,2198.95,1.267776352,16.3954362
38729,1.93,121608.0,1738.43,2.048258645,15.35737489
38730,1.74,355481.0,2065.12,0.827015364,15.47516764
38731,0.6,264275.0,709.74,0.798606815,15.69003517
38732,2.17,384162.0,1568.57,3.362063384,13.05496457
38733,1.44,147689.0,1875.74,4.264662399,14.45481142
38734,1.42,252079.0,2240.96,2.910099535,14.8976579
38735,0.78,125804.0,1850.26,3.453950385,12.25994069
38736,0.69,165987.0,1091.36,0.037829563,16.50366172
38737,1.42,369515.0,846.76,0.059578111,16.13290549
38738,1.11,384972.0,2199.61,2.298262497,14.31705216
38739,0.75,359584.0,1850.43,2.785309936,13.4499734
38740,1.8,378574.0,1200.54,-0.030553466,13.50890317
38741,1.42,391644.0,1932.87,3.803038873,14.40751094
38742,1.44,127122.0,1875.55,3.990136163,12.44943993
38743,1.14,367014.0,1830.36,1.848426165,12.41013158
38744,2.57,393646.0,1857.85,1.127929957,12.97055493
38745,1.84,161179.0,882.12,1.235195727,15.67377517
38746,2.55,144834.0,2428.57,3.753946544,14.4228022
38747,0.76,372424.0,2385.21,2.675378526,14.20878194
38748,2.11,167693.0,2061.23,0.87194911,14.53421306
38749,1.06,358661.0,2357.93,1.427753934,15.37423531
38750,1.74,155600.0,1322.85,4.839107603,16.48514132
38751,1.78,126166.0,1533.63,0.577839393,12.91750197
38752,1.68,375809.0,603.56,1.932473522,14.12576779
38753,1.88,260627.0,1227.7,1.717822338,12.04566251
38754,0.33,382437.0,933.56,1.246105327,15.08274321
38755,1.2,349335.0,1846.44,2.379570791,15.27276632
38756,1.57,260339.0,1471.78,1.647968461,14.8455541
38757,0.95,388630.0,1916.05,2.758582278,14.02365498
38758,1.45,366594.0,1627.01,1.441542734,16.02962846
38759,1.37,258904.0,1608.74,2.141959761,16.01519359
38760,1.34,381529.0,2513.48,3.047884162,14.22767968
38761,0.4,144132.0,1120.08,0.897285334,15.56588041
38762,1.64,374229.0,1379.48,0.691643936,12.9759785
38763,1.14,361186.0,1480.07,1.711715032,13.32356176
38764,1.63,362129.0,743.62,2.085715304,15.42326784
38765,2.19,347269.0,1828.37,3.916315379,15.40141614
38766,0.88,382501.0,2312.36,1.936384555,15.24758951
38767,0.0,270361.0,1249.73,0.188098244,15.7107057
38768,2.62,254917.0,2166.59,2.196979017,14.09003174
38769,0.66,244274.0,2376.23,1.738089951,15.15861689
38770,2.14,370886.0,2350.51,-0.320207889,15.06246121
38771,0.46,157665.0,756.74,4.82354033,17.38370842
38772,0.42,278495.0,1844.18,2.670030101,17.4875385
38773,2.53,256147.0,1911.29,4.321384021,15.06742518
38774,1.54,399334.0,2360.02,1.701618578,14.48208335
38775,2.19,350633.0,1849.11,0.48937524,13.04380112
38776,0.78,154226.0,1338.06,2.813895288,17.37674659
38777,0.83,149200.0,2387.49,2.170027965,12.94874882
38778,1.3,277303.0,1715.68,3.639468063,15.5907574
38779,0.73,156488.0,1018.23,2.128879453,15.27532212
38780,1.07,354546.0,2180.51,1.928702532,15.58745879
38781,0.14,164031.0,2054.83,2.655099059,13.54838544
38782,0.52,129922.0,2168.8,2.343446396,16.4059003
38783,1.64,398934.0,1749.26,3.028486288,14.31304772
38784,1.64,366739.0,1084.75,1.436536221,15.3389843
38785,2.66,361818.0,1567.65,3.640460985,15.37571302
38786,1.94,387156.0,1358.73,2.716269786,15.53093718
38787,0.99,137662.0,2246.26,3.76663681,12.90662671
38788,0.34,138616.0,1864.21,1.58846394,15.78538188
38789,2.48,167332.0,1740.68,3.975184256,15.61630074
38790,2.12,143870.0,2270.72,-0.326393035,15.31472634
38791,1.31,131868.0,2387.49,2.325477672,14.37225368
38792,1.77,245059.0,2108.14,3.653475598,15.38868363
38793,0.86,175986.0,848.18,3.075186979,13.7891496
38794,1.38,130205.0,1313.5,1.67059483,11.2583727
38795,2.02,382330.0,1273.32,1.219676261,15.29155815
38796,1.66,347678.0,1690.24,2.014647784,14.18022726
38797,1.16,152545.0,862.2,1.774675988,14.21544919
38798,1.92,367808.0,2476.18,1.723664875,14.57531251
38799,0.57,271894.0,816.59,2.671410356,16.83991871
38800,0.62,253731.0,1494.37,2.40486894,15.58124617
38801,2.1,154407.0,657.64,1.71338271,15.0884685
38802,1.47,378435.0,1444.05,2.390519788,16.49300996
38803,1.81,251784.0,2195.35,2.652959273,16.73538056
38804,1.49,150677.0,1903.63,2.59443883,15.72469615
38805,1.45,345736.0,1105.64,1.450654131,14.88395904
38806,0.35,389131.0,1888.38,1.895765059,15.14631541
38807,1.98,149581.0,1234.02,1.968022404,15.50295953
38808,2.12,253164.0,1542.32,2.865581527,16.66915356
38809,2.05,161123.0,2591.18,2.144964663,15.47294597
38810,1.28,380645.0,1728.41,3.595264281,15.45713173
38811,0.84,129256.0,1972.1,1.516141034,15.05821829
38812,1.4,366515.0,1772.89,3.168207503,16.17797797
38813,2.14,347525.0,1879.31,1.327248157,15.22568556
38814,0.6,363010.0,1817.73,2.698943528,15.35271538
38815,2.17,143111.0,2619.31,3.59315184,16.39320802
38816,1.81,268360.0,1571.33,1.706769653,14.382453
38817,1.47,343372.0,1755.42,3.005089028,14.79378576
38818,0.22,374083.0,1759.26,4.231830258,17.22217431
38819,0.0,373594.0,1414.18,0.919140049,16.0820467
38820,1.91,133071.0,1326.78,1.42530527,12.60980323
38821,1.19,387004.0,1039.65,3.15270719,17.62411585
38822,1.61,385864.0,2318.88,2.251587355,16.00170856
38823,3.38,274992.0,1974.5,4.187221004,15.32892566
38824,1.46,392428.0,705.37,2.523131819,13.93586341
38825,0.94,358910.0,1748.7,2.890414204,13.00918612
38826,0.44,234705.0,2158.77,2.771690463,15.93821599
38827,1.32,243882.0,2180.09,1.322610751,13.45461399
38828,1.14,363094.0,1728.53,0.175059341,15.79490127
38829,1.85,361555.0,813.28,1.041889046,15.07901481
38830,1.69,132773.0,2341.09,2.07427425,11.50618937
38831,2.07,354068.0,1979.79,1.433484397,16.92326204
38832,1.97,272306.0,2353.35,1.838635152,15.30875329
38833,1.57,382846.0,1945.45,4.025301255,15.73281622
38834,0.8,357361.0,1735.93,0.575974245,14.28198782
38835,1.56,386883.0,1031.22,0.945861234,15.64898114
38836,1.63,372069.0,981.67,2.319250968,16.58824637
38837,2.31,349095.0,2091.29,0.566424037,15.70609164
38838,0.64,355307.0,2481.46,1.05370565,14.07601879
38839,1.12,396552.0,1912.27,1.668263545,15.60831694
38840,2.34,146899.0,1873.2,3.406837566,13.56761628
38841,1.44,135709.0,1353.66,1.353269034,16.1160781
38842,1.65,359077.0,1867.78,1.708064633,13.8358101
38843,0.64,137901.0,1394.61,1.951597318,13.04193142
38844,1.58,347937.0,1881.89,1.721951991,15.87273373
38845,1.29,370563.0,1691.02,2.290372303,16.34592708
38846,2.78,250519.0,1472.63,1.29577549,15.62714672
38847,1.62,383228.0,1769.72,0.871284541,12.3920008
38848,1.45,251370.0,1935.6,1.875347594,15.81411076
38849,1.71,237850.0,2199.99,2.188309979,16.28406968
38850,1.08,363215.0,1981.31,2.328882607,17.0665736
38851,0.21,401119.0,1619.07,2.57256937,16.53520397
38852,0.9,370636.0,968.4,3.651664568,15.33881087
38853,0.71,358123.0,1886.68,3.326779707,16.03992322
38854,1.91,374311.0,2446.1,2.359719282,15.74009122
38855,1.38,379535.0,1958.99,4.490311724,15.24920624
38856,0.09,392339.0,2967.13,0.672595992,15.46240589
38857,0.77,255303.0,1246.03,2.081950276,13.55510238
38858,1.04,375764.0,1730.87,1.960429407,16.00920219
38859,0.87,388483.0,2428.93,3.505788986,16.69604297
38860,2.13,260027.0,2210.12,1.7065133,15.11408936
38861,2.17,140137.0,1110.94,1.298713099,17.0687763
38862,0.1,156595.0,836.7,1.750482518,15.32463741
38863,0.75,123617.0,1836.57,1.446937583,15.72837716
38864,1.62,257939.0,2429.58,4.177479131,16.63896898
38865,1.19,365163.0,1641.23,0.64894769,15.91917627
38866,1.14,381670.0,1777.42,2.162760074,17.03463135
38867,0.36,165832.0,1732.83,4.075578159,16.09392462
38868,1.75,387474.0,1799.56,4.93924406,15.92564107
38869,0.96,270797.0,2354.25,1.555781909,17.65244266
38870,2.71,393396.0,1976.44,1.137256673,16.14716737
38871,2.01,250620.0,1326.38,2.235518404,16.96305975
38872,0.98,114947.0,1827.0,2.235192646,15.22064175
38873,1.07,384384.0,2737.4,3.947427822,15.98222852
38874,0.98,259594.0,1136.87,1.408428127,14.08502615
38875,1.58,164026.0,1816.93,2.929772395,13.75667992
38876,2.52,364512.0,2347.92,0.668612487,15.8072573
38877,0.27,365826.0,1328.82,2.124987069,12.8091044
38878,2.46,269790.0,798.9,1.262593023,15.69407931
38879,0.0,157733.0,1475.93,4.283835369,15.80800528
38880,1.02,354497.0,1820.56,1.747797346,15.29153025
38881,1.88,346383.0,2519.78,-0.229166428,14.9735812
38882,1.74,115429.0,1202.39,1.460938373,16.21001537
38883,1.72,364500.0,2252.18,1.198110129,14.03805594
38884,1.82,355484.0,2400.95,1.584938444,14.08479109
38885,0.7,259290.0,1718.81,1.397296246,14.40151833
38886,2.24,253778.0,2396.35,2.890688888,15.57855411
38887,1.0,254865.0,2479.81,2.422775824,15.95226259
38888,0.82,383022.0,2529.04,0.653718795,15.14408565
38889,1.29,352171.0,701.0,2.901436877,13.5628334
38890,1.99,371625.0,700.37,1.841364934,13.70136277
38891,1.18,240644.0,2279.27,4.83609166,17.51651772
38892,2.19,372744.0,1826.63,0.865831008,16.13999993
38893,1.25,360319.0,1797.59,1.36950778,13.67406323
38894,1.83,142511.0,2340.44,3.399950665,12.56650137
38895,1.7,384809.0,1333.08,1.908493755,15.17883721
38896,1.9,243684.0,2169.5,2.281524872,15.43945014
38897,1.54,269929.0,1530.2,1.002752049,16.0479233
38898,0.94,187866.0,2112.61,1.798838915,17.51589171
38899,2.21,273932.0,1911.15,2.437008091,16.32373879
38900,0.98,346574.0,1922.85,1.850531925,11.61348698
38901,1.58,363653.0,1943.12,1.89963663,15.56236848
38902,1.34,159939.0,1428.13,4.04275905,15.79231609
38903,0.71,358198.0,912.92,2.990750464,15.05287888
38904,1.19,135069.0,2354.88,3.057360956,16.19204605
38905,1.51,373036.0,1632.96,2.25421905,13.35806721
38906,2.65,380507.0,2402.83,3.758638999,15.88842166
38907,1.23,137444.0,1814.88,1.621970568,15.48797869
38908,2.74,157666.0,2572.69,2.242646585,14.82307496
38909,1.18,139094.0,1853.5,1.585166144,15.21919526
38910,1.74,367031.0,1649.91,1.482406913,15.47735059
38911,1.99,149845.0,2026.42,0.442773912,16.23106163
38912,1.88,161247.0,2497.17,3.336802139,15.19437544
38913,1.25,265148.0,1890.97,2.528147299,15.31216362
38914,1.17,371874.0,1841.46,1.848323271,16.56470976
38915,1.36,360076.0,2161.93,2.705981424,16.49224008
38916,2.01,261076.0,1832.8,1.438817191,17.49194848
38917,1.02,360931.0,675.6,4.540774238,16.17527008
38918,2.21,239395.0,1474.07,1.160143226,15.56525859
38919,0.97,369607.0,1590.9,4.121077773,15.75307208
38920,1.25,143292.0,1718.1,1.668016207,16.22575849
38921,1.66,150070.0,2258.25,3.002907427,16.80940528
38922,0.28,278365.0,703.88,3.82952765,16.3433521
38923,1.86,378712.0,2453.2,1.950443377,15.21202122
38924,2.27,168730.0,2585.58,1.760539378,17.35289857
38925,0.62,145683.0,2302.59,2.05804341,14.51676847
38926,0.53,338433.0,1210.61,4.535700243,16.31114679
38927,1.39,275754.0,2513.54,2.299617117,13.89265815
38928,0.92,374986.0,1858.9,3.087862501,13.57346272
38929,1.95,378647.0,739.71,2.15731247,13.97668007
38930,2.21,230864.0,1732.1,3.044169215,13.46555617
38931,2.36,151652.0,1833.97,1.500477559,15.53087934
38932,0.57,159990.0,1748.64,1.443693026,12.21445856
38933,0.84,255742.0,1754.78,0.57378793,14.31968828
38934,0.54,364033.0,1780.53,1.577853572,14.2628097
38935,0.93,383479.0,1898.86,1.062064365,15.14787451
38936,0.65,389557.0,839.92,1.913712129,11.9287492
38937,2.05,356229.0,2378.65,2.143677337,12.68912396
38938,3.49,360331.0,1631.73,3.485087829,15.61609987
38939,1.51,363787.0,715.95,1.291660639,16.13404409
38940,1.59,375590.0,2173.08,2.778342515,16.00942013
38941,1.44,377307.0,1940.93,1.69753202,12.9322652
38942,1.07,152825.0,2692.09,0.001434819,16.93435917
38943,1.08,343975.0,1526.33,2.467478769,17.2369269
38944,0.56,373580.0,1746.36,1.506911821,13.60121577
38945,1.7,159168.0,2231.13,3.717503393,15.16410443
38946,1.24,140644.0,753.08,0.190936247,15.57183902
38947,1.42,373609.0,1984.87,0.651738916,15.71147647
38948,1.07,351040.0,1842.15,1.726939213,15.57753377
38949,2.34,156772.0,1582.81,0.557014086,15.3140243
38950,1.27,349511.0,628.96,1.758987239,13.37320926
38951,1.29,368575.0,2087.13,2.11655406,15.66079846
38952,1.45,148593.0,1411.73,1.837788328,15.91834528
38953,2.73,362316.0,1680.06,1.155639967,14.3093656
38954,1.46,142381.0,2040.34,1.410544582,14.85588823
38955,1.06,370959.0,1549.39,4.212375746,17.10324412
38956,1.05,383478.0,1864.98,1.596805941,17.13679085
38957,2.34,118959.0,1389.74,2.181677318,16.46233943
38958,1.24,159398.0,1484.23,1.822820797,16.0711359
38959,1.38,369114.0,1678.31,1.230700943,15.78352293
38960,2.14,150424.0,2314.39,4.772919376,14.48407414
38961,0.81,327324.0,737.55,1.805110727,17.42007362
38962,2.21,150283.0,2344.07,3.361311974,15.77206984
38963,1.53,396524.0,1976.53,1.091079837,15.87117152
38964,1.66,244299.0,1931.96,4.145170318,16.01970974
38965,1.55,247885.0,1559.35,0.723718327,14.02158743
38966,1.18,138518.0,1607.72,3.999682216,15.80095713
38967,0.07,386329.0,1819.87,0.789288671,13.36330848
38968,1.8,136377.0,1796.17,3.877931995,15.44089533
38969,1.41,356574.0,610.53,1.398935207,14.25458693
38970,1.33,392527.0,2262.77,1.600781825,16.0670957
38971,0.86,273356.0,2594.34,3.172773599,14.07308975
38972,2.01,383551.0,1388.33,0.925308913,15.26089313
38973,1.74,151413.0,1680.5,4.122908617,14.94468672
38974,1.18,160334.0,2383.64,1.161865755,16.28323543
38975,2.29,253783.0,890.8,1.974266952,16.30857376
38976,1.68,397645.0,1745.38,4.428526475,13.67704025
38977,1.47,339875.0,2536.06,2.232378041,15.35541962
38978,2.31,155093.0,1599.03,1.198727736,14.55519453
38979,0.85,374905.0,1083.38,1.350155983,13.9579096
38980,0.99,235451.0,2336.11,3.9996966,14.49169926
38981,1.96,150433.0,1845.58,1.399520369,15.72703281
38982,2.24,361493.0,2079.75,-0.198067157,12.58676505
38983,2.19,255444.0,1837.85,1.561440296,14.82675021
38984,1.94,128860.0,751.22,1.677006776,16.01528015
38985,0.07,377109.0,1005.49,2.202582226,16.2110998
38986,2.31,291243.0,2272.68,1.810780446,15.59867339
38987,1.78,401119.0,1357.44,3.033414916,15.32389088
38988,2.17,246411.0,2204.66,1.764184198,14.90792405
38989,2.06,363142.0,1736.19,4.529966877,14.97548218
38990,1.88,261570.0,2319.57,0.210018569,16.38610412
38991,0.41,380578.0,2236.78,3.190667265,16.20799839
38992,1.32,364781.0,1916.74,2.02750224,17.09460037
38993,1.14,376223.0,1945.21,2.735308353,12.85789843
38994,2.85,351931.0,2277.46,0.846490022,16.57758156
38995,0.64,375643.0,1835.07,3.032014325,14.61650201
38996,1.92,348945.0,1728.63,1.169770167,15.48858118
38997,2.16,374899.0,1044.79,1.344197238,15.64959773
38998,1.31,360983.0,1955.02,3.158182225,13.77988309
38999,2.01,383693.0,2136.79,1.917945174,15.49952147
39000,0.68,363366.0,877.54,0.256144767,13.91799739
39001,2.15,150659.0,1978.27,-0.002326866,15.53836081
39002,1.59,374871.0,1949.08,4.335654157,17.72250271
39003,1.22,381947.0,1402.85,1.844585156,15.17757083
39004,1.67,375051.0,1974.15,2.03483818,15.26062325
39005,0.47,378542.0,1264.51,1.461371172,15.8622478
39006,1.24,265039.0,1192.7,1.640690055,13.97184621
39007,1.8,367060.0,1218.87,2.215179054,16.82207657
39008,1.54,350879.0,1260.03,2.292255622,15.75295568
39009,0.94,137404.0,2268.84,2.465018696,14.87633289
39010,2.48,359861.0,1788.76,0.128896604,16.80070866
39011,1.19,379952.0,1491.08,1.315364417,15.63874661
39012,1.86,366523.0,1982.11,2.168365001,15.49923019
39013,1.88,157531.0,2448.25,4.268529672,16.0460305
39014,2.29,357480.0,888.54,1.143148959,15.17899444
39015,1.61,364949.0,1675.74,2.094916066,15.47083133
39016,1.25,344173.0,2149.6,3.523382627,14.74609519
39017,1.68,364889.0,2376.5,1.420619131,16.13116492
39018,1.8,254042.0,1284.02,3.185422533,17.32600957
39019,0.63,387446.0,2312.85,4.282755593,15.1791764
39020,1.31,360131.0,756.07,1.061288924,12.64597841
39021,2.19,362666.0,2017.69,2.087746814,15.92696517
39022,1.2,369826.0,1848.93,2.148502508,14.95366379
39023,1.19,365136.0,1823.9,4.290839516,12.61199324
39024,1.3,382144.0,1994.77,2.009109471,15.65490597
39025,1.15,383382.0,1339.18,1.691250012,13.79165708
39026,1.08,351499.0,1732.24,0.246671276,15.02849336
39027,1.6,366288.0,1921.01,1.849557735,14.0616296
39028,2.83,151951.0,1206.6,2.492016137,16.80361058
39029,1.06,135365.0,2297.83,1.682051942,15.35543337
39030,2.02,346421.0,2037.83,2.902714048,11.82767319
39031,0.97,382205.0,1296.19,1.837863956,14.46650963
39032,0.66,366736.0,1751.19,2.18189831,14.97857826
39033,1.69,132332.0,1138.27,4.148041258,14.72496413
39034,2.58,370668.0,2189.66,0.385185389,15.38718091
39035,2.22,140646.0,2036.24,1.760751552,15.2883622
39036,2.15,235301.0,1101.45,2.798578147,13.51896116
39037,1.68,154847.0,1941.29,4.305138622,15.43599497
39038,1.24,366575.0,1856.45,1.55275576,11.69470505
39039,1.58,259581.0,1933.99,3.074421214,16.13491423
39040,0.48,250921.0,1759.25,3.439797816,16.32351299
39041,1.49,339292.0,1901.71,1.660264297,13.3557793
39042,1.05,138482.0,1518.49,1.543298452,12.89301298
39043,0.77,148777.0,1927.8,2.355445128,17.39120984
39044,0.95,255987.0,1512.28,4.730216561,16.07375651
39045,1.6,143564.0,1852.27,3.704549784,15.99932106
39046,1.29,369209.0,1850.58,1.372862509,13.51779738
39047,0.64,387448.0,1963.53,2.825035377,16.29538229
39048,1.31,391784.0,1320.44,3.806528738,15.60584586
39049,2.1,356209.0,2226.9,2.135934951,17.06885031
39050,2.09,124911.0,1700.43,1.993387212,15.42593534
39051,1.8,381493.0,2090.92,3.207476463,17.1286006
39052,2.02,274733.0,2454.47,2.454435533,15.58415569
39053,2.16,151271.0,1912.43,1.435179315,15.84679848
39054,1.13,383070.0,2115.67,1.837938288,13.34143868
39055,1.04,371369.0,2333.64,1.921392582,14.84979495
39056,1.18,343974.0,2160.09,1.812943111,15.60576448
39057,1.47,385151.0,2317.08,3.803725291,15.71302679
39058,1.62,232837.0,1882.28,2.894168436,13.78036688
39059,1.34,154285.0,1977.61,2.453784739,15.93132523
39060,1.5,268143.0,2313.65,1.893045026,15.69764189
39061,1.15,260933.0,2574.98,2.823774604,16.04113207
39062,0.48,143994.0,1475.53,1.610986323,15.61182663
39063,1.05,373540.0,1913.49,1.437093897,15.9762739
39064,0.79,357782.0,2831.19,1.922524615,15.16854672
39065,1.01,148001.0,1688.39,3.961507243,15.88393528
39066,2.35,372909.0,2040.56,0.535084446,15.22500785
39067,1.49,146140.0,2277.03,2.129322214,15.5889332
39068,1.87,241115.0,1917.29,-0.326393035,12.70761144
39069,1.76,156349.0,2488.84,2.397401269,13.9502892
39070,1.45,371257.0,740.63,0.639762177,15.17236101
39071,2.29,358752.0,1055.53,2.24935059,13.80349968
39072,1.82,351866.0,2370.54,1.54641866,15.76410509
39073,2.15,269580.0,1990.34,1.751132231,15.8689468
39074,0.64,140502.0,1000.98,3.232958304,16.18713183
39075,1.89,260253.0,2244.79,2.034297192,13.72151492
39076,1.32,136636.0,2116.46,0.067937923,13.18721111
39077,1.07,150726.0,2513.84,1.8367028,15.13054679
39078,1.68,123233.0,1328.55,3.309988997,15.07989041
39079,0.38,348476.0,920.57,1.357543759,13.67394612
39080,1.24,123408.0,1932.39,3.039267176,13.78547062
39081,1.98,372414.0,2416.63,1.3320176,15.41037732
39082,2.3,388579.0,2464.64,3.334652989,15.52450512
39083,0.99,144861.0,752.65,1.700621136,16.3518488
39084,1.82,351912.0,2250.63,2.50390004,15.7844055
39085,0.98,166171.0,2474.98,3.832032395,13.28448085
39086,1.41,362955.0,725.47,4.019057158,15.98756629
39087,1.44,143943.0,698.22,2.954220062,15.83953343
39088,0.39,372617.0,1395.59,2.07129112,12.95959308
39089,1.62,367513.0,1769.21,1.869549928,13.51784153
39090,2.19,370182.0,1721.79,3.521243105,16.67282875
39091,0.73,146849.0,1331.45,1.737194728,11.99566831
39092,1.45,358997.0,2482.16,1.491069771,13.81400387
39093,4.26,355106.0,1932.83,1.450111986,15.08225362
39094,1.15,356512.0,1835.62,2.956062994,13.39184611
39095,1.58,360719.0,1922.22,-0.326393035,14.91578657
39096,1.11,141145.0,727.99,4.358124336,15.51903708
39097,2.18,130630.0,2341.5,1.445501595,12.17044571
39098,1.46,385273.0,1991.2,3.075538154,15.73364352
39099,1.89,119421.0,814.1,2.284621754,15.78416259
39100,0.66,142444.0,1855.42,4.146100192,16.71805561
39101,1.85,369419.0,2527.33,2.901686119,15.39447408
39102,2.5,365155.0,1392.87,1.194288672,15.59359429
39103,2.52,376616.0,2417.7,1.990382999,16.86206976
39104,1.07,152464.0,2282.48,1.763670898,15.80276121
39105,1.29,275525.0,2050.85,2.789111445,12.73529935
39106,1.32,354401.0,976.9,2.84655996,16.02357124
39107,1.39,384683.0,2553.09,3.656264618,16.43563061
39108,1.27,253647.0,1047.64,0.72871908,16.91640703
39109,1.72,347963.0,915.21,1.957549397,15.95729559
39110,1.65,164163.0,1742.65,1.561662825,14.52951838
39111,2.77,364206.0,1421.26,1.048402986,13.38371741
39112,1.77,370964.0,2346.65,1.686079152,15.26685618
39113,1.11,360727.0,1884.97,2.090847653,15.12244194
39114,1.74,151713.0,2222.91,2.335950516,13.81888006
39115,2.28,377791.0,1238.81,1.342613522,13.2119835
39116,1.4,379572.0,1323.65,3.020331196,15.43013147
39117,1.3,143779.0,824.34,1.967126829,15.67078646
39118,2.05,361077.0,1745.34,1.710699419,15.3123146
39119,2.2,155266.0,2532.73,2.930912618,15.36929473
39120,1.69,146121.0,1867.81,0.523072986,14.04337352
39121,2.54,371998.0,2448.29,0.799273856,16.11796608
39122,1.97,351019.0,1922.17,2.812457336,16.05048831
39123,2.15,341601.0,1302.18,2.346491642,15.07578775
39124,0.53,140989.0,1271.43,1.508259062,14.03373744
39125,0.56,284820.0,1722.07,1.510557018,15.39414753
39126,1.66,153484.0,2464.56,1.317023597,16.5811161
39127,2.17,283984.0,1884.62,1.316773341,13.45835075
39128,1.82,378219.0,2446.73,0.711142374,15.1101849
39129,1.62,361692.0,1908.55,2.221668475,14.06734873
39130,0.55,387701.0,2347.18,4.093981634,16.87375113
39131,1.55,265122.0,2728.68,2.173974845,16.48808125
39132,1.73,128022.0,2539.14,2.076890316,16.22446726
39133,1.1,373731.0,1672.57,0.671746043,16.51906131
39134,1.17,389503.0,1816.44,1.82261971,15.64439515
39135,1.95,153399.0,1343.14,4.520101392,15.47764672
39136,1.85,149989.0,1881.1,0.941023711,15.28135632
39137,1.49,124334.0,1642.66,3.102168896,14.469893
39138,2.28,259764.0,1671.69,0.976461178,15.49019522
39139,0.98,128129.0,1852.61,2.922931926,11.35613162
39140,0.58,134869.0,904.94,2.04656229,16.68750201
39141,1.49,357709.0,2114.37,3.019533037,15.29858894
39142,1.12,350541.0,2278.6,0.759999425,13.93687271
39143,3.03,125855.0,2192.11,3.407399492,12.82188727
39144,1.25,355492.0,1867.32,1.319269835,16.31435461
39145,1.71,374615.0,922.1,4.57989753,15.84999848
39146,1.28,159440.0,938.85,2.310765681,15.927273
39147,2.77,401119.0,2315.19,4.896955537,16.43106457
39148,1.02,377829.0,929.09,2.243738964,14.62997999
39149,0.13,132365.0,934.9,2.642029581,15.4527707
39150,0.68,158909.0,2528.47,3.0402196,16.25193465
39151,0.34,375887.0,1463.4,1.554643007,14.5533334
39152,1.13,239959.0,1767.99,2.649369725,15.13743683
39153,2.32,262513.0,1639.49,1.451661477,16.32459976
39154,0.42,164310.0,1944.41,1.465976584,15.73752657
39155,1.85,352998.0,1924.52,1.600134785,14.89765717
39156,0.97,137061.0,2134.58,2.39572207,15.15043921
39157,0.25,352062.0,2142.91,4.044801291,16.0447977
39158,1.41,255613.0,1524.41,0.47766014,13.92208475
39159,0.69,401119.0,1978.02,2.900430337,15.38422291
39160,1.91,242297.0,1181.42,1.749282818,15.81698968
39161,1.95,155089.0,2222.37,1.713025625,15.58822715
39162,1.32,373074.0,1305.0,1.603946871,12.09248687
39163,1.7,137738.0,2482.86,1.211550492,15.56311529
39164,1.6,370087.0,1811.18,3.858675304,15.21839904
39165,1.98,368900.0,898.99,3.262970896,16.09176992
39166,0.98,386086.0,2448.33,2.140183854,14.52569371
39167,1.29,363238.0,2192.13,1.468968826,12.24751755
39168,1.62,386629.0,1513.51,1.266043025,14.04322782
39169,2.23,365254.0,1652.33,1.191988796,15.6696883
39170,1.73,365364.0,808.89,3.015346024,16.26644399
39171,1.38,362468.0,2000.83,2.636021316,14.31055931
39172,1.08,395863.0,1864.57,2.480780663,13.32982498
39173,1.84,264209.0,1270.99,2.7853763,16.50723573
39174,4.22,357556.0,1694.23,0.387859631,14.58465642
39175,1.6,385916.0,1755.72,0.015404333,11.50544626
39176,1.29,351882.0,1067.1,1.788616105,15.99761743
39177,1.67,146435.0,2089.55,2.884659189,15.79512874
39178,0.84,365426.0,2073.81,4.262334027,12.56833185
39179,1.0,176549.0,953.53,1.396449708,14.32310213
39180,1.96,368432.0,1848.7,0.966810533,15.77158498
39181,0.74,352797.0,1968.16,2.690272974,15.81039763
39182,3.0,333063.0,2195.18,2.914731006,16.33635153
39183,1.77,252911.0,936.79,1.009631709,13.19814336
39184,2.23,267389.0,1052.72,1.82614965,16.9567551
39185,2.55,367985.0,1807.12,1.735036943,16.67017465
39186,0.96,161331.0,1706.33,4.388288013,15.28853945
39187,0.53,270840.0,586.86,2.280299385,17.14109242
39188,2.48,129513.0,2294.09,4.464791554,13.10496519
39189,2.1,163189.0,821.42,2.850611962,15.68399847
39190,0.22,257638.0,1659.37,2.457728698,15.27807702
39191,1.13,382199.0,1734.01,1.861586188,15.18717328
39192,0.71,355765.0,2228.07,2.226659284,15.57786117
39193,3.11,154391.0,1806.78,1.783727157,14.55920249
39194,2.34,116534.0,1808.8,2.100623962,11.70064411
39195,1.8,258777.0,1049.16,1.636104878,15.1947494
39196,2.06,249255.0,1641.42,0.613704699,15.81277505
39197,1.6,155276.0,782.77,1.767404154,13.32946388
39198,0.89,151095.0,1477.1,3.536046581,15.57701829
39199,1.7,131295.0,1125.43,2.092146045,15.78788637
39200,0.73,352623.0,1753.9,2.823685308,16.31886553
39201,0.27,142713.0,771.44,2.173357188,16.81196134
39202,1.92,382450.0,2113.44,0.617537818,11.34491317
39203,1.57,133659.0,2183.05,1.07752277,14.60643806
39204,0.89,389483.0,2549.2,1.52551818,13.62766335
39205,1.7,363614.0,748.51,2.873465605,16.38759957
39206,0.28,363711.0,2422.56,1.845121093,13.07772843
39207,1.8,369559.0,2025.51,1.659552469,16.02876327
39208,1.87,247431.0,1007.42,3.41757293,14.4695255
39209,1.87,145033.0,1867.25,1.809119662,16.44263533
39210,1.08,391300.0,1534.21,1.659546429,15.6627603
39211,1.73,385834.0,1871.02,2.297962727,15.69182602
39212,1.55,145881.0,1846.07,4.16992437,15.70366154
39213,1.62,365932.0,2078.88,1.2033003,13.45586211
39214,1.34,120467.0,1352.11,1.870072652,13.54151166
39215,0.03,352967.0,1900.29,2.082646709,17.03399508
39216,1.37,271979.0,1909.97,1.389183946,16.85081218
39217,1.74,132811.0,1549.55,2.72175155,13.78594274
39218,2.61,150754.0,2054.27,2.040503321,15.15622317
39219,1.08,354389.0,730.74,2.259442503,13.67227219
39220,0.73,149751.0,1855.28,1.19870701,15.8475908
39221,0.54,168584.0,2513.67,1.753668126,15.93292095
39222,2.18,372340.0,1842.77,0.723640555,15.51108552
39223,1.27,166893.0,1042.37,1.096279566,12.9467136
39224,0.0,365821.0,1845.06,1.213833342,14.43494073
39225,0.76,377655.0,1935.88,2.112851862,12.99358719
39226,0.67,144297.0,1743.39,1.522270946,15.66814848
39227,1.7,163459.0,757.38,3.912617419,16.15301085
39228,1.44,340941.0,670.92,1.17943642,14.98435345
39229,0.64,364275.0,2189.38,2.588022137,12.17373669
39230,1.66,384130.0,1348.84,0.565164296,13.28659793
39231,1.06,375983.0,1806.2,2.795538473,15.10688915
39232,2.04,274978.0,958.06,2.172342787,16.06900883
39233,1.24,265414.0,1546.05,0.982400706,14.00445088
39234,1.7,331872.0,768.12,2.806678206,15.58402745
39235,1.41,148515.0,2294.48,3.082471213,13.53772241
39236,1.08,143422.0,668.39,2.098753531,15.6773456
39237,2.35,149832.0,1769.99,3.459527639,13.33489936
39238,1.26,391598.0,905.84,4.174543427,15.43558464
39239,1.39,366671.0,1340.92,2.717491958,16.52249748
39240,0.46,285526.0,2432.97,1.093929358,16.50647659
39241,1.56,400952.0,1647.02,2.074536772,15.5937492
39242,1.2,367960.0,2216.28,3.431882046,15.61970035
39243,1.16,394958.0,954.59,2.516694286,16.9001211
39244,2.58,354811.0,1866.29,1.529596779,16.3692074
39245,1.16,274426.0,1875.73,1.768272852,15.9329456
39246,1.5,177348.0,1705.76,1.538823354,13.08240288
39247,1.38,156262.0,1321.85,1.005433139,12.15580247
39248,0.7,141016.0,2283.35,4.700658296,14.37139027
39249,1.52,381203.0,2557.97,1.841172224,15.75715718
39250,1.31,130721.0,1819.81,0.884714773,15.71098049
39251,2.06,123967.0,1625.15,1.557136458,16.01111765
39252,1.54,377125.0,1924.92,1.995737826,14.3078644
39253,1.19,381624.0,1893.35,3.066428487,17.45909027
39254,1.05,350517.0,881.16,1.549751952,15.21289359
39255,1.52,255536.0,1554.99,1.099697769,15.22987684
39256,1.29,244367.0,1877.06,3.467112211,13.22154088
39257,1.93,256681.0,1794.43,3.178987418,15.3051838
39258,1.85,277909.0,704.31,1.912412306,14.98710368
39259,1.53,367593.0,1863.91,1.174504671,15.79244366
39260,1.89,169735.0,1952.84,1.879915114,16.61681815
39261,1.11,369910.0,2363.79,2.857818983,14.64300819
39262,1.27,258166.0,1424.1,2.100515402,13.81794961
39263,1.47,249833.0,2209.02,2.454370191,15.95011736
39264,1.07,142776.0,2442.92,1.396396124,15.53649052
39265,1.34,167014.0,1815.04,1.564944659,15.58754356
39266,1.3,348198.0,844.01,1.224099233,14.97546682
39267,1.73,345095.0,2210.58,1.597846602,13.32035775
39268,0.13,370324.0,1970.69,2.053965462,16.4267189
39269,1.95,343799.0,2005.8,0.863654589,12.3401615
39270,1.89,350269.0,2202.64,2.644763642,15.36506538
39271,2.15,392597.0,2341.31,1.889922842,15.25445245
39272,1.14,375371.0,1876.24,1.023398978,14.83925768
39273,1.16,351077.0,712.79,1.343785253,15.42480622
39274,0.87,260796.0,2500.36,1.919477875,15.74151544
39275,1.04,231865.0,1122.9,0.848889685,14.64195608
39276,2.37,270442.0,2076.87,1.341814118,15.4525006
39277,0.68,374233.0,2003.28,2.57632898,17.55316038
39278,1.07,138918.0,2132.69,1.285253517,15.33936576
39279,0.37,256598.0,1762.14,0.973908971,14.92975213
39280,1.49,367292.0,1750.22,1.971028974,13.40232126
39281,1.22,391475.0,1083.53,1.29993404,14.13843303
39282,1.6,348026.0,1860.2,0.606937486,15.58656573
39283,1.38,372974.0,814.84,-0.017545689,15.67000464
39284,2.12,363493.0,654.28,0.619565166,14.06370223
39285,1.31,380951.0,1842.62,1.587151262,16.23312383
39286,1.96,235740.0,1854.44,1.066177338,13.82535338
39287,1.5,393369.0,2028.43,1.842735515,15.42372567
39288,1.17,122224.0,1354.5,1.21376157,12.77500986
39289,2.03,257901.0,1888.76,3.696274398,16.38761624
39290,2.45,166502.0,1835.94,1.745434194,13.6903096
39291,1.7,388704.0,1929.91,0.709413652,15.44763957
39292,1.12,361120.0,2398.98,3.628239389,13.42469629
39293,1.39,368861.0,1837.81,2.120310738,14.91094707
39294,1.56,247571.0,1981.31,1.126397819,15.61703123
39295,2.3,359220.0,735.4,2.121518374,15.59334397
39296,1.48,379724.0,1122.6,1.69218525,17.09224965
39297,2.09,385471.0,1931.15,4.8277244,15.6462062
39298,1.97,360508.0,1816.83,3.393696063,15.86675866
39299,2.77,141523.0,1794.89,0.287589536,14.40238319
39300,0.13,252302.0,1691.64,1.883835236,15.82967042
39301,1.16,384504.0,883.72,0.40023431,13.27488612
39302,1.07,380344.0,1964.14,2.982516271,16.18154567
39303,1.27,240346.0,2126.46,3.875191334,15.54490562
39304,1.33,131982.0,886.97,1.496605138,15.97798915
39305,2.42,250438.0,2309.67,1.370180315,15.72924024
39306,1.7,143230.0,775.09,0.454705763,15.90872449
39307,1.1,280705.0,2451.09,1.985830066,15.74264685
39308,0.53,375947.0,1174.57,2.187100882,13.83683019
39309,1.87,382131.0,2292.02,0.552427319,15.8384321
39310,1.08,387256.0,909.96,4.515562415,15.04789074
39311,1.74,142358.0,837.25,3.53868555,17.41641505
39312,1.41,275013.0,1440.18,1.427275401,16.44558808
39313,1.21,368718.0,1732.08,0.470266873,16.10389323
39314,1.42,354960.0,1001.43,0.742188691,12.01700933
39315,1.9,364118.0,2269.28,3.51323949,16.07585453
39316,1.86,257510.0,2409.34,1.714429685,15.30923129
39317,1.93,273056.0,1691.72,3.655330943,13.77801972
39318,0.98,368360.0,2287.51,2.857179421,14.88527579
39319,1.9,390407.0,1970.78,3.666046655,16.18348521
39320,1.41,164975.0,586.86,1.737786307,15.9856003
39321,1.43,348853.0,1750.55,0.429322043,15.40234425
39322,1.52,142864.0,1428.88,1.591046715,12.57557777
39323,1.99,154190.0,2209.19,3.004338963,13.66326315
39324,1.15,127790.0,1635.95,1.321755318,15.77595315
39325,1.93,371681.0,2418.42,2.283946913,15.71921236
39326,1.87,367124.0,2371.02,1.653565291,13.71467669
39327,2.47,277682.0,2022.86,-0.088234735,13.9543981
39328,1.05,165380.0,1924.01,0.686509205,14.87805495
39329,1.21,140112.0,2337.38,1.687360825,15.34954753
39330,0.13,144485.0,1022.53,0.300212571,16.32994307
39331,0.43,163029.0,1772.81,0.846661531,14.9714673
39332,1.04,339666.0,1486.55,3.430903622,15.00819616
39333,2.21,255480.0,1471.99,1.100511039,16.02021119
39334,1.9,382154.0,732.56,1.912152868,13.22940008
39335,1.04,357147.0,2341.52,1.488134791,13.26692301
39336,1.41,385615.0,821.45,3.845898649,13.94616418
39337,1.96,362056.0,1948.61,1.236285898,15.19331312
39338,0.51,159813.0,1850.45,1.278058691,14.08005061
39339,1.49,353551.0,1346.26,3.607547672,15.54960101
39340,1.29,359028.0,1763.09,0.61751462,13.3050038
39341,2.1,358638.0,1900.89,2.111808315,14.02104253
39342,1.88,140617.0,2216.94,1.398357899,15.42632208
39343,1.28,379306.0,2700.46,1.140248594,17.44177422
39344,0.98,361389.0,804.0,2.443112289,15.89186573
39345,1.65,158530.0,1684.81,3.329249296,17.14701207
39346,2.1,349793.0,1211.2,1.812124588,14.11906664
39347,1.89,378857.0,2249.38,1.65207506,15.1665158
39348,1.26,152802.0,2412.22,2.190316167,13.90715049
39349,0.73,382417.0,1874.15,1.873021569,16.75505046
39350,0.97,139775.0,1799.96,1.895807077,15.27530857
39351,0.83,361993.0,2491.0,2.113387683,15.47411861
39352,2.23,139684.0,2100.41,1.106517961,14.80280647
39353,0.0,380135.0,1739.47,1.966271186,15.75951974
39354,2.34,374141.0,1971.4,1.601881805,16.24693865
39355,2.1,142101.0,2139.33,1.040052645,14.57107678
39356,1.92,394901.0,1979.39,3.363444694,14.55382948
39357,1.11,246584.0,665.78,1.115469101,15.9735942
39358,0.87,377427.0,2338.32,0.926277876,15.20516996
39359,1.16,364845.0,1408.27,1.300589117,14.93305233
39360,1.15,126239.0,2353.89,1.873074206,14.11211829
39361,0.0,153675.0,2100.1,4.164498384,14.91839768
39362,1.31,250921.0,1194.67,3.328881237,13.57087667
39363,1.54,123795.0,1883.21,0.106994819,16.25141893
39364,0.9,395969.0,1970.6,3.143265517,16.4696002
39365,0.74,356523.0,1019.66,1.832410227,11.74188453
39366,1.54,162998.0,1958.06,2.327793094,16.71310526
39367,1.73,386256.0,984.94,-0.326393035,17.0235452
39368,1.99,341241.0,613.1,3.144412263,12.84574838
39369,1.77,382470.0,2350.42,1.646899998,15.56755097
39370,0.86,141224.0,2189.49,1.620624612,16.65869074
39371,1.4,369958.0,2143.06,1.633080383,15.07042779
39372,1.52,149497.0,2443.74,0.217687362,17.57548105
39373,1.69,355483.0,922.68,1.686283449,15.94620624
39374,0.45,133811.0,990.61,3.145681729,15.49669762
39375,1.45,242888.0,1782.91,0.674910632,15.47394131
39376,1.24,129738.0,1497.18,1.814824624,14.34487777
39377,0.65,379126.0,872.26,1.920716259,13.30127354
39378,0.98,365618.0,972.5,1.738316711,14.54283534
39379,0.94,141362.0,1602.29,1.41724781,16.23460132
39380,1.05,152889.0,2509.87,1.115956484,15.99755424
39381,1.31,388869.0,1874.33,1.487598042,15.11810449
39382,2.09,361281.0,2187.75,1.786982271,15.47768383
39383,1.83,359023.0,791.36,1.774723421,12.61208609
39384,1.47,355041.0,1599.54,1.122134104,15.34858817
39385,1.58,382439.0,2004.49,0.27581062,15.59738971
39386,1.88,114947.0,1761.06,3.175447606,15.34677251
39387,1.33,369324.0,2271.75,2.147864776,16.05825088
39388,0.74,146536.0,2285.43,2.381641653,15.47087542
39389,1.45,371332.0,2196.5,1.988951634,15.70769083
39390,2.36,360926.0,2053.02,3.409881228,13.38965595
39391,0.65,156055.0,1730.77,2.093799106,16.06950293
39392,1.1,374451.0,1844.61,0.785232598,15.66288754
39393,1.33,263989.0,2262.62,0.907029771,15.12521156
39394,1.77,338394.0,930.73,1.369419379,15.45958638
39395,1.89,366834.0,1552.39,2.599267731,15.99910276
39396,0.81,271734.0,2412.98,1.597456454,13.0179316
39397,1.66,362639.0,1641.55,0.599421027,17.16384723
39398,2.32,365498.0,1939.82,1.538684168,13.70528008
39399,0.98,158888.0,1861.49,1.358204288,13.03885961
39400,0.93,272980.0,1797.54,1.28964312,15.02630775
39401,0.74,376566.0,2642.53,1.454476539,17.46757521
39402,1.99,360624.0,2087.2,1.759749162,13.69113128
39403,1.06,253182.0,1806.36,0.78030893,13.4021582
39404,1.04,361138.0,1053.22,0.272137452,15.79756313
39405,1.25,355836.0,667.74,1.281009216,16.23638687
39406,0.76,150315.0,1909.33,2.615310348,15.81619377
39407,0.13,265382.0,1461.38,3.133387712,16.24283125
39408,1.86,356883.0,1915.94,1.304536657,13.95027505
39409,1.74,275315.0,2365.27,0.921582793,14.41748281
39410,1.97,349240.0,2380.11,1.247019439,17.63604144
39411,2.15,161232.0,1443.47,1.825623157,16.56475291
39412,1.16,369478.0,1731.47,4.266238921,17.15566647
39413,1.48,134729.0,2171.22,2.015696074,15.38089149
39414,1.29,347382.0,1945.74,3.740326724,15.82371976
39415,0.87,235328.0,1640.84,2.224735778,16.12705056
39416,1.08,150320.0,1966.82,1.94927075,16.21580403
39417,1.35,391674.0,1704.65,1.41568283,16.9356484
39418,2.31,267215.0,863.27,3.701873668,15.43101895
39419,1.59,141170.0,1359.36,2.192670937,15.32056391
39420,2.89,143308.0,1847.27,-0.031232908,15.96755828
39421,2.11,388408.0,3047.82,1.955295238,15.81168722
39422,0.29,370572.0,1934.74,3.031868464,16.48365667
39423,1.07,129025.0,933.04,0.740765794,15.34182783
39424,1.85,367514.0,1468.35,1.011076326,16.1711672
39425,2.27,229969.0,1857.05,0.199461017,13.02398449
39426,2.2,131169.0,3047.82,2.049006975,13.92871143
39427,0.0,129983.0,1926.16,-0.111821312,13.8491658
39428,2.36,266301.0,1807.28,4.485084363,14.67343202
39429,1.76,373621.0,2327.49,1.348253905,16.92590065
39430,2.36,264416.0,1417.95,0.119762948,15.91944662
39431,1.71,152786.0,1869.02,1.547779469,15.84222793
39432,1.27,251375.0,1867.94,1.701492037,14.27320178
39433,1.82,235642.0,1814.09,2.259239785,13.41036408
39434,1.14,257944.0,2392.99,1.84959081,13.19080822
39435,2.7,380242.0,1309.27,0.494446949,15.67117416
39436,1.25,353199.0,3047.82,1.559887903,15.46607974
39437,2.0,361037.0,2376.78,1.702130986,13.84874355
39438,1.76,374974.0,1730.62,3.568880826,15.56164773
39439,1.99,368990.0,726.1,2.186512484,17.05232844
39440,0.22,165372.0,1473.3,1.405658936,15.38442032
39441,1.14,245350.0,1801.62,1.021716481,14.98312486
39442,2.43,371321.0,1497.5,1.189011781,14.61175365
39443,1.2,349860.0,586.86,1.603218717,11.94641934
39444,2.82,139851.0,1754.29,4.705164116,15.67073504
39445,0.71,383847.0,1594.5,3.929043918,16.25040338
39446,1.48,370630.0,1894.81,1.809182088,15.71248204
39447,0.92,171931.0,1053.41,0.64670127,15.64710359
39448,2.4,364897.0,1857.81,4.403230909,16.12552287
39449,0.47,267750.0,2830.48,1.998987009,16.03682824
39450,1.85,367897.0,2367.1,4.238986949,15.80831359
39451,2.16,335244.0,1979.08,4.334153626,15.96725904
39452,1.69,378132.0,2366.88,1.363688961,15.12994216
39453,1.43,149307.0,1451.7,1.305250906,15.1080315
39454,1.63,135120.0,808.22,3.187949551,13.64339402
39455,1.95,361474.0,2103.0,1.256157556,13.26807403
39456,1.56,148552.0,1785.59,1.306213508,11.85689174
39457,0.98,365089.0,2106.47,3.937345179,15.61035123
39458,1.72,248890.0,1812.0,1.820131669,13.49443729
39459,1.45,395366.0,1437.57,0.719519982,13.92772408
39460,3.87,365838.0,2362.19,0.156882052,14.80764281
39461,4.55,359316.0,810.13,1.317026865,13.57267345
39462,2.68,386921.0,1841.93,0.161813068,14.79674975
39463,1.11,250650.0,1759.97,3.417288122,16.22178906
39464,1.16,155979.0,909.76,2.437064126,14.63155644
39465,0.44,127154.0,944.48,3.180146068,13.49277817
39466,0.99,374435.0,1002.0,4.230884842,13.7315051
39467,2.97,355470.0,1753.58,3.569902611,15.77097207
39468,0.83,270560.0,1891.42,3.887893166,12.24317514
39469,1.1,360484.0,2318.58,1.645306519,15.593808
39470,1.03,249345.0,1951.56,2.444110714,16.31041823
39471,0.23,258243.0,1594.1,1.545682982,15.74891478
39472,1.56,399094.0,1078.42,1.668175685,16.15937901
39473,1.35,135229.0,2180.85,3.444694113,15.0113832
39474,1.42,118160.0,1761.11,1.086251124,15.34610238
39475,1.65,364241.0,936.49,1.642802867,14.73575358
39476,1.76,345030.0,657.83,0.769329312,11.46145175
39477,2.14,179468.0,850.67,1.664736943,14.95550986
39478,0.51,386070.0,2479.64,2.134332232,16.56086848
39479,1.32,353609.0,1554.2,1.852402472,15.06119613
39480,1.01,364545.0,1101.44,3.492183386,15.41565773
39481,0.91,367250.0,756.72,2.217778255,16.84023489
39482,2.27,358478.0,1541.68,1.822681171,14.92971176
39483,1.0,372023.0,1849.45,3.050456524,14.79932661
39484,1.13,347947.0,2253.81,3.727905957,15.56552034
39485,1.11,391546.0,630.7,3.893879306,15.59766855
39486,1.92,265799.0,1490.29,1.725195635,15.6794766
39487,1.36,125721.0,1603.62,1.812044737,12.94344072
39488,0.49,378735.0,713.48,2.098203506,14.94200381
39489,1.92,242876.0,649.12,1.950241666,16.23048441
39490,1.89,390164.0,944.19,2.227212741,16.88089445
39491,1.81,362548.0,1747.04,1.738133629,16.43897285
39492,1.38,392602.0,1467.1,4.286764039,15.49190946
39493,1.66,150285.0,1145.88,1.553893523,14.33009797
39494,0.75,283482.0,1906.54,1.18180724,15.42305474
39495,1.74,266157.0,1765.27,3.003740184,16.59347366
39496,0.39,367476.0,2245.81,1.486559961,14.21932009
39497,2.47,250688.0,960.3,1.066973247,15.95848178
39498,2.61,394357.0,1332.21,4.10129242,14.17153146
39499,1.77,357639.0,1199.72,1.202551159,14.50397166
39500,1.01,382112.0,918.48,1.620281216,15.67197448
39501,1.85,129326.0,1864.29,1.4764149,15.37381407
39502,0.81,369479.0,949.41,2.516675551,15.83265662
39503,0.98,361911.0,1492.74,0.178028654,14.84206104
39504,1.29,353056.0,1689.97,2.063251324,15.49911228
39505,1.37,387315.0,956.42,4.076218533,14.52901228
39506,1.22,379789.0,903.45,2.028794137,15.42592248
39507,0.78,256578.0,1917.87,3.736635623,15.62156073
39508,1.03,354392.0,1055.87,2.53090261,14.18885617
39509,0.33,256510.0,2319.09,1.616761251,14.54736978
39510,1.34,279126.0,1683.48,1.978437705,12.7468299
39511,1.98,229596.0,1962.33,-0.326393035,15.65106862
39512,0.78,379243.0,1961.46,2.708213778,16.60776172
39513,0.0,367975.0,2055.15,4.000421065,15.34884584
39514,1.38,366015.0,1428.52,4.200073831,15.95991863
39515,2.45,278658.0,847.95,1.97305522,16.1901132
39516,1.51,376356.0,970.43,0.638270419,12.93332098
39517,0.8,349890.0,1644.78,1.485173676,13.46429217
39518,1.73,255851.0,1900.4,3.403175604,16.55315843
39519,1.56,254603.0,2760.61,2.714744832,14.63913196
39520,1.73,134810.0,1801.83,1.442804777,14.71142368
39521,2.02,169330.0,1919.79,1.551741988,15.58368479
39522,0.89,139518.0,1098.2,1.94987351,15.38634418
39523,1.61,371182.0,1656.47,1.655895252,11.73846687
39524,1.96,147096.0,618.57,2.359274753,15.12015961
39525,0.67,251186.0,2114.47,1.921397774,15.9041884
39526,1.79,362575.0,964.6,1.960983748,15.30262004
39527,2.14,364300.0,1782.06,3.054550958,15.64433985
39528,0.0,363969.0,2257.04,1.16039781,16.69830002
39529,2.22,257409.0,586.86,2.307626601,13.70338164
39530,1.18,271649.0,778.99,2.841739985,15.97773746
39531,0.0,383296.0,1231.07,4.06440457,15.31160587
39532,1.47,352573.0,709.35,2.384986357,15.95711323
39533,1.74,355329.0,2147.88,1.545494282,16.22004439
39534,0.46,389410.0,1629.33,1.563839246,16.13754274
39535,0.49,384641.0,2409.66,2.220382971,16.56264985
39536,1.03,282280.0,2491.66,1.826522864,14.30275149
39537,2.15,163271.0,1816.76,1.305035735,15.20114321
39538,1.49,365914.0,1889.83,4.581928467,13.96395553
39539,1.0,127827.0,2311.79,1.631678583,15.22952814
39540,0.56,136372.0,1730.74,1.78980567,14.08267415
39541,1.38,165864.0,2130.97,2.85901961,12.52305372
39542,2.48,344736.0,1795.39,1.598420989,15.10558449
39543,2.05,360787.0,1859.2,0.846380149,15.89295666
39544,1.51,383679.0,2076.56,1.96135803,15.01228829
39545,1.76,151625.0,2324.76,1.524652959,11.84188735
39546,1.7,391846.0,772.46,1.959161067,17.73027397
39547,0.52,142979.0,1843.82,2.205084628,13.18780312
39548,1.15,280530.0,1278.36,2.227386355,16.9669714
39549,2.44,178662.0,822.21,2.62330582,15.58974762
39550,1.47,257728.0,2294.6,3.897652034,15.11846802
39551,1.55,248645.0,1868.67,1.649773422,15.04785295
39552,1.97,147841.0,1918.86,1.511308703,15.07407123
39553,0.78,256405.0,1711.78,2.596433113,15.82508877
39554,2.04,162549.0,2314.81,1.449169177,17.29786252
39555,1.57,134971.0,2014.79,0.217245852,12.16801912
39556,0.72,146112.0,2517.78,1.274023651,17.31692148
39557,1.66,155482.0,1919.23,1.57586737,15.67703396
39558,2.05,359397.0,1968.19,3.070364688,13.60615931
39559,1.76,380717.0,2435.5,1.198209609,15.20271526
39560,1.39,371182.0,1121.92,3.2094672,15.10438473
39561,2.37,374045.0,1712.92,2.267787447,15.04069009
39562,1.12,163869.0,1360.35,3.402332356,14.01510267
39563,1.53,137229.0,2487.52,2.466975297,14.66363082
39564,0.74,375394.0,1025.85,0.63899838,15.70371371
39565,1.89,358894.0,1850.38,1.597939865,14.14492118
39566,1.26,151605.0,1487.01,3.785656529,15.57280577
39567,1.58,399677.0,2009.96,4.897810279,13.45942329
39568,2.53,351800.0,1704.8,2.167404332,15.31947799
39569,0.8,356016.0,698.36,3.876779718,14.97935686
39570,1.36,346534.0,1429.7,1.542109131,16.72919046
39571,2.09,370140.0,1386.32,3.946683767,15.93961218
39572,0.83,357407.0,1879.74,1.65865928,14.0595437
39573,1.38,259772.0,1662.76,2.938463418,14.1824675
39574,2.11,355320.0,1849.6,0.121593291,15.62306419
39575,0.65,264909.0,1822.59,2.773253208,16.39439736
39576,1.03,170122.0,2815.34,4.100721036,15.30724947
39577,1.55,372196.0,1326.15,2.159782169,13.13618014
39578,2.8,362465.0,2336.18,-0.154309301,15.52014456
39579,3.07,127875.0,2019.05,3.584941349,15.10569842
39580,1.02,371798.0,848.19,3.650036983,16.9150176
39581,2.33,239954.0,1674.46,1.828728458,13.75022213
39582,1.2,360276.0,813.08,2.799855276,13.62067768
39583,3.44,356085.0,1802.71,1.916958518,15.9594695
39584,1.42,264073.0,2329.96,1.896824058,16.60819926
39585,1.6,267392.0,727.7,4.135559404,15.55417632
39586,0.94,366694.0,1505.62,2.384143478,15.53807682
39587,1.51,166190.0,2272.34,1.155896473,15.7626199
39588,1.46,142174.0,586.86,2.252031484,17.73027397
39589,0.0,272359.0,2510.99,2.939657557,16.12897203
39590,0.37,157092.0,1808.75,1.857335628,11.50514215
39591,1.77,347962.0,1357.35,1.393741612,13.75308791
39592,1.05,138992.0,1965.29,4.21958765,15.92128137
39593,0.81,362364.0,1830.2,2.036318613,14.93140435
39594,1.77,140301.0,586.86,2.35386577,14.69378422
39595,2.08,389079.0,1385.27,1.521087086,13.45906344
39596,2.4,259325.0,1845.97,0.727855358,17.1716661
39597,2.34,366169.0,857.78,2.534101444,13.93224955
39598,0.45,357665.0,1213.81,1.507635465,13.38146411
39599,1.23,386917.0,824.21,2.158362559,16.02676446
39600,1.97,242780.0,867.12,0.420917621,15.71896589
39601,1.13,359250.0,1483.84,2.486315434,16.24406108
39602,2.22,149853.0,1712.08,2.069653928,13.10973437
39603,2.16,136489.0,1293.66,1.79454954,15.05156389
39604,1.59,371008.0,690.91,1.757663098,15.92063562
39605,1.92,149858.0,2202.21,1.077826413,15.50244825
39606,0.68,136109.0,1916.86,1.994339962,15.88929117
39607,1.25,375061.0,1715.07,-0.326393035,15.41375165
39608,1.63,392228.0,931.13,4.624526519,17.73027397
39609,1.53,135802.0,1810.85,0.979220676,16.04970763
39610,2.37,356459.0,1893.48,3.453533246,15.1975638
39611,2.35,248239.0,2296.99,1.337723618,11.70816457
39612,1.72,386002.0,1710.4,2.523768249,15.06260723
39613,0.9,154428.0,1899.5,3.063179585,16.13843832
39614,1.22,368516.0,1699.16,3.482995835,16.18304124
39615,1.41,127893.0,1478.45,2.398562614,15.14427034
39616,1.72,179517.0,1760.67,1.242386844,13.9162263
39617,1.15,264702.0,1620.48,1.939173605,16.26507544
39618,1.18,142264.0,2281.98,3.045921097,12.73006526
39619,1.74,358958.0,1365.67,1.584464101,16.06685431
39620,1.27,374232.0,2825.86,1.272236616,12.76539339
39621,1.57,358197.0,1933.78,1.488269471,15.29121277
39622,4.24,398315.0,1388.16,2.918878135,15.36860504
39623,0.91,148309.0,1871.05,3.886171795,15.63548826
39624,0.59,141043.0,1339.53,2.555108657,16.35452839
39625,1.53,252052.0,715.58,0.965367401,15.61046043
39626,1.26,371736.0,1373.66,2.743802052,16.32268437
39627,1.56,381074.0,1401.42,2.430771653,12.04848906
39628,1.4,378095.0,1043.09,1.497919281,16.6795363
39629,1.37,347975.0,900.3,1.446896112,15.31611021
39630,0.58,377391.0,1872.55,1.097863284,15.21666656
39631,1.5,344244.0,1832.33,0.368248751,16.23700605
39632,3.14,263709.0,910.24,3.801442861,16.57871414
39633,1.62,382781.0,1941.02,2.794329547,16.13479789
39634,1.48,384810.0,949.86,3.573611858,15.99311471
39635,1.08,389551.0,1877.06,1.220457165,13.69918961
39636,1.41,366343.0,1344.59,1.756796381,14.4302866
39637,1.06,349737.0,1805.15,1.737203288,14.41569368
39638,0.33,154015.0,1691.46,3.247208194,16.07711468
39639,2.72,240470.0,1819.36,2.046072141,14.06905835
39640,1.69,238450.0,1397.59,1.448987465,12.63610215
39641,0.5,130964.0,656.0,1.863447683,16.51519585
39642,1.68,255484.0,1058.38,0.920977913,16.58339281
39643,0.0,393563.0,1424.75,1.843625957,15.67993668
39644,0.93,149280.0,1945.9,1.356125799,14.81984711
39645,2.33,255870.0,769.3,0.369922138,15.77602895
39646,1.39,379848.0,1929.83,2.131477278,15.80019261
39647,2.4,135238.0,2530.55,1.176603818,15.25557163
39648,0.68,158119.0,1901.52,2.811183688,15.08138713
39649,2.25,254671.0,1850.34,1.071293333,15.99054049
39650,1.12,383122.0,1895.24,2.640729167,15.52614283
39651,2.02,166086.0,1278.81,1.284450828,15.58817887
39652,1.12,155333.0,2056.27,2.516904864,14.35346527
39653,1.11,363579.0,2142.2,2.181176428,15.47564191
39654,2.35,381549.0,1247.23,1.644246455,14.72687502
39655,4.6,388619.0,1881.71,1.670174391,11.46653045
39656,1.51,364319.0,1317.03,1.263425446,14.81501551
39657,6.19,136564.0,1901.69,1.240608009,16.50195746
39658,1.35,395144.0,2032.31,1.608820273,14.33296564
39659,0.01,248533.0,1333.35,1.869716481,15.64907194
39660,1.32,360416.0,1806.08,2.991497536,12.57059315
39661,1.2,363411.0,2396.61,3.801304681,13.45367353
39662,1.97,138171.0,1714.71,1.731207881,12.75937679
39663,2.04,382341.0,1256.54,2.71164847,15.93518619
39664,2.21,345804.0,1077.3,1.463265969,15.20870776
39665,2.02,365126.0,2318.48,3.006713607,14.44017792
39666,1.15,377222.0,1426.33,1.002533824,16.84404043
39667,1.48,355975.0,1871.01,1.505171369,16.42445478
39668,1.42,143632.0,1450.91,2.172252457,14.7861304
39669,2.06,247729.0,2569.62,1.503956731,15.87955078
39670,3.35,282603.0,2162.28,1.123400147,13.52380441
39671,3.04,364065.0,586.86,2.031197424,16.06250793
39672,0.36,150931.0,1738.99,1.434685807,15.53561859
39673,1.87,163781.0,2034.34,2.216263038,16.03331682
39674,1.59,140893.0,1888.29,1.315852343,14.17115068
39675,2.77,127574.0,2146.93,3.196446143,14.00094249
39676,2.46,367759.0,1855.63,1.126324899,16.02667513
39677,0.69,154432.0,2336.87,2.132096075,15.53545415
39678,1.75,243574.0,2381.55,1.906887871,14.76683481
39679,1.43,140757.0,2371.77,2.610225091,16.26341602
39680,1.51,152041.0,984.56,2.030020736,16.97129204
39681,1.68,368618.0,2544.84,2.496573295,13.45673126
39682,1.79,266457.0,1166.39,1.5373976,13.22590922
39683,0.95,239518.0,1491.98,2.157588812,13.90845559
39684,0.59,371628.0,1601.41,1.849590571,16.05039046
39685,2.12,373316.0,745.14,1.383484939,16.76664108
39686,1.58,273665.0,1280.04,1.362055876,15.72580681
39687,2.29,149894.0,1703.24,2.156745993,13.35488914
39688,1.9,371990.0,1976.0,4.478487315,17.42505159
39689,1.04,356399.0,2514.12,2.287078982,14.71752865
39690,1.47,132239.0,2447.63,2.325713477,15.787032
39691,3.16,259788.0,1801.47,4.297351815,15.73890322
39692,1.39,259151.0,1946.64,3.118967451,14.09613177
39693,5.29,131746.0,1011.1,0.195589361,14.40484134
39694,0.12,263185.0,1293.75,1.880341303,16.7751403
39695,2.76,279906.0,1896.96,1.371531609,17.26451594
39696,0.8,260028.0,2029.17,0.488602006,15.62536997
39697,1.51,143511.0,1829.18,3.850658185,16.90935208
39698,2.19,141682.0,1296.44,1.673892036,14.1138736
39699,0.52,377725.0,651.17,1.91670308,16.092999
39700,1.17,370558.0,1983.02,0.911610428,13.87098458
39701,0.48,389757.0,2758.08,4.773961717,16.00249438
39702,1.51,155539.0,1954.76,3.618849073,13.33198624
39703,1.24,147808.0,1458.21,2.721271144,15.09920919
39704,1.74,388508.0,2037.8,0.208448462,15.86271611
39705,1.01,353533.0,2275.64,2.04419176,15.41009815
39706,1.09,250338.0,726.5,2.723468929,13.44088475
39707,2.05,378899.0,2553.39,1.599447464,15.54107347
39708,1.87,146123.0,822.84,3.059166775,15.04764792
39709,2.39,389328.0,2294.84,2.264055631,16.23575232
39710,1.48,349742.0,1916.67,1.951500595,14.7905223
39711,1.95,364917.0,1746.16,1.484043189,15.13986277
39712,2.4,150467.0,1305.77,1.295799297,15.2758971
39713,1.83,366743.0,1010.68,0.488431263,13.59471427
39714,0.42,133720.0,1634.3,2.463156812,15.40635189
39715,2.02,367843.0,1452.81,1.862621876,15.49580519
39716,0.04,374493.0,1422.7,2.189966262,14.82782759
39717,1.71,377837.0,1917.96,0.508078687,15.83636347
39718,1.7,360824.0,1501.12,2.072095315,13.10220803
39719,0.35,285561.0,1740.01,1.214953462,16.95154138
39720,2.4,156885.0,1867.47,2.788309875,14.69492549
39721,1.97,381613.0,2166.88,2.245424061,15.177897
39722,0.16,353217.0,1354.14,3.413951482,16.12882127
39723,1.45,272129.0,1551.98,1.586370574,15.55910845
39724,1.14,389883.0,1445.88,2.783829417,16.03611109
39725,0.32,386690.0,666.32,1.538551336,15.59995181
39726,1.15,152254.0,934.97,0.975399738,17.065248
39727,1.93,381121.0,2260.02,1.333896716,12.67574455
39728,1.92,392223.0,2018.92,2.889740479,14.81264346
39729,0.61,239561.0,2154.36,1.765378685,15.16251065
39730,2.08,254638.0,877.94,1.460902066,15.79078615
39731,2.33,114947.0,2087.82,3.43995129,13.18767105
39732,2.29,354119.0,1869.83,2.538946843,15.70097474
39733,2.28,346518.0,1526.46,4.736401926,14.95568014
39734,0.94,248385.0,2049.65,1.142743482,13.2257942
39735,1.36,125275.0,1835.91,4.106475136,14.01048263
39736,2.28,161079.0,2365.41,1.75602614,14.97744399
39737,0.85,384567.0,765.17,0.816013168,16.37997546
39738,1.71,121959.0,668.17,1.954257405,14.48720139
39739,2.6,146470.0,812.99,1.311590102,16.60585717
39740,1.98,173197.0,1814.22,1.386072495,16.03001902
39741,2.23,384921.0,2052.97,1.107336299,15.21152189
39742,2.1,139371.0,758.73,1.447931664,16.18299208
39743,2.36,364836.0,1809.97,3.880895118,15.18523219
39744,2.3,372594.0,1798.36,1.978793566,15.67282693
39745,2.94,269341.0,2308.75,3.130238146,17.73027397
39746,1.53,237165.0,1667.04,1.000154594,13.03184225
39747,1.29,362966.0,1795.38,1.867006749,13.45093541
39748,2.12,262485.0,1706.2,1.606176076,15.54897684
39749,1.44,370579.0,2370.18,0.985663416,16.390616
39750,1.43,133237.0,1615.1,1.355354284,16.33349682
39751,2.6,132400.0,643.2,3.54024548,15.05685036
39752,1.31,121397.0,2116.24,2.896710661,16.32634272
39753,1.45,142760.0,1889.95,1.08093922,14.38104145
39754,1.61,245637.0,1734.92,1.463953562,14.68966145
39755,1.72,374201.0,1847.74,4.635981365,15.09015296
39756,0.86,243435.0,2106.19,2.373435761,14.86496285
39757,1.74,371445.0,2478.97,3.746054918,15.78015401
39758,1.61,361078.0,1745.56,2.748109003,16.56141217
39759,0.16,264711.0,2257.18,3.127463365,13.42269707
39760,1.19,396997.0,2253.38,4.512429354,13.24275825
39761,0.84,371895.0,1924.81,1.965808334,15.94705849
39762,0.0,132566.0,1840.09,2.576170733,13.58528716
39763,1.86,178311.0,2488.38,2.786293083,14.77743645
39764,2.28,356061.0,1298.27,1.66430728,16.73148318
39765,1.81,363557.0,1891.86,2.532644958,16.56916777
39766,0.44,359812.0,2059.78,1.71218066,16.24091031
39767,1.79,257543.0,1845.16,1.765767918,14.34466812
39768,1.34,383285.0,2640.88,1.19413295,11.2583727
39769,2.0,378553.0,1770.85,3.775550093,15.02698432
39770,0.62,254872.0,738.89,2.001229684,15.53291048
39771,2.55,251821.0,2402.73,3.211153544,15.61719597
39772,2.09,367821.0,1724.57,0.473232415,15.81954487
39773,0.49,379649.0,2425.93,3.490787924,14.43506342
39774,0.33,377870.0,1279.57,2.248138552,13.09427247
39775,0.78,363192.0,670.39,0.486632539,15.99472849
39776,1.11,347882.0,739.26,2.924231552,15.07431461
39777,2.53,137100.0,927.38,1.001314809,13.3877193
39778,0.53,338298.0,1860.42,1.64484813,13.55856028
39779,0.84,139932.0,1364.41,1.562169717,15.87934005
39780,1.43,148970.0,1779.72,2.462771495,13.69352359
39781,2.07,259356.0,1992.99,-0.326393035,15.47204216
39782,0.9,365007.0,1580.19,3.655205753,16.15143318
39783,1.96,375649.0,2695.8,0.948332672,13.16641802
39784,0.9,374595.0,865.92,3.665730681,16.21929713
39785,1.2,149230.0,2244.9,2.013725894,15.88680971
39786,1.18,364483.0,1950.95,1.750765826,13.32000942
39787,1.79,370224.0,1892.06,1.308691404,15.37853997
39788,0.89,362498.0,1844.16,1.431246946,14.80689708
39789,1.31,364622.0,1518.33,2.591936958,13.87446189
39790,0.79,131585.0,1371.08,1.938677584,12.28824722
39791,1.12,387626.0,893.72,3.682984822,15.0324197
39792,0.08,387566.0,2455.55,1.262760284,17.17082532
39793,2.09,260197.0,1985.5,0.61969312,15.97294494
39794,2.63,368141.0,1882.54,1.212882178,15.8105945
39795,0.82,114947.0,2068.41,0.767991101,15.24898103
39796,1.03,129862.0,1863.2,0.941555359,15.61173311
39797,1.29,233777.0,2243.16,3.382279808,13.53729502
39798,0.65,172673.0,2368.07,1.628705799,15.80505113
39799,1.93,355369.0,1460.07,1.84777213,14.56481737
39800,0.52,241792.0,606.87,2.797449194,14.14670892
39801,2.67,344463.0,2701.29,0.750912597,15.29824939
39802,1.46,373781.0,1544.74,2.428834393,15.52890212
39803,1.18,358814.0,2179.71,2.043388798,15.91732829
39804,2.33,384670.0,1014.63,4.429370188,15.80492187
39805,0.95,123934.0,739.84,1.775601086,13.43963932
39806,0.7,375617.0,1887.05,1.587699123,15.5142423
39807,1.41,131845.0,872.65,1.785417845,16.05626308
39808,0.52,257712.0,2630.01,1.879741675,15.56817848
39809,1.53,377444.0,2202.74,1.475119756,14.80993337
39810,1.13,363591.0,2211.01,1.362102802,14.74273093
39811,1.12,147623.0,1807.74,-0.119526508,14.55874117
39812,2.57,142245.0,613.66,2.805353115,13.51138584
39813,0.93,348110.0,1850.93,1.815851256,15.89278958
39814,2.09,401119.0,989.65,2.970953218,14.72366824
39815,0.43,256766.0,1846.75,4.192754944,17.68489141
39816,1.51,385153.0,2894.73,0.961524992,15.24312869
39817,0.86,233190.0,2421.84,3.022756009,15.12501714
39818,1.38,334265.0,707.91,1.615094273,14.96033522
39819,1.78,262094.0,740.14,3.792907975,14.9903991
39820,1.39,370972.0,1766.48,2.749896459,13.00585845
39821,1.49,280877.0,2443.43,1.693845541,15.81396867
39822,1.64,368660.0,908.19,2.078261735,14.33524571
39823,1.47,150039.0,685.06,1.931390839,15.80225188
39824,2.19,163296.0,1504.97,3.286697842,16.4988145
39825,0.88,143134.0,2408.92,2.058272544,15.41908673
39826,1.15,162665.0,2266.06,3.077393144,13.71000289
39827,1.29,358513.0,2337.0,1.574718465,14.07703282
39828,2.83,345271.0,869.11,3.396027918,14.39079767
39829,2.24,275840.0,2330.5,1.512515289,12.88800888
39830,1.78,384854.0,1783.16,0.34294218,16.08349298
39831,0.74,397022.0,2590.16,2.107938596,15.89179859
39832,1.88,382276.0,1374.74,1.125216903,13.95871075
39833,1.09,134819.0,1823.42,2.000840535,15.47879151
39834,2.11,156406.0,2559.73,2.164846352,16.62996398
39835,1.97,123975.0,884.67,0.301257022,13.03224285
39836,1.92,382690.0,737.87,1.343666602,16.76014314
39837,1.87,259953.0,1846.93,2.848344514,15.56716494
39838,1.08,334677.0,1698.88,2.21718905,17.73027397
39839,2.0,119040.0,2161.08,3.713120965,14.18819569
39840,1.02,377922.0,1622.28,2.408932178,12.03135055
39841,1.83,329877.0,1745.34,1.693850148,14.5922403
39842,0.88,143537.0,1925.54,4.401060831,16.84027446
39843,1.2,361035.0,2450.36,1.905326473,15.88903299
39844,2.2,138563.0,1920.4,-0.326393035,11.89551795
39845,0.0,352870.0,2561.18,2.902729114,12.58022179
39846,3.05,132894.0,907.55,2.027080349,15.97869704
39847,1.31,151086.0,909.46,2.10856271,16.5546022
39848,1.01,384285.0,1169.72,1.368715672,16.98200129
39849,0.95,140093.0,1783.18,1.780336124,14.67358616
39850,0.73,363843.0,2386.73,3.853191283,16.07921629
39851,1.84,372117.0,1737.39,1.351944094,15.97564825
39852,1.64,122878.0,1617.43,1.860786964,15.95761913
39853,2.01,368264.0,931.64,3.900423891,15.76132822
39854,1.0,145447.0,2495.09,1.114743582,13.29960939
39855,0.68,239439.0,1735.08,0.879872757,15.44797277
39856,3.87,139832.0,943.93,1.943562545,14.84955232
39857,1.02,250355.0,2000.72,2.291364224,15.01449411
39858,2.18,144734.0,1785.37,0.880682229,13.98104922
39859,0.26,392231.0,931.4,3.172554011,14.45449388
39860,2.44,381434.0,1517.44,0.593082442,16.65200197
39861,1.95,168557.0,2325.1,3.055406076,13.80801853
39862,1.36,369818.0,1373.58,2.214600411,15.66364502
39863,1.06,155982.0,2437.31,2.999776118,15.53161242
39864,1.52,141860.0,1932.26,1.429415148,12.96656233
39865,1.95,128947.0,2079.46,3.558221098,14.96598897
39866,1.8,143959.0,1934.2,1.283719561,15.43565895
39867,1.02,234954.0,872.93,2.774014065,13.68121083
39868,1.44,139288.0,2591.6,-0.326393035,15.73667729
39869,1.51,363600.0,1863.1,2.236665714,15.21967092
39870,1.6,362530.0,2393.42,3.776476927,17.35842951
39871,1.97,377850.0,1803.65,3.024473348,15.966919
39872,0.85,248227.0,1408.27,1.089086387,15.79570709
39873,1.12,249623.0,1137.79,1.354792186,16.30958298
39874,1.24,368148.0,987.62,1.811985422,15.65994627
39875,1.98,379747.0,1102.56,2.894702845,12.99304523
39876,0.58,274535.0,1840.9,2.286510503,13.80304093
39877,1.28,374685.0,1786.11,1.956298874,14.2594595
39878,1.87,367598.0,1957.38,2.117185164,15.85478757
39879,0.82,350647.0,1045.85,1.189659291,14.62071855
39880,0.99,165574.0,1650.59,2.907123024,16.70911782
39881,1.81,232958.0,1131.53,4.428744373,13.50784223
39882,1.34,369826.0,1858.95,0.233481238,15.68703841
39883,0.72,364647.0,2013.12,2.155013788,15.47184793
39884,1.84,382233.0,1698.93,0.638556354,14.67238856
39885,1.53,351347.0,1849.78,2.398520701,14.27736453
39886,1.36,377105.0,2177.95,1.55468135,15.43234781
39887,1.72,277838.0,2401.58,1.562127852,15.90343114
39888,2.01,373117.0,1886.75,1.947625297,15.2300314
39889,0.92,383866.0,1881.13,2.224806709,15.39693003
39890,2.23,247367.0,1807.37,1.207467045,15.22184401
39891,0.35,254394.0,664.85,0.557759379,14.13234416
39892,1.48,141398.0,2033.5,3.187451513,13.65465119
39893,2.03,129548.0,1937.13,0.884850106,15.58264624
39894,2.29,137639.0,2730.06,2.521027308,16.25500194
39895,0.53,376801.0,639.82,3.518178077,13.32044606
39896,1.3,383365.0,1260.4,0.656307537,13.09254089
39897,1.06,366224.0,2487.55,3.387947483,16.18080507
39898,1.81,360270.0,2114.9,1.235818982,12.28437892
39899,0.65,394170.0,1719.27,3.903978939,16.24813524
39900,1.41,139469.0,1948.37,2.778679498,14.22734205
39901,1.87,117245.0,1770.94,3.898179428,16.1744011
39902,1.65,365270.0,1872.04,1.443731774,16.14588931
39903,1.92,163740.0,899.49,2.061735243,16.12150004
39904,1.96,351839.0,2391.61,0.584197918,14.4291735
39905,1.25,358628.0,1188.6,4.673180619,16.35057889
39906,2.33,360555.0,719.77,1.976424109,15.09100324
39907,1.82,363106.0,2171.44,3.127317293,15.43040396
39908,1.42,360201.0,2136.42,4.056748788,15.09489982
39909,2.78,271155.0,1882.66,1.39598782,15.04222165
39910,0.68,260842.0,2245.0,1.953393895,15.79406835
39911,0.8,158852.0,648.11,2.601245775,14.54986122
39912,1.87,389472.0,1841.67,3.809173636,16.56854737
39913,1.98,356016.0,2446.84,2.97357439,14.7733196
39914,1.89,173041.0,2602.28,2.69696184,15.9208282
39915,2.19,367890.0,778.07,0.915813927,13.92067436
39916,1.18,116553.0,1730.63,1.57341061,13.29772199
39917,2.31,347616.0,1870.41,1.13185038,15.89069428
39918,0.73,350923.0,1751.45,2.330377489,13.82143206
39919,0.89,362135.0,1828.14,0.743378094,13.77961265
39920,0.23,391460.0,1449.44,1.016922986,14.93675929
39921,1.29,342734.0,1732.76,1.150732997,11.79276931
39922,0.87,393172.0,1540.21,2.606425808,13.46555818
39923,2.33,401119.0,1191.01,1.409598993,16.45203534
39924,1.34,117462.0,2254.59,1.357147954,11.9687892
39925,4.97,256976.0,2212.95,2.087836051,13.1567668
39926,1.5,266553.0,1709.44,3.647340935,15.82335878
39927,2.08,388210.0,780.22,1.567199016,15.72569362
39928,1.43,391024.0,1852.19,2.151612833,14.57923477
39929,1.51,278960.0,1639.0,2.003429582,13.83366565
39930,2.02,381223.0,2290.43,-0.326393035,15.18124066
39931,1.74,356132.0,2300.42,2.394669339,16.0299895
39932,1.07,401117.0,2397.34,4.93924406,13.3248088
39933,0.81,376494.0,1971.07,1.632548929,12.37194299
39934,1.69,131567.0,2277.33,0.678890424,16.05337178
39935,1.7,236648.0,1206.76,1.829316132,14.83412309
39936,1.6,382080.0,1797.14,2.431252653,17.255814
39937,2.06,140509.0,2470.57,1.371849468,15.76454283
39938,0.0,380888.0,1402.58,2.875010341,16.47099474
39939,1.59,268998.0,1961.96,0.986295847,12.03006649
39940,1.55,360404.0,1865.88,1.69607403,16.14868365
39941,0.4,350665.0,2062.98,1.432253665,15.37618616
39942,1.25,351298.0,1190.41,1.98188336,13.19848904
39943,1.2,346357.0,1375.97,0.523439864,16.27536627
39944,1.03,143545.0,2252.93,1.883916467,14.09987069
39945,2.48,267201.0,1643.07,1.218293168,16.20783623
39946,1.65,258516.0,1909.73,1.68626014,15.9686083
39947,1.07,275885.0,1054.3,2.595119633,13.86859307
39948,1.44,168966.0,779.4,4.310038726,16.80309836
39949,1.18,130604.0,1673.77,1.795355944,16.5834959
39950,2.02,367669.0,988.61,1.331129349,14.91106969
39951,1.56,358184.0,1824.35,2.834070158,15.3067021
39952,0.8,131537.0,1587.69,3.127003629,13.63958126
39953,1.16,365082.0,850.92,1.500418999,15.92950794
39954,0.56,138150.0,1797.66,0.637884198,15.25362127
39955,0.89,342637.0,1126.28,2.738599806,15.87759099
39956,0.0,377517.0,2332.45,1.213827958,15.32311344
39957,1.78,145276.0,2350.62,4.572802566,14.85881394
39958,0.75,378197.0,1388.84,2.482751134,14.0003294
39959,1.97,389486.0,1904.57,1.557547238,17.73027397
39960,1.88,374531.0,1817.46,1.377596762,15.09497838
39961,1.19,135691.0,2286.37,2.62131347,14.21717593
39962,1.22,383013.0,1233.08,1.586950086,14.46205803
39963,3.91,363301.0,2274.27,2.328456033,15.37250513
39964,2.05,150493.0,1960.4,1.822163179,16.42762784
39965,1.75,382381.0,1756.0,3.1581179,12.4098867
39966,2.77,365885.0,1928.11,1.299859104,16.46187994
39967,1.93,165420.0,1104.89,1.396661587,16.60936435
39968,1.04,137377.0,1733.3,1.976701295,12.61238253
39969,1.14,122297.0,2289.28,0.301740189,13.707663
39970,0.01,396379.0,2349.21,4.685838251,14.04074616
39971,1.67,142168.0,707.52,0.977742759,15.67668915
39972,1.57,133268.0,988.98,2.000308295,15.58716407
39973,2.22,355384.0,832.3,1.570528674,14.25734735
39974,1.76,381564.0,1920.05,1.592874971,14.70108255
39975,1.14,366046.0,1358.4,2.774572796,15.43393723
39976,0.55,375870.0,1848.42,4.458145647,15.57785206
39977,1.35,373426.0,1612.91,2.800330207,15.63655286
39978,0.15,364443.0,927.18,0.56482383,13.85757921
39979,2.33,157190.0,2445.87,2.929642527,15.82199253
39980,0.7,139934.0,875.69,3.864532572,13.21827685
39981,1.67,263797.0,1406.62,1.314021364,13.40160808
39982,0.62,142588.0,1690.35,1.837171518,15.5918357
39983,2.23,396466.0,787.8,1.102500011,13.70252091
39984,0.0,140130.0,2438.35,2.021133063,13.89905403
39985,0.84,395737.0,1834.67,2.805273168,15.84376577
39986,0.97,369007.0,795.6,3.311704699,15.42060182
39987,1.8,353085.0,1819.03,3.862731117,14.39430839
39988,0.87,361647.0,949.28,1.967146578,13.63917371
39989,2.23,372520.0,1889.99,2.301420474,15.43443954
39990,2.17,368582.0,2401.18,1.165880431,15.69983066
39991,1.15,367289.0,2315.81,2.255047295,15.78651968
39992,1.21,373791.0,1712.42,1.95760026,16.90763964
39993,0.14,160041.0,1077.7,1.644227319,14.21205782
39994,1.53,380823.0,1581.85,2.572611185,14.00803652
39995,1.26,360140.0,869.23,3.031163738,15.49505888
39996,2.42,359522.0,1833.56,0.633454044,13.17458711
39997,1.24,388916.0,1792.33,1.912966184,13.76223946
39998,3.58,151763.0,1957.64,1.158880409,15.51882887
39999,1.77,257725.0,1467.2,1.327199716,13.65768783
40000,0.92,154187.0,1417.83,3.858537364,16.40774853
40001,1.93,131968.0,2976.71,-0.037839196,14.74442972
40002,1.34,354143.0,1756.41,2.39312116,16.43761039
40003,2.3,349754.0,1860.76,0.752763368,14.25771087
40004,0.71,378868.0,2016.21,1.473282862,15.73478555
40005,0.62,260020.0,2084.71,1.576635837,16.60636896
40006,1.49,259759.0,1744.18,1.315330459,13.89466718
40007,2.28,148356.0,2231.84,1.712658111,14.97505318
40008,2.93,261458.0,2197.95,1.106819544,15.25648036
40009,1.19,363330.0,2683.32,3.616989378,17.0421447
40010,0.65,379949.0,1680.09,1.413846397,16.41749902
40011,1.16,134194.0,806.05,1.385527498,15.38993043
40012,1.7,139648.0,1950.8,1.195225446,15.38178256
40013,1.92,365339.0,1888.94,1.953947917,15.40263449
40014,2.37,385190.0,1752.5,4.292713881,15.79214874
40015,0.67,347485.0,2151.89,1.433706218,16.87860856
40016,1.13,362884.0,2013.67,0.72020929,16.16875175
40017,2.23,370365.0,1924.5,1.516684488,13.12390911
40018,1.3,138481.0,1854.0,3.808792699,14.55233757
40019,1.19,401119.0,1003.82,0.212344362,16.00021455
40020,1.98,369159.0,1940.66,3.25207625,15.86061046
40021,1.76,261768.0,2605.36,2.116241459,16.29869368
40022,1.35,388535.0,1014.04,2.063657817,13.60902172
40023,1.78,347829.0,2380.43,1.064241115,11.2583727
40024,1.75,225346.0,1886.4,1.193261091,14.75517371
40025,1.47,153375.0,2545.32,2.011922254,15.42387615
40026,0.48,282130.0,1922.31,2.415924325,14.79312562
40027,1.15,126491.0,1762.83,0.576204495,13.17457228
40028,1.3,160656.0,1861.43,1.442720135,15.69209924
40029,1.64,346084.0,1743.86,2.922901789,13.61502617
40030,1.77,128937.0,1739.39,2.603620206,15.44371931
40031,1.86,350594.0,1844.58,1.243834976,14.62353941
40032,0.76,370279.0,2300.05,0.835929527,14.72671699
40033,1.11,381655.0,1240.84,1.955234348,14.10649639
40034,0.58,374358.0,1976.65,1.949795967,16.01181659
40035,1.71,168039.0,1065.77,1.361164464,15.73977853
40036,1.65,340339.0,1793.43,3.428208893,15.4076115
40037,1.58,368264.0,1958.62,4.708231108,16.09316016
40038,1.29,146069.0,2211.02,3.51826741,15.45301725
40039,2.16,166237.0,2148.04,0.178245909,16.02083738
40040,1.26,363908.0,1283.32,3.639450674,14.53360646
40041,0.88,401119.0,955.16,4.604809771,14.13430049
40042,1.79,121260.0,2211.87,3.683346869,15.71072792
40043,0.6,125874.0,1801.77,2.268837884,15.83093149
40044,1.22,381556.0,2988.55,3.208640929,13.209152
40045,0.98,352375.0,1418.84,1.926619588,17.09035022
40046,0.93,171605.0,1544.96,3.267566931,16.75082929
40047,1.5,259992.0,871.29,1.628825971,15.87337331
40048,1.98,376268.0,749.84,0.912639855,15.00358151
40049,1.64,394398.0,981.2,2.730431118,16.2379677
40050,0.55,146275.0,2488.05,1.363475557,14.22296645
40051,1.65,355037.0,733.58,2.971698457,15.69450554
40052,0.64,395547.0,2482.2,1.983092323,16.17780044
40053,1.25,368644.0,1904.45,0.766608321,16.40376258
40054,1.09,376323.0,1871.74,2.269487097,15.4986914
40055,0.81,390523.0,1308.75,2.851917725,15.03187506
40056,1.99,132567.0,1879.26,2.111892969,14.99995061
40057,0.71,267366.0,1937.44,1.280747881,16.44636221
40058,1.96,374676.0,2393.61,2.977995018,15.67922642
40059,1.97,158181.0,1472.58,2.850705666,15.99746749
40060,1.79,274147.0,1976.42,1.502263765,17.33628283
40061,1.13,148805.0,928.08,2.036255398,16.22521542
40062,1.04,254554.0,1145.91,2.829208585,15.85581771
40063,1.85,127867.0,1295.73,2.887787355,15.04227476
40064,1.26,132238.0,1565.13,1.465480501,16.71429841
40065,2.22,274334.0,2463.93,2.439429129,16.25077119
40066,0.56,368844.0,1766.15,3.958565133,15.4215279
40067,1.75,366010.0,1788.48,1.070070155,13.26240919
40068,1.88,270273.0,1862.78,0.661862873,15.78532461
40069,1.52,371689.0,1690.0,1.487927781,14.41619518
40070,1.35,339296.0,1574.31,-0.061858798,16.9330365
40071,0.87,362877.0,1875.74,2.104672932,13.49398021
40072,1.3,257163.0,2321.99,0.556789408,15.33061194
40073,1.94,390238.0,958.42,2.843074321,16.12085078
40074,1.01,370154.0,2162.15,1.570788642,17.16204305
40075,1.35,131406.0,963.64,1.454568178,15.71630919
40076,1.14,139867.0,1709.59,2.969719714,16.70396879
40077,2.11,373441.0,2543.13,2.098155098,14.08552294
40078,1.3,149882.0,1677.55,3.91428485,17.73027397
40079,1.12,232623.0,1565.65,1.803680885,16.72271206
40080,1.16,373181.0,1435.76,1.397241348,16.02017644
40081,0.36,151161.0,1951.25,2.25998535,15.61257145
40082,1.19,266818.0,2000.41,1.544454686,15.89505746
40083,1.29,248037.0,1970.09,3.864648727,16.33021951
40084,1.57,154003.0,1492.94,2.822161259,15.58421638
40085,1.42,361953.0,2924.67,4.252508414,14.14196977
40086,1.29,380440.0,2433.57,1.983508533,13.62929013
40087,1.49,382429.0,1879.84,2.862207079,15.83440019
40088,0.76,359975.0,2196.88,1.368131197,15.62392397
40089,0.57,401119.0,1709.62,1.565271927,14.45894139
40090,1.11,267464.0,1598.39,0.317535566,14.34552207
40091,1.93,168427.0,828.78,1.721765556,15.31349013
40092,2.3,348934.0,2051.07,1.7830591,15.138681
40093,0.96,371826.0,2106.68,2.68652965,14.95501988
40094,1.31,249200.0,1752.56,1.521011424,15.85667654
40095,1.99,152649.0,1682.96,2.413217318,16.01599769
40096,2.49,352575.0,1696.66,1.953491184,15.30517249
40097,1.14,379791.0,1920.41,2.971324223,16.01602563
40098,1.69,241758.0,1751.63,1.255369586,13.95997997
40099,1.59,389799.0,1090.1,1.546088616,16.09283232
40100,0.96,377711.0,1500.1,1.289128666,16.90829834
40101,5.79,352027.0,1247.69,1.453811143,16.01935402
40102,2.23,152101.0,837.66,1.05292581,14.20885036
40103,0.74,365134.0,1663.49,0.574944102,15.62621468
40104,1.23,364226.0,1841.32,0.026566706,15.79945723
40105,0.84,364716.0,1989.02,3.375344831,15.93651507
40106,0.75,373177.0,2483.95,0.643848993,16.20877139
40107,1.04,128846.0,721.07,2.222067307,15.17811678
40108,1.59,136420.0,1339.8,1.703184957,13.47277406
40109,2.54,114947.0,2340.46,1.86262057,16.1445246
40110,2.53,359424.0,2227.68,2.370830732,16.34575503
40111,0.98,166892.0,839.37,0.938462901,16.49182165
40112,1.14,398114.0,2375.77,1.55660441,15.02215034
40113,1.33,259364.0,633.22,1.956234535,15.57926951
40114,0.09,333833.0,2113.39,1.28876882,15.97956947
40115,1.37,351440.0,1545.67,-0.326393035,16.54732227
40116,1.81,353383.0,1864.6,2.116985008,15.86023608
40117,1.39,379662.0,1248.11,2.13130503,12.94726589
40118,2.58,344329.0,2187.16,3.534704341,14.64758028
40119,1.02,371839.0,2160.54,2.199557733,15.15063935
40120,2.27,176194.0,1513.28,2.19700241,15.59412386
40121,1.66,255877.0,2167.41,-0.030912547,13.91079663
40122,1.36,357533.0,2154.42,3.775782901,13.40710082
40123,1.46,351692.0,1859.52,2.04038654,13.14943625
40124,1.79,167746.0,1257.93,2.106131297,15.8001235
40125,0.96,252376.0,1619.07,3.067075769,15.67355277
40126,2.34,120894.0,839.52,1.405876212,15.1202865
40127,1.55,285929.0,1795.5,1.964461974,15.73813822
40128,1.17,152727.0,900.22,2.141075852,13.6314205
40129,2.41,145303.0,2169.84,0.824699853,15.94296362
40130,1.62,256935.0,1145.76,1.642462093,16.6977504
40131,1.27,268870.0,1101.51,3.864962128,16.9298706
40132,2.53,384944.0,2233.02,2.259262254,15.04946432
40133,1.45,372307.0,1283.04,-0.326393035,15.67309031
40134,2.03,381693.0,1945.79,1.230334617,11.29467681
40135,0.74,398011.0,2036.47,3.293864814,16.47014731
40136,1.7,381784.0,1836.77,3.067587156,14.03752728
40137,2.25,261783.0,2524.61,2.168242111,15.49015573
40138,2.27,147115.0,1855.14,1.081845392,16.74461019
40139,2.62,384687.0,753.51,1.725885367,15.25653885
40140,2.29,145570.0,1727.35,2.599757945,15.72306705
40141,1.5,365999.0,1902.67,-0.326393035,15.56441285
40142,1.33,156732.0,972.44,2.088508892,15.90733418
40143,1.03,275254.0,2549.81,2.701559247,15.39510803
40144,1.76,264816.0,2154.64,1.532287448,15.00613401
40145,1.77,362991.0,1411.15,3.039511997,13.77665259
40146,2.07,393654.0,1975.98,4.487102312,16.32569696
40147,1.64,360806.0,1918.41,2.598866814,15.31058395
40148,2.43,151218.0,2228.33,3.49625077,15.29189608
40149,1.46,147097.0,1802.75,1.124424932,15.51978174
40150,2.57,268887.0,1527.9,2.287353345,11.77322416
40151,1.19,378514.0,2366.0,2.038534696,16.47033633
40152,2.73,358658.0,1865.38,1.587282425,15.01006782
40153,1.5,381005.0,1776.02,3.278697123,13.90480883
40154,2.16,387558.0,2161.61,1.032641508,13.66875638
40155,5.93,140125.0,1778.1,4.659766733,16.84202274
40156,2.58,354182.0,2414.76,1.344683476,14.79240566
40157,1.19,353630.0,1781.7,1.608361068,15.52365241
40158,2.06,377144.0,1655.15,1.85110619,16.57876645
40159,1.04,152641.0,1527.42,2.610191229,16.29704872
40160,1.33,171211.0,2218.96,3.288008488,16.96018091
40161,1.19,159517.0,1450.92,0.858787789,12.82637701
40162,0.26,156296.0,1909.16,1.66298053,16.51462993
40163,2.61,267379.0,1882.66,2.162364352,15.54155428
40164,1.81,146999.0,1780.37,0.959866397,15.79038807
40165,2.29,127093.0,646.11,3.017890624,15.44012591
40166,0.51,359283.0,597.83,-0.256022497,15.61663747
40167,0.78,376637.0,689.43,1.731091412,15.00097319
40168,0.12,163855.0,2236.61,1.578404919,17.73027397
40169,0.12,371485.0,1800.4,0.510952628,13.86057057
40170,2.53,340927.0,1483.75,1.469250204,13.08531716
40171,1.59,364819.0,1810.04,1.729265086,12.42967564
40172,1.3,389026.0,2220.02,1.649868579,13.79921976
40173,2.15,136181.0,2046.39,1.651172037,15.47344319
40174,0.63,146082.0,1969.48,1.141295476,13.67272598
40175,1.26,262991.0,2475.04,1.997183147,13.58522349
40176,1.68,388518.0,2236.88,4.504022228,15.34601891
40177,0.76,155806.0,1555.5,3.010994705,16.44914978
40178,1.2,157085.0,2197.89,2.071810852,15.20092136
40179,0.65,251357.0,1769.89,2.861866721,16.28899471
40180,1.85,395624.0,1208.74,2.261535328,14.97592785
40181,0.54,264496.0,1909.05,1.257942664,14.89179547
40182,0.58,390607.0,2162.0,1.106748508,16.15359749
40183,2.66,150051.0,2306.34,2.552674626,15.41535467
40184,2.61,153667.0,2289.57,3.025023919,12.34761017
40185,1.89,354124.0,2266.04,3.174059159,14.55515265
40186,1.5,254443.0,1735.84,1.455865548,15.50201013
40187,1.26,362614.0,2390.42,1.26416448,15.71031152
40188,1.02,398967.0,911.35,2.388958291,14.14908231
40189,0.76,254895.0,1812.4,2.373287906,15.79235581
40190,1.7,391071.0,1920.71,3.143402839,15.95507195
40191,0.95,133684.0,1048.45,2.415441948,13.14963902
40192,0.93,362209.0,872.43,1.162141027,15.19026822
40193,2.04,152732.0,2001.65,1.3448178,15.08223695
40194,1.26,142083.0,2226.69,0.650002507,13.06470225
40195,2.24,151817.0,2417.64,2.814801901,15.77231804
40196,1.25,379557.0,832.59,1.0432685,14.57681949
40197,1.64,141756.0,1140.96,0.680431009,15.14613952
40198,1.57,255982.0,1227.8,2.002003995,16.11192675
40199,0.74,140400.0,1143.53,2.982194787,16.47968548
40200,1.79,145931.0,1807.13,2.695373723,14.9654167
40201,1.0,177427.0,1302.55,1.148194144,16.43673186
40202,2.13,145727.0,901.81,1.189970364,16.36617993
40203,2.3,128704.0,2020.55,1.666600907,16.61725332
40204,0.75,132987.0,1329.09,3.453758028,16.84996092
40205,2.87,385186.0,1009.36,2.386267522,15.9972878
40206,1.45,361639.0,1971.23,4.462396411,11.99097561
40207,1.8,240987.0,1520.82,3.186615601,12.08052651
40208,2.85,360418.0,1975.51,2.986184825,16.27221611
40209,1.54,138018.0,2427.1,2.859634573,13.90093979
40210,2.45,344790.0,1616.83,0.836299348,17.32362068
40211,0.9,277492.0,1465.38,2.014945882,15.32262897
40212,0.7,281315.0,2073.0,1.980431934,14.93569926
40213,2.23,254275.0,1859.97,1.474384839,15.86469221
40214,1.78,166029.0,1743.77,0.9109071,15.95295869
40215,1.75,352284.0,2410.76,1.320685033,17.09131598
40216,1.94,175079.0,1721.26,1.682343912,15.60099547
40217,0.5,118141.0,2225.41,1.096550426,15.50513502
40218,0.55,168752.0,2582.66,2.375446301,16.30039809
40219,1.79,141454.0,2094.06,2.399729648,15.02628079
40220,1.69,390128.0,2335.53,3.610943393,14.24520253
40221,2.31,375213.0,1844.49,3.035387495,13.13567844
40222,1.73,368665.0,725.18,1.45054217,15.20125673
40223,1.59,266094.0,1717.54,1.798506966,16.16177753
40224,2.06,246192.0,1142.17,2.477470654,14.98545772
40225,0.15,278192.0,2577.78,2.027397288,17.73027397
40226,0.54,156775.0,2058.02,2.100831739,16.52152813
40227,1.28,249308.0,2489.95,1.821678344,15.02909072
40228,1.71,360926.0,690.36,1.728701225,15.81731554
40229,1.71,367511.0,773.06,1.939683824,15.56278604
40230,1.34,160976.0,1943.41,3.276872723,16.5959104
40231,1.57,375071.0,2304.74,1.016661978,15.81764256
40232,1.57,355589.0,1607.44,0.330868265,13.20277147
40233,0.61,345702.0,1230.24,2.932030647,14.49091206
40234,0.9,357517.0,1528.63,1.258427836,15.98761107
40235,0.28,245571.0,1024.23,1.096725073,12.37464718
40236,1.46,367806.0,3047.82,1.561621648,16.08676511
40237,1.44,353101.0,936.27,3.191324184,13.61172533
40238,2.12,364560.0,1942.67,1.712614037,15.22150699
40239,1.52,153305.0,975.24,1.124259826,13.97824329
40240,1.09,153554.0,969.27,4.54708333,15.96883391
40241,0.0,271918.0,1172.84,0.562506974,14.21995712
40242,1.13,254455.0,2563.5,1.401289957,13.92557302
40243,1.15,354027.0,1868.94,1.790387866,16.4443499
40244,1.86,269645.0,1160.39,2.04672776,14.34662275
40245,1.03,261609.0,859.15,2.362325966,15.90109961
40246,1.17,238043.0,1310.96,4.03370916,15.13896733
40247,0.57,362030.0,1848.16,0.765535542,15.76166614
40248,1.48,400888.0,1347.55,1.351980964,13.95274918
40249,0.62,349143.0,2262.76,1.916098234,16.60246571
40250,1.03,161771.0,1320.27,0.808719774,16.45501737
40251,0.73,154096.0,1851.04,2.116622501,17.353496
40252,0.81,362066.0,1747.36,2.444737725,14.62008008
40253,1.27,365727.0,1866.4,4.401047771,15.02388946
40254,2.76,360003.0,1862.61,1.237825843,13.60889761
40255,1.86,381788.0,1937.38,2.829930512,16.19747868
40256,1.05,376393.0,2416.74,1.49122276,15.58605054
40257,1.59,379768.0,1964.31,0.407089805,16.59647567
40258,1.12,260214.0,1856.15,0.838587208,16.85240028
40259,1.98,343690.0,1451.23,1.653382587,14.88977113
40260,1.3,347010.0,1397.52,1.09304853,15.86191323
40261,0.68,397185.0,1847.55,1.20516624,12.9778582
40262,1.48,239254.0,1959.18,1.303914863,15.05666474
40263,1.92,246939.0,1872.53,2.339237342,15.73907523
40264,1.38,383672.0,1915.46,2.490328569,13.66441083
40265,3.98,356648.0,1864.57,1.515891207,15.976102
40266,1.28,388242.0,1773.97,1.840585884,16.26578811
40267,1.14,121634.0,1473.34,1.660943283,15.36655348
40268,0.46,372831.0,1998.34,0.826747746,17.5741118
40269,1.59,169747.0,650.65,2.9384056,14.6701609
40270,0.95,380204.0,2129.21,2.312646205,15.63698642
40271,2.42,244682.0,1711.31,3.666072348,14.46341748
40272,1.85,234940.0,1603.17,1.02570526,16.1452633
40273,3.43,158434.0,2349.72,1.690697119,15.58150516
40274,2.17,339666.0,2262.13,2.285578081,12.90008997
40275,1.02,143018.0,911.04,0.378075842,11.98408954
40276,2.75,250604.0,1858.19,1.850146315,13.57361206
40277,1.55,357724.0,1838.47,2.793603825,13.5442103
40278,1.84,370936.0,1491.39,2.495658814,14.91609072
40279,0.49,243421.0,1597.85,1.869699238,17.40985247
40280,1.52,343490.0,1234.09,1.962437144,15.62523178
40281,1.61,374746.0,2010.98,1.236360781,16.27354864
40282,1.34,368403.0,2297.8,2.294366497,15.9257874
40283,1.8,149123.0,1869.94,4.535389698,13.87896953
40284,1.53,365415.0,1837.02,2.741021979,14.30964927
40285,2.51,155267.0,1699.55,2.062182191,16.46710138
40286,1.82,363901.0,1935.13,1.630387874,14.17189166
40287,1.02,371123.0,643.38,2.294578608,15.6720999
40288,0.97,391215.0,2300.46,2.505138526,13.00055001
40289,1.21,268671.0,1579.1,1.424178237,15.19734009
40290,0.63,141852.0,2026.6,4.471897247,16.80896501
40291,0.86,374461.0,2303.04,1.877062892,15.39760876
40292,0.2,267757.0,2248.88,2.841635808,15.94390828
40293,2.35,347939.0,798.96,1.900666078,12.71197402
40294,1.52,354214.0,3047.82,0.338379076,14.1658483
40295,2.23,245521.0,1297.9,3.235700795,16.21272153
40296,1.62,114947.0,1464.96,1.434008276,16.03749677
40297,1.19,373320.0,1692.61,1.674584616,11.2583727
40298,0.52,350567.0,1723.73,3.169329638,15.07255562
40299,0.0,259941.0,2339.58,1.846943867,11.94306261
40300,1.92,361721.0,2182.56,3.338122406,15.39525229
40301,2.35,131816.0,1165.24,0.194223287,11.689338
40302,2.45,146862.0,1724.75,1.212588714,15.77141456
40303,0.86,382320.0,1886.31,4.011656601,15.10065205
40304,1.87,149938.0,1936.35,2.975407365,15.76024419
40305,0.74,270798.0,1848.14,2.659308822,16.01336983
40306,1.63,146709.0,1261.03,2.124931089,17.19004769
40307,1.07,349797.0,715.63,2.570003183,14.88012794
40308,1.23,363705.0,811.82,1.422786599,14.82117014
40309,1.52,374790.0,1383.06,1.595152403,17.37264499
40310,1.77,124037.0,2512.56,1.443385974,15.67550439
40311,1.26,145099.0,2073.29,1.069308183,14.93409334
40312,1.72,270269.0,1964.91,1.356632441,14.82040766
40313,1.47,370756.0,1965.27,0.345646483,13.86816307
40314,1.58,141582.0,1682.29,3.655205093,16.46516611
40315,1.03,131477.0,2372.63,0.467983177,15.62946231
40316,2.46,357016.0,1576.18,2.891908544,15.58425968
40317,1.82,363292.0,1066.54,2.048608719,16.63300775
40318,1.41,349173.0,2102.82,1.160697176,13.93304622
40319,0.22,351293.0,1509.99,2.913029151,15.17578593
40320,0.7,381798.0,2513.66,0.351050779,17.49873148
40321,1.68,137686.0,2295.93,1.712134076,14.52670715
40322,2.45,251514.0,1288.97,1.386205934,16.09973027
40323,0.79,269324.0,1510.02,2.766042256,13.90805369
40324,0.38,246749.0,1665.15,3.031439974,16.05688892
40325,2.28,126724.0,2094.45,1.642689612,12.22499835
40326,1.16,358433.0,882.42,1.100221522,14.04164564
40327,1.36,253996.0,2447.46,1.094907553,15.94619276
40328,1.12,364490.0,1157.21,2.463618401,16.25539154
40329,0.8,181336.0,984.57,4.400181638,15.30888137
40330,2.01,375203.0,2282.07,1.527269315,14.32577628
40331,2.93,266585.0,2195.78,2.191368294,15.58879612
40332,0.96,358918.0,2407.72,1.069866713,14.38104814
40333,1.81,120853.0,661.28,0.916582144,14.9767661
40334,1.59,372292.0,2406.5,1.456076514,15.70335422
40335,2.05,131540.0,1034.45,1.947101952,14.81083874
40336,2.41,369810.0,2379.34,1.397956369,16.78452016
40337,1.54,152725.0,1393.51,3.434675142,17.36203795
40338,1.25,350967.0,1670.53,4.056897644,15.16092161
40339,2.08,152757.0,844.5,1.891064564,17.27931925
40340,0.63,243541.0,1003.27,1.558296673,13.7256565
40341,0.98,129208.0,2419.15,4.029833271,16.82271469
40342,0.92,384791.0,1507.08,0.2632188,14.80244627
40343,1.76,351406.0,2890.48,2.553391355,12.41113592
40344,2.1,147395.0,857.75,3.457235402,16.77121063
40345,0.45,257667.0,2455.79,1.392715093,16.42872611
40346,0.74,230694.0,2138.83,1.402519614,14.40319399
40347,3.04,372556.0,1790.87,0.319183208,12.2963163
40348,1.11,388382.0,2355.17,1.760989429,12.97396312
40349,0.64,147086.0,2283.4,1.720244987,14.80652653
40350,1.95,378679.0,2059.06,2.157101185,14.8569832
40351,0.87,359413.0,1265.71,2.08670436,17.35616524
40352,0.96,382658.0,1227.56,2.905049162,11.55236953
40353,1.76,140384.0,1877.02,2.057261332,14.07963605
40354,2.61,354260.0,799.12,1.661063151,14.71883944
40355,2.03,130264.0,2358.73,3.971400877,15.46940439
40356,1.19,401106.0,2270.63,3.43430501,14.45662172
40357,0.99,349907.0,1969.48,1.499987733,16.27642832
40358,1.94,343650.0,1145.9,3.056813454,15.09193486
40359,1.1,396383.0,2586.93,1.799714352,16.51543361
40360,1.06,375428.0,1401.21,4.27145208,14.184059
40361,2.63,389173.0,1630.71,2.75590204,15.59048018
40362,2.12,349529.0,1392.6,1.732223903,14.23471982
40363,0.41,375382.0,2503.45,3.653976463,15.22753605
40364,0.93,127822.0,2354.96,0.008957727,11.56843283
40365,0.48,373331.0,1746.68,1.996476682,13.45064947
40366,1.09,153602.0,1829.5,3.674288641,14.53508325
40367,0.96,378098.0,1930.45,2.110695252,16.09291537
40368,1.46,355287.0,880.11,0.814803675,13.35691383
40369,1.02,135766.0,1253.57,1.928654257,16.19346074
40370,1.29,251500.0,2326.25,1.325856049,14.94001849
40371,1.77,273311.0,1850.36,-0.120082607,15.43486109
40372,1.02,360540.0,1792.67,1.682464826,13.28576618
40373,2.17,273775.0,906.62,1.324266656,15.61428349
40374,2.1,145915.0,1908.48,1.266507562,14.32156034
40375,1.13,356398.0,883.55,3.218960074,15.96282365
40376,2.45,372444.0,2157.41,1.474630275,16.31880793
40377,1.96,161182.0,2075.42,2.275212489,16.6402418
40378,1.98,266617.0,1327.23,-0.268013596,12.48618376
40379,1.59,382805.0,1724.85,2.863250604,15.57642335
40380,2.37,368871.0,1803.71,0.980971284,15.24161976
40381,2.61,378444.0,1871.69,2.112281631,12.71306679
40382,1.75,272466.0,1365.77,3.443334805,13.77722261
40383,1.3,143549.0,2600.53,2.341697827,13.85688894
40384,1.13,365285.0,1541.74,2.853243877,17.4011214
40385,1.34,156098.0,1848.79,4.381120651,14.20926923
40386,1.67,364684.0,1770.8,3.686556073,15.87360447
40387,0.28,149112.0,2271.05,1.576859195,14.64476534
40388,1.34,266726.0,1978.71,1.090746505,13.75462185
40389,2.35,379166.0,623.91,0.809567399,16.31930501
40390,1.88,132971.0,1736.9,2.772058283,13.63971142
40391,1.12,154604.0,1634.43,4.100924618,17.1274976
40392,0.0,354560.0,2311.08,1.344288224,13.97974505
40393,0.95,248217.0,1810.3,1.522260764,15.40376912
40394,1.7,228715.0,2005.19,2.966520713,14.77576163
40395,1.0,249210.0,2353.48,2.357447061,15.80420659
40396,0.53,255694.0,1876.82,2.485271672,16.1894496
40397,0.32,381950.0,1538.96,1.341001717,12.6688668
40398,1.33,370100.0,1234.52,0.834134188,15.05425352
40399,1.21,129287.0,1304.17,1.217489765,16.82264723
40400,1.99,371810.0,1197.57,0.622167314,13.67355065
40401,1.03,383151.0,1940.23,1.99223676,14.39822342
40402,1.04,381021.0,2168.52,1.314250694,15.77232372
40403,1.35,247026.0,1503.26,1.456081115,12.37677039
40404,1.07,358804.0,2581.24,2.373526277,16.89966086
40405,1.55,245275.0,1125.0,3.444300528,17.27136282
40406,1.93,256049.0,1764.21,3.570655774,16.00146084
40407,1.93,137516.0,1022.87,0.984610844,15.36795123
40408,2.5,370880.0,1299.55,1.244797761,14.83334228
40409,2.16,371218.0,925.3,4.386468241,15.35873578
40410,1.06,362563.0,1500.89,3.062548252,16.33249771
40411,2.26,360558.0,1746.23,3.060456343,15.37797261
40412,1.66,389459.0,1901.4,2.743620372,15.92874278
40413,1.11,141536.0,1590.07,3.138811312,14.82099692
40414,1.54,128457.0,2439.07,4.199362639,15.60961884
40415,1.62,118336.0,1895.08,2.423341306,15.52504164
40416,2.09,362943.0,1918.03,1.502098679,15.50137817
40417,1.24,365734.0,726.83,4.806769181,13.61021913
40418,1.43,340502.0,2067.24,4.238634314,14.84911277
40419,1.16,138624.0,939.52,2.996206122,15.30991172
40420,2.36,355841.0,1870.69,1.759239992,12.95604879
40421,1.81,251759.0,1539.39,1.812049856,16.08566473
40422,0.72,139970.0,1936.56,1.535396137,17.68662334
40423,1.43,362664.0,2094.72,3.854827555,15.08728009
40424,1.5,373317.0,1595.56,2.06960529,14.28091758
40425,1.58,265844.0,1769.26,0.8912536,14.56181742
40426,0.87,378481.0,2257.38,1.822514492,15.04647261
40427,2.27,161143.0,2533.92,1.078591436,14.89926565
40428,1.34,371563.0,1982.76,0.21115087,15.96131863
40429,1.28,375110.0,2099.97,-0.002974419,12.42621076
40430,1.48,155215.0,2038.9,1.147436902,16.74870875
40431,1.96,160426.0,1032.18,3.490450849,15.21508357
40432,1.88,355513.0,838.8,1.576026439,14.77598968
40433,1.67,228853.0,2213.34,1.049521404,14.37080879
40434,0.64,244850.0,1555.68,1.913863426,13.19937856
40435,1.87,368970.0,2363.83,3.715345521,16.27105149
40436,1.08,146597.0,2699.44,3.917296434,16.03201663
40437,1.45,385651.0,1840.29,3.016071646,12.97439767
40438,1.23,248203.0,1807.19,2.10511349,13.44531359
40439,1.32,369601.0,1199.2,2.132735861,12.75487777
40440,1.97,115407.0,2322.02,0.844484401,16.4872889
40441,0.18,274515.0,729.89,1.912993173,15.01472166
40442,1.11,359181.0,772.16,2.494362418,15.11620039
40443,2.57,251543.0,2506.13,1.477813955,16.01476411
40444,0.99,270395.0,1169.58,1.836910405,14.29872973
40445,1.04,142540.0,1446.09,1.838338865,13.54834241
40446,0.65,385342.0,1834.23,0.531235565,12.59872197
40447,0.8,370888.0,1878.83,1.35413389,16.08509489
40448,0.99,369254.0,896.36,3.457886607,14.360759
40449,2.07,339564.0,1326.98,2.15305869,14.90520053
40450,2.95,132745.0,1794.25,4.189652994,16.00637437
40451,0.49,395113.0,2428.4,1.361600143,16.62152781
40452,1.37,400404.0,2715.9,1.390112969,15.2772942
40453,1.98,354534.0,3047.82,1.623492466,16.05588575
40454,0.0,163743.0,3012.47,2.034694004,14.06838087
40455,2.65,149446.0,1913.83,2.519221224,16.10607409
40456,0.66,153149.0,1217.72,1.107446924,15.36754669
40457,1.44,250053.0,2193.93,2.90266257,15.57646605
40458,1.78,260874.0,1258.68,0.841259919,13.42281229
40459,1.91,265973.0,2277.53,1.673345695,14.88087968
40460,1.22,248697.0,1482.55,2.456301609,17.08335833
40461,2.3,140525.0,2141.29,3.373797428,15.79079857
40462,0.2,251534.0,1375.29,1.63436808,15.46659482
40463,1.94,257001.0,1983.77,3.682400584,16.25935512
40464,0.64,249997.0,2027.73,2.4050649,14.76657211
40465,0.67,259245.0,1889.07,1.10980452,17.30240681
40466,0.88,136280.0,1764.69,0.586469081,13.5240362
40467,1.93,147430.0,1291.07,3.077684997,13.66146879
40468,0.79,269338.0,1784.3,3.36823052,15.24312587
40469,1.88,385151.0,1068.16,3.650127674,15.5232208
40470,1.39,356268.0,1863.72,1.355565926,13.55681954
40471,2.08,380977.0,2588.68,2.709825643,13.95767209
40472,2.72,371029.0,1975.98,2.321142979,15.68256762
40473,1.86,261605.0,1959.96,3.513984705,15.96065882
40474,0.92,394250.0,2569.29,4.21174737,15.44364011
40475,3.38,399244.0,2443.99,2.211411459,16.10658572
40476,0.99,270916.0,2299.53,1.045479079,14.80504883
40477,0.97,259636.0,1894.1,1.989579702,15.93975815
40478,1.4,391882.0,973.08,2.293161212,15.17141252
40479,1.52,368740.0,1173.47,0.76730065,13.04662083
40480,0.85,242633.0,1886.67,1.631612163,15.53565127
40481,0.81,145170.0,726.52,2.90800577,14.76099421
40482,1.28,386970.0,1837.24,1.552999459,13.23937525
40483,2.53,150440.0,1962.27,2.342853288,16.11486808
40484,2.89,167496.0,792.64,1.79566735,15.39385574
40485,0.71,373547.0,1171.08,4.184477919,15.39842971
40486,2.11,146641.0,1022.91,2.892082288,16.78183598
40487,1.01,355827.0,1832.6,0.940965546,13.86300964
40488,1.85,367480.0,1860.12,1.585511308,13.84694926
40489,1.37,130261.0,2165.09,0.804212064,14.20005304
40490,0.77,352358.0,622.66,1.615804207,16.05127844
40491,2.19,272203.0,1289.91,1.903117923,13.00361315
40492,1.69,271382.0,878.81,2.746734395,15.23204535
40493,1.86,381243.0,2910.67,1.595310579,16.16241474
40494,1.11,387504.0,2596.48,1.815147001,16.73951729
40495,1.46,388665.0,1849.02,2.939106878,16.15892415
40496,1.58,134225.0,2195.18,2.900024878,12.46453626
40497,2.01,158404.0,2974.61,4.31301783,16.28402553
40498,0.8,383190.0,941.65,1.280717459,17.15614573
40499,2.14,137368.0,1752.4,1.943831126,13.02141724
40500,2.17,364464.0,1918.69,1.875218559,11.50014279
40501,2.02,357931.0,2165.3,3.248404153,15.45385585
40502,0.74,381403.0,1997.47,3.82258973,16.14379025
40503,2.7,376265.0,2375.34,2.993716688,16.08594018
40504,2.93,133633.0,1360.88,1.365998056,12.94298075
40505,1.18,273065.0,2488.48,4.774074955,15.08147901
40506,1.66,278767.0,901.09,3.716183605,16.16386922
40507,1.55,272334.0,1543.03,2.48786064,15.34187052
40508,1.49,367516.0,2490.6,0.849696078,14.18035406
40509,1.5,246846.0,1808.06,2.450714821,14.49463155
40510,0.65,372052.0,2023.71,0.882104827,12.53777769
40511,1.0,373321.0,1564.85,2.094028088,17.5343794
40512,1.62,164227.0,1711.91,1.841798781,16.35829505
40513,2.24,359209.0,2156.27,0.582875756,14.39929692
40514,0.89,397860.0,1424.01,1.916531866,16.7722325
40515,2.14,375596.0,2376.36,2.976913495,15.77248784
40516,0.84,352663.0,2263.74,1.356370931,11.77444253
40517,0.91,380732.0,1867.2,0.083688697,15.29600298
40518,2.68,375082.0,820.18,2.058335759,15.49739621
40519,1.45,155047.0,1849.37,2.727875324,14.76262673
40520,1.28,361380.0,1216.26,2.682635058,14.77901547
40521,0.38,379669.0,2001.63,1.612253298,15.63578836
40522,0.75,245485.0,1844.21,2.013370293,16.17043117
40523,2.41,155181.0,1814.03,2.228399371,15.6861402
40524,1.77,345984.0,2384.99,2.741916523,16.92398197
40525,0.76,397995.0,2259.19,2.457632047,15.64366507
40526,1.05,259238.0,2508.67,1.037293571,14.97159146
40527,1.32,150245.0,2163.0,1.612278016,14.90500644
40528,0.6,248380.0,796.86,1.784283618,16.03308782
40529,0.15,344180.0,2673.83,0.779859724,15.4329405
40530,0.6,375201.0,1897.08,3.886719577,17.50022527
40531,0.08,361593.0,1764.28,4.079553629,15.77431378
40532,0.64,141455.0,2451.48,1.457011815,16.85444288
40533,1.34,260708.0,1145.94,1.442808617,14.74275472
40534,1.5,378305.0,805.77,1.178939336,15.70197581
40535,2.62,242565.0,1825.79,1.101804699,17.61226275
40536,1.28,376294.0,634.1,2.209191779,16.84112269
40537,1.4,375309.0,1780.81,3.223401239,15.85714053
40538,0.46,155835.0,1494.97,2.241910272,15.42684649
40539,1.76,255117.0,1001.66,1.214459034,12.88300132
40540,1.21,249843.0,1921.65,2.073380251,16.28657581
40541,1.64,378373.0,2430.03,3.8189383,14.61581386
40542,2.63,389959.0,792.43,0.592436835,16.8359902
40543,2.85,366772.0,1270.99,3.994651316,12.98954624
40544,1.14,343794.0,1103.11,2.032019533,16.20803727
40545,1.67,351101.0,1387.74,1.814399219,14.68571305
40546,1.28,247319.0,1975.9,2.339758056,12.01673851
40547,2.2,152478.0,1300.26,1.945276945,15.74686459
40548,1.26,248523.0,1927.52,1.754814265,15.71606788
40549,1.94,347394.0,2326.75,1.818195223,15.3479789
40550,1.15,379169.0,2016.79,2.833974344,16.4616721
40551,1.87,149113.0,1290.34,1.202969553,13.41637958
40552,1.19,127874.0,1426.56,1.314992789,14.91381831
40553,1.65,353866.0,2002.25,1.276242623,15.77238125
40554,2.5,373134.0,1864.25,1.694653065,15.60183169
40555,1.22,143218.0,1687.27,1.493884497,16.25998409
40556,1.28,142448.0,1990.86,1.795950935,16.19656639
40557,4.04,374989.0,1847.17,1.82629261,16.48464829
40558,1.33,376637.0,2339.42,1.961552084,15.59231409
40559,1.7,155052.0,1651.96,1.461606167,16.52599914
40560,3.56,247374.0,1885.8,2.11041186,14.31836993
40561,2.23,270474.0,1808.76,4.308714699,15.86983366
40562,1.66,350755.0,704.38,3.496005549,13.85609343
40563,0.77,251956.0,2359.37,1.808926017,15.85260532
40564,1.47,170777.0,2344.78,1.525400467,16.43557779
40565,1.45,124421.0,2196.98,1.19064852,14.958436
40566,1.14,137821.0,852.48,1.919981379,15.77736962
40567,1.71,364371.0,1449.22,-0.163357339,12.19173672
40568,1.27,388394.0,1229.72,2.216710466,17.3749953
40569,0.84,143506.0,2323.41,2.673881707,15.62583014
40570,2.56,168489.0,2494.5,1.502934492,15.94815409
40571,1.16,250842.0,2170.37,2.739019361,15.2625396
40572,0.65,155417.0,2008.46,0.590394328,16.84924232
40573,0.35,349300.0,1021.56,2.090002627,13.63268056
40574,2.83,150098.0,1955.87,1.561659883,14.35350875
40575,1.63,164389.0,1221.6,2.593607376,15.19933364
40576,1.7,373974.0,1132.4,0.841896914,14.54869109
40577,3.83,260393.0,1359.52,1.398011799,12.80266393
40578,2.27,387146.0,2160.96,1.68762181,16.19549173
40579,1.45,350367.0,764.24,-0.227218481,15.64079021
40580,5.03,247143.0,1760.13,1.88510255,15.49364729
40581,0.98,249170.0,2888.89,2.906739017,13.83811632
40582,1.25,359280.0,2057.96,1.170562404,15.7767757
40583,1.08,277946.0,793.94,1.748717141,13.49501946
40584,1.4,159610.0,1239.84,1.56481721,16.78237899
40585,2.44,354508.0,780.16,2.307292511,11.57173304
40586,1.95,163300.0,2416.13,1.164802487,14.90805482
40587,0.0,152708.0,2275.67,1.308195195,15.34842094
40588,1.85,383858.0,1205.03,1.371982637,15.73032293
40589,0.71,365588.0,1162.44,1.265776813,13.64423226
40590,0.98,360106.0,1926.04,1.812991595,15.79212442
40591,1.37,379886.0,1062.37,1.825346756,13.94826915
40592,2.41,160110.0,1888.27,3.492585179,15.136955
40593,1.19,359595.0,1925.22,2.20611223,14.41219237
40594,2.32,388979.0,2314.65,3.733620295,13.38144913
40595,2.02,119230.0,1773.52,4.13982193,16.38533335
40596,1.85,266007.0,1882.42,1.03490771,15.10889752
40597,1.35,123783.0,696.72,2.49768213,13.63138545
40598,1.49,366020.0,1831.97,3.129112176,16.78693074
40599,1.03,154136.0,1891.82,1.066331528,15.42732375
40600,0.84,394148.0,2346.15,2.749324193,15.6953803
40601,0.65,344843.0,1306.44,2.95524119,15.4612983
40602,1.35,259491.0,1661.08,1.216659496,14.79410255
40603,1.34,384699.0,2225.49,1.840397944,13.89039207
40604,3.19,152792.0,1970.36,2.980999701,15.58558834
40605,1.03,150110.0,1791.58,3.200761539,13.77458106
40606,1.88,124455.0,1494.09,1.480028,15.77603191
40607,1.9,114947.0,1102.52,0.931326291,14.58487863
40608,1.77,262514.0,1839.3,3.194613022,16.19954179
40609,0.77,370283.0,1859.83,2.323121595,16.03197689
40610,0.42,238235.0,1819.53,2.521454851,13.99903148
40611,2.32,137881.0,1762.67,0.930545384,13.24688872
40612,1.43,362136.0,1313.5,1.820369052,16.00420438
40613,0.92,154635.0,917.62,1.473129269,13.73269843
40614,2.2,240229.0,2247.54,3.562517508,16.67315627
40615,2.31,372261.0,1950.87,1.677169066,13.47791296
40616,2.48,353532.0,1915.42,3.800779951,13.67064782
40617,1.96,252943.0,1960.63,2.319262799,17.73027397
40618,0.78,376300.0,1332.75,4.466091258,16.95889333
40619,2.52,165155.0,1614.69,1.63976333,15.34678178
40620,2.28,262990.0,2318.31,1.824207391,16.14515099
40621,1.72,142371.0,2311.82,2.356559678,13.86385324
40622,2.07,136710.0,1250.65,1.264632796,12.94880865
40623,2.15,347177.0,2259.4,4.266513056,12.72940896
40624,1.56,253562.0,1633.21,4.581450399,17.08153502
40625,2.36,156785.0,2222.5,2.254280827,15.24459013
40626,2.18,261218.0,1596.5,1.832306126,12.08984998
40627,1.39,370802.0,1347.63,3.068960153,15.6436919
40628,2.13,359025.0,2315.9,0.467527898,16.15922513
40629,1.52,155410.0,1812.22,2.838573741,14.2187773
40630,1.29,377379.0,1934.23,2.731060708,15.62374724
40631,2.78,357322.0,1388.48,0.865260836,15.95490376
40632,0.19,374927.0,2289.24,1.669484558,13.48259767
40633,0.53,343713.0,1975.71,1.853893969,13.40256587
40634,1.72,262298.0,1961.96,1.458487033,15.12683188
40635,1.34,369528.0,805.69,1.931550113,13.57078832
40636,3.01,146849.0,1225.93,1.594404291,13.4531481
40637,0.01,263930.0,2185.6,2.160707026,15.71957559
40638,2.03,133328.0,2155.84,-0.326393035,17.50430133
40639,0.59,266738.0,1898.59,1.219957557,16.60805442
40640,0.92,124991.0,1794.83,0.01709925,16.71232002
40641,1.37,363942.0,2268.2,2.457741405,15.71140331
40642,1.7,358833.0,784.76,2.013923249,13.56747917
40643,2.52,350712.0,2318.2,3.48127206,15.46155475
40644,0.74,357844.0,2203.42,1.945465424,13.01551609
40645,1.01,155350.0,1212.88,1.842986148,16.26671402
40646,2.28,134407.0,1864.91,1.943245419,13.13092667
40647,1.34,373436.0,1870.06,1.831718738,14.62917083
40648,0.49,365609.0,1962.53,0.313002416,13.68054517
40649,2.19,361854.0,1835.6,1.648754405,15.69843576
40650,1.48,374055.0,1789.62,1.428041007,15.58073153
40651,1.41,352139.0,2535.83,1.630724993,15.83946226
40652,1.46,154519.0,1848.67,1.768359275,13.83815365
40653,0.87,259455.0,2049.58,2.942501489,13.55325305
40654,1.34,371441.0,815.4,2.643074642,15.18730915
40655,1.8,149709.0,1675.43,1.31054705,16.12317703
40656,1.3,367355.0,855.85,3.25400704,15.07170059
40657,1.31,366268.0,2196.51,1.293537128,13.33338076
40658,2.25,145195.0,2346.71,2.524301444,16.90468263
40659,1.29,128364.0,2603.25,1.662914918,15.32598706
40660,2.96,138384.0,1883.68,3.951508467,16.5650419
40661,0.82,149102.0,1899.9,3.684641006,16.15031439
40662,2.82,375137.0,2210.96,1.55549125,13.67726494
40663,1.05,379795.0,2503.4,1.089675433,16.20446892
40664,0.85,353793.0,1949.26,2.326638345,15.9291327
40665,2.15,368033.0,2022.24,1.541385235,15.99479352
40666,1.21,347217.0,1700.86,0.923104039,15.70326793
40667,1.61,370306.0,1941.83,1.691665065,15.76831418
40668,0.64,135067.0,1226.38,2.126578569,16.2465078
40669,1.15,380363.0,2342.0,1.735741635,15.64347624
40670,1.06,241034.0,1749.84,4.306084819,12.14151665
40671,0.7,362534.0,1898.59,0.909627705,12.09384496
40672,0.29,144613.0,1862.61,2.018960279,16.58910892
40673,2.5,142971.0,718.7,2.659563305,15.40010531
40674,1.42,126254.0,1849.36,2.225942073,13.4053962
40675,2.16,139925.0,2060.05,1.457957696,16.69928118
40676,0.76,375306.0,1829.59,4.507924123,14.66160392
40677,1.52,260343.0,2425.93,2.045712476,16.02721019
40678,1.31,370331.0,1904.35,3.106800249,16.47679902
40679,1.07,364448.0,1802.14,1.964574254,15.32195108
40680,0.87,153499.0,2283.78,2.786789318,16.55000953
40681,0.06,373092.0,1397.1,3.905835885,16.49305776
40682,2.23,392564.0,1845.81,1.906853999,14.46612867
40683,0.92,357231.0,1559.11,2.717143007,14.51707503
40684,0.8,361147.0,1001.47,0.714414661,15.14307588
40685,2.64,236895.0,2114.35,2.264242464,16.34956952
40686,1.01,346148.0,1792.61,2.837919092,15.87204876
40687,2.62,352295.0,783.24,-0.326393035,15.55360682
40688,0.79,258290.0,1988.57,3.394334284,15.90512117
40689,2.99,237951.0,1418.18,3.598254347,17.73027397
40690,2.66,379646.0,1760.99,1.118207867,16.43763502
40691,0.97,358289.0,1836.66,2.732670169,16.06203531
40692,1.36,267076.0,1059.58,2.01971388,15.73963431
40693,1.56,261982.0,648.56,1.286486012,15.49697473
40694,1.79,164182.0,1294.31,0.877339548,17.32594783
40695,1.7,399560.0,692.41,3.086256815,16.23696731
40696,1.63,238717.0,2055.66,0.69033493,17.67934832
40697,0.35,279351.0,1282.34,2.637631695,15.77836556
40698,1.5,356043.0,733.05,1.721946061,15.43566802
40699,1.57,361816.0,1869.01,1.478597708,14.23061966
40700,1.45,373560.0,1924.27,2.0939938,14.35435237
40701,3.0,360006.0,2532.2,1.477067448,14.65032164
40702,2.22,371085.0,588.41,2.166771509,15.87960753
40703,0.81,366276.0,1070.52,3.072599403,15.10472709
40704,1.64,162523.0,2225.76,1.393475259,13.35081889
40705,2.18,162824.0,911.43,1.97186507,13.74832265
40706,1.45,381010.0,1949.28,3.819580034,16.02849598
40707,2.07,387779.0,688.28,1.210851194,13.95250455
40708,1.94,350885.0,1732.21,1.791902768,14.34112625
40709,2.13,262574.0,2135.91,0.073202988,14.75649525
40710,1.99,144191.0,913.97,1.973685928,12.13335869
40711,1.08,150036.0,1844.54,0.797466544,12.98466559
40712,1.73,395735.0,2436.09,0.848953837,15.48973856
40713,1.7,227558.0,2367.44,3.289024079,14.68294714
40714,2.35,382937.0,1812.39,1.02120088,14.86860709
40715,1.42,382048.0,1259.08,1.348393247,13.21416222
40716,2.47,354813.0,663.17,0.986941222,15.35956126
40717,0.24,366157.0,1803.79,2.162428044,15.40622002
40718,2.35,350487.0,674.38,3.690073046,16.62935521
40719,2.45,167039.0,2488.7,4.105905336,15.96672705
40720,1.79,375936.0,2728.82,1.965803027,15.18425288
40721,1.07,157714.0,1786.5,0.181028414,16.88202813
40722,1.08,373725.0,1544.1,1.479839894,17.23396159
40723,2.11,127445.0,926.37,-0.326393035,14.29781545
40724,1.04,284321.0,931.54,3.616008965,15.98217163
40725,0.71,370018.0,1994.24,0.555319017,16.66895176
40726,2.12,391159.0,1048.91,1.85961135,15.48691305
40727,1.64,362349.0,1395.74,1.687121415,15.67077439
40728,0.81,365232.0,586.86,3.734435117,14.85549302
40729,0.41,137367.0,1465.22,1.037761049,14.43964173
40730,1.93,278159.0,1868.45,2.404188785,13.78147947
40731,3.06,255709.0,2112.85,2.806685133,15.475664
40732,0.95,264389.0,1870.47,3.098498563,14.21264212
40733,2.02,240235.0,2159.07,2.315651639,16.17753864
40734,0.88,144360.0,749.89,1.570721913,15.25040452
40735,1.58,394579.0,838.69,1.304517133,15.05593074
40736,1.55,139694.0,1747.92,2.049833654,15.83939952
40737,0.96,149405.0,1585.36,0.977484125,17.08130156
40738,1.32,260933.0,1157.62,4.269261358,15.56973825
40739,1.12,148374.0,1803.66,0.97308667,16.31534555
40740,0.97,340978.0,1954.13,1.100202305,16.46355869
40741,1.09,335630.0,2170.66,0.866455734,14.36253786
40742,2.22,129647.0,1803.7,3.385705553,16.05467452
40743,1.77,373325.0,1893.82,1.870776869,15.22507943
40744,1.07,139872.0,1565.91,1.391990132,15.24685368
40745,0.52,157255.0,1790.76,1.392645788,16.34852921
40746,2.55,359846.0,1829.04,1.063247709,16.62495201
40747,1.29,137274.0,1357.93,0.968189244,13.38654403
40748,0.77,368844.0,2482.82,1.521665273,15.89236336
40749,0.21,137872.0,1534.57,1.537217039,16.42114932
40750,0.4,354242.0,1757.06,0.961562106,15.29055132
40751,2.16,248632.0,1892.32,1.973486249,16.1907487
40752,1.94,336008.0,886.55,1.870037536,13.10840269
40753,1.27,376175.0,3047.82,1.602368329,11.56015251
40754,1.4,389511.0,1425.01,1.50303511,13.04870759
40755,2.23,353454.0,1877.71,1.39306509,15.86381166
40756,1.45,363751.0,1861.65,0.457596618,13.64747848
40757,0.62,381204.0,1848.28,3.158864353,15.86328007
40758,2.17,363272.0,2419.93,3.702792302,15.19336353
40759,1.53,167029.0,2302.35,1.674528341,14.67348563
40760,2.67,259335.0,1872.07,2.564098189,14.42722549
40761,1.43,149412.0,2419.64,1.552042206,16.04547584
40762,0.98,156007.0,680.85,2.068258894,17.04450159
40763,2.1,350371.0,2303.2,1.454325852,15.76681673
40764,1.38,373568.0,2356.8,1.911640616,16.07496043
40765,1.66,149314.0,1869.97,1.429201127,15.33473115
40766,2.12,377090.0,1762.13,2.84504356,17.24292623
40767,0.47,368131.0,1911.38,4.93924406,16.4863625
40768,0.11,348238.0,1289.68,2.249504734,13.81316101
40769,0.92,375617.0,1045.14,2.023765941,12.30978541
40770,0.32,368571.0,1933.42,2.279775042,15.30612414
40771,2.05,129387.0,2388.39,2.532408414,13.22127501
40772,2.17,154466.0,1008.87,2.079187881,14.91998891
40773,1.9,152702.0,1817.9,1.771324781,15.30437959
40774,1.9,260265.0,2500.33,2.695378723,16.0574421
40775,1.5,147121.0,2469.32,0.660968301,16.02898352
40776,2.75,358138.0,1748.16,-0.050415243,15.34259362
40777,1.67,383034.0,2093.23,4.247526156,12.94142765
40778,1.68,245368.0,1201.19,4.560619182,13.90126521
40779,0.6,175914.0,1170.86,2.175279707,16.92030543
40780,1.42,389798.0,1593.09,4.363552898,16.60205972
40781,1.21,381103.0,1756.63,2.291343911,15.34019509
40782,1.44,367457.0,1694.68,4.380637509,16.29329175
40783,0.9,145058.0,2317.47,2.010097458,14.90642335
40784,0.29,356078.0,1821.97,1.26877954,14.62951647
40785,1.54,126455.0,1342.18,1.942013661,15.69331764
40786,0.64,370199.0,2536.12,3.391676774,14.61737519
40787,2.53,363258.0,1840.84,1.34054032,12.81036843
40788,1.28,367109.0,1859.29,2.244818505,14.47872526
40789,1.0,254503.0,1938.37,4.564625327,16.95932934
40790,0.09,139479.0,1899.77,0.583925156,13.66884518
40791,1.37,354929.0,1226.12,0.913019697,16.28480691
40792,1.62,356492.0,859.17,2.893642334,13.79421869
40793,0.96,159615.0,619.12,1.09309767,15.3066819
40794,1.23,356596.0,674.98,2.972322086,13.56409882
40795,1.97,158335.0,860.04,0.915146524,11.2583727
40796,1.93,347324.0,2553.75,0.805064791,15.15352771
40797,0.95,167335.0,1030.79,1.765596759,15.90515546
40798,2.13,361647.0,1858.29,1.716206005,15.47029115
40799,1.46,258077.0,898.26,1.114676362,15.5155233
40800,0.54,367450.0,1489.88,1.870026279,15.16396959
40801,0.75,396873.0,1919.36,1.657275561,15.92378965
40802,0.78,353159.0,788.82,3.643895904,15.06057218
40803,1.4,347689.0,2043.64,1.213064547,15.25431655
40804,2.4,241981.0,1029.65,3.971460226,16.55677351
40805,1.97,114947.0,1846.38,2.137215464,17.73027397
40806,1.18,266961.0,2227.14,2.49024418,13.52721512
40807,2.66,370287.0,1808.5,1.610962849,14.7389272
40808,1.44,133698.0,1806.86,2.93678281,16.95632802
40809,1.36,170635.0,2556.47,1.714154415,13.20043399
40810,0.16,275003.0,2648.81,2.087294421,15.80495783
40811,1.86,383781.0,1669.83,3.740806164,14.42095599
40812,0.3,152971.0,1971.87,0.763790191,15.87822295
40813,0.04,114947.0,1722.12,2.825318082,16.06279032
40814,1.01,348176.0,1579.31,3.276762116,15.34569644
40815,2.21,365288.0,1914.91,-0.326393035,16.04082004
40816,1.99,361235.0,948.64,0.82543437,15.8115317
40817,1.46,395439.0,1875.02,1.924467799,16.98961679
40818,1.77,133406.0,2073.3,1.416985495,14.20372986
40819,1.67,373339.0,1626.62,1.390085957,15.11775544
40820,2.13,358748.0,2192.65,-0.326393035,11.51244657
40821,1.75,243290.0,1690.76,1.471752414,14.9101434
40822,2.5,367540.0,645.06,0.515044497,14.43998068
40823,1.11,258299.0,812.82,3.740257352,15.95938133
40824,0.84,370869.0,1104.18,3.525504445,15.32025792
40825,1.58,240642.0,3047.82,0.744987999,15.96336214
40826,0.71,134612.0,1941.44,1.290923177,13.40306818
40827,0.2,129057.0,2171.24,2.319152189,16.90956087
40828,1.66,254619.0,1178.03,1.907740797,15.66570306
40829,1.82,258875.0,1727.14,3.187317555,17.28067753
40830,1.42,153125.0,586.86,1.120221193,15.59518756
40831,1.55,177870.0,1290.06,3.520538813,14.14464488
40832,1.56,395000.0,2332.9,4.719182625,15.64914713
40833,1.48,159804.0,924.96,1.459030618,14.6762196
40834,1.12,353642.0,1865.82,1.870009696,14.29739311
40835,0.95,277928.0,2263.07,0.362020011,17.33377055
40836,2.57,366540.0,1820.66,1.322723729,13.62312189
40837,1.91,135212.0,1977.84,1.395476078,15.57872684
40838,1.05,379258.0,2201.55,1.352200431,15.51387616
40839,1.69,372419.0,1868.57,2.19260233,14.95543336
40840,0.88,251248.0,2487.47,1.588906269,15.14793843
40841,2.48,351633.0,938.01,0.102835975,14.6443108
40842,2.47,161331.0,1532.61,0.32191099,16.36741126
40843,0.76,394091.0,1598.98,2.876352443,16.6328197
40844,2.03,139635.0,2138.26,3.416525278,14.19008701
40845,2.13,129459.0,1770.51,-0.31410316,13.94145382
40846,2.25,144772.0,1903.54,1.55604798,16.2185133
40847,1.33,144016.0,1105.94,3.693808441,15.28816285
40848,0.99,382907.0,1884.97,1.881568573,14.80626262
40849,1.53,386348.0,1901.81,1.069758607,16.44605926
40850,0.97,266106.0,854.86,4.93924406,17.10609856
40851,0.43,277227.0,1814.57,2.719487108,15.81067044
40852,0.65,349937.0,2443.29,4.04190378,16.08371033
40853,2.1,377954.0,799.96,1.629415828,16.24299531
40854,3.06,149231.0,1737.14,1.995506029,13.01147014
40855,0.87,357258.0,1926.42,1.668679084,16.16043946
40856,0.18,383001.0,1945.62,2.180382604,13.75046405
40857,0.79,157111.0,1896.02,2.267672612,16.71269711
40858,2.69,143540.0,1943.92,2.091323829,14.19907079
40859,2.01,241232.0,622.4,2.2426539,13.76735609
40860,1.24,141678.0,793.84,1.901951067,15.94809002
40861,0.86,363309.0,1164.53,3.057439722,15.64673402
40862,1.1,276958.0,1965.1,1.460388628,16.73464511
40863,0.06,383611.0,2759.63,1.860416478,15.598524
40864,0.3,361108.0,1366.83,1.417780421,16.10408864
40865,0.91,156495.0,2180.33,1.638255229,15.39284063
40866,2.59,259963.0,1466.87,2.027892998,15.87650657
40867,1.37,381660.0,1654.93,0.961154572,11.59330417
40868,2.04,366312.0,1382.1,4.198621267,13.98068538
40869,2.3,387115.0,1337.73,1.417620906,14.80338337
40870,1.67,138891.0,2488.71,0.902418908,16.20716227
40871,1.21,174387.0,1983.86,1.916369535,14.0999842
40872,2.42,290017.0,1770.1,2.387045092,13.58231084
40873,0.6,349065.0,857.19,1.272983495,13.83609204
40874,0.71,394134.0,1788.21,1.866051197,15.88575975
40875,1.12,388352.0,1984.97,2.163538235,15.060132
40876,1.9,358565.0,856.28,4.31653807,14.72997992
40877,1.09,350428.0,1959.32,1.500502111,15.80511252
40878,0.82,155301.0,834.41,1.614493915,15.23967536
40879,1.73,143994.0,2324.03,4.519842926,15.16859168
40880,1.69,290171.0,2652.45,1.582946465,13.75458706
40881,1.53,166156.0,1349.85,0.172199877,15.70644425
40882,1.69,247730.0,1191.56,0.563001435,13.2237009
40883,2.17,378917.0,975.72,4.490257642,15.91073812
40884,1.22,363713.0,2279.16,1.402744988,15.66425149
40885,0.94,356746.0,1953.45,1.802294337,16.00132959
40886,2.0,394229.0,1946.74,2.07188255,15.85994845
40887,1.45,156021.0,2218.66,3.216415386,14.07590896
40888,1.82,380346.0,750.55,1.763521149,17.3217393
40889,1.32,382334.0,1864.83,1.05986297,17.73027397
40890,0.0,386133.0,1510.75,1.355030186,14.04398855
40891,0.93,145135.0,1834.22,2.766165434,16.31914175
40892,1.18,370681.0,1933.23,0.705858419,16.63789479
40893,2.12,353277.0,1804.15,3.582824449,15.1594048
40894,1.7,362401.0,1978.62,1.26320648,16.72742724
40895,2.38,374897.0,1740.13,2.032904449,15.56405811
40896,1.69,147605.0,863.14,2.477848806,13.9873295
40897,1.87,351762.0,757.8,3.359965285,13.8850886
40898,2.04,148256.0,748.95,3.497914792,15.54837046
40899,1.83,133860.0,1937.7,3.828326283,14.05036738
40900,2.65,387939.0,2420.17,3.483404096,12.28971694
40901,1.71,150923.0,1876.24,4.186794712,15.15056974
40902,0.92,135616.0,1903.06,1.699480716,15.78990934
40903,0.6,252635.0,1739.98,4.308369714,14.32341458
40904,2.33,150867.0,1248.85,3.363040593,15.60527597
40905,1.68,353924.0,2023.03,2.867122507,13.10470229
40906,0.85,370230.0,1903.42,3.563358516,13.4396891
40907,2.52,149763.0,1954.21,2.330790828,16.17931205
40908,2.03,279016.0,2408.29,3.901524172,15.08570112
40909,0.0,373545.0,2488.11,1.78273085,14.09638317
40910,1.32,146340.0,1232.91,1.131425593,13.8161582
40911,1.08,364137.0,1344.48,3.379846973,16.45335982
40912,1.19,373756.0,871.58,1.416656795,11.81876992
40913,2.74,365026.0,2301.51,2.229604875,16.28477395
40914,1.92,389965.0,1945.91,2.047380787,15.58039061
40915,1.17,364477.0,1909.45,2.288240386,16.52087807
40916,1.72,349925.0,1191.93,3.523835608,15.34576132
40917,2.4,129444.0,1917.41,2.139702613,16.70373022
40918,0.91,366883.0,1906.27,0.669926664,15.74842693
40919,2.4,153799.0,1022.7,2.928043851,16.50995829
40920,1.8,152191.0,2540.49,0.898071775,14.24773011
40921,4.83,262089.0,2379.72,1.842476283,15.20140911
40922,0.91,289473.0,1776.58,3.692915859,15.02121651
40923,2.69,338103.0,696.1,1.118948033,11.2583727
40924,0.69,137519.0,1970.19,0.500909647,16.11158519
40925,0.96,369514.0,2417.9,4.461562806,13.32380093
40926,0.62,376514.0,2548.35,2.310564806,15.35158662
40927,1.68,381137.0,2063.74,2.213729007,17.05066171
40928,1.75,133911.0,3009.31,0.423233906,15.02851014
40929,1.07,395311.0,2361.75,1.120335433,14.66251586
40930,1.08,378361.0,1379.09,0.971537881,15.09785338
40931,0.66,363467.0,912.46,4.489582778,16.12075884
40932,0.0,376839.0,2453.73,2.246110256,13.88271523
40933,2.44,356452.0,2587.71,3.186246576,13.60009738
40934,2.65,247883.0,801.23,3.636673294,11.2583727
40935,2.23,151117.0,1893.49,2.972170662,15.77337873
40936,1.1,347911.0,1447.33,1.915753018,13.03928089
40937,1.65,366098.0,1797.94,2.445056493,14.5233246
40938,2.45,250978.0,1727.28,1.667179806,15.33834056
40939,1.84,136827.0,1744.34,4.356940305,12.15440366
40940,1.46,378564.0,1103.72,2.727896561,16.12598607
40941,1.74,277061.0,1592.19,2.622587733,15.02651987
40942,1.15,354631.0,1273.51,3.607667645,15.38280525
40943,1.83,387556.0,1664.25,1.692443411,15.50520563
40944,0.43,179662.0,2110.15,2.724752326,15.71457987
40945,2.33,347006.0,2131.9,1.777461,15.60696213
40946,1.37,250618.0,1555.74,1.9180248,13.8346901
40947,0.55,351970.0,1771.73,1.836654862,13.67080187
40948,0.81,259527.0,1905.9,3.445724348,12.34847597
40949,2.32,359863.0,1863.88,2.849986744,16.6230715
40950,2.06,380203.0,933.61,1.293674966,15.69076498
40951,0.49,239280.0,1810.88,1.641610124,13.28871213
40952,1.81,373987.0,858.17,1.523902568,13.37147695
40953,0.68,330731.0,1840.41,-0.277436516,15.03381892
40954,1.92,380345.0,2338.94,1.917978712,15.55104929
40955,0.67,357817.0,996.73,1.570776273,15.364505
40956,1.88,166781.0,1565.13,3.622953981,16.14010759
40957,0.17,263380.0,1844.21,2.49255748,14.38198081
40958,1.8,342183.0,1709.16,0.990787903,14.68813467
40959,1.46,255702.0,2344.08,0.844907706,15.97846983
40960,0.0,398786.0,1443.76,0.351654902,16.87403039
40961,1.6,363633.0,1810.34,1.777365758,15.75355358
40962,4.86,161491.0,2325.34,1.461387541,16.22594546
40963,1.83,138020.0,2784.71,2.211773751,15.58684287
40964,0.94,342294.0,2466.03,2.20879754,15.50659089
40965,1.83,132940.0,1811.14,1.156482958,15.92381324
40966,2.08,369355.0,594.25,3.080946836,13.45229794
40967,0.08,391554.0,1063.08,2.513036648,16.06749461
40968,0.79,223524.0,1370.16,1.521490395,11.78508346
40969,0.91,371172.0,2163.05,1.185990955,13.93512898
40970,1.87,351882.0,2544.23,2.927952576,16.6819027
40971,1.5,147779.0,1745.1,3.894192646,12.70342709
40972,0.74,244014.0,2284.88,1.920954982,14.73089588
40973,1.74,397852.0,1849.77,2.814362409,16.28969763
40974,1.06,372383.0,774.72,1.838519225,16.8966086
40975,0.96,114947.0,1187.25,2.066521906,15.14284117
40976,0.9,254183.0,1798.05,1.089481596,14.10068863
40977,1.19,363418.0,1896.55,2.536802313,13.61807611
40978,1.71,367484.0,1438.71,2.098390496,14.19807841
40979,2.08,367958.0,1061.3,3.289774913,13.02677666
40980,1.73,370553.0,1388.44,2.805829454,15.30664537
40981,1.65,373814.0,1976.31,3.682150983,15.97715301
40982,1.58,355436.0,2406.03,0.780153174,13.74036536
40983,2.31,351077.0,2257.56,1.863130293,14.70665486
40984,1.45,365535.0,2479.99,2.337008832,14.04733602
40985,2.4,356253.0,594.51,1.832414201,12.39693437
40986,1.01,165034.0,1796.44,1.834310487,11.3647681
40987,0.48,176325.0,1802.18,1.20169848,13.74341869
40988,1.84,366265.0,798.39,3.106560979,16.13895641
40989,0.74,355421.0,2290.19,1.471351289,14.71410344
40990,1.23,184995.0,855.92,3.575779989,16.62229158
40991,1.16,376002.0,1980.33,3.66118753,16.86474037
40992,2.59,369239.0,2057.43,2.185090216,13.70200729
40993,1.12,388419.0,1080.1,3.135556869,15.4747602
40994,0.69,365865.0,2024.06,1.153080257,16.07725953
40995,2.06,350242.0,1254.64,1.17889251,15.77124145
40996,1.25,148326.0,1433.1,1.28839217,13.61410446
40997,0.83,381463.0,1686.86,2.036287965,14.97219692
40998,1.02,333706.0,1872.07,1.573986648,16.24476033
40999,1.65,353497.0,2222.28,0.788630143,13.21584198
41000,2.18,138287.0,1340.58,1.268467992,15.47978035
41001,0.0,131163.0,2120.78,1.539016066,15.1387513
41002,1.28,276880.0,1889.54,0.857251128,15.82847107
41003,1.07,160022.0,2132.7,4.040627312,17.10807148
41004,1.46,156159.0,1610.88,1.893098369,13.75041636
41005,1.48,255221.0,1714.33,1.34285618,15.76974608
41006,2.31,397985.0,2345.96,1.564401437,16.66314393
41007,1.07,166011.0,601.22,3.742911415,15.22911245
41008,1.66,146365.0,2388.0,2.302502802,14.63843137
41009,2.11,374655.0,2190.03,3.672117955,15.73801191
41010,3.0,156506.0,1374.51,1.183472523,13.38840993
41011,0.98,381632.0,2104.38,2.847207954,15.26804708
41012,2.06,379733.0,1757.44,-0.326393035,15.55930128
41013,1.79,264260.0,1688.05,1.413350955,13.24946999
41014,1.85,136330.0,1637.91,2.122110733,17.00508358
41015,0.88,361944.0,1953.97,3.413195744,17.25101713
41016,0.69,393711.0,1894.71,2.643103932,16.56471977
41017,0.83,155061.0,1491.69,3.635821233,17.03954951
41018,2.22,361024.0,1446.62,2.097201424,13.30581663
41019,1.68,364130.0,1998.41,2.312994717,15.9711265
41020,1.84,136908.0,2279.61,1.560804018,16.88791764
41021,1.45,160934.0,2017.25,1.285136909,17.73027397
41022,1.55,358497.0,752.55,1.258366999,15.4502232
41023,0.27,140144.0,1809.31,2.233655939,15.83074269
41024,1.1,387814.0,1921.14,1.476896757,13.28538059
41025,1.69,168413.0,1968.73,3.530911076,16.7229684
41026,0.57,261197.0,1948.67,2.073702754,15.28181605
41027,1.32,343658.0,1830.23,0.685288427,12.52561235
41028,1.69,384870.0,1799.29,2.554126063,15.94343705
41029,0.39,349190.0,1938.31,1.446957754,16.43755265
41030,0.0,263911.0,2186.15,1.985078711,15.51888783
41031,2.17,121303.0,2528.02,4.536064072,12.08022657
41032,1.94,382419.0,657.25,1.924766711,13.75483115
41033,0.17,156939.0,1149.16,1.811360498,13.2551459
41034,2.08,344879.0,1361.1,2.880578806,15.71160277
41035,0.81,385348.0,742.78,1.587986392,15.56801998
41036,2.01,150004.0,1439.03,1.557083626,13.82845015
41037,0.4,343875.0,2083.52,2.35785961,16.80322657
41038,0.51,246837.0,1905.4,1.776106076,15.54975065
41039,2.01,365813.0,2132.46,0.709875793,16.61142136
41040,1.88,134988.0,2512.09,0.195647474,15.75630601
41041,1.39,384030.0,1220.67,3.911029443,14.98650879
41042,1.31,382587.0,1953.38,1.475859612,15.41275689
41043,1.23,140936.0,1287.51,1.767153749,17.21190283
41044,2.91,367788.0,1853.88,1.403401762,16.39385194
41045,1.39,246815.0,2044.61,1.820361266,17.41996438
41046,1.78,349177.0,1867.26,1.166869459,13.93013524
41047,0.58,372844.0,1822.77,1.745726682,15.77880119
41048,1.84,134033.0,1161.41,1.620162374,13.91460886
41049,1.7,365862.0,1140.91,1.831954482,13.10617441
41050,1.24,362006.0,991.41,2.20117631,16.29704269
41051,1.53,391957.0,658.02,3.119791742,17.05607124
41052,2.21,358136.0,1743.96,-0.051935345,13.73997214
41053,0.29,374793.0,1267.2,3.42636827,13.81244562
41054,1.59,368392.0,2475.34,1.662773364,15.33567847
41055,0.36,369993.0,1302.22,2.675853431,15.94614331
41056,1.07,368105.0,2381.28,1.869947728,15.35128767
41057,2.11,282802.0,899.91,1.41115015,15.71646154
41058,1.28,353070.0,2327.76,3.206155601,14.36234437
41059,2.0,248037.0,1747.38,3.639727988,15.70554597
41060,1.79,152881.0,2062.33,0.686313563,12.77572321
41061,1.62,381658.0,2022.09,2.547910092,14.08034905
41062,0.54,385166.0,2541.84,2.479351523,17.33600749
41063,0.52,386590.0,2213.65,0.861440605,16.45845631
41064,1.84,388074.0,1367.99,1.059267145,17.16641452
41065,1.29,141469.0,2358.27,1.150202733,14.96100767
41066,3.29,347840.0,1979.82,0.530121471,14.40304139
41067,1.82,164011.0,2049.7,4.461577455,13.43628913
41068,0.89,145921.0,958.58,2.15375865,15.52035696
41069,0.99,138223.0,1366.83,2.626092618,15.99917496
41070,2.01,372670.0,1440.67,1.905798409,16.05545522
41071,2.07,368679.0,2397.05,2.889359477,14.54768807
41072,1.42,344651.0,1530.14,1.435798097,14.99328679
41073,1.95,248807.0,2315.24,1.477536648,15.18433743
41074,1.14,371976.0,1669.34,3.310723764,14.50067995
41075,0.67,259733.0,1888.54,1.480731221,16.92779515
41076,1.74,251555.0,1900.2,1.139162777,15.65293201
41077,1.19,145993.0,801.57,1.799101281,15.86167722
41078,1.72,245123.0,1528.44,1.997500948,15.22734804
41079,1.18,372220.0,1749.09,3.086229118,15.31962618
41080,1.37,387549.0,1241.14,1.902890109,15.14252863
41081,0.37,152885.0,1230.15,3.291746126,15.34641431
41082,2.21,162381.0,1467.49,2.64566535,17.02091398
41083,1.2,143759.0,1754.59,3.685972831,16.22305869
41084,1.59,390203.0,1267.45,3.061672551,16.13701606
41085,0.9,352892.0,1739.86,1.710746069,16.8913444
41086,2.41,368473.0,1685.98,4.382889213,15.54096833
41087,1.66,138685.0,2090.38,3.421790431,12.93271019
41088,0.97,261297.0,1105.5,1.727820195,16.78387956
41089,0.89,250365.0,1880.65,2.024063584,14.25203016
41090,1.1,356113.0,845.13,0.455543446,15.42967461
41091,1.75,363120.0,1845.58,1.602090707,14.38265605
41092,1.23,367509.0,1606.85,0.775598081,15.97998105
41093,0.6,367958.0,2773.01,1.594251272,17.16081445
41094,0.45,372186.0,1773.79,1.650006786,14.99833365
41095,1.64,370321.0,1996.92,1.829881309,15.35096578
41096,1.66,270689.0,1927.04,3.643976683,16.32479105
41097,2.52,368132.0,1911.41,2.091621165,16.14360242
41098,1.86,367511.0,2112.0,3.446224083,14.9460465
41099,2.07,238584.0,2363.23,2.201793342,14.79749869
41100,1.58,357069.0,1830.72,1.79475824,15.37182228
41101,1.21,260200.0,1302.11,0.579228173,15.53359377
41102,0.69,157017.0,971.12,1.910261289,16.39236739
41103,0.91,236022.0,1930.77,1.255596336,16.69447253
41104,0.35,276530.0,1977.51,1.905054908,17.39498983
41105,0.56,354631.0,1024.53,1.547689461,15.7249098
41106,1.91,263953.0,1901.22,4.271348121,16.42286929
41107,1.01,365205.0,1466.62,1.860564681,14.78163374
41108,0.47,388349.0,1682.01,2.510750591,16.11188638
41109,1.22,354376.0,2380.88,3.070505213,16.65853917
41110,2.38,371868.0,1389.85,1.915369957,15.97142302
41111,0.24,369426.0,1385.14,3.891974037,15.96785894
41112,0.39,171741.0,1498.49,2.891575368,16.61558072
41113,0.84,355949.0,937.13,1.840472778,13.13805519
41114,1.12,250132.0,2292.42,2.973728148,15.79817271
41115,1.6,373164.0,1761.46,4.080182351,15.07035555
41116,0.43,373283.0,2312.53,1.360211041,12.68533783
41117,1.72,135609.0,2162.66,1.808062746,15.98865405
41118,1.55,388802.0,2257.93,1.905585995,15.64950772
41119,1.24,356952.0,1573.17,4.769074755,15.1582742
41120,2.32,128668.0,1459.71,1.488762619,16.54038615
41121,0.37,140517.0,1175.02,3.013637643,12.06108666
41122,1.56,115053.0,1064.12,1.117037669,15.98428323
41123,1.98,384026.0,1992.84,2.342549154,15.04360042
41124,0.72,345799.0,1888.08,2.737690093,15.96951743
41125,0.97,392688.0,1968.51,1.568094631,16.28901406
41126,2.89,269115.0,1491.41,2.168258342,15.90306197
41127,1.98,260097.0,2055.64,0.868634756,16.55473996
41128,1.38,363730.0,1007.88,1.828719319,14.85814771
41129,2.35,367583.0,2093.81,3.624606055,16.93365612
41130,2.8,369024.0,997.92,2.709838311,15.44744603
41131,0.63,397470.0,2368.12,1.228002435,15.71431169
41132,0.09,262396.0,2161.76,1.993270858,15.84540031
41133,2.43,131127.0,1630.7,1.826911055,13.36958843
41134,1.8,154276.0,1388.22,1.924977597,16.18132207
41135,1.77,369872.0,1329.34,3.627532342,15.60107334
41136,0.0,120688.0,1612.45,1.505504049,15.78007397
41137,0.72,160576.0,1395.5,1.091996391,16.38140077
41138,2.04,259373.0,1729.89,2.191627184,15.72718325
41139,1.67,368602.0,744.03,1.638346403,16.23768809
41140,1.16,140992.0,1373.43,1.392223911,17.03731948
41141,0.5,372561.0,1592.57,1.089203671,17.63525912
41142,1.5,378657.0,2260.45,2.634733229,14.83920283
41143,2.03,352876.0,2169.21,2.992398472,13.58729743
41144,0.04,142320.0,920.02,1.483433696,12.74103745
41145,2.44,347001.0,1392.73,1.618492468,14.69977589
41146,1.58,238339.0,1475.02,1.095402261,15.32281442
41147,0.79,123816.0,1314.73,1.685941216,15.09315357
41148,1.29,139993.0,1953.96,1.663502891,16.94181484
41149,1.68,371690.0,1783.17,4.409376413,16.12879632
41150,1.42,359243.0,1623.35,0.839645788,16.3892287
41151,1.01,391134.0,1842.23,3.79403206,13.48061322
41152,1.48,375734.0,1822.99,3.436740472,16.9170952
41153,1.51,372200.0,1680.9,4.208005926,15.51706867
41154,2.27,362976.0,2395.45,2.925653779,15.52304116
41155,3.2,353403.0,1717.58,3.84366369,14.41256898
41156,0.83,136607.0,2418.14,0.47754157,15.36208342
41157,1.32,281625.0,2087.04,1.858275532,15.53426148
41158,1.81,242570.0,1829.98,2.012745181,15.23152128
41159,0.91,369058.0,1931.46,1.559918567,14.58106733
41160,0.6,257800.0,1895.83,0.851158905,14.33762426
41161,1.58,338581.0,1799.09,0.859943579,14.80290483
41162,2.7,382452.0,1991.15,2.48161735,13.59398607
41163,1.35,370918.0,2221.79,2.835405937,13.7410809
41164,1.63,269642.0,869.14,0.803091171,16.20723859
41165,1.68,144972.0,1776.64,0.412934359,15.52060467
41166,0.59,140537.0,2400.43,1.922742978,11.39709752
41167,0.87,132253.0,1845.45,1.034897352,15.74684839
41168,1.13,255484.0,936.27,1.49913096,16.6379724
41169,1.44,250539.0,1420.0,1.616399492,15.94496639
41170,1.42,171912.0,987.77,4.59902644,12.11760099
41171,2.99,348536.0,1757.73,3.964633342,17.04596713
41172,1.37,369000.0,991.69,-0.077180923,15.86670909
41173,1.12,129737.0,2261.57,-0.326393035,15.26094998
41174,1.58,151636.0,1516.73,3.734720548,16.30637543
41175,0.47,381853.0,869.62,1.78356492,15.71707979
41176,2.0,372498.0,1905.1,2.466329791,16.51480237
41177,1.37,266223.0,1016.24,0.538341309,12.51733955
41178,2.11,122603.0,1288.84,1.990649637,17.28443004
41179,1.25,349640.0,1764.16,4.382916631,16.28897303
41180,0.55,367333.0,858.61,1.121005791,14.97561284
41181,1.47,232583.0,1702.79,0.460405586,15.57056367
41182,2.05,144893.0,1576.46,4.224660051,13.58548865
41183,1.13,272751.0,1794.4,1.615945521,15.753875
41184,1.13,380153.0,1810.33,1.967404012,15.64772116
41185,1.97,379167.0,1469.64,1.72588966,16.68852929
41186,2.06,350802.0,765.0,1.410358518,15.16967093
41187,1.54,248830.0,1942.93,3.974650384,15.43764371
41188,1.93,381201.0,2337.04,3.839368896,15.45922049
41189,1.8,370526.0,1874.21,1.271743848,15.77261935
41190,1.42,143977.0,1922.08,1.190454843,16.44437035
41191,1.03,237752.0,1839.36,3.844430116,15.86194334
41192,6.68,257810.0,1940.32,0.754276852,15.91700575
41193,1.94,394014.0,1089.7,1.496519204,14.72377717
41194,0.8,360825.0,708.24,1.766215051,15.69803951
41195,2.03,273007.0,1955.07,1.811785958,15.30452879
41196,2.67,270974.0,1144.13,3.524678574,15.8844799
41197,1.3,249125.0,952.88,-0.326393035,15.68485013
41198,1.98,372579.0,2080.34,0.59149912,16.47382204
41199,0.69,161017.0,1321.51,1.602414776,15.19006994
41200,1.41,357824.0,1818.38,1.61898352,16.00226853
41201,1.36,369534.0,1182.69,2.024340743,13.13878437
41202,2.55,244534.0,714.61,2.123402774,17.12605011
41203,0.62,160127.0,1618.68,1.544712604,13.54804112
41204,1.33,354566.0,1772.02,3.969479271,12.94551258
41205,0.67,367971.0,2510.67,3.327939256,15.17324346
41206,0.45,172861.0,2518.6,3.829740697,16.03323336
41207,1.17,385674.0,1865.83,1.943639757,16.82353097
41208,2.52,384202.0,2054.36,1.281422495,15.41142022
41209,2.59,357299.0,2140.32,2.112578472,15.25618197
41210,1.47,368014.0,1982.02,1.442137997,15.59042765
41211,0.93,350273.0,2260.08,4.003681887,15.57595151
41212,4.69,346629.0,2259.22,1.332562438,15.478198
41213,1.98,247219.0,2331.5,1.706054518,16.55959676
41214,1.4,368834.0,1658.88,1.494133484,15.16527916
41215,1.09,360551.0,1769.62,3.240657664,15.71384696
41216,2.18,350522.0,2346.28,1.922951945,14.72887512
41217,2.62,180617.0,1983.7,3.708396815,14.19837727
41218,2.2,370675.0,1733.82,1.837259073,13.39060054
41219,2.02,144473.0,1221.81,3.044274444,17.71502732
41220,1.14,149209.0,829.53,0.98788542,15.72428024
41221,2.24,161160.0,1975.62,1.334988918,16.40140011
41222,1.79,147646.0,1643.57,3.058879014,16.91321899
41223,0.84,263901.0,2379.27,-0.326393035,15.09430379
41224,1.64,366828.0,607.63,2.821255257,15.0861954
41225,1.43,375478.0,1767.62,1.600834112,14.99079497
41226,0.59,160382.0,1178.72,2.539095861,12.18219113
41227,1.12,243282.0,1519.54,2.195008569,15.15720153
41228,1.46,149432.0,2015.11,3.330318883,15.4448384
41229,0.96,273738.0,1736.9,1.592227587,12.56408882
41230,1.38,374519.0,2525.32,1.574379957,14.25640108
41231,2.1,358550.0,1793.43,2.091681693,13.88239631
41232,2.42,369126.0,1190.05,0.886355327,14.20771682
41233,2.64,243389.0,1541.97,1.669935363,15.98787503
41234,1.54,380784.0,1895.4,1.232720873,15.69379924
41235,0.89,261278.0,1812.11,1.589851571,15.52710243
41236,0.44,147029.0,2238.84,1.946449089,13.9116503
41237,2.7,238812.0,2032.98,2.751505182,15.34499956
41238,1.23,149452.0,3047.82,3.913508564,16.42459637
41239,2.17,373854.0,1323.15,1.688593199,16.4296683
41240,2.39,254388.0,2447.21,3.389329886,15.53782838
41241,1.29,146427.0,2399.28,1.745072522,11.97929177
41242,1.89,270760.0,1914.65,3.813726242,16.13336732
41243,0.75,375903.0,2269.27,0.281117162,15.49013615
41244,1.35,361063.0,2349.69,1.916427785,12.68518066
41245,1.99,349501.0,1637.97,4.652489452,14.99651955
41246,0.88,384983.0,2522.16,3.412233613,13.59132163
41247,2.11,238620.0,774.35,1.837617891,15.69632693
41248,1.22,347672.0,2621.34,-0.326393035,16.84044675
41249,2.07,368409.0,1730.89,3.187038163,17.00580617
41250,1.25,136350.0,2574.71,1.588660892,16.31450408
41251,0.79,383037.0,2285.15,2.776047209,13.68848539
41252,2.0,273465.0,2333.66,1.691169902,16.39614455
41253,1.75,145770.0,1900.56,1.265180368,15.65476841
41254,2.26,249280.0,2162.08,1.221873837,15.7744525
41255,3.52,121345.0,1156.57,1.936047373,15.3775073
41256,0.93,258365.0,1427.91,2.183806027,15.43416856
41257,1.71,356213.0,2099.94,1.207162257,15.91085575
41258,1.54,160819.0,2360.55,1.538231525,15.38979435
41259,1.84,149131.0,1736.19,3.000576822,15.61047607
41260,1.5,128052.0,2249.02,4.074731695,17.0583944
41261,3.0,355200.0,1015.5,0.077932932,16.32466257
41262,2.84,368763.0,1355.75,2.194614998,12.59240627
41263,2.57,238912.0,773.97,2.368353511,15.60000136
41264,0.0,384736.0,1883.76,2.704072295,17.28822436
41265,0.5,370702.0,1787.93,2.467983185,13.63031754
41266,1.6,364600.0,1782.44,1.350572018,15.31017072
41267,1.23,367726.0,2336.13,3.63557593,17.12066556
41268,1.86,151904.0,1934.83,2.16611749,14.11249139
41269,1.54,143138.0,958.94,1.761128217,15.88055069
41270,1.18,365988.0,1792.56,0.36157233,16.44450707
41271,1.63,256721.0,1757.3,1.393163711,15.97322364
41272,0.55,286632.0,1958.48,3.072421574,17.46699063
41273,2.93,372203.0,1880.46,2.077362035,15.7595784
41274,1.75,352359.0,1804.5,2.794153087,13.98954183
41275,0.95,133555.0,948.82,1.90557623,15.71230954
41276,1.0,268907.0,940.72,2.930598375,16.54143782
41277,0.92,351720.0,1878.75,1.623217574,17.42223239
41278,1.03,162538.0,1188.23,3.606031073,16.00728598
41279,1.92,155654.0,1814.65,3.35664372,15.19322304
41280,1.99,133713.0,1371.9,3.825885642,15.75514021
41281,0.52,151119.0,1436.9,3.866628171,16.0863484
41282,0.9,370833.0,2528.65,2.038745464,12.52533756
41283,0.92,372972.0,1956.79,2.036134454,15.17935882
41284,1.65,145848.0,2379.59,1.333248557,14.28299305
41285,1.73,253260.0,1924.33,4.255811414,17.22545721
41286,1.63,144607.0,1858.2,1.234285843,14.74923884
41287,0.19,388483.0,812.19,0.785381705,15.41150989
41288,3.59,248319.0,2221.05,3.259519777,14.065174
41289,1.96,374423.0,2201.63,2.450186816,16.42415802
41290,0.36,254966.0,1502.36,1.670140192,14.30181099
41291,0.31,361974.0,1871.67,1.74085922,13.80284609
41292,1.78,341351.0,1915.0,1.74683732,15.83832817
41293,1.32,281628.0,1466.37,3.610987859,15.84966718
41294,1.1,262263.0,1834.68,4.414326637,16.53251441
41295,1.1,141167.0,1929.25,1.218047472,15.30420856
41296,0.9,368058.0,1925.94,1.663967924,14.98015265
41297,1.8,351811.0,1024.73,1.682806867,13.74679156
41298,3.03,153089.0,2102.43,1.227337263,13.85373335
41299,1.23,274011.0,2191.23,2.874097344,15.52109172
41300,1.86,174939.0,1070.2,3.468702785,12.40288426
41301,1.67,382398.0,2028.62,3.096477755,16.37965226
41302,2.18,352767.0,1773.9,1.32687614,15.19343724
41303,1.62,376143.0,1773.86,1.511077368,14.07281876
41304,1.15,349839.0,2024.16,1.517723908,13.42241273
41305,1.62,130189.0,871.29,1.516435993,15.92713628
41306,0.95,254699.0,1523.41,1.964391583,12.75905482
41307,0.51,360374.0,1858.25,1.620219244,16.5103146
41308,0.41,134069.0,2413.69,3.635873534,14.95315748
41309,0.73,384671.0,957.19,1.59663073,15.45048567
41310,0.93,368675.0,2119.47,3.736161703,13.80522227
41311,1.64,134948.0,1047.92,1.247713361,15.79245562
41312,2.05,340814.0,1067.7,1.16779929,15.27631231
41313,1.58,378486.0,1434.46,2.64557561,16.19088991
41314,1.04,383675.0,1080.27,2.148487528,15.58659499
41315,0.79,369140.0,1972.8,2.042729786,15.07054863
41316,1.25,399297.0,1831.85,3.647494534,14.61354052
41317,0.89,251614.0,2919.96,3.581287403,14.96841343
41318,1.47,396463.0,1477.2,1.422318591,12.83781768
41319,0.93,368426.0,1406.63,1.400710067,15.40398212
41320,0.72,138141.0,1631.53,1.261064015,15.75094599
41321,1.93,238967.0,2320.37,2.343444268,15.44214787
41322,1.2,245897.0,586.86,1.572247791,17.64084356
41323,1.0,267316.0,2029.75,3.551845435,15.26153492
41324,1.78,363844.0,1763.1,1.521242007,13.89598261
41325,1.47,389704.0,1529.68,1.620286662,15.03655127
41326,0.69,145913.0,911.65,3.387954407,16.09013853
41327,1.56,255887.0,1774.81,2.210518481,15.95930088
41328,0.98,256381.0,1825.19,2.606668728,15.57087247
41329,1.08,257767.0,1653.46,2.825177572,16.83955556
41330,0.92,353571.0,2113.97,1.408006063,14.64225012
41331,1.0,359133.0,1445.25,1.520701986,16.01406274
41332,1.52,360385.0,1405.55,3.606152014,15.14012383
41333,0.91,177046.0,1448.52,1.466800873,15.69981234
41334,2.13,266486.0,2023.01,0.808044657,14.88900694
41335,0.2,391596.0,1779.5,2.420380095,15.42417694
41336,0.66,358159.0,2313.0,1.374546928,15.26586172
41337,2.58,378030.0,2309.78,0.966026811,13.82154207
41338,1.55,273165.0,2623.15,2.122641003,16.15203369
41339,0.5,256283.0,2519.01,1.211105403,15.46886377
41340,2.19,142684.0,1247.19,4.932964672,15.63977008
41341,1.31,255183.0,921.2,2.245167834,15.82572507
41342,2.22,390915.0,1790.17,1.723061908,14.22657675
41343,0.67,368595.0,1875.25,4.415032551,16.10435223
41344,0.81,366447.0,1526.73,2.311051022,14.90921463
41345,2.52,271206.0,2029.76,4.501102577,15.23652226
41346,2.55,382991.0,1601.4,4.005563121,13.84046216
41347,0.77,393970.0,1735.76,2.491657504,16.42036476
41348,0.81,380312.0,1943.13,1.471784589,15.36054788
41349,1.91,372722.0,750.56,1.687239589,13.09738494
41350,1.53,164583.0,900.36,2.684142262,12.73308765
41351,2.86,151361.0,1732.52,2.94004733,14.82679009
41352,1.76,361426.0,853.65,2.534427549,13.9992911
41353,2.6,251271.0,1866.3,1.415509444,14.81854854
41354,1.65,266767.0,2081.55,1.307199442,15.94733504
41355,1.43,391343.0,1139.04,1.794673364,17.07272696
41356,1.72,391062.0,1549.57,1.699514502,16.23596374
41357,2.71,367096.0,1109.32,-0.326393035,16.26340396
41358,0.84,382862.0,2289.25,2.925671662,14.81387474
41359,1.79,139687.0,778.1,1.0250011,14.57896743
41360,1.86,364173.0,2088.85,1.145817962,15.35459606
41361,2.06,152183.0,2262.79,0.697928321,13.690038
41362,0.84,396328.0,1673.89,1.456294492,14.95602595
41363,1.15,259736.0,1339.47,1.709596992,14.96214371
41364,1.44,378923.0,861.76,4.567448916,15.82952422
41365,1.99,369286.0,2403.77,1.797045668,12.07199921
41366,1.24,381295.0,796.57,1.853499353,16.29831819
41367,2.27,238312.0,1123.1,4.367222297,13.68496622
41368,1.42,133010.0,1777.06,1.979948458,15.54399972
41369,1.97,381245.0,732.88,0.443487287,12.83253157
41370,2.1,230479.0,1798.64,3.21629983,16.47148922
41371,1.08,381082.0,1794.8,2.04075834,15.27677807
41372,1.92,118480.0,2220.43,1.813559905,15.34735107
41373,0.82,244668.0,1800.14,3.396115474,15.08244917
41374,2.05,357711.0,2004.17,1.474249368,14.8873986
41375,1.93,142511.0,1436.55,3.983317292,15.29878421
41376,0.76,373023.0,1956.67,1.534455552,11.87913554
41377,1.1,353385.0,711.62,3.229194225,14.60174196
41378,1.51,154785.0,2549.84,1.701851707,14.57683984
41379,0.95,155700.0,927.39,3.081550442,16.80193735
41380,2.99,252110.0,589.26,3.664637639,15.96479932
41381,1.98,398761.0,1886.48,1.685009205,17.15981569
41382,1.81,238863.0,1457.39,3.619622498,16.71209182
41383,1.42,157466.0,616.09,1.821991488,17.64717646
41384,1.59,131717.0,1395.61,1.539370801,14.90546783
41385,0.0,233911.0,1272.98,1.509439026,15.81111309
41386,1.89,369394.0,1924.42,1.319037496,15.47232749
41387,2.28,378862.0,2249.64,3.981168418,15.33824117
41388,2.26,348058.0,839.27,2.329914869,16.03012701
41389,1.9,159377.0,618.66,2.859125129,12.46576261
41390,1.62,382152.0,1965.68,2.969709452,13.1097727
41391,0.71,167976.0,1588.62,2.036680599,16.01666291
41392,1.1,370129.0,803.63,1.458105186,15.39511307
41393,0.62,343150.0,801.04,1.873114831,16.55333424
41394,2.14,234715.0,1347.78,2.023578617,13.72629134
41395,1.41,274770.0,2610.81,3.255635448,13.13019369
41396,1.55,362737.0,2576.89,4.665338514,15.72301385
41397,0.28,391326.0,1839.1,2.061011032,15.70055733
41398,1.33,363202.0,2504.95,1.00007829,15.8184608
41399,1.56,362362.0,1691.67,1.126635878,16.0497844
41400,0.94,387515.0,1942.93,2.123959429,16.25767335
41401,2.22,114947.0,1383.41,2.188534123,15.86790581
41402,2.03,143311.0,804.21,2.238500339,16.004669
41403,1.3,381204.0,886.65,2.499708563,13.06621663
41404,1.31,364448.0,1815.86,2.309992526,15.70575958
41405,1.28,368152.0,1290.28,2.874604765,17.23051113
41406,1.32,350264.0,1922.25,2.440799272,16.50299005
41407,0.83,142262.0,881.97,2.830358514,14.85158945
41408,0.32,163367.0,1895.59,2.488482556,14.83778941
41409,1.48,372890.0,1831.95,1.342235838,15.82119115
41410,1.34,149468.0,2226.91,0.888307329,14.69989261
41411,2.3,141675.0,1930.39,3.286581708,15.68626176
41412,1.51,127765.0,1851.79,2.143718362,14.98644418
41413,0.71,280852.0,1247.96,1.839555537,14.00842431
41414,1.28,273837.0,2046.12,1.753061973,15.98117204
41415,1.37,148765.0,2591.68,3.357729612,14.30000216
41416,1.19,367826.0,1579.07,3.18809235,14.59113508
41417,0.3,368734.0,1568.94,1.498460992,16.66672526
41418,1.54,374362.0,1944.76,3.159079523,15.53995591
41419,1.87,349545.0,1852.53,3.266682952,14.83303093
41420,1.32,261381.0,1822.84,1.345463306,11.42973425
41421,1.96,241911.0,1796.31,1.866111918,14.32905912
41422,2.9,140213.0,2529.67,1.025774493,13.09006622
41423,0.6,142348.0,1872.65,3.604007571,14.85229603
41424,1.51,355903.0,1955.82,2.493717663,16.18886253
41425,2.15,382034.0,1671.51,1.804418382,13.7204409
41426,1.92,391762.0,1300.91,1.928709854,15.06348536
41427,0.22,386950.0,1960.59,1.286488089,13.1048455
41428,0.66,342728.0,1429.41,1.07531533,15.14474662
41429,1.19,389582.0,735.92,1.052446812,15.80474767
41430,1.13,151732.0,1779.34,3.734519105,15.77177522
41431,2.0,393879.0,940.24,4.678392963,13.96410831
41432,0.48,277371.0,978.53,1.447432617,14.98320523
41433,0.42,379009.0,1930.93,4.444622754,11.86930241
41434,0.78,249968.0,1854.2,-0.013038929,15.53460004
41435,2.45,114947.0,1851.14,2.247646856,14.50999352
41436,1.74,386621.0,1811.4,1.492441753,15.54241593
41437,0.16,368340.0,1360.05,1.761903675,14.29731491
41438,2.07,360990.0,2064.75,3.061417632,13.15439297
41439,1.93,263603.0,964.15,1.989660849,14.01221639
41440,0.93,379567.0,912.98,1.761625838,14.84249334
41441,2.34,370698.0,1051.76,2.868821285,15.23403759
41442,0.72,377723.0,1927.8,2.220332181,14.71852157
41443,1.65,160503.0,2305.86,2.543701816,13.79202014
41444,0.63,361276.0,1932.57,2.94069888,15.61877257
41445,2.99,115775.0,2015.46,3.354435003,15.39428761
41446,1.37,275485.0,2305.29,4.539146661,15.17117562
41447,1.85,357573.0,989.63,3.856029775,13.95011736
41448,1.29,162936.0,1078.3,1.244729745,15.89040974
41449,1.03,378298.0,1540.04,4.267820242,12.20288631
41450,2.17,121383.0,1208.97,1.071160667,14.44004318
41451,2.0,131096.0,1168.24,3.725753269,16.26205305
41452,0.47,162406.0,1580.89,2.037045279,13.55753803
41453,1.78,246460.0,1950.62,0.871763487,14.63207417
41454,1.41,267812.0,2341.4,-0.323377597,15.13568433
41455,0.27,370669.0,2001.87,2.487930312,14.6749751
41456,2.34,351758.0,1824.04,1.33906089,14.87348899
41457,1.02,145975.0,1993.78,1.540076056,12.57645614
41458,1.75,352053.0,2494.98,1.626960908,13.48263342
41459,0.53,390627.0,1960.25,0.674157342,14.00834791
41460,1.55,137241.0,1050.73,2.478772554,16.03799857
41461,0.71,268294.0,1219.78,1.377467285,14.26146233
41462,1.5,259330.0,1763.25,1.721721827,16.16583178
41463,1.07,371605.0,1730.49,3.614113592,16.22258932
41464,0.88,401119.0,2776.29,1.757650703,15.27928041
41465,2.64,401119.0,1753.64,2.578592007,16.22452234
41466,2.61,362412.0,864.09,1.562622232,15.90738661
41467,1.92,126934.0,1609.67,2.173771747,16.20986285
41468,1.69,252569.0,1317.02,2.406356904,13.84820596
41469,1.52,368614.0,917.6,0.046455786,16.63437078
41470,1.68,374633.0,2396.69,4.463778503,14.86576506
41471,0.83,370184.0,1839.21,0.956773143,13.65257523
41472,1.44,362060.0,1146.24,2.082826717,15.93290642
41473,1.29,342877.0,698.43,2.192959543,14.50641313
41474,2.15,242270.0,2098.33,3.187276677,15.96930925
41475,2.14,359017.0,589.65,2.117875646,17.50300334
41476,1.25,351862.0,695.42,2.225646675,15.47223735
41477,0.77,249337.0,1178.8,3.63219432,15.35600627
41478,1.88,381219.0,793.02,0.359102506,14.71376722
41479,2.25,236146.0,740.85,0.859602006,15.73087776
41480,2.62,366889.0,2345.84,0.998656416,16.77027817
41481,1.8,376586.0,1914.62,1.885118924,16.84970484
41482,1.33,158266.0,838.45,1.86719313,13.87278367
41483,2.08,137702.0,1539.83,0.398156408,15.32881354
41484,0.29,171714.0,1868.63,0.776331725,13.68805157
41485,1.01,131758.0,775.16,3.459385418,16.8185374
41486,1.27,145098.0,1850.24,2.761626023,13.62737821
41487,1.14,363240.0,1734.83,2.470834389,14.14922538
41488,1.88,146054.0,2516.68,3.234501703,15.77530762
41489,1.57,259155.0,2581.31,2.199033478,15.77055828
41490,1.68,363875.0,1775.39,4.390675667,15.48178061
41491,1.18,371674.0,1888.89,1.705224134,15.44654685
41492,1.08,365331.0,1673.22,4.496527514,14.80523167
41493,1.08,380169.0,1811.15,0.818381137,16.18656553
41494,1.09,171663.0,1894.62,1.698154632,15.99681137
41495,1.51,348909.0,2519.09,2.295332888,17.44981416
41496,0.0,159987.0,1453.99,1.766677643,15.69379931
41497,1.3,265058.0,1879.47,1.207407326,14.44102109
41498,0.64,250530.0,1869.07,-0.08324151,16.23455085
41499,1.23,247634.0,2361.22,2.023350825,16.37296944
41500,1.98,149549.0,1865.73,2.153165084,16.08717389
41501,1.01,141556.0,1355.74,2.334389969,12.16708657
41502,2.16,131550.0,2258.1,1.363381545,17.06605372
41503,1.4,351514.0,2369.12,1.050601249,15.453898
41504,1.62,160249.0,1875.83,1.595179445,12.89479759
41505,0.99,372839.0,1855.1,2.312488306,15.97052928
41506,1.27,147070.0,1939.1,0.12850414,16.59290248
41507,1.77,166775.0,2485.33,1.015877953,14.34988295
41508,1.82,378407.0,1578.59,1.862981511,13.13967624
41509,3.13,368101.0,2402.89,3.252021987,15.186138
41510,2.31,355745.0,983.89,2.348426689,15.84665978
41511,1.32,135288.0,891.14,2.533342485,15.53108283
41512,1.71,131876.0,2001.82,1.56265628,11.2583727
41513,0.89,362680.0,2198.59,1.877688006,15.78861201
41514,2.33,252037.0,2555.5,0.848561674,15.74809328
41515,0.7,250455.0,818.1,1.570260506,16.98119125
41516,2.45,146177.0,695.0,3.668452338,14.31207136
41517,1.94,375136.0,952.69,1.63286049,15.52607942
41518,1.62,364569.0,1984.37,2.095655609,14.08612793
41519,1.86,351521.0,1707.72,2.871266609,13.68960172
41520,0.13,383730.0,1703.18,1.19186467,14.64183544
41521,1.33,141643.0,767.54,4.475381538,15.95827449
41522,0.82,355381.0,3021.56,0.935897228,15.85712195
41523,0.82,397011.0,2254.7,1.938074205,15.70246653
41524,1.4,237674.0,1017.6,3.591661654,15.59339889
41525,0.73,145124.0,2394.97,1.586870988,13.5115821
41526,2.27,115297.0,856.05,2.977437971,16.70693547
41527,1.84,368655.0,1848.18,1.20930059,12.73304414
41528,1.75,157418.0,2505.95,3.582597685,14.69799029
41529,2.19,371707.0,1695.09,1.859070588,15.15127458
41530,0.43,259454.0,1940.77,3.86860292,15.04215916
41531,1.55,159241.0,922.74,0.990191185,15.48062595
41532,1.39,344637.0,1161.88,4.56718263,15.15845587
41533,1.37,387686.0,764.19,1.144622791,13.31233116
41534,0.7,279002.0,2567.54,1.779312239,15.30961547
41535,1.65,385390.0,859.35,1.881751753,13.55921306
41536,0.89,370702.0,1609.54,2.08270921,16.4079758
41537,0.72,163993.0,1729.84,1.550457142,16.01574961
41538,0.3,358141.0,748.41,0.397508718,13.94266442
41539,0.69,136524.0,869.28,1.677988953,17.23302281
41540,0.43,374095.0,2261.57,3.672989113,13.06709902
41541,1.67,283632.0,1582.18,1.449899137,16.16650091
41542,1.54,136803.0,1160.74,1.780267279,17.61340596
41543,1.92,158629.0,1082.05,1.880484303,15.51608529
41544,0.3,246019.0,1620.42,1.519441177,16.0942136
41545,0.79,170677.0,2550.26,3.086836647,14.35904166
41546,1.43,359548.0,1783.36,0.94518524,15.8663155
41547,0.52,274407.0,1688.08,4.855455872,14.96935641
41548,0.76,166990.0,927.65,4.279327854,16.57109621
41549,0.0,376734.0,2075.71,1.530883252,15.98574355
41550,0.95,378915.0,2593.65,3.964103344,14.18945743
41551,1.05,247666.0,1822.03,0.734258879,16.02222145
41552,1.71,232296.0,1877.41,2.603863701,14.12948763
41553,2.52,141923.0,1902.88,0.755047054,15.63188768
41554,1.37,382391.0,1838.27,3.305808957,15.83194023
41555,0.35,232969.0,2463.4,2.048568738,13.69403704
41556,1.19,392096.0,1848.73,3.59272197,13.08666387
41557,1.78,250239.0,1074.53,2.385704795,15.18124086
41558,2.18,358433.0,1402.7,3.736288298,16.60864324
41559,1.2,373679.0,1762.14,3.019127602,15.12250771
41560,0.97,372123.0,1291.99,1.930657124,14.07395795
41561,2.19,355591.0,761.27,1.054883423,14.90648182
41562,0.83,377277.0,1802.17,2.719992021,15.40949456
41563,1.88,379141.0,1867.98,1.303008888,14.81700738
41564,1.86,153407.0,2380.56,1.629579145,16.08691
41565,0.49,266474.0,1446.52,1.910551604,13.50655377
41566,1.59,376553.0,1756.47,1.560922077,15.70713774
41567,1.76,376721.0,2408.5,0.761373415,16.36977388
41568,2.45,114947.0,1813.15,1.280579993,13.2511134
41569,1.43,365728.0,1150.12,1.596855675,13.37752955
41570,0.91,385707.0,2462.23,1.255600438,15.70080865
41571,1.55,383141.0,2383.6,3.686653906,16.49841198
41572,1.26,390527.0,1685.63,2.810541527,13.06952789
41573,1.78,155155.0,1312.73,4.568456883,16.1009297
41574,1.76,372581.0,2410.86,1.31617134,14.77516355
41575,1.47,366769.0,1185.16,0.842856657,14.29301161
41576,1.09,156077.0,2050.15,1.316959131,16.34565736
41577,1.0,249712.0,1368.22,4.115436077,15.10166861
41578,1.19,354258.0,2248.37,1.921060921,13.74945874
41579,1.08,151155.0,1901.65,0.924044896,15.61010007
41580,1.92,365932.0,787.2,1.959095289,15.3268489
41581,2.39,165750.0,1850.36,4.576773192,16.20262244
41582,2.37,344107.0,1996.99,2.20404626,14.94771932
41583,2.31,378099.0,1830.05,2.318076418,14.82945982
41584,2.19,361657.0,1694.11,3.094908431,14.08197724
41585,2.08,142281.0,2192.37,0.77059253,15.72510903
41586,0.92,362209.0,1498.35,1.595741282,15.61203382
41587,1.05,352107.0,1335.32,0.077144959,14.65825039
41588,1.59,357305.0,1824.87,4.124382666,15.57676909
41589,0.64,156416.0,981.67,2.856741641,13.90041876
41590,1.93,383199.0,1472.88,3.447915378,16.45722778
41591,1.72,252087.0,1869.4,2.750700715,12.72545038
41592,2.17,337564.0,1630.84,4.533163238,12.97647545
41593,1.95,363977.0,1345.75,2.979435127,13.69678586
41594,1.84,356006.0,1915.03,2.268619838,16.11871068
41595,1.63,375732.0,1852.43,1.155410662,15.70165039
41596,1.13,171379.0,2030.07,1.700811241,16.07506891
41597,1.54,253156.0,1550.28,3.126221422,15.82445014
41598,0.7,169638.0,2383.45,3.294337642,12.98225522
41599,1.26,152127.0,1888.38,1.332822607,14.51551754
41600,1.37,363459.0,1379.05,2.668369926,16.25687845
41601,2.1,157167.0,1792.65,3.336295965,16.20272401
41602,1.33,175783.0,850.83,0.629290746,16.67741032
41603,2.39,124702.0,1142.43,3.164776305,15.12251134
41604,1.66,389909.0,892.83,2.68487834,12.71967167
41605,0.82,142466.0,2288.73,0.439744147,13.36587747
41606,0.76,349157.0,1860.79,2.785657311,15.91296264
41607,1.49,148051.0,1998.97,1.577805902,15.9822671
41608,1.92,394624.0,1910.5,1.746678278,17.18220772
41609,1.37,146181.0,776.88,1.049132026,13.79556118
41610,1.94,268953.0,1992.0,1.836164375,13.88539982
41611,1.55,366057.0,2371.79,1.690535501,15.43876231
41612,1.23,361446.0,1153.77,1.884531417,14.54137803
41613,1.13,386576.0,1762.45,0.987811827,13.64622045
41614,1.37,133115.0,1187.04,2.680036426,12.91252959
41615,1.96,394412.0,2506.68,3.500685385,17.6577139
41616,1.13,341753.0,2113.94,1.524715145,15.24667222
41617,0.43,368442.0,1779.62,1.113414146,16.0938657
41618,1.67,259778.0,1581.18,1.197051937,16.01196348
41619,0.54,371780.0,2152.18,1.864474885,14.90589553
41620,1.28,357043.0,1863.12,2.193304737,15.28900697
41621,1.53,258131.0,586.86,3.097812285,15.51504094
41622,1.97,351651.0,1788.36,2.077300989,16.49422456
41623,1.89,373208.0,1032.24,1.337580207,15.62735442
41624,0.64,355838.0,1088.5,3.676242243,15.06304517
41625,1.19,363487.0,1790.26,3.612396703,15.33185533
41626,0.89,358320.0,1298.21,1.748136521,15.06423032
41627,1.35,362537.0,2299.52,0.175313261,15.32592838
41628,1.25,147547.0,688.37,2.822329295,16.19766797
41629,1.57,257246.0,1795.83,0.98536529,13.64700721
41630,0.85,138749.0,1737.03,1.703142969,15.25498696
41631,1.88,365611.0,1844.8,1.579494349,12.2108893
41632,1.24,153275.0,1257.05,3.600840671,15.26616891
41633,1.65,361448.0,720.83,1.160546018,15.41967126
41634,1.63,376928.0,2414.22,1.724171853,15.01323564
41635,2.07,371814.0,862.84,2.832939857,13.6413217
41636,1.37,262961.0,725.59,1.255635743,16.24469617
41637,1.19,265889.0,837.6,0.953486517,14.3834482
41638,1.7,162938.0,942.97,1.836007733,15.19790711
41639,0.78,346876.0,1694.93,1.524048858,12.49722504
41640,0.0,389724.0,1814.12,1.461610921,13.17817685
41641,2.04,134936.0,2639.06,1.440265352,15.4179642
41642,0.84,281159.0,1890.23,2.760216639,15.80648894
41643,4.32,361915.0,1591.73,4.424384941,15.96350262
41644,1.68,368818.0,1747.15,2.112797842,16.23718159
41645,1.28,153105.0,867.12,3.976029296,15.4038812
41646,3.26,121747.0,1951.85,-0.326393035,13.36250017
41647,0.89,245521.0,2118.02,1.677368611,15.1747415
41648,0.0,181842.0,2463.42,4.544516793,15.67455887
41649,1.12,156042.0,2511.4,4.497521921,16.67085511
41650,1.95,373564.0,1829.37,1.729775164,16.49185109
41651,1.02,360700.0,1805.76,4.013238844,13.51125586
41652,0.39,363858.0,1758.1,0.674131227,13.15521109
41653,1.61,374445.0,1933.19,2.957701074,16.20963832
41654,1.34,235129.0,2327.11,1.527056702,12.44607475
41655,0.86,374060.0,1937.64,0.756212914,12.25736874
41656,2.46,169081.0,3047.82,1.698721499,15.05828825
41657,3.15,114947.0,1842.13,2.02209083,11.45503718
41658,1.23,139401.0,1788.49,1.386099866,15.90548206
41659,1.25,367202.0,1954.77,2.136459391,15.72583022
41660,2.14,134182.0,900.39,2.422351342,13.81356138
41661,1.39,127693.0,1720.53,1.407250319,15.07674052
41662,2.65,360662.0,1257.67,1.272200485,17.73027397
41663,1.57,365866.0,1484.11,4.596273536,15.39808719
41664,0.7,344839.0,1362.28,3.349698649,13.72823258
41665,2.04,357701.0,2327.95,2.078440407,15.28396269
41666,1.46,369246.0,1699.94,1.700107243,12.12342255
41667,2.67,248622.0,1806.98,2.357900209,16.21236755
41668,1.21,354893.0,1469.72,2.862515916,14.3157475
41669,1.42,373512.0,1973.19,0.917416049,16.7005449
41670,0.71,131862.0,2287.7,3.613939794,14.26432053
41671,1.76,358481.0,2378.26,3.149820223,15.31688991
41672,1.34,375887.0,1796.3,4.876763175,15.9165887
41673,1.2,381097.0,1882.54,1.699539807,15.42760217
41674,0.88,377074.0,2140.24,3.133388758,11.83241067
41675,1.62,372400.0,861.83,1.348886279,15.16234824
41676,1.76,357012.0,1130.62,1.696623151,15.43665932
41677,1.74,159582.0,1618.86,1.872726089,13.88427984
41678,0.73,359357.0,1268.66,3.608156706,12.36728802
41679,1.55,168446.0,1591.81,1.584812731,16.05957026
41680,2.17,126754.0,1598.42,4.4322251,14.73102608
41681,1.3,149279.0,2009.55,0.240723739,15.74121754
41682,0.86,363236.0,1610.16,1.835164027,14.74110078
41683,1.74,371367.0,2559.15,1.593179302,16.84266027
41684,2.42,368250.0,1519.87,1.72502077,15.96277555
41685,0.2,257310.0,1960.33,1.780278438,11.2583727
41686,0.58,163682.0,893.72,0.698920119,16.70288842
41687,0.83,153415.0,1457.44,2.249434811,16.01162991
41688,0.54,352801.0,938.36,1.18126984,12.94781145
41689,1.39,169507.0,3047.82,2.496510858,17.3512469
41690,2.01,357293.0,2354.51,2.071690265,16.07365811
41691,1.21,256890.0,2211.77,1.856520208,15.64907253
41692,0.82,362760.0,1946.23,2.836238126,16.12528191
41693,1.8,373287.0,1599.93,1.744008551,15.74221665
41694,2.25,356356.0,2781.04,1.764613835,15.30760019
41695,1.53,232862.0,1416.95,-0.271245717,16.09707776
41696,2.26,372126.0,1820.82,1.714628404,15.00034212
41697,0.83,149150.0,743.06,1.9311249,15.29901096
41698,1.56,259528.0,2347.47,1.485952741,16.10598022
41699,2.01,235941.0,1306.26,2.623969041,14.34544109
41700,2.09,241318.0,2306.43,3.024576433,14.49425809
41701,0.74,256920.0,736.99,1.600368587,15.97293101
41702,1.12,331307.0,1437.17,1.593321573,15.64957098
41703,2.37,358111.0,1528.07,0.816089273,15.60890808
41704,1.48,381409.0,1852.34,1.782936566,16.68993374
41705,1.54,138647.0,743.08,1.669516326,14.40387509
41706,1.23,138551.0,1472.0,2.029939189,14.03054945
41707,1.68,133474.0,1694.25,3.754493504,16.45194063
41708,1.57,356837.0,1388.31,2.056831579,15.19203293
41709,0.36,246866.0,1462.58,4.177110867,15.69587009
41710,1.9,380742.0,1814.65,1.656381167,13.04364365
41711,1.7,225194.0,1668.44,2.306449782,14.50770686
41712,2.18,360173.0,1323.83,0.6776967,15.91600921
41713,1.51,364718.0,1505.22,2.986860713,13.65188038
41714,1.11,380320.0,1858.62,1.519586061,16.87866678
41715,1.17,396065.0,2985.36,1.36333062,16.51872314
41716,2.23,119546.0,1776.91,3.061494128,16.38713726
41717,2.52,363341.0,1067.89,1.749988911,15.6740464
41718,1.06,159961.0,2056.44,2.559206919,16.57133929
41719,1.93,375205.0,2834.51,2.875448255,17.73027397
41720,1.79,401119.0,1059.6,1.54969331,13.37364045
41721,1.66,252687.0,1685.05,3.038429595,16.00943378
41722,1.99,263535.0,2273.02,2.287092119,14.57241649
41723,2.06,372361.0,1511.87,4.404822411,15.4233729
41724,2.12,161909.0,1919.36,1.175469564,15.77311299
41725,1.01,145962.0,1020.71,3.73891389,16.06233251
41726,1.31,366572.0,1758.62,1.190337472,15.35667266
41727,2.77,147895.0,2081.28,3.426150913,17.23206435
41728,0.9,167915.0,1793.06,1.394180045,16.25700853
41729,2.35,393130.0,2223.86,1.706930584,14.16510521
41730,1.31,375261.0,1512.56,2.207476716,16.94108482
41731,1.52,242495.0,1250.19,1.028496799,14.99887996
41732,1.18,135341.0,1344.87,1.701934555,13.5804237
41733,0.62,369832.0,1602.28,2.15101261,15.19902203
41734,2.89,376395.0,747.35,1.971243155,15.29420738
41735,2.45,364155.0,1643.3,2.532763572,14.76728302
41736,1.2,378919.0,1301.73,1.754529839,14.49355107
41737,1.59,191581.0,1736.19,1.534994218,15.79950139
41738,1.03,261313.0,1925.07,1.588936958,13.6867779
41739,0.94,150833.0,1765.14,3.429709192,16.91207112
41740,0.98,385798.0,2750.19,2.175660595,15.7591546
41741,1.35,130272.0,1482.63,2.687620338,16.74545637
41742,1.61,397341.0,1966.1,2.150241919,13.65792202
41743,1.27,344454.0,2143.97,1.874626085,15.96658022
41744,0.74,378238.0,1541.93,1.609097379,13.71643717
41745,2.83,149098.0,980.71,2.871848819,16.4954022
41746,2.67,123078.0,1756.84,0.758254723,13.68531931
41747,1.3,362235.0,1819.88,1.385006185,14.17876603
41748,1.15,151341.0,869.41,3.490572754,14.99171744
41749,1.52,270601.0,2076.74,3.861204961,15.44992525
41750,1.52,259902.0,1574.44,1.495064122,12.95903293
41751,2.01,380868.0,817.95,3.848135886,16.57306062
41752,0.0,154183.0,2847.95,1.653110387,16.05862543
41753,0.55,374337.0,2293.22,4.582375837,12.6885746
41754,2.64,378860.0,611.45,2.883906762,16.69454805
41755,1.56,282894.0,1661.99,2.782254087,12.56757109
41756,0.38,179755.0,1889.55,2.269998387,14.49414792
41757,1.18,261624.0,2927.32,3.109938632,15.2721648
41758,2.06,241355.0,1902.0,1.58654432,15.9936105
41759,0.68,375237.0,1380.49,3.662431277,14.64945169
41760,1.14,375531.0,1881.01,1.998243311,16.17436213
41761,1.62,361397.0,864.83,0.61204245,13.80808428
41762,1.62,140404.0,736.62,1.204964018,14.17117815
41763,1.5,278758.0,2475.32,2.149816193,15.40852098
41764,1.55,144938.0,2188.15,0.872543595,15.2658963
41765,0.8,160735.0,1455.91,2.915056988,13.93113401
41766,1.27,138405.0,2278.41,1.305307033,15.82779839
41767,1.68,258779.0,1779.64,2.088491611,15.94857598
41768,1.29,143030.0,586.86,1.32476921,12.81647831
41769,1.37,177149.0,974.11,1.796642148,15.71277262
41770,2.67,243764.0,996.75,2.163286561,15.42371352
41771,0.76,359060.0,1904.25,2.80276309,15.80324044
41772,1.66,377969.0,843.24,3.884232973,16.94825866
41773,1.47,346422.0,1376.71,1.34824439,16.18155734
41774,1.64,134340.0,1810.93,-0.326393035,13.66396602
41775,1.42,241144.0,2290.76,1.463051469,16.67316752
41776,1.18,259670.0,2727.58,1.666418522,16.10413826
41777,1.23,129882.0,1318.5,1.249229007,15.61382277
41778,5.4,358437.0,1895.78,0.567028571,15.55104075
41779,2.59,143541.0,706.05,1.298135105,15.97314222
41780,0.62,138996.0,1833.93,1.459425609,13.23048498
41781,0.73,372667.0,1755.77,2.100232226,15.79019373
41782,2.41,150997.0,2235.26,1.922153138,12.13525062
41783,2.19,353417.0,1696.09,2.106055959,14.78606569
41784,1.81,172783.0,1023.43,1.591081676,15.29032037
41785,1.39,333938.0,1827.11,3.433882414,15.04303246
41786,2.21,344584.0,1696.57,4.489530177,14.04896592
41787,1.09,129938.0,2721.66,-0.189434896,15.97183199
41788,1.07,372517.0,1729.45,1.219836072,16.00570235
41789,1.74,356939.0,1242.3,4.183445704,15.04878468
41790,0.94,344297.0,2323.48,1.327136669,15.94252921
41791,1.38,361958.0,803.54,1.149015946,15.4171771
41792,1.62,386517.0,1853.27,3.62902553,15.6178291
41793,1.56,157537.0,1231.42,1.486334899,15.90850635
41794,1.96,355649.0,2261.21,-0.326393035,16.05411886
41795,2.8,127886.0,1148.66,1.96951103,15.8103391
41796,1.2,367831.0,2078.26,1.262386076,15.17093367
41797,0.59,139285.0,596.44,3.553973106,15.22815879
41798,1.37,354435.0,1443.06,0.436700308,15.7076743
41799,0.68,379206.0,1879.94,1.281257926,16.31801053
41800,0.63,256944.0,1944.92,3.180303404,15.38666594
41801,1.42,342389.0,1522.54,3.16162152,16.43324839
41802,2.24,248068.0,1921.01,3.666740263,14.51595345
41803,1.04,384138.0,1531.29,2.067885203,16.20697812
41804,0.87,161620.0,2028.64,1.570021398,15.59240198
41805,0.92,147185.0,1790.89,1.863182206,16.2624709
41806,1.87,401119.0,1763.17,1.571635368,15.60909689
41807,2.45,283427.0,823.82,3.077517218,15.57506106
41808,0.36,374674.0,776.21,0.834348333,13.83820129
41809,1.65,376233.0,1443.26,0.539321584,15.52970591
41810,1.04,144821.0,1362.36,0.305843054,16.95553789
41811,1.22,384866.0,1869.6,2.361769093,16.95219511
41812,1.65,383283.0,786.56,0.2747451,15.86272029
41813,1.19,275749.0,1212.54,1.674249721,13.66415873
41814,2.16,361384.0,1777.37,3.053035643,16.25284235
41815,1.62,342209.0,1837.87,1.673451844,13.9150842
41816,0.65,159017.0,1726.91,-0.326393035,17.29364498
41817,1.05,354063.0,2249.28,3.498590429,14.05404554
41818,1.54,367169.0,1878.93,1.563346719,15.65649773
41819,1.29,251179.0,1580.19,1.273660032,15.69143264
41820,1.74,363197.0,2458.13,2.156791857,15.16421242
41821,1.13,382362.0,737.84,1.285037442,12.45266634
41822,0.71,155584.0,1659.22,2.490969229,17.50894113
41823,2.71,125092.0,1726.23,4.93924406,13.16005663
41824,1.58,378579.0,2002.72,3.62870588,14.96233871
41825,1.73,388427.0,1052.92,2.520461787,16.19181595
41826,1.83,344518.0,1212.36,1.726105085,15.35497495
41827,2.36,367180.0,1105.27,3.617425067,14.02015378
41828,1.86,385862.0,1882.61,0.226003319,15.67696596
41829,2.06,342262.0,1708.61,1.670912436,15.52333376
41830,1.64,387504.0,2366.2,1.388646171,15.99492068
41831,4.77,154753.0,2418.02,1.034834935,15.80302266
41832,1.59,259415.0,1598.36,2.269681813,13.58512437
41833,1.35,372635.0,638.79,1.893847883,15.66684916
41834,2.01,362726.0,1829.27,1.126837632,16.22007808
41835,1.84,258200.0,2519.9,1.796734081,14.31662122
41836,1.82,355164.0,1678.28,1.650314064,12.60505423
41837,1.64,133766.0,1823.91,2.864956416,14.98951387
41838,0.67,341809.0,2300.85,1.715928593,15.24655749
41839,2.0,146840.0,1225.08,2.156061469,14.91113209
41840,1.3,363213.0,787.59,2.253316706,11.62106992
41841,0.4,279009.0,1452.53,3.938717019,15.31919295
41842,1.59,353044.0,1836.91,1.65934477,15.74869637
41843,1.9,158088.0,2356.43,2.914931105,11.2583727
41844,0.67,364272.0,1066.29,1.180553477,13.94065532
41845,0.94,143263.0,2665.32,1.961287927,15.76646105
41846,1.41,359061.0,1789.03,1.656613498,13.88703721
41847,1.74,359947.0,1820.98,1.051553859,15.69398204
41848,1.93,139803.0,724.04,1.583495916,12.98523207
41849,1.54,350960.0,2380.49,3.516743604,13.21688514
41850,1.36,227997.0,2199.97,1.929499331,15.41728137
41851,0.98,263836.0,1535.12,1.938566757,16.08258566
41852,2.29,138789.0,2257.58,3.089049925,15.46086771
41853,0.74,252286.0,2179.84,4.02312276,14.21994473
41854,0.0,359667.0,1602.57,1.990365196,16.39087132
41855,1.7,393442.0,1439.16,1.783906249,15.46205086
41856,1.45,379798.0,1751.25,1.141688025,13.78013267
41857,0.03,360977.0,1946.05,3.350104116,15.86560671
41858,1.21,363790.0,2621.55,1.230374497,16.81606696
41859,2.05,382287.0,823.81,3.941939142,15.2112389
41860,0.94,375415.0,1527.61,1.358077465,15.50548851
41861,1.24,365714.0,1478.87,2.43012671,14.90956953
41862,0.92,140319.0,1686.31,1.735604243,16.01100124
41863,1.66,246958.0,1839.1,4.20782033,15.06668731
41864,1.7,352105.0,1524.95,0.968242953,14.65232981
41865,3.27,367691.0,1912.74,2.443409476,16.15721928
41866,1.1,399088.0,2055.24,2.57109069,14.93861309
41867,1.08,265398.0,1926.26,2.064907562,12.72516069
41868,1.97,155838.0,1364.34,0.695478095,15.93672706
41869,0.47,378524.0,1064.53,4.40544567,14.49703257
41870,1.19,374129.0,1419.66,4.284628704,16.06202223
41871,2.15,250162.0,1477.05,1.785148901,16.42031434
41872,0.94,378988.0,1859.09,3.187312275,15.13310533
41873,1.21,237148.0,1379.29,2.838251769,12.84711045
41874,1.24,362928.0,1167.65,4.240605252,13.2623398
41875,1.02,379766.0,1746.84,1.844519405,16.15696286
41876,1.42,354735.0,893.58,2.393353366,16.14539843
41877,1.84,147202.0,2285.12,1.678782601,15.44052877
41878,1.43,382204.0,1286.89,2.404202196,15.0422353
41879,1.74,250729.0,2840.75,1.248450982,15.05643323
41880,1.34,250605.0,1435.05,1.049215527,15.66974669
41881,1.16,379904.0,2021.8,2.224094068,16.58919763
41882,1.14,133825.0,1273.18,0.865675471,13.3624441
41883,0.93,157292.0,1129.18,1.588363627,16.00199157
41884,1.3,137432.0,896.82,4.311045515,17.26000443
41885,1.8,142470.0,1543.37,2.706882584,12.87884065
41886,1.69,366061.0,1534.29,2.741307294,14.95716921
41887,1.83,119789.0,1686.23,2.595580985,15.79709527
41888,2.29,140905.0,2159.42,-0.016184026,15.55903446
41889,1.16,177356.0,1739.32,4.882566077,16.93187508
41890,0.42,378226.0,1909.21,3.802357572,16.30309618
41891,2.02,145561.0,1846.83,4.93924406,14.98811065
41892,1.57,240507.0,707.61,0.790692482,15.52378415
41893,1.73,265011.0,2526.47,1.329250036,16.93314373
41894,0.4,149677.0,1830.76,3.463287285,13.22978344
41895,1.04,376676.0,1851.84,0.885720681,16.4655125
41896,1.67,134656.0,1656.58,1.643304505,16.18839831
41897,1.23,382987.0,2508.58,1.341532956,17.00386656
41898,1.43,246197.0,1865.75,1.801218715,14.40704304
41899,0.75,124704.0,706.46,4.308266988,13.04763169
41900,2.56,357670.0,1590.9,0.533134439,11.503813
41901,2.15,267952.0,1759.61,0.07805018,17.13668777
41902,2.08,265677.0,2224.76,1.939671876,14.31986081
41903,1.46,354587.0,1308.52,3.554980943,14.55961692
41904,2.03,154109.0,1859.4,1.018627253,14.15162624
41905,1.03,369151.0,2247.9,2.898428728,15.65993995
41906,1.26,394633.0,1782.49,2.23261347,16.36876881
41907,0.47,151455.0,1895.4,2.635928158,16.52472877
41908,1.07,141140.0,2489.87,2.793886251,13.36859325
41909,6.36,378337.0,1767.5,4.232857388,15.65844743
41910,2.69,372212.0,1240.61,1.414570103,15.03781327
41911,1.22,380074.0,2139.24,1.618354136,15.34913001
41912,2.87,351515.0,2398.43,1.137158278,15.22933554
41913,0.21,348624.0,1203.94,1.06886534,13.31616453
41914,0.87,170737.0,1945.23,3.197796628,14.62882924
41915,1.79,254743.0,1790.93,2.052146447,12.47847337
41916,1.28,401119.0,2529.1,4.436671426,15.76443535
41917,0.9,358466.0,1355.73,1.898733642,14.83577267
41918,1.31,363145.0,1266.4,1.713461804,15.85294232
41919,0.92,377654.0,1753.25,1.211187906,13.64991204
41920,2.34,388396.0,916.66,2.580878698,15.93007162
41921,0.86,146953.0,1152.64,1.606369969,15.81994367
41922,2.27,270386.0,2534.09,3.625159544,15.27702603
41923,2.3,371138.0,1810.79,2.775086427,15.73199932
41924,0.04,375494.0,2188.89,2.257395407,13.94773633
41925,1.55,139980.0,1766.65,1.411450883,16.56183035
41926,2.26,273674.0,1997.04,3.295848418,16.10774396
41927,1.48,141145.0,2266.6,2.724002463,16.10552647
41928,0.88,389563.0,963.35,2.850777143,13.56063466
41929,0.27,150709.0,2169.46,1.412574151,13.28744904
41930,2.47,253908.0,1929.65,2.06966089,15.8073837
41931,0.91,152273.0,1791.35,3.554079491,16.02135721
41932,1.68,164407.0,2640.73,3.339237859,15.89125131
41933,0.39,157705.0,1835.26,0.259588893,17.12640078
41934,1.33,362453.0,1826.5,-0.132052342,15.13407127
41935,1.14,150468.0,1112.31,0.588647371,16.05665125
41936,0.2,268464.0,2089.76,2.366179452,12.87875895
41937,1.2,367495.0,1747.76,2.071709006,16.08647721
41938,1.16,392438.0,1428.7,2.464355964,14.88680649
41939,2.06,376841.0,1910.58,1.683812391,16.60320924
41940,0.88,260821.0,1659.85,4.598277088,13.35677339
41941,1.86,249293.0,1081.57,4.109348584,11.8805994
41942,0.65,140049.0,1710.35,3.481675295,14.81888975
41943,1.7,280092.0,1523.41,2.148925367,15.43223573
41944,2.6,366146.0,1810.14,1.906757393,16.40642874
41945,1.1,145060.0,903.7,-0.128725924,11.34503774
41946,2.09,388774.0,1768.17,2.498381725,14.84755228
41947,1.0,153600.0,1588.05,1.832883254,15.83806924
41948,2.04,372423.0,1883.41,2.704846029,15.18938067
41949,1.28,396127.0,1859.95,1.93787505,15.45080627
41950,0.03,375523.0,615.36,3.232233929,14.976799
41951,0.78,384850.0,1880.45,1.417198045,17.50278765
41952,0.43,173673.0,878.38,2.895337169,17.73027397
41953,0.94,129277.0,883.03,0.086903296,14.58702768
41954,2.07,364611.0,1395.33,1.423942431,15.13978755
41955,0.8,239880.0,1480.7,4.173572674,15.13569303
41956,1.76,259281.0,1933.31,2.100950533,16.30912972
41957,1.0,258502.0,1657.54,3.412844608,16.52691772
41958,1.66,356698.0,1662.16,1.789022559,13.92358121
41959,1.33,376177.0,1834.29,4.435624128,16.29333928
41960,0.59,261355.0,2019.15,1.063778653,15.99022982
41961,0.45,259946.0,1889.16,4.552670664,15.91508792
41962,1.96,389201.0,1437.84,1.620132015,14.0132357
41963,1.15,358466.0,1072.05,0.851559847,15.85352006
41964,1.52,383114.0,939.42,2.180344976,16.27194819
41965,1.29,370497.0,1935.93,2.263169369,15.58560418
41966,1.24,143935.0,960.5,2.179106922,17.25166173
41967,2.38,389105.0,2225.67,1.425133261,17.09953124
41968,1.55,148761.0,1858.85,3.021864184,14.27354918
41969,2.09,261838.0,2421.25,1.709870266,15.56344381
41970,0.29,373076.0,1530.42,0.987476648,16.08895291
41971,0.85,165395.0,1978.97,4.399571769,16.02438096
41972,1.47,168128.0,1869.47,2.840089343,13.63772998
41973,1.59,360737.0,1446.51,3.958260862,15.81643384
41974,1.31,147458.0,1847.43,2.557942198,15.25767881
41975,0.61,252112.0,1866.82,1.256322814,15.15758826
41976,2.12,117095.0,798.3,2.984482251,15.69968908
41977,0.28,254050.0,2484.08,4.357322185,16.32088207
41978,1.57,376757.0,2840.68,2.273900976,15.27367584
41979,2.57,150269.0,638.3,1.765357778,13.93243391
41980,2.06,164129.0,1921.64,2.885553033,15.72695237
41981,1.39,259511.0,1329.98,2.545089642,16.17541969
41982,1.32,365125.0,2467.02,3.750094976,16.13791928
41983,1.41,143893.0,1710.66,3.223457385,16.99091173
41984,0.86,345190.0,729.05,0.535202611,13.0535275
41985,0.93,370267.0,2968.9,1.781655444,16.05817114
41986,1.94,377083.0,1898.82,1.849963456,15.00225955
41987,1.33,359024.0,2621.64,1.184205254,14.90358366
41988,0.48,268106.0,1894.25,3.825894491,16.41607962
41989,2.02,149207.0,1839.71,0.517912775,17.17823241
41990,1.08,247186.0,1807.04,2.901286007,12.43276821
41991,2.1,135031.0,2046.95,0.691332189,14.92690025
41992,1.51,268387.0,647.32,1.495763023,14.75576225
41993,1.15,372768.0,2539.45,1.737077201,15.4823694
41994,1.82,262106.0,1447.29,4.253575961,15.34814088
41995,1.3,369459.0,2457.15,1.015032171,15.48095063
41996,1.38,372544.0,1769.67,1.204083257,13.37620144
41997,2.36,371828.0,782.61,0.839354921,14.77532175
41998,0.61,274934.0,1516.86,3.436312637,15.51941533
41999,2.58,250466.0,1309.05,4.246722903,16.90709076
42000,0.89,368260.0,1166.07,4.10742055,15.19647951
42001,0.34,153364.0,1485.37,1.137735114,15.77373275
42002,1.42,382755.0,2088.13,3.012770209,16.14790945
42003,1.58,272603.0,1791.13,2.262825996,16.89615884
42004,1.85,162549.0,1980.11,2.660472914,13.61340505
42005,0.34,118168.0,1312.65,1.341925526,14.39839891
42006,1.19,258928.0,1949.55,4.179865047,16.05497548
42007,0.84,240527.0,1391.83,1.435542618,15.51630601
42008,1.4,150667.0,2302.83,0.241755499,15.59618838
42009,1.21,382739.0,1976.48,3.898556363,14.75045519
42010,0.91,171647.0,1477.49,2.038366805,14.40541311
42011,0.86,376646.0,2261.14,2.577273314,16.81148562
42012,0.58,246660.0,2014.76,0.457151295,16.45729397
42013,1.45,119123.0,1272.05,1.428006565,15.19052474
42014,1.18,261284.0,1815.15,4.134383444,15.32419845
42015,1.69,345506.0,1410.69,0.959417728,14.67423423
42016,1.26,359104.0,1854.29,3.284908514,16.07692665
42017,2.48,370695.0,602.26,3.762204346,16.29703025
42018,2.7,136661.0,2577.15,2.164288843,15.69299253
42019,0.53,376625.0,2386.71,1.903827503,15.27925258
42020,1.59,365937.0,2247.33,1.827483587,14.7134732
42021,0.49,144425.0,2476.18,2.992431489,15.43127365
42022,0.58,396982.0,2533.43,3.286563274,16.41191569
42023,2.72,251668.0,1553.3,1.740842311,13.34062728
42024,1.61,255325.0,2082.3,1.799565795,15.20377767
42025,2.48,154824.0,844.37,2.838976972,14.7289957
42026,1.17,162493.0,1703.31,3.039927848,14.41955666
42027,0.92,362715.0,1645.82,1.53713203,15.69158929
42028,0.83,383857.0,1853.6,1.756195967,14.49802315
42029,0.87,249760.0,1039.02,3.37248114,16.60150423
42030,2.41,238753.0,2387.18,2.658289996,14.27617946
42031,3.63,263994.0,2074.52,2.71020617,15.9517522
42032,1.97,371283.0,1872.79,2.112201813,15.91576879
42033,1.63,287899.0,900.93,3.304520761,15.78569372
42034,1.02,259222.0,2591.85,1.380209647,17.28596953
42035,1.12,338702.0,586.86,1.889466877,12.01438055
42036,1.78,145147.0,1593.61,1.53763425,15.55660396
42037,1.65,357266.0,1818.31,1.162334592,15.37419584
42038,1.63,272120.0,1869.22,4.93924406,13.73780822
42039,2.82,242938.0,1702.63,1.337521365,15.00313447
42040,1.12,357632.0,2396.44,2.31465252,16.00301779
42041,2.43,250320.0,2463.0,1.177160623,14.85647533
42042,1.11,346216.0,1841.72,1.157014975,15.3282632
42043,1.79,246189.0,2342.36,2.205229139,16.335668
42044,0.62,139206.0,966.35,2.68830719,16.32303594
42045,1.74,374810.0,1808.15,0.201343684,13.40823903
42046,1.6,349189.0,1640.86,-0.24350463,15.56244605
42047,2.2,347061.0,1035.81,2.896847984,14.75164063
42048,1.79,357235.0,2004.14,1.326466886,16.33141416
42049,1.32,360937.0,2101.15,4.157104145,16.35806449
42050,2.72,142003.0,1624.98,1.625594665,17.73027397
42051,1.25,349102.0,1800.87,1.179677441,15.84347852
42052,0.77,247079.0,1034.49,4.296797173,15.99960546
42053,0.77,380459.0,2131.28,2.025124261,15.39799731
42054,1.15,379851.0,2313.3,2.312693059,14.07000303
42055,0.57,264432.0,1978.84,1.293882039,14.83830138
42056,1.93,137629.0,1032.18,0.858675687,14.82819986
42057,1.92,359147.0,1959.76,1.256704872,15.83781175
42058,2.37,362185.0,1196.91,3.997563796,14.15107002
42059,1.49,357274.0,1833.89,1.489808211,17.60008615
42060,1.69,286164.0,910.02,2.623426904,15.59208476
42061,0.19,385801.0,790.06,2.32238572,15.68543089
42062,1.98,251920.0,988.81,1.36685858,15.58877495
42063,1.08,392602.0,1547.26,1.73605805,14.50245202
42064,1.8,355323.0,1260.14,1.769489279,13.50148442
42065,1.86,361760.0,1426.45,1.605784048,13.82123823
42066,1.37,172842.0,2359.08,0.550207773,16.83968574
42067,1.23,257734.0,1888.15,1.168730359,17.09283196
42068,1.29,156892.0,2100.61,1.46106786,16.84450871
42069,1.42,164268.0,2368.49,-0.232876443,15.52202592
42070,1.48,242201.0,1292.31,1.453800988,16.79900942
42071,1.33,341662.0,1919.61,2.895140565,14.99725212
42072,1.66,140893.0,2373.71,3.453882818,15.23238502
42073,0.82,266011.0,1824.59,0.896745896,13.68220165
42074,1.5,259811.0,980.33,2.704031006,14.32356447
42075,1.21,226636.0,1113.48,-0.326393035,12.75020819
42076,0.81,365223.0,1639.88,1.371781198,17.73027397
42077,1.22,378788.0,2029.6,0.759837167,13.32599599
42078,2.27,377905.0,1044.29,1.065477685,15.12615441
42079,1.99,244696.0,690.77,1.592770644,11.30787073
42080,1.56,249857.0,1921.27,2.007043104,12.60934883
42081,2.04,368244.0,2393.65,-0.260513654,15.75380291
42082,1.33,154418.0,798.26,1.765006958,15.99426773
42083,1.48,369621.0,1981.69,1.641381351,15.16541144
42084,1.39,359772.0,2011.18,3.160155783,14.82894171
42085,2.14,395972.0,1508.83,1.619469451,13.93177491
42086,1.42,245621.0,1931.38,2.571795977,16.83315343
42087,0.8,146347.0,1721.46,2.319155836,16.17583183
42088,0.85,169191.0,1869.05,3.560861237,15.90009907
42089,0.56,144600.0,1933.13,1.261037036,15.71902067
42090,1.78,341196.0,1035.74,1.776509644,15.87718808
42091,1.28,373066.0,1761.43,2.924751007,13.25881995
42092,1.53,143382.0,1366.68,2.002088702,16.56080056
42093,1.64,374157.0,984.76,4.372375926,16.18374362
42094,1.24,121720.0,702.97,4.403839386,13.23551915
42095,1.39,350071.0,1767.03,1.991104348,14.8494274
42096,0.76,363180.0,1887.09,1.71018998,13.4287353
42097,0.4,376925.0,2274.23,2.925405168,12.89318018
42098,1.24,372392.0,1702.88,0.204344576,15.8299706
42099,1.1,365025.0,1828.51,3.444289329,13.99527832
42100,1.37,367756.0,1835.53,2.033174839,15.80959057
42101,2.04,163645.0,1834.67,0.627984003,16.39116896
42102,1.16,364809.0,1861.9,0.097048408,15.80729485
42103,1.83,362807.0,1903.18,2.737809265,16.15274123
42104,1.58,142277.0,1454.42,1.284434788,15.57172567
42105,0.04,273316.0,1984.71,2.302916247,15.09903722
42106,2.05,362228.0,2324.17,1.744329895,15.66108626
42107,2.02,353087.0,1817.18,4.64208473,15.87590974
42108,1.22,147641.0,1729.15,1.949831046,15.12439348
42109,1.81,161282.0,1173.2,1.698810228,14.79683743
42110,1.54,353269.0,1061.25,2.887555852,15.223953
42111,0.22,391164.0,2386.84,2.011603884,16.07029899
42112,1.85,259073.0,2195.5,3.715651423,17.08060513
42113,1.21,147434.0,1841.98,1.128826167,15.73627625
42114,1.2,373106.0,1395.84,4.580907016,14.88562452
42115,1.34,371415.0,785.06,1.839721976,15.48777505
42116,0.61,346963.0,2071.24,1.552000201,14.9397628
42117,2.08,245023.0,1790.84,1.335565168,16.74946047
42118,0.21,140317.0,1234.8,1.975660692,16.36259235
42119,2.18,143795.0,1887.25,4.93924406,16.44446416
42120,1.71,136740.0,1798.98,1.107461056,15.94625575
42121,0.84,361111.0,1918.8,3.340222752,16.06673445
42122,0.91,272673.0,2367.21,2.505759556,15.40722208
42123,2.43,374490.0,2634.35,1.614041017,13.90461587
42124,1.55,149881.0,1670.68,4.187694978,11.44498683
42125,0.57,241277.0,2349.5,2.694210203,17.09437268
42126,1.31,128114.0,1776.71,-0.280956226,15.94395399
42127,0.57,264931.0,1940.45,2.589008178,14.84313223
42128,1.72,246489.0,2591.47,1.621239522,12.27453889
42129,1.78,389107.0,1854.05,1.778748084,17.52124768
42130,2.05,256840.0,803.37,1.877107209,15.76672066
42131,1.98,359972.0,2246.06,1.589847467,15.16501159
42132,1.67,371667.0,2736.45,3.064792027,15.89535095
42133,1.89,149669.0,1943.42,3.517281044,15.51171068
42134,0.95,375960.0,854.21,2.174940678,16.96692126
42135,1.83,363105.0,752.85,1.026800051,13.19641495
42136,0.37,171641.0,1870.67,2.410265017,16.31926016
42137,0.56,154470.0,2449.84,1.859055435,15.7644767
42138,1.41,362079.0,2593.15,0.497017154,12.03351559
42139,1.26,267497.0,2420.31,2.977287992,15.77029251
42140,1.45,138522.0,2261.97,3.040251061,17.63083057
42141,1.34,374901.0,1958.75,2.000980702,15.95936671
42142,1.96,379391.0,1837.34,4.143103995,15.86035976
42143,1.44,370577.0,1873.74,0.585670598,13.83448199
42144,3.79,265002.0,1472.19,1.893916698,15.33150543
42145,1.04,386088.0,2393.0,2.248392448,16.71466521
42146,2.03,255393.0,1808.21,2.838313029,16.45172794
42147,1.44,165274.0,1580.06,1.846966476,13.77559377
42148,1.31,393931.0,2075.41,2.358033412,16.54614152
42149,1.13,364392.0,1754.59,4.020469855,17.01943845
42150,1.28,382353.0,2195.33,3.641788466,15.48061541
42151,1.75,365959.0,2294.13,2.384950019,15.82782166
42152,2.53,355697.0,1283.16,1.024320275,12.27485774
42153,1.04,379736.0,1875.04,2.496356038,17.04683958
42154,1.01,160796.0,2621.56,0.635496544,16.84435472
42155,2.05,147302.0,1301.37,2.805017251,14.28564968
42156,2.59,379590.0,1508.08,1.98829202,16.57162537
42157,1.95,235376.0,1179.36,3.338307024,15.12148355
42158,0.6,143664.0,2172.44,1.315429121,15.80702047
42159,1.78,249507.0,625.49,1.258269592,16.10446303
42160,2.01,274907.0,2247.39,1.952860881,15.43106336
42161,1.81,376228.0,2143.66,1.186154954,14.8711228
42162,2.62,128943.0,826.56,1.198209804,15.71920979
42163,0.54,144489.0,2509.68,1.964028332,14.13710056
42164,3.07,256949.0,1990.29,1.968090127,15.88379429
42165,1.6,352794.0,1819.78,1.367465034,16.22744809
42166,0.71,248048.0,1878.93,1.643704716,15.12566504
42167,1.34,285238.0,2190.11,2.262390575,17.09569993
42168,1.72,246021.0,2212.51,1.914695466,15.04572984
42169,1.8,354831.0,1088.56,1.659569824,13.78329887
42170,1.16,153213.0,1725.18,3.625433681,15.9815634
42171,0.53,143359.0,810.41,1.670004837,13.03019299
42172,1.17,277440.0,2046.1,1.794232874,16.64257473
42173,1.19,376108.0,1877.46,4.524491757,15.60089635
42174,2.63,370280.0,1090.06,3.135105867,14.52629699
42175,0.5,383416.0,2650.73,3.170369952,15.13861051
42176,2.41,367027.0,2281.27,1.747663616,13.31915982
42177,1.56,253794.0,1403.81,1.34014076,15.60351127
42178,0.72,148352.0,1903.52,2.269875031,15.67959648
42179,1.46,262469.0,2485.51,3.720427178,13.47855783
42180,1.89,349617.0,1869.69,1.416131445,15.39009918
42181,0.66,259930.0,1770.72,1.124695792,15.83302649
42182,1.45,139088.0,1851.1,1.965124381,16.23864774
42183,1.97,360410.0,1144.09,1.437573126,13.17813708
42184,1.49,360053.0,1685.2,4.469048521,13.93063533
42185,2.08,385637.0,2201.23,0.488568476,14.26095262
42186,2.35,157539.0,1706.09,2.388612703,14.56714756
42187,0.13,376211.0,2407.86,3.870483998,17.40584934
42188,2.55,377811.0,1082.52,4.261288582,13.05607396
42189,0.43,387181.0,2003.51,2.185786864,15.28053727
42190,0.81,370110.0,1801.16,2.729062801,11.33640878
42191,2.07,254690.0,1879.1,0.900064107,14.76588366
42192,1.27,152316.0,2314.11,1.719213391,16.14000957
42193,0.77,378612.0,1880.47,3.881839847,16.59177265
42194,1.01,164843.0,1376.48,4.247519816,15.4439764
42195,0.45,273194.0,1821.23,2.83153868,15.23623809
42196,1.42,375473.0,809.9,-0.231990005,16.05927095
42197,0.76,382863.0,1739.74,4.212439057,16.13788516
42198,1.63,134390.0,2581.45,1.368050947,15.70306279
42199,1.0,281459.0,759.55,3.0329884,15.36724482
42200,1.88,366994.0,2016.53,1.846639287,15.47565386
42201,1.19,380531.0,1248.01,0.731677598,15.4661916
42202,1.35,377804.0,1931.0,2.490403402,16.91369329
42203,2.46,390712.0,1920.83,1.637264717,16.09440326
42204,1.18,268576.0,2432.88,1.525943561,17.73027397
42205,1.04,175756.0,2255.34,1.338073983,14.44309689
42206,1.47,166478.0,1976.75,1.427204328,15.86247526
42207,4.7,341106.0,2163.53,2.918252759,13.0835476
42208,1.25,252030.0,2217.68,0.65760566,16.60824031
42209,2.96,242285.0,1745.16,2.821266419,14.50125064
42210,1.69,142378.0,1864.37,4.020582564,15.38060805
42211,0.0,371166.0,2471.23,4.763611082,14.8472247
42212,1.83,379302.0,2113.62,2.833738977,14.2951345
42213,0.56,359447.0,1855.67,1.845550551,16.57433451
42214,0.5,163393.0,2024.35,1.796553742,16.09644997
42215,2.16,378974.0,2159.77,1.492404477,13.24955274
42216,1.29,250109.0,1924.61,3.267317955,15.58835775
42217,1.44,282769.0,2665.28,2.945739339,16.04562093
42218,1.34,151907.0,1445.45,1.608149746,16.16727351
42219,2.53,255339.0,1918.74,1.965181411,15.95191515
42220,8.25,131997.0,1175.8,2.836710481,14.04342691
42221,1.7,151503.0,1892.6,2.194600694,15.19599589
42222,2.05,280925.0,1772.52,1.131784218,15.43663793
42223,0.17,390451.0,3044.94,1.262927795,16.15572402
42224,0.49,272906.0,1889.58,1.595947103,15.23667439
42225,2.22,382670.0,1212.96,1.945166148,15.37174041
42226,2.13,362708.0,1305.1,4.198113305,16.39822602
42227,0.33,167787.0,2459.87,2.814955362,15.4634679
42228,2.17,383044.0,1820.38,1.93357736,16.14450761
42229,1.49,149270.0,1848.0,2.780266578,13.28441367
42230,2.36,361347.0,761.77,2.839954218,13.86684943
42231,1.84,255403.0,980.95,3.251384616,13.57216766
42232,5.74,255882.0,1676.49,0.977898752,16.0432258
42233,1.98,363732.0,2507.59,-0.218080591,13.17863183
42234,1.82,276021.0,1620.64,2.621019288,15.88468216
42235,1.48,355460.0,2164.87,1.138041811,11.2583727
42236,2.36,393111.0,1908.77,1.484115527,15.01560067
42237,0.23,366639.0,1771.19,4.240070081,14.91256451
42238,1.38,353222.0,1602.84,3.758230502,15.20354049
42239,0.98,244937.0,729.36,1.594627004,13.01404037
42240,1.19,378877.0,1744.5,1.481516922,13.78351123
42241,1.96,132393.0,2474.57,1.482190432,15.16216867
42242,0.83,259981.0,1899.68,1.86597599,17.28461121
42243,1.32,362861.0,1826.21,2.035096897,14.47336027
42244,2.06,278595.0,1864.6,2.468053477,16.27459999
42245,1.97,141952.0,792.28,4.270289721,15.61417487
42246,1.5,349069.0,2283.22,2.445031221,15.45193758
42247,2.25,262309.0,2454.91,4.055404201,15.70216306
42248,2.86,355877.0,1846.66,1.843444694,14.22757457
42249,1.86,342834.0,1061.99,1.605411697,16.99027946
42250,1.84,353647.0,1856.52,1.24231567,12.81094673
42251,0.25,278503.0,895.9,2.769700307,15.82246593
42252,2.15,360715.0,1319.57,4.205950103,14.98825992
42253,2.46,159970.0,1698.72,2.105886645,15.34142044
42254,0.53,137844.0,1330.02,3.089901616,15.67441094
42255,0.49,238664.0,1805.2,1.727211387,13.80052141
42256,1.89,359453.0,681.52,0.580455049,15.79675066
42257,1.59,148048.0,1298.81,1.547651755,14.06432617
42258,0.73,356689.0,2494.54,3.538826967,16.75470909
42259,2.13,341155.0,1841.68,1.848934547,15.47555239
42260,1.65,370360.0,1103.65,0.953328583,16.70939464
42261,1.47,247583.0,1839.8,2.85303092,15.69003868
42262,1.45,350355.0,2385.57,1.281017677,15.29434912
42263,0.1,371119.0,844.44,2.696798174,14.92949631
42264,0.47,383371.0,1498.57,1.129178271,13.81492731
42265,1.87,371944.0,1233.31,2.068759237,15.94385611
42266,1.24,148830.0,2221.5,2.350958671,15.59498603
42267,1.19,147298.0,1765.02,2.084541214,15.54963397
42268,1.86,239810.0,2321.18,1.400931206,15.6725
42269,1.48,150463.0,941.07,0.884504567,15.55779107
42270,1.59,363989.0,1910.47,1.019673298,15.82773599
42271,1.4,232255.0,3047.82,1.991817615,13.44529744
42272,1.33,390039.0,1508.52,3.873941024,15.99307035
42273,2.23,255504.0,1881.87,2.712372092,13.09914402
42274,1.98,160836.0,1775.86,0.326057163,15.16534095
42275,2.29,371466.0,1968.54,3.027143832,14.59001181
42276,1.16,369492.0,925.92,3.048773838,14.40685058
42277,1.96,353604.0,949.86,1.772040016,14.23220725
42278,1.8,344293.0,1535.37,3.427190669,15.99136236
42279,1.59,114947.0,1953.92,2.766747693,12.3423577
42280,1.28,384863.0,1897.93,2.852515113,13.01385698
42281,1.19,380591.0,2171.36,-0.240094245,15.60255267
42282,2.12,146344.0,1837.06,2.129891634,13.06434828
42283,0.6,361854.0,2269.06,3.015917658,16.39928272
42284,1.35,269933.0,2327.06,1.535067406,16.0580479
42285,0.48,258357.0,2059.84,-0.237056054,12.55843438
42286,1.33,154039.0,1188.59,2.557475844,15.47233785
42287,1.48,166759.0,2857.74,3.728317715,15.8640696
42288,2.1,381128.0,2526.46,2.592974047,16.98418974
42289,4.29,150457.0,2106.7,1.140428625,16.21492553
42290,1.72,119374.0,1209.05,-0.326393035,16.10493888
42291,1.33,374290.0,1638.98,1.074378307,14.35014929
42292,1.6,363004.0,1231.54,1.751674982,15.48621356
42293,1.58,396518.0,1920.13,1.25463214,15.94021782
42294,1.37,261119.0,2448.55,3.584165291,15.87995814
42295,1.54,164426.0,1238.46,2.418641341,14.23218373
42296,1.17,370122.0,1734.92,2.443862612,15.84861414
42297,2.66,380787.0,775.29,2.599033678,16.34574866
42298,0.46,282733.0,1225.38,2.116179863,15.69908527
42299,1.51,275197.0,1760.98,2.748260576,14.77286489
42300,1.23,156291.0,1847.13,2.189932607,16.49928163
42301,2.63,399456.0,2533.29,1.676265014,16.21518932
42302,0.76,357234.0,1226.46,2.763709402,15.35263557
42303,1.9,369917.0,1639.53,0.428153974,15.67547731
42304,1.42,155080.0,1944.49,1.160826478,13.61690145
42305,1.28,168413.0,2179.15,1.925214679,15.04596984
42306,0.66,159903.0,1012.71,4.695684314,15.96086629
42307,1.83,135364.0,1713.65,1.762595324,12.87087085
42308,2.15,255392.0,647.82,1.433508184,13.54223867
42309,1.1,148735.0,1857.3,1.077721113,17.07950049
42310,1.93,261460.0,1976.49,1.767339163,15.15326776
42311,1.22,129230.0,2329.03,4.508254144,15.72752023
42312,1.63,371212.0,773.82,2.411235892,15.5467697
42313,1.74,401119.0,1851.18,1.981463373,15.56867118
42314,1.77,360935.0,1961.29,1.015856273,13.13787749
42315,0.28,387215.0,2349.33,2.275525444,15.82329079
42316,1.51,385699.0,873.43,4.040656713,16.03524051
42317,0.91,145260.0,1510.4,4.366013863,15.50711212
42318,2.22,350968.0,1148.24,1.738178089,13.82064309
42319,0.68,369111.0,1584.55,1.408821458,15.41988029
42320,1.65,383631.0,1952.86,2.325584777,14.9020934
42321,0.75,137969.0,1552.84,1.17724826,16.40600523
42322,2.41,148860.0,1126.01,2.060771882,16.15627647
42323,0.93,388869.0,1877.67,4.498596834,16.200788
42324,1.83,381865.0,2379.8,0.173916871,15.82781223
42325,1.2,360129.0,1922.32,2.013663954,15.04384227
42326,1.48,390325.0,887.74,3.257491954,15.33896854
42327,0.51,356107.0,1764.25,1.852626479,16.09168331
42328,0.75,370004.0,1827.63,2.143718437,13.82070907
42329,0.14,150973.0,2284.15,3.716421305,17.73027397
42330,1.36,376438.0,724.48,1.843304134,13.2482944
42331,0.76,261504.0,1357.48,3.978056584,16.04432392
42332,0.8,132801.0,1224.57,1.768645918,15.68890828
42333,1.14,335655.0,989.5,2.703918441,13.44961187
42334,1.66,153982.0,1833.99,2.745907541,16.37233416
42335,2.31,118145.0,1392.77,0.40323089,16.92750869
42336,1.73,344775.0,2273.77,1.69515953,15.13224064
42337,0.96,150147.0,1931.3,2.25102623,16.65466522
42338,1.21,153865.0,1620.8,3.519962911,17.18671178
42339,0.88,396737.0,1861.11,4.465976684,15.80931221
42340,1.73,356416.0,1787.44,1.65092448,14.5057778
42341,1.17,156725.0,858.92,1.579671079,16.16647257
42342,1.99,343762.0,2130.14,1.491949486,13.89829115
42343,1.7,345497.0,828.73,3.809971084,14.89376491
42344,1.69,350928.0,1327.18,3.646456343,14.53240399
42345,0.69,371095.0,1877.41,3.136957579,14.81048337
42346,0.47,352505.0,690.95,2.316061159,12.96757066
42347,2.11,159893.0,805.29,1.515094183,14.67935362
42348,1.83,353603.0,1824.61,1.988993871,15.58925452
42349,1.38,377251.0,1857.24,4.13751392,13.68892689
42350,1.81,363493.0,586.86,4.471200517,15.89737704
42351,1.69,344664.0,1438.81,1.46897086,15.20865287
42352,0.57,367082.0,1482.45,4.301793873,16.00700337
42353,0.92,345020.0,1921.86,0.563530511,13.62623752
42354,2.6,270546.0,2920.14,1.459589239,16.86239729
42355,2.08,391915.0,986.43,2.096372782,14.07880836
42356,1.64,365195.0,2461.7,1.566247627,15.25716331
42357,1.49,147013.0,2155.79,2.984992275,15.64715063
42358,0.49,375687.0,2865.68,1.024754397,16.25674846
42359,2.57,130019.0,1925.46,1.854719995,14.94234782
42360,0.15,395257.0,1789.69,1.692459318,13.24411878
42361,1.01,155308.0,815.88,2.863296248,16.94969898
42362,2.86,131720.0,1896.45,2.990854804,15.75328757
42363,1.7,282764.0,1970.03,3.022983435,16.03138046
42364,1.81,159832.0,1676.78,0.994396336,16.80076853
42365,1.06,157504.0,1838.26,1.523952427,16.57965131
42366,1.39,364214.0,2197.53,0.514395611,11.99207588
42367,1.46,272589.0,1562.52,2.354072486,15.44565555
42368,1.72,348035.0,721.89,1.593244224,16.80586485
42369,1.22,388903.0,2564.11,3.54141821,13.78697751
42370,0.56,366501.0,933.98,4.39114564,14.64857364
42371,0.72,354706.0,2444.73,2.767502808,15.39667675
42372,1.72,386601.0,2323.83,2.916891061,12.4407298
42373,1.62,239760.0,2052.02,0.53421518,12.75237472
42374,1.76,149923.0,2170.28,2.03189618,15.46343947
42375,0.54,385973.0,1794.28,4.862489639,15.17643534
42376,1.97,382288.0,911.96,3.493113477,13.27560347
42377,2.01,264873.0,1738.32,2.102702795,15.18121219
42378,0.91,372300.0,858.68,1.323112007,14.77756681
42379,0.46,140676.0,1871.83,4.592305221,15.21474488
42380,1.31,157433.0,2474.29,4.08256465,15.67265103
42381,2.37,249913.0,1780.48,1.815939948,15.3059174
42382,1.43,269767.0,2216.34,0.201851868,13.5201658
42383,1.33,280869.0,1711.94,1.373030539,15.67308119
42384,2.41,365851.0,2428.84,1.806203792,16.14481787
42385,1.66,138473.0,1033.42,3.297874206,14.51832143
42386,2.27,123043.0,1879.58,1.579950577,15.7351181
42387,1.45,353626.0,1900.3,1.014937165,14.80044927
42388,2.04,371179.0,1828.1,1.578940949,14.76762223
42389,1.47,364227.0,1794.93,0.99573505,15.67511879
42390,0.67,266132.0,1909.71,1.550845059,14.07935443
42391,1.81,373281.0,1968.38,2.628216843,16.09457585
42392,2.05,379057.0,1755.82,2.04769588,13.83077513
42393,0.92,264002.0,845.75,0.940013456,12.76467505
42394,1.23,135095.0,1805.19,3.613936673,15.26221099
42395,2.39,151179.0,2395.14,1.758129361,15.81826159
42396,1.86,344381.0,962.25,1.048966577,15.17152176
42397,1.81,251033.0,1855.67,1.787197081,14.74541692
42398,1.2,374374.0,1701.85,1.74362272,15.37369636
42399,2.32,369870.0,1043.84,1.829082665,15.49249837
42400,0.72,241875.0,2288.39,1.2651286,13.20819229
42401,0.68,386302.0,1921.61,1.529434412,15.80715955
42402,0.65,148063.0,1342.45,1.21996425,15.76003169
42403,1.53,160872.0,1843.5,3.182504736,17.63294185
42404,2.15,368596.0,1748.37,-0.326393035,14.99385597
42405,1.32,157168.0,1790.28,2.504275068,15.38083368
42406,0.31,137448.0,1814.41,1.662627433,12.35510886
42407,2.51,121494.0,1784.49,2.979912013,16.45090721
42408,0.82,177486.0,963.68,1.825835433,16.45461638
42409,2.18,262710.0,2574.92,2.258779689,17.11319555
42410,2.44,149274.0,1553.52,2.711501029,14.38134102
42411,1.72,262323.0,1845.39,1.630376825,13.15164051
42412,2.59,347776.0,2257.23,1.578266734,15.02712968
42413,0.66,268320.0,2148.82,3.692360526,17.05587265
42414,0.86,363975.0,2102.45,1.165826771,16.32633761
42415,1.0,138503.0,1775.9,0.771683736,15.4509841
42416,1.78,263197.0,1931.93,1.146743977,16.27653236
42417,4.16,156110.0,1893.63,4.437157213,16.62053713
42418,1.2,369506.0,1893.34,1.922318705,14.00519511
42419,1.42,374585.0,1686.47,2.825207273,15.78173457
42420,2.41,353066.0,1883.97,1.350588016,15.84441726
42421,1.57,254475.0,1937.38,2.844131946,15.77634658
42422,1.73,378046.0,906.6,1.314758263,14.17225839
42423,0.72,162710.0,1908.93,0.801904461,12.52940388
42424,1.08,131590.0,1859.19,0.485098082,15.65067245
42425,0.49,274731.0,2312.87,4.268420375,12.98680114
42426,0.85,356022.0,1755.94,1.863212757,13.55661445
42427,0.0,373588.0,2669.52,1.63629242,16.13226959
42428,0.41,345190.0,869.93,1.001733587,14.2512885
42429,1.54,371213.0,2517.18,1.261910647,13.71790727
42430,2.55,354102.0,2176.49,3.823925204,15.19265839
42431,2.23,362015.0,1890.89,3.626507243,14.24389455
42432,1.31,378756.0,2190.69,1.330542488,15.99331591
42433,1.0,141740.0,1813.42,1.595133524,15.86644088
42434,1.5,155103.0,889.53,2.194095407,17.71948317
42435,1.94,154533.0,909.48,1.529916722,15.20999479
42436,0.76,261117.0,1030.25,1.022161738,15.24256683
42437,1.69,263233.0,2109.12,1.796175292,13.67412114
42438,1.24,165150.0,832.9,4.553280318,16.59217904
42439,2.64,391697.0,910.82,2.818983668,13.91443253
42440,2.0,124630.0,2342.78,1.38135291,15.94215396
42441,0.75,266289.0,1936.28,3.081713057,14.18575885
42442,1.37,259345.0,1904.48,2.092362875,14.21156272
42443,2.23,143832.0,1790.52,2.816598333,15.21701485
42444,2.36,384357.0,1821.69,1.882274576,16.44116895
42445,0.85,252873.0,1348.13,3.907083956,12.33838208
42446,0.82,153708.0,887.06,2.945100292,13.8989562
42447,1.38,358164.0,1770.08,0.78102799,14.91173407
42448,1.53,128200.0,1956.03,3.074722482,15.22524427
42449,1.61,139916.0,1149.38,1.110646122,15.27142909
42450,0.33,384575.0,1882.59,3.680761447,15.22304637
42451,2.5,362710.0,1290.13,1.806737253,15.21516697
42452,0.72,384263.0,1951.91,3.75637682,16.0939754
42453,1.76,126871.0,1720.0,0.926499314,15.59085242
42454,0.69,347568.0,729.29,2.804290479,16.81910029
42455,1.36,257814.0,1604.6,0.066792783,13.94253662
42456,2.24,372068.0,1554.85,0.984022421,14.43762288
42457,1.58,126359.0,2480.19,1.185205764,14.21621466
42458,1.22,374717.0,2114.74,0.77884652,15.09322294
42459,1.32,148469.0,1309.35,1.428951612,15.97268308
42460,0.58,385530.0,2512.24,1.841332765,15.88858134
42461,1.37,370381.0,2044.66,2.178729443,14.91837712
42462,1.46,144164.0,1958.49,1.722001298,15.13748761
42463,2.62,132593.0,752.69,3.457769197,14.28459878
42464,1.7,356354.0,789.59,1.71670326,16.30105112
42465,1.91,361729.0,2063.75,4.50177819,15.85585006
42466,1.52,374061.0,2772.65,1.04779581,17.11069367
42467,1.24,251393.0,621.91,4.123739122,12.38102788
42468,1.89,167593.0,1611.85,3.653584805,15.77250524
42469,1.56,148065.0,1931.74,3.831140439,13.53916401
42470,1.53,151541.0,660.22,3.878280384,15.64996476
42471,1.34,148830.0,2243.89,2.249279883,15.73560537
42472,1.15,366111.0,1597.28,1.613523673,15.63327585
42473,1.3,390204.0,2300.56,1.84112628,15.74646682
42474,1.14,148119.0,2269.71,3.835233428,16.52741091
42475,0.95,145496.0,1995.85,2.139787592,16.54347972
42476,1.9,243287.0,1423.13,3.103097219,15.21343951
42477,0.0,362913.0,1989.75,1.887677826,13.4450903
42478,0.3,346863.0,799.51,3.495293194,15.6662664
42479,1.72,371252.0,1828.85,3.603073445,11.56594513
42480,1.34,391568.0,1122.9,2.424744353,16.18787554
42481,1.37,149275.0,1511.23,0.442100498,15.14929283
42482,1.29,339001.0,1718.79,0.52399771,15.77196332
42483,1.76,150268.0,1290.37,2.089303007,15.79845084
42484,0.37,365781.0,2358.67,0.993855515,16.54703219
42485,1.59,153815.0,750.53,2.476305401,16.46882814
42486,0.51,251013.0,2302.77,1.496619765,17.37040593
42487,1.56,258755.0,1202.12,2.16007408,13.91399071
42488,1.4,376125.0,1757.67,3.543043041,16.54562382
42489,1.29,363029.0,1398.89,1.226168254,16.1351636
42490,5.15,258929.0,2158.83,2.108862888,12.91491886
42491,1.27,346932.0,1472.91,0.397745003,14.65283594
42492,1.16,140048.0,2273.36,3.37441348,15.73960246
42493,0.98,170467.0,2358.73,1.131649163,15.91817414
42494,1.37,257642.0,904.93,0.602434562,15.11118603
42495,1.4,357420.0,2301.45,2.704505248,14.88909041
42496,1.83,245258.0,1151.61,2.749689422,16.33483008
42497,1.76,351890.0,586.86,1.603842251,15.61174137
42498,0.24,158692.0,2513.76,2.478478516,15.65954179
42499,1.81,341070.0,1803.15,0.332487724,15.79330019
42500,1.27,367447.0,608.28,3.872908636,16.05056089
42501,2.01,360034.0,1930.12,2.049300933,15.78360063
42502,1.94,266607.0,2355.83,2.829866907,14.16674528
42503,0.83,265516.0,586.86,2.505011466,13.94656074
42504,1.13,169799.0,976.48,1.259405089,13.80870123
42505,1.4,365999.0,1880.2,3.049819642,17.69253887
42506,0.87,368621.0,1775.26,0.444531661,14.14938052
42507,2.97,338799.0,1833.05,1.205952408,15.17185612
42508,2.41,117324.0,799.69,4.33686401,14.65081991
42509,1.29,134160.0,2027.19,4.11415676,15.78433851
42510,2.15,140853.0,1366.46,2.171499259,15.89290611
42511,2.3,358860.0,983.65,3.978285833,16.77645473
42512,0.53,140226.0,1404.06,3.417652058,15.87822438
42513,1.35,130810.0,1790.13,0.268032178,15.70693065
42514,2.08,361860.0,1924.21,1.612595651,16.3766529
42515,0.78,264784.0,1964.23,2.282982322,14.17396635
42516,1.23,159235.0,2538.46,1.335946285,15.4313323
42517,0.19,364264.0,2237.31,2.062805924,15.71246856
42518,0.88,150828.0,1780.22,1.235321394,13.31199095
42519,4.29,390409.0,1830.79,0.582187608,15.52321602
42520,2.02,369076.0,2329.9,2.053241833,15.19294019
42521,1.08,145819.0,1808.35,0.799410077,11.84785499
42522,1.29,375817.0,2733.18,2.78020549,11.98955619
42523,1.45,257654.0,2067.06,1.106537804,13.3271251
42524,0.57,141518.0,1042.2,3.343967015,14.93088962
42525,1.8,365237.0,2975.89,1.721134385,13.20806894
42526,1.19,140094.0,1704.59,4.481629503,16.76432595
42527,1.02,401119.0,1511.54,1.589418762,14.25084978
42528,2.6,124367.0,2516.07,1.65831504,15.81610811
42529,1.03,351463.0,1706.13,0.430059217,15.75897069
42530,1.23,157935.0,1907.21,2.645374027,17.39825901
42531,1.46,351037.0,1926.66,3.179745207,16.22650608
42532,1.26,264305.0,1904.39,3.969336271,16.24950047
42533,1.98,389367.0,1816.82,2.879770765,17.28054013
42534,1.46,360462.0,1804.88,4.404091903,15.85666828
42535,2.36,116276.0,968.0,4.811892745,11.2583727
42536,0.76,169146.0,1729.51,3.661585785,17.06075992
42537,0.46,356117.0,1597.28,1.306268281,17.73027397
42538,0.74,379010.0,922.4,-0.326393035,15.0006866
42539,0.75,258845.0,2077.35,2.244604002,16.49381705
42540,1.72,250620.0,904.96,1.789088158,15.6665178
42541,0.67,339475.0,899.1,2.516822361,14.77849614
42542,1.47,387877.0,2274.02,1.313897421,13.40389141
42543,1.52,241037.0,1553.18,1.511086939,15.61675986
42544,0.98,396129.0,1807.72,1.562822601,15.87930482
42545,2.25,129572.0,1109.98,1.630525056,16.57552103
42546,2.45,358233.0,1828.79,2.145210579,12.23329863
42547,1.17,135336.0,1027.72,2.976687629,13.98045466
42548,0.97,243982.0,2473.36,1.769327791,13.99307729
42549,0.12,385173.0,2257.65,0.713780789,15.67898333
42550,2.97,162019.0,1934.52,2.75420632,15.83295628
42551,1.97,355045.0,1861.29,3.340007156,11.94490719
42552,2.1,251986.0,1730.11,1.242523117,15.35718076
42553,2.13,376120.0,1642.1,3.555241994,11.2583727
42554,0.0,399750.0,2271.29,1.6815744,14.2150378
42555,2.46,147965.0,1883.44,1.213466645,16.0826011
42556,2.71,339968.0,1571.61,2.36567204,16.23968932
42557,1.61,356402.0,1576.97,2.566923936,16.14203062
42558,1.64,379264.0,1361.58,3.712450916,17.00041174
42559,2.43,149658.0,1210.89,3.8607355,14.9594145
42560,2.29,362886.0,1759.84,1.76750467,15.21041528
42561,2.35,243935.0,1403.43,0.212475313,15.55401006
42562,1.02,159832.0,1062.79,1.461092738,15.2993681
42563,1.53,237183.0,1880.02,1.181113784,13.70840837
42564,1.51,158580.0,1495.08,2.419944893,13.72532331
42565,0.68,264203.0,2500.28,3.176416312,16.4944223
42566,1.92,367069.0,1797.01,0.820257936,12.42931404
42567,1.47,365714.0,1679.89,2.935847131,15.08375944
42568,1.68,362647.0,1886.79,1.206502698,12.48239124
42569,1.48,126862.0,694.45,2.579987253,16.10803636
42570,1.44,366604.0,1890.04,3.182607319,15.66397111
42571,1.45,264345.0,1927.09,3.039581761,14.5969959
42572,2.07,353501.0,2008.5,1.45911563,13.787211
42573,2.13,367228.0,740.28,1.588558149,16.2404768
42574,2.45,168255.0,842.89,4.32241759,15.406077
42575,0.0,383508.0,1872.53,4.20798268,13.90332296
42576,1.91,359857.0,651.08,1.991824612,15.39331995
42577,1.59,166353.0,2289.58,2.024314749,16.55740442
42578,0.72,248298.0,2305.52,4.569678932,17.73027397
42579,1.19,143389.0,1847.15,2.613981564,13.69581613
42580,1.27,390408.0,2571.56,1.953502572,14.29426035
42581,1.79,281792.0,2380.35,1.117322059,15.54311807
42582,2.07,273835.0,918.6,2.582496736,15.67579262
42583,1.29,119635.0,1392.71,1.566058551,16.10734665
42584,1.12,365878.0,1130.49,3.077240624,15.10665978
42585,1.89,114947.0,1320.03,1.174147677,13.95932283
42586,1.11,251820.0,1869.81,1.463290351,15.60467422
42587,1.47,358510.0,1799.92,4.075862974,16.91069413
42588,2.47,374345.0,2046.52,1.95737154,15.64859091
42589,1.14,129676.0,1968.15,1.816556088,15.5885387
42590,1.64,350391.0,1187.73,1.701065841,16.22770398
42591,1.59,155879.0,1457.96,1.509527191,16.46623715
42592,0.77,167486.0,2219.07,3.197241696,14.89466641
42593,2.81,367513.0,1920.27,1.953545518,13.17032915
42594,1.18,354862.0,586.86,1.882011174,15.71865071
42595,1.99,382998.0,1419.34,3.089490964,16.75054312
42596,1.71,364953.0,1163.87,1.889289507,15.82074924
42597,2.26,401119.0,2283.02,3.317552204,16.45521524
42598,1.25,353663.0,1101.09,1.46707309,14.4903755
42599,1.3,377634.0,826.94,4.331787511,15.40510349
42600,0.66,157419.0,1458.24,1.890532355,16.16060804
42601,1.89,366693.0,1782.21,1.057800595,17.09892456
42602,5.06,356716.0,1489.25,1.595780398,15.21890284
42603,0.05,135610.0,1219.9,3.310998824,14.81149388
42604,1.04,384605.0,1889.71,1.634911862,14.16275832
42605,1.32,153799.0,1852.51,4.164324697,16.21468949
42606,2.56,353739.0,2186.23,1.822391505,12.67981786
42607,0.66,168883.0,883.7,1.425054303,14.23448551
42608,1.39,361906.0,1215.5,1.845648439,16.59519384
42609,2.95,138753.0,2191.52,0.870060667,13.52216124
42610,1.31,142805.0,1461.4,3.416678326,15.673171
42611,1.69,144202.0,1555.24,1.99376329,13.42959972
42612,1.17,140353.0,829.07,3.727030309,15.59480268
42613,2.27,270256.0,2479.42,3.797829338,15.88581427
42614,1.07,358483.0,2306.89,1.930213385,16.01468131
42615,1.45,383325.0,1833.16,1.566167878,14.81093974
42616,1.98,254913.0,1474.47,1.412388607,15.80545352
42617,0.99,139002.0,1156.12,2.57420629,13.5997963
42618,1.45,259363.0,1880.17,1.23323846,14.47669146
42619,1.22,359591.0,1457.93,2.894469644,15.49113007
42620,0.41,238694.0,1861.77,0.525768094,13.59489325
42621,0.47,365809.0,1908.42,1.577308585,16.13698513
42622,1.1,132744.0,1913.18,2.79783216,13.79894071
42623,2.33,357505.0,1029.89,3.057507183,14.53339967
42624,0.66,354459.0,1931.45,1.849785104,13.96319287
42625,0.3,393412.0,1759.22,2.924428384,15.25482152
42626,1.65,158021.0,1951.61,1.313734918,14.63448637
42627,1.36,368440.0,2010.82,1.613079147,16.95210077
42628,1.02,352364.0,1430.73,0.585766806,16.87835769
42629,2.03,152773.0,1061.43,3.012293056,16.09138775
42630,1.55,163967.0,966.19,1.984588747,15.50941313
42631,1.76,267078.0,2273.36,1.467566837,14.54625446
42632,0.66,359508.0,2316.32,2.147724469,14.17359339
42633,2.02,244906.0,801.77,1.717228647,16.3597861
42634,2.76,159648.0,2202.77,1.229184142,14.08107677
42635,2.38,362188.0,2405.12,3.028655352,15.07128849
42636,1.6,257881.0,1339.75,4.327826967,14.11326621
42637,1.01,388024.0,1842.59,2.46269475,14.8019107
42638,0.96,114947.0,2220.25,0.614548579,15.91030399
42639,1.46,367401.0,1756.2,-0.043303963,15.25655462
42640,0.92,381812.0,1767.67,2.295253035,15.20983154
42641,0.99,239662.0,1896.91,1.65205674,17.15617207
42642,1.23,342543.0,2379.19,1.20649359,13.3500191
42643,2.56,377330.0,1416.48,0.217613046,13.82322629
42644,0.93,264250.0,1289.67,1.383251075,15.27342853
42645,1.43,360517.0,1235.84,0.580148869,15.34142747
42646,1.3,262301.0,2102.73,2.762948147,15.81191118
42647,0.97,260238.0,1763.45,2.626518604,16.56423772
42648,1.72,126031.0,1535.77,1.944299483,15.96351855
42649,1.07,360931.0,725.99,1.959582372,15.55131515
42650,1.56,138156.0,1909.44,2.748683692,12.19976523
42651,1.4,381925.0,771.76,1.653395545,15.13141241
42652,1.18,262686.0,893.39,0.37411682,13.31520365
42653,2.16,378504.0,1599.42,3.720252875,14.15739447
42654,2.66,367213.0,1347.64,1.644600696,13.51223367
42655,1.64,373100.0,1854.02,1.945827495,15.41572593
42656,1.46,352764.0,1829.64,1.152032344,15.50041302
42657,2.04,257246.0,1715.28,2.943197071,13.68876295
42658,1.03,337535.0,1683.22,2.40472502,14.05541233
42659,0.66,139578.0,1174.32,2.289287584,15.73691888
42660,1.12,374748.0,2221.72,2.46210718,16.49976582
42661,0.93,260861.0,856.16,3.802975932,16.20001552
42662,5.92,363617.0,2048.53,2.87563228,16.24052702
42663,1.39,260756.0,1742.03,1.779140117,15.92436439
42664,0.51,161864.0,2226.0,3.123802564,16.0406925
42665,1.0,174790.0,1625.69,1.564673654,15.21379831
42666,2.42,148148.0,670.49,2.68468953,14.57845868
42667,0.02,268396.0,1393.23,1.919577093,15.81164629
42668,2.48,390597.0,2857.64,3.556814725,15.74881537
42669,1.59,366561.0,2058.25,1.267732408,13.8213348
42670,1.68,373195.0,1661.18,-0.059477697,14.16804629
42671,1.4,359646.0,772.47,1.269296534,14.62583424
42672,2.37,387054.0,1530.24,2.007085019,14.41668617
42673,1.58,257946.0,2315.59,1.804313382,14.84122395
42674,0.98,367153.0,920.48,2.220574404,13.6755238
42675,1.5,358318.0,1187.49,3.471514012,13.4714973
42676,1.33,353709.0,2171.0,3.690796553,16.75080215
42677,0.99,336824.0,1882.36,4.762673768,12.05521064
42678,2.35,151759.0,1882.82,1.673444855,16.19974846
42679,2.35,252524.0,2490.96,0.590611661,15.79302344
42680,0.51,260317.0,2346.56,1.197433219,14.06995879
42681,0.09,255646.0,1561.58,2.30221645,15.4626695
42682,2.23,259656.0,2495.06,2.926497306,15.98711963
42683,1.42,146183.0,854.82,1.464296419,17.06719881
42684,2.26,149075.0,1591.75,1.672501962,15.61682321
42685,1.36,153089.0,1796.24,4.429426526,15.89771276
42686,2.79,152021.0,1821.1,1.355668116,16.35296455
42687,2.17,357635.0,736.56,1.786745494,12.90168825
42688,2.29,375326.0,1764.35,1.77203783,16.06645711
42689,0.0,282237.0,1836.07,3.477718564,17.37878592
42690,1.85,150054.0,1910.98,2.946097007,15.13736863
42691,0.39,362886.0,2214.5,1.512714099,15.31534219
42692,0.73,365477.0,2233.93,1.501032674,15.76369209
42693,1.54,370811.0,1743.08,4.636495755,16.20386353
42694,0.54,392031.0,1848.66,1.295428028,13.74802705
42695,1.57,159490.0,2152.97,2.920209245,13.39930045
42696,2.23,240585.0,1906.11,0.857022611,15.07085244
42697,1.25,375207.0,1816.12,0.865149918,15.75980833
42698,1.41,359457.0,1941.36,3.875553343,12.60181206
42699,2.35,369253.0,2118.68,1.966011928,13.3277546
42700,1.95,337911.0,1797.5,1.437636431,15.66421835
42701,0.95,156171.0,2099.05,3.333467989,13.24407473
42702,2.21,352878.0,2417.77,2.239819419,14.93611964
42703,1.51,119418.0,1767.86,2.851966773,14.34056736
42704,2.74,384379.0,1911.74,1.917297917,15.30508896
42705,1.0,328058.0,1921.36,1.363005268,13.00495294
42706,1.84,394002.0,1947.11,3.89507711,15.35473953
42707,0.57,140373.0,1661.18,4.546889958,13.77475871
42708,1.6,148016.0,1037.14,2.49801893,16.28753828
42709,1.92,354502.0,703.31,2.791653608,15.75331875
42710,1.8,349180.0,1251.92,1.970577783,15.93788336
42711,1.23,383441.0,623.72,2.279758785,15.4330048
42712,2.01,378245.0,1550.46,1.317472441,17.73027397
42713,0.55,361501.0,2067.59,1.536867743,16.02891392
42714,0.09,385145.0,1901.27,3.898469837,15.9939446
42715,1.63,393190.0,2472.14,1.362727131,17.73027397
42716,0.95,370060.0,1968.13,2.516663815,16.47963977
42717,1.69,338076.0,1773.1,2.79279019,15.20751727
42718,0.69,163520.0,1401.04,2.633474232,15.78702842
42719,0.16,357413.0,1432.3,3.499788306,13.56967129
42720,1.21,145919.0,2431.42,2.102077556,15.06859798
42721,1.96,245027.0,1992.67,2.451479459,15.38378719
42722,2.33,281637.0,1708.24,3.268084185,14.02192595
42723,1.03,379814.0,2328.2,2.344624376,13.71929475
42724,0.83,370727.0,2073.36,1.388929362,17.02917837
42725,1.49,141498.0,1060.7,0.210714361,15.08797415
42726,1.62,264502.0,1653.96,1.823611326,15.60155532
42727,2.16,162786.0,1947.6,4.484286868,15.91825395
42728,2.16,370136.0,788.14,3.029924877,15.25765717
42729,1.22,359739.0,1903.19,1.649175374,15.41229935
42730,2.03,146815.0,2140.95,1.831154798,16.56150817
42731,1.96,363379.0,1745.97,3.981840447,15.78356101
42732,1.73,364431.0,727.34,2.232057253,12.743027
42733,2.5,365529.0,1774.53,1.997050287,15.34622709
42734,1.87,372518.0,1672.48,1.789025556,17.73027397
42735,2.27,356823.0,1210.19,2.115975153,13.54047578
42736,1.37,386885.0,1881.33,0.724015168,14.87275286
42737,2.46,366776.0,2324.92,0.999098344,15.45742953
42738,1.25,348095.0,1909.45,1.484922543,15.36602042
42739,0.54,340207.0,804.28,1.563201598,13.87029451
42740,1.61,351128.0,1183.82,-0.275800945,12.56650114
42741,1.78,372574.0,1814.87,4.244134837,12.59714331
42742,2.0,376183.0,2181.27,1.595263318,15.60788333
42743,0.92,375902.0,1331.32,0.991511065,16.23317267
42744,0.4,265053.0,976.34,1.042420499,15.09008036
42745,0.9,351535.0,1488.7,3.40241639,15.47099543
42746,1.18,366146.0,1932.94,2.912556558,13.62042282
42747,0.96,355654.0,1916.77,0.852322535,14.67921402
42748,0.89,151778.0,2372.06,2.045164213,16.09248102
42749,2.63,243907.0,2301.29,1.546777,15.6517746
42750,0.58,361504.0,2058.12,2.187144167,14.38946824
42751,3.42,176444.0,1676.45,3.76901237,16.04855961
42752,2.41,335948.0,1415.37,2.191411236,13.43464542
42753,2.14,275218.0,2217.88,1.937554465,14.67689307
42754,1.4,370656.0,1965.1,1.009131252,12.84457619
42755,2.38,377749.0,1038.47,1.20548796,13.93987341
42756,1.43,132943.0,814.11,3.965288377,15.05804046
42757,1.98,130991.0,1215.32,1.594616529,15.65890351
42758,1.84,384180.0,2437.46,3.771313019,15.73113614
42759,1.35,240263.0,1197.27,3.236728438,15.22404178
42760,2.37,151300.0,1937.87,1.996748059,12.59700593
42761,0.32,360419.0,1114.55,0.511517968,13.82619692
42762,0.19,393816.0,1776.72,1.204045337,14.90850275
42763,0.54,360477.0,960.18,3.194406792,16.44913311
42764,0.95,377181.0,1793.02,2.951361,14.89301601
42765,1.53,270001.0,1578.46,3.503675702,13.81799095
42766,0.89,365486.0,1239.06,2.928721899,13.30423966
42767,1.15,363215.0,1370.02,1.205401575,16.26035793
42768,1.76,373432.0,2312.51,1.5398046,15.82184927
42769,1.5,398954.0,2440.72,0.987884941,15.81021244
42770,1.0,257257.0,1857.24,0.673051907,14.43751135
42771,0.74,363936.0,1717.99,1.287117621,12.39515618
42772,1.15,366002.0,2217.32,2.073910573,15.1110725
42773,1.36,381047.0,2466.71,1.455787654,16.03850974
42774,2.07,361872.0,698.86,0.6440099,14.92701494
42775,1.52,256316.0,622.73,0.823607281,15.38074427
42776,2.19,369396.0,1980.2,2.83395551,16.10484664
42777,2.37,140252.0,1952.81,0.666110435,13.97824604
42778,0.17,375065.0,2341.66,2.445563926,15.18990737
42779,1.4,261719.0,1717.01,2.55097246,15.73401361
42780,2.18,378304.0,2362.11,3.152500662,15.23642306
42781,0.74,387307.0,2528.45,1.47220897,15.09550909
42782,0.4,366742.0,1543.99,1.45609376,13.74109379
42783,2.04,237118.0,1342.47,2.747669511,16.04510837
42784,1.94,267179.0,985.31,0.216249837,15.61775456
42785,1.42,154547.0,2324.94,0.768028247,16.60478409
42786,1.68,387212.0,1861.21,1.611981937,15.788664
42787,3.43,145349.0,2095.97,1.104069394,15.26924013
42788,2.96,140645.0,878.67,2.020868863,15.64303392
42789,1.16,391896.0,2855.55,4.653391523,15.72205322
42790,1.41,396354.0,1248.86,2.020780772,17.38478943
42791,1.91,358248.0,1761.5,1.704191009,16.56401637
42792,1.67,145815.0,2189.41,1.680000973,12.33569951
42793,4.64,138685.0,1158.6,1.722616413,15.80177946
42794,1.87,234430.0,1337.94,4.589412245,15.6952126
42795,2.31,145266.0,1897.2,4.93924406,14.54479956
42796,1.64,369005.0,980.11,1.403071434,14.2149755
42797,1.37,371470.0,1168.01,3.439922985,15.14052374
42798,0.66,377104.0,967.57,1.586677405,15.01721547
42799,2.54,375120.0,1554.44,2.293837359,13.595874
42800,0.79,386099.0,1721.08,2.133520446,17.73027397
42801,0.26,270243.0,2003.39,1.365632428,15.8226223
42802,1.02,374651.0,2451.51,2.974159972,15.08763512
42803,0.94,382156.0,2680.35,1.328209915,16.43277795
42804,1.13,260739.0,2221.93,4.886205047,13.89865655
42805,1.2,154928.0,2534.89,1.967618409,15.69444266
42806,2.12,358404.0,1524.37,1.044303371,12.45993932
42807,1.83,239079.0,1333.76,4.081785846,15.52989863
42808,1.73,150315.0,848.2,1.336430415,13.48892992
42809,1.32,360051.0,1506.92,1.275361361,15.72648477
42810,2.9,367243.0,1802.7,3.608438978,14.05824929
42811,0.53,376939.0,1823.9,1.875573491,15.05606567
42812,0.28,138314.0,1780.95,0.521442754,11.66871438
42813,1.17,357974.0,2221.13,3.554787616,15.32623771
42814,2.07,395297.0,1401.0,0.328200978,15.34791231
42815,1.4,145972.0,1919.67,1.787436908,15.65863435
42816,0.54,155562.0,2021.53,1.362378857,14.96755026
42817,0.64,378790.0,967.28,2.701950764,12.91367866
42818,2.64,361281.0,1913.81,1.687968603,12.40023964
42819,0.05,359837.0,1048.77,2.120666199,15.33163191
42820,1.05,251571.0,1939.53,1.895470426,15.00933006
42821,0.11,372917.0,2587.63,2.74070667,15.52929564
42822,1.25,372273.0,1109.37,2.441699204,16.06452424
42823,0.97,374498.0,1866.26,3.822597699,15.46184193
42824,2.46,384509.0,1723.45,1.203172038,14.19778174
42825,1.48,236031.0,586.86,1.600128776,15.13492751
42826,1.79,387060.0,1273.59,0.723609683,15.34754874
42827,1.77,365857.0,2192.13,2.290771439,16.33206482
42828,1.69,151484.0,2017.24,0.660456875,13.39304208
42829,0.74,146506.0,2147.5,3.006518709,14.85128623
42830,0.58,136774.0,1421.02,3.94628937,14.1685879
42831,0.51,262128.0,2356.1,1.88004223,15.38699578
42832,1.19,347988.0,621.0,0.724036553,15.01803335
42833,1.4,384151.0,1889.43,1.668701055,14.20264513
42834,2.02,380997.0,1804.95,1.798257459,16.13750733
42835,1.28,262028.0,1734.08,1.728556158,15.73295034
42836,1.75,352027.0,2255.09,0.644324486,15.54405371
42837,0.58,258225.0,1293.61,3.579012203,16.30786951
42838,1.45,378311.0,1903.32,1.912271724,13.37156382
42839,1.67,260811.0,2350.33,3.27973861,13.83441545
42840,2.22,266153.0,2617.75,1.218652898,17.18686028
42841,1.66,240381.0,1975.79,0.383366089,16.01515164
42842,0.77,363214.0,712.97,4.711632003,16.324849
42843,1.58,387220.0,1674.38,0.656652008,15.76034676
42844,2.49,131966.0,1406.54,0.799534612,16.89361844
42845,0.96,135944.0,586.86,1.019141576,15.21428647
42846,0.3,356492.0,1626.53,1.831218612,15.95316037
42847,2.65,347657.0,2339.5,0.830736026,13.82296932
42848,0.0,364062.0,2428.6,2.949695085,15.68950112
42849,1.97,243367.0,1932.72,1.175338721,14.76669322
42850,1.48,253989.0,799.62,2.010761493,15.00945146
42851,1.26,383626.0,2228.15,1.389340503,14.03374607
42852,1.58,235373.0,1314.99,2.05823305,16.52283277
42853,1.85,384775.0,1530.08,1.992505815,16.39521016
42854,0.89,376285.0,2071.92,2.762880604,14.66023752
42855,1.47,368056.0,2040.1,4.302388998,13.59924816
42856,1.43,156947.0,1871.72,2.857508501,16.7883997
42857,1.44,339980.0,586.86,0.404534715,15.49100652
42858,2.45,171622.0,777.26,1.870275465,14.91106744
42859,0.83,383689.0,2157.21,2.133200484,15.28392322
42860,0.56,157322.0,859.03,1.802150746,13.24785497
42861,1.87,165778.0,1757.22,2.365237797,14.90660322
42862,1.85,389465.0,2155.27,3.333217347,15.41592401
42863,1.32,149763.0,1881.63,2.028781781,14.6523837
42864,1.06,388329.0,854.85,2.382134112,16.85679062
42865,0.73,377710.0,1495.22,2.082282501,16.94119894
42866,1.08,114947.0,854.11,1.851876723,16.56732303
42867,0.34,376963.0,2241.37,4.358507053,15.83525918
42868,0.39,376399.0,939.67,1.20977486,13.52107449
42869,0.87,165675.0,1930.54,3.498870287,15.19578875
42870,2.63,243408.0,1582.52,0.759801282,15.58797531
42871,2.37,133029.0,1107.6,1.561566368,15.83593627
42872,1.1,365554.0,1236.34,1.23171903,13.7125584
42873,2.58,155104.0,2505.41,1.260577303,14.56122866
42874,1.3,164937.0,717.76,2.028441595,16.08639936
42875,1.66,276106.0,1877.77,4.2933589,14.83025196
42876,1.78,352866.0,2270.18,0.422730252,15.11561488
42877,1.79,264665.0,2315.87,1.846630828,13.85643665
42878,1.64,270141.0,982.15,1.046672728,15.0928932
42879,0.59,149915.0,1799.66,1.669984994,14.77103097
42880,2.22,395069.0,1387.67,1.772655903,16.99178523
42881,1.33,364118.0,1917.6,0.771932054,15.81618609
42882,1.29,140890.0,1431.72,4.283464914,17.43945903
42883,1.32,357093.0,1293.78,2.993318134,16.09605809
42884,2.62,247178.0,1169.23,1.611661094,15.23432426
42885,0.84,369019.0,2283.74,2.041466653,13.81840453
42886,2.15,167523.0,1693.26,3.465580085,15.05820664
42887,2.14,127309.0,790.83,2.149633799,14.76566531
42888,1.1,261110.0,1945.78,2.254789989,15.72588525
42889,1.91,266236.0,1614.14,4.130111911,15.53669282
42890,1.63,370141.0,811.29,4.06791344,13.7879395
42891,0.45,339284.0,1960.26,2.777219459,14.53124781
42892,1.6,130145.0,2255.05,3.633891674,15.55725327
42893,1.96,252661.0,1415.96,4.329176067,14.51755998
42894,0.21,128039.0,1907.23,2.654211978,11.84111305
42895,0.92,157190.0,1764.07,0.900126709,14.34083541
42896,0.98,157625.0,1186.45,2.041107875,16.1357032
42897,0.84,142927.0,806.05,1.662296292,17.49679627
42898,1.84,144806.0,2320.08,1.51216227,16.09649111
42899,1.95,372335.0,686.56,1.954443703,16.05905847
42900,1.61,238002.0,2035.02,2.018068279,15.50262567
42901,1.45,358563.0,1852.04,4.141023011,15.70285841
42902,2.2,389977.0,1922.05,4.513643995,13.93988824
42903,1.67,268315.0,880.08,2.92282457,15.82807132
42904,2.73,354564.0,1385.0,2.751190718,17.0966208
42905,1.43,118434.0,712.45,2.155710864,14.68164987
42906,2.79,256482.0,2499.23,1.788926933,16.27253172
42907,1.68,156118.0,2086.4,4.374315109,13.32602046
42908,0.64,393585.0,2484.83,3.314483638,15.32746302
42909,0.91,270597.0,1294.91,1.669409848,15.69873495
42910,0.95,351866.0,2588.31,3.217881612,15.63778285
42911,1.58,362935.0,1923.34,1.442014455,14.26732344
42912,1.03,171282.0,966.98,0.83870103,15.01139696
42913,1.89,148171.0,1848.51,3.123921902,16.46372535
42914,2.59,157689.0,1745.47,3.684901359,15.78358516
42915,1.63,253882.0,1779.12,3.813355923,15.96159851
42916,1.28,348151.0,1961.14,2.531433557,14.17643922
42917,1.1,137422.0,1356.59,3.397575806,15.48830849
42918,1.89,266851.0,1862.55,3.968553949,15.66855811
42919,1.77,261016.0,1865.38,1.724377361,14.35382565
42920,0.6,234905.0,740.71,1.245523733,16.19100657
42921,1.08,355063.0,1763.68,3.010695276,14.40179557
42922,1.42,334848.0,1763.18,2.819169778,14.7467602
42923,1.92,378172.0,1642.81,1.605702775,16.31808256
42924,0.68,151862.0,2296.9,3.270809785,14.09064589
42925,2.23,358596.0,745.86,0.857884543,14.03397538
42926,0.75,394548.0,1424.84,3.616390759,16.06409427
42927,0.97,267497.0,1500.37,1.861623022,15.6234368
42928,0.67,147394.0,2454.95,-0.065150998,17.57296178
42929,1.51,138204.0,992.8,1.418860605,14.2167679
42930,2.01,355922.0,2615.1,2.07929353,17.33029556
42931,1.39,259461.0,2342.79,0.924594948,12.92631177
42932,1.58,138613.0,1774.83,2.083422894,17.11740371
42933,1.38,263252.0,1127.97,3.519569576,14.09041991
42934,0.85,372068.0,2581.24,1.187599369,12.86389182
42935,0.57,135979.0,1838.89,2.295433438,15.45128566
42936,1.58,243644.0,1779.79,1.37659639,14.6993785
42937,2.25,357974.0,2559.99,0.305749022,15.16076568
42938,0.78,373439.0,2974.59,2.355245692,14.41699894
42939,1.64,382686.0,1298.34,0.997934,15.68232567
42940,1.64,153119.0,2944.72,1.026798064,15.3949058
42941,1.17,386029.0,707.87,4.191139613,15.80075158
42942,0.0,138783.0,2396.79,3.174446224,15.38966616
42943,1.71,150605.0,1900.56,3.620587373,16.34628384
42944,1.37,354547.0,2042.65,2.037154432,12.58942811
42945,1.1,165998.0,1983.94,3.036926897,16.44815319
42946,0.84,383255.0,2380.32,4.718630372,13.47337229
42947,1.37,157275.0,1145.81,1.948145319,17.04514893
42948,0.0,370862.0,1947.11,0.85719278,13.41725281
42949,1.72,352307.0,1814.54,1.166570806,14.52492486
42950,1.3,359885.0,1422.16,1.938743331,15.60930744
42951,1.8,133858.0,2049.69,1.546674841,16.53475013
42952,2.36,270662.0,2952.78,1.643868603,13.98808114
42953,0.84,372301.0,1892.06,1.867047939,15.93158997
42954,1.62,372278.0,3047.82,2.680954616,16.17221089
42955,1.35,235252.0,742.19,4.635595236,15.10542108
42956,2.04,254000.0,1866.87,1.241503404,16.94628425
42957,0.63,371827.0,2489.68,1.422307853,15.38682827
42958,1.25,390341.0,1713.45,3.821290917,15.7925395
42959,1.23,142760.0,2312.45,4.040881735,13.88538366
42960,1.25,133210.0,1844.47,2.034758925,12.88270816
42961,1.0,380574.0,2400.33,0.911554292,15.69067453
42962,0.57,358146.0,1067.59,3.19490609,15.34933749
42963,1.12,392954.0,1911.03,2.153308448,12.59529294
42964,1.71,151192.0,1848.3,2.724396849,17.08578834
42965,1.29,250106.0,2406.88,3.644061667,15.82732978
42966,1.86,351157.0,1816.2,3.542360123,16.87070199
42967,0.5,396789.0,2685.35,2.172653994,16.34335466
42968,1.52,277846.0,2388.0,4.684742659,16.13122958
42969,1.12,357996.0,671.85,1.640866486,12.61524035
42970,0.58,280230.0,1487.25,2.200587619,16.50159165
42971,1.36,362515.0,1272.53,1.751968272,13.67989399
42972,2.02,259496.0,2109.1,2.745090554,16.54937989
42973,0.9,249503.0,2120.35,3.979579709,13.81686828
42974,1.51,378927.0,1844.24,1.683844313,17.73027397
42975,2.6,365212.0,2394.95,2.045019395,16.26694414
42976,0.0,355873.0,1975.41,3.070191357,16.49663703
42977,1.04,152657.0,2856.99,1.732402525,13.17192446
42978,1.19,141464.0,2008.63,1.933665182,16.5188407
42979,2.32,270944.0,1889.47,1.105018658,14.35572675
42980,2.2,354588.0,2759.76,0.614581234,16.21541117
42981,2.26,134929.0,864.25,1.079517681,16.53249887
42982,1.09,368245.0,2203.38,1.583394038,13.16208596
42983,1.96,369817.0,1876.23,0.60443782,15.18401816
42984,2.12,357523.0,1740.07,3.314750862,16.03716097
42985,2.36,347464.0,1867.88,1.878510882,15.29857362
42986,1.76,150553.0,1839.15,1.688070321,15.32542451
42987,1.42,130757.0,1364.05,1.641688079,17.24681046
42988,2.54,135556.0,769.88,0.49716989,15.84191732
42989,2.0,163729.0,1787.5,4.188530017,12.07927008
42990,1.14,355401.0,2212.17,2.343814219,15.82163073
42991,0.69,259308.0,1504.58,3.341922702,14.0728749
42992,1.32,377304.0,1173.39,1.284735769,14.92341536
42993,1.99,388818.0,2948.08,0.415547131,15.5857418
42994,1.89,383295.0,913.78,1.586566719,12.74156573
42995,0.0,391073.0,2857.5,1.665745183,16.99415777
42996,1.62,381763.0,1997.91,2.55303505,15.64579921
42997,0.59,141527.0,1420.56,3.48718116,12.47255966
42998,1.09,153929.0,1241.37,2.713961424,13.16878854
42999,1.08,140976.0,2129.28,3.663482823,15.14100258
43000,1.84,352631.0,2354.83,1.689485989,17.63672131
43001,0.87,354928.0,1421.08,1.92929559,15.98916979
43002,1.71,355592.0,1749.55,1.66704787,14.97395731
43003,1.1,347377.0,1617.03,2.273049116,12.3831315
43004,0.93,368470.0,1976.03,1.719484543,17.20806936
43005,2.05,151526.0,2404.93,1.474232944,16.13602856
43006,1.31,384652.0,908.23,4.553359721,14.96645707
43007,1.47,276992.0,2068.62,1.73042975,15.83820278
43008,1.75,267536.0,1103.55,1.722451531,15.57353783
43009,1.88,378437.0,818.63,1.63308079,15.01304053
43010,1.44,381351.0,2411.62,0.74902091,15.23734832
43011,1.78,278042.0,939.48,1.490873684,14.78337221
43012,2.18,381330.0,1787.21,0.75481173,15.49501025
43013,1.22,374823.0,1279.5,3.881739915,15.58854838
43014,0.95,168777.0,2701.08,2.155186453,14.62107055
43015,1.63,156644.0,1876.81,4.333200274,16.01964868
43016,1.1,378543.0,2280.91,2.547663578,15.14638785
43017,0.96,372014.0,878.13,1.364107739,16.36850261
43018,2.13,244632.0,2406.5,1.176251393,15.99575208
43019,1.07,387300.0,1828.03,4.753912576,15.71971731
43020,2.71,151496.0,977.71,1.373229739,15.76223543
43021,1.67,389727.0,1503.99,1.794724171,15.74917955
43022,1.2,127789.0,950.66,1.862671355,15.02253239
43023,1.45,148888.0,700.31,2.054437349,13.56530561
43024,5.05,379172.0,2068.56,1.975660208,13.50502221
43025,1.91,121345.0,1866.73,1.323256388,13.41876114
43026,1.7,134403.0,1936.2,1.059962676,14.56065394
43027,0.36,241056.0,1710.1,3.66111813,15.2132964
43028,2.13,266501.0,2509.3,1.094117195,17.02650589
43029,2.85,150219.0,800.67,0.329684255,14.02943841
43030,1.85,247621.0,1989.52,2.020034304,13.09964542
43031,1.81,251678.0,948.63,1.628970884,15.29783214
43032,0.62,380224.0,2530.79,2.037776863,11.687993
43033,0.53,246759.0,2298.9,1.03588594,15.14060762
43034,2.31,346570.0,2346.81,1.564750262,15.12903525
43035,2.15,272264.0,1903.14,0.858446723,16.52231992
43036,1.0,262614.0,2040.21,4.013304491,14.49006472
43037,1.91,381732.0,759.6,2.109312555,15.24392856
43038,1.94,355331.0,1422.86,1.083584509,16.38892161
43039,1.44,361202.0,2334.13,1.266728766,15.35410407
43040,0.79,348907.0,2286.91,3.732151603,17.73027397
43041,1.34,367197.0,696.65,1.426477132,15.15498084
43042,2.2,351511.0,2319.83,2.330640031,16.30068689
43043,1.19,362502.0,2207.74,4.299070137,13.53542515
43044,0.88,361566.0,1732.19,1.127600652,12.53645016
43045,1.13,386433.0,1520.17,0.885057993,13.08007837
43046,1.24,133889.0,851.26,1.877904038,14.94768294
43047,1.19,141805.0,1389.48,2.69296407,15.80154702
43048,2.41,382941.0,2386.7,0.620786926,13.82352641
43049,1.44,130127.0,689.95,2.426936006,15.66477965
43050,0.68,274908.0,1744.08,1.721510643,14.6471439
43051,1.81,384300.0,2248.12,1.212078732,16.52863077
43052,1.8,147867.0,1810.6,1.966912868,15.84537184
43053,1.26,345493.0,2107.16,2.136620276,15.50719702
43054,0.96,338404.0,984.61,0.925361745,16.05855834
43055,0.65,149846.0,1820.53,2.314412204,17.04664543
43056,1.76,361502.0,1121.75,3.66439497,15.74481334
43057,1.3,246477.0,1792.84,4.218326975,14.0175274
43058,0.72,375830.0,2199.11,2.140935821,14.96028184
43059,0.77,159409.0,1914.33,0.402732173,15.97556215
43060,0.01,170037.0,1947.81,2.682455132,15.69210086
43061,2.43,114947.0,1621.69,2.679653353,16.36219106
43062,1.93,380771.0,1445.85,3.014272653,15.14355701
43063,1.89,386914.0,1954.5,3.074633696,15.1397366
43064,1.91,170709.0,1728.18,1.917557615,14.4985083
43065,1.42,352820.0,1023.22,-0.185400365,15.77054251
43066,0.67,352963.0,1825.48,4.096706757,14.94393729
43067,0.85,359737.0,1123.61,1.441806743,14.83584141
43068,1.61,341425.0,1127.09,-0.130142495,13.27053018
43069,0.63,368550.0,1819.7,2.1781727,15.62495805
43070,1.64,233756.0,1258.82,0.190943442,15.85571321
43071,1.85,354643.0,1799.61,0.531690754,16.20144061
43072,2.12,350546.0,2478.86,1.461343035,15.42815364
43073,1.29,377593.0,1929.63,1.964497795,15.29577394
43074,0.02,148991.0,1707.44,1.728791271,16.11437778
43075,1.68,366292.0,2378.87,1.141853559,14.81880959
43076,2.2,360869.0,1903.83,1.329807843,13.64624593
43077,1.32,383764.0,1952.82,1.131788692,15.12524285
43078,2.63,134954.0,1898.03,4.273874285,14.09377606
43079,0.69,169210.0,1889.54,1.45243512,16.71511041
43080,1.64,350275.0,1002.42,1.046815724,13.41594667
43081,0.7,353522.0,2090.08,-0.080991493,16.12647488
43082,0.9,373774.0,1896.21,1.484854115,13.8158513
43083,2.18,379722.0,1921.04,0.929728162,15.48424724
43084,1.89,346706.0,1584.26,0.488347647,15.03063981
43085,1.6,360729.0,1839.17,3.034473578,14.06990705
43086,2.52,255685.0,1331.51,4.269193336,14.3788961
43087,0.0,378409.0,1785.01,2.085753789,13.90498746
43088,0.51,368257.0,1688.24,2.91262435,15.56557543
43089,1.31,253985.0,1899.53,3.659703456,15.9115847
43090,1.06,114947.0,2366.6,2.708731808,11.2583727
43091,1.45,358373.0,1960.09,3.037866657,14.35768329
43092,1.72,163870.0,2033.53,0.89087044,15.80321213
43093,0.69,275375.0,1793.67,2.448525417,15.86620778
43094,1.12,366841.0,815.12,1.933530151,15.60366475
43095,1.93,123538.0,789.0,2.745967056,15.89089369
43096,1.74,136371.0,586.86,0.951097481,14.70328578
43097,2.27,142595.0,2238.82,-0.01642852,15.85991175
43098,1.18,238488.0,1710.01,1.38983952,15.02825734
43099,0.74,146518.0,1851.26,1.801649932,14.67230836
43100,0.2,379626.0,733.37,3.03529343,13.49278111
43101,0.42,386492.0,1898.72,1.399769067,13.31097135
43102,1.48,184349.0,1383.1,1.723210871,13.09206678
43103,1.96,283535.0,2354.94,1.544464959,15.69387698
43104,2.58,389518.0,1944.74,0.536786739,16.08239185
43105,1.2,366807.0,1473.22,3.671594382,15.38188711
43106,1.4,379412.0,1932.16,1.856283348,14.92169814
43107,1.9,363334.0,2018.09,4.187927425,15.93284058
43108,0.79,258402.0,1837.05,2.171917279,13.63509293
43109,1.53,174448.0,2450.42,1.813928845,15.11431117
43110,0.96,161963.0,1157.41,1.785884461,12.67254336
43111,2.15,395812.0,1003.96,2.032956428,16.69941775
43112,1.14,248934.0,1336.16,1.656869397,15.92303863
43113,0.66,386832.0,2391.81,0.772380593,13.63159517
43114,1.26,389135.0,906.29,3.368294661,16.04461533
43115,1.1,360854.0,2260.73,1.555475275,12.71373892
43116,0.47,370708.0,2364.81,3.913697044,16.41383376
43117,2.3,383959.0,2034.83,2.107910944,15.59962515
43118,1.79,396263.0,1826.66,0.316935151,15.41536552
43119,2.08,358869.0,1775.38,1.428151264,15.40168506
43120,1.35,263800.0,2233.76,1.907337836,11.92942431
43121,0.99,152182.0,2699.56,4.465132793,16.31243877
43122,0.75,154463.0,1395.44,2.185703453,13.40010449
43123,2.18,380824.0,1894.77,1.661810216,14.73473344
43124,2.13,131551.0,1274.73,2.282022684,15.16147926
43125,1.23,157973.0,1954.67,4.065381883,15.66022848
43126,2.42,360915.0,1795.38,2.524598471,16.08455313
43127,2.23,247949.0,907.89,2.655629198,16.55320546
43128,1.68,363187.0,2035.64,1.352764375,14.57710815
43129,1.94,362913.0,1483.9,1.198716281,15.12414092
43130,0.75,267768.0,1756.69,0.886694981,16.15967403
43131,1.48,355318.0,2253.72,1.05140909,15.3352
43132,1.53,151759.0,1412.51,1.103565296,16.12387111
43133,0.89,277946.0,648.43,2.983983416,16.0340151
43134,0.44,396432.0,2534.22,2.52011324,13.44316608
43135,2.73,262154.0,1849.81,3.720517707,13.79770636
43136,1.37,134247.0,1937.68,0.534739504,15.63177262
43137,2.14,362419.0,797.57,0.504407669,15.87606282
43138,1.08,372230.0,2307.77,1.062331719,16.02383505
43139,2.07,127292.0,1385.2,2.085981017,12.84709226
43140,0.84,255838.0,1316.87,1.663343683,15.31319585
43141,1.2,358215.0,1035.48,1.164756916,13.00327919
43142,0.79,376562.0,1893.24,1.617905787,13.50897306
43143,2.71,343371.0,2088.28,1.404454997,15.69192131
43144,1.03,368562.0,1879.91,2.298762002,15.20914954
43145,1.55,174317.0,1906.18,2.013726066,13.94214447
43146,1.33,239015.0,2140.83,1.583416792,15.5187005
43147,0.3,157385.0,2299.35,4.93924406,15.6906669
43148,2.67,256513.0,2511.3,3.484513339,13.55461174
43149,0.92,358945.0,694.51,1.861445952,14.51980424
43150,2.32,380573.0,2301.44,1.917260903,15.95495006
43151,0.49,344415.0,1771.42,1.674096652,13.4443053
43152,1.26,152204.0,2293.49,4.219129039,15.19272379
43153,1.12,130775.0,598.55,1.919161351,15.06862841
43154,1.61,150884.0,2282.64,2.4591211,15.68926413
43155,2.16,357117.0,1789.01,2.088737327,15.27353548
43156,1.52,259514.0,2373.94,4.623623909,16.51181768
43157,1.67,355668.0,1413.44,2.018257928,16.49946315
43158,2.25,351818.0,1378.69,0.799909722,13.88568127
43159,1.82,275525.0,1579.73,2.228432861,14.47430414
43160,1.63,388716.0,1859.33,2.595256479,15.93419513
43161,1.38,158647.0,1018.08,1.746746944,16.09433701
43162,1.34,348493.0,2033.33,1.283623175,12.84699075
43163,2.18,249071.0,1826.79,1.823224825,12.88534739
43164,1.72,165406.0,1584.33,1.040311525,14.18139839
43165,0.65,392582.0,785.29,2.714299771,16.81755995
43166,1.21,271011.0,2707.73,1.59806329,16.18518027
43167,2.05,362614.0,1299.69,2.682088548,13.98895137
43168,1.03,166541.0,778.34,1.945033997,12.88543472
43169,1.46,268921.0,2358.97,1.049734671,14.8779553
43170,2.31,136564.0,2296.19,0.827339223,15.42850117
43171,2.1,360542.0,1851.16,2.093097529,16.19877851
43172,1.17,366365.0,806.19,1.583590751,16.05664236
43173,2.02,154729.0,2393.08,2.316099807,15.00744141
43174,1.62,372467.0,992.64,2.094184264,15.37794138
43175,2.64,385304.0,2285.46,1.9478373,15.45935698
43176,1.48,377069.0,909.72,1.993197705,15.69748495
43177,2.38,261967.0,1730.03,0.702706166,15.36532848
43178,1.63,140916.0,759.02,0.600875721,15.6014368
43179,2.18,140557.0,820.04,0.971683565,15.66562263
43180,0.61,149026.0,1885.31,2.034528286,16.68707009
43181,1.2,136913.0,2247.81,3.161921964,15.11548681
43182,2.04,169689.0,1940.24,0.696555164,15.31568176
43183,1.84,382408.0,2276.61,2.492001426,13.88264907
43184,0.0,150190.0,937.43,3.723724638,16.41737798
43185,1.29,385371.0,831.58,2.405678951,17.15230332
43186,1.23,386919.0,1324.09,2.622068029,15.65284348
43187,1.44,235921.0,1337.04,3.309612169,16.26249462
43188,0.3,153101.0,1926.4,2.548321971,13.51123072
43189,1.46,355835.0,1668.46,2.286695569,13.14119555
43190,0.84,401119.0,2265.14,2.282207202,16.98035631
43191,1.32,401119.0,1947.65,0.577422143,15.92506204
43192,0.8,357636.0,1930.05,1.933583878,17.22043701
43193,2.26,360478.0,1398.08,1.897806321,16.12466462
43194,1.09,261496.0,812.31,1.20257348,14.74420082
43195,1.51,365344.0,2230.11,1.411080511,16.328516
43196,2.47,234971.0,1810.52,1.488160229,13.82222411
43197,0.81,380407.0,1679.85,2.511588653,16.32360576
43198,1.73,348097.0,1233.59,0.119761175,14.65825427
43199,1.54,375052.0,1932.15,1.887809679,12.39217931
43200,1.22,361191.0,2271.76,2.284360902,14.68865832
43201,0.73,386653.0,2278.76,1.624334064,16.80400093
43202,1.05,162182.0,2201.8,2.443025032,17.02600185
43203,2.01,365799.0,1391.85,3.805695806,17.73027397
43204,1.24,371788.0,2411.12,2.052877381,14.07321719
43205,2.14,356783.0,1849.64,0.586366952,17.29941163
43206,1.05,389786.0,2147.74,1.873400014,12.94824553
43207,2.18,187323.0,2345.87,1.481535725,15.76420626
43208,1.24,164018.0,2429.68,1.30822066,15.36932917
43209,2.04,386057.0,2491.64,3.889193988,14.97339551
43210,1.85,130918.0,782.15,1.649364043,15.51243778
43211,1.62,124452.0,1811.72,2.087989129,13.94695513
43212,1.18,361171.0,1758.32,0.064807342,13.11531908
43213,0.39,384955.0,2045.67,2.054084617,15.79972256
43214,1.41,137413.0,910.76,2.232790897,13.24711866
43215,2.09,124747.0,1038.6,2.7221659,15.95892465
43216,0.73,354454.0,1807.46,0.097116515,16.2142879
43217,1.08,387956.0,1520.72,0.780141767,16.31928836
43218,0.94,347333.0,755.66,0.943353821,15.62330131
43219,1.55,377180.0,1922.17,3.496531842,13.66828512
43220,1.0,366284.0,2269.15,1.801103747,15.51190128
43221,0.96,366913.0,1609.22,1.642240409,13.9602749
43222,2.62,179562.0,1148.19,2.630180311,14.55842057
43223,2.52,132725.0,2042.54,1.481954753,13.99718088
43224,1.48,230623.0,1967.77,1.183072212,14.31266431
43225,1.35,371364.0,1720.04,2.889226037,14.28360662
43226,2.37,373009.0,2040.67,3.526038877,14.10930956
43227,3.08,131931.0,586.86,3.282343389,13.76621438
43228,0.97,268552.0,1856.25,1.637597704,16.15671212
43229,1.55,250992.0,1795.86,1.288445675,14.15944837
43230,1.44,377143.0,1469.26,1.025741752,15.6885832
43231,2.16,283047.0,1800.27,1.626996088,15.59793542
43232,0.85,391046.0,2621.33,3.573086566,11.78682612
43233,1.28,360118.0,1594.92,3.399789431,13.43479938
43234,1.18,166893.0,1389.9,1.276984891,15.1730553
43235,2.49,358717.0,1343.87,1.538810218,16.20796957
43236,2.12,374364.0,1714.23,3.368470472,15.1205515
43237,1.6,382705.0,2266.75,2.188078216,16.01364709
43238,0.54,266716.0,2013.23,2.945173536,14.16962774
43239,1.84,364006.0,2427.76,1.779583405,14.91809013
43240,0.94,355295.0,1910.14,0.177250396,12.85745592
43241,2.28,342727.0,2211.3,1.824635274,16.34309808
43242,3.13,152998.0,1820.39,3.860103824,16.32795654
43243,1.82,378871.0,1804.75,0.990119548,16.63442393
43244,1.3,362636.0,1909.88,0.547709757,12.30818199
43245,0.58,367849.0,1158.3,0.988788849,15.37846875
43246,0.77,389174.0,2419.98,4.591162014,14.32516452
43247,0.13,165471.0,1199.37,2.352997669,15.61684273
43248,1.89,168039.0,920.58,1.852378035,17.15737613
43249,1.36,344986.0,799.44,2.909245722,14.99252758
43250,0.79,374472.0,1370.63,1.575316663,15.73315425
43251,1.41,249734.0,948.02,1.720076846,16.70132162
43252,2.04,155677.0,2481.43,0.349082365,15.73829222
43253,1.95,342325.0,1807.36,3.668358344,11.96592481
43254,1.72,393372.0,1512.15,0.744833008,16.69850074
43255,2.61,383406.0,2394.49,2.378390546,15.16618099
43256,1.62,377666.0,814.72,2.369923381,15.66702281
43257,1.8,254145.0,873.86,2.78986504,15.77440193
43258,0.52,376930.0,1737.69,1.331794565,14.65321872
43259,1.22,363844.0,2347.16,2.429722393,14.74446079
43260,2.06,365591.0,1035.5,1.571250359,15.50328718
43261,1.33,361313.0,1678.0,1.070668252,16.20320818
43262,0.68,363984.0,2594.12,2.005414198,15.7855459
43263,1.97,394889.0,1983.1,1.274127906,15.14930888
43264,2.28,352297.0,1614.91,2.128492081,17.50187077
43265,0.85,339895.0,2190.51,1.871563198,15.98945121
43266,1.69,162287.0,1541.96,0.770481252,15.71061432
43267,0.12,275207.0,1904.79,0.981168564,14.42827045
43268,2.9,365417.0,2306.98,1.129744035,15.0876204
43269,1.82,249258.0,2300.59,3.374548018,13.83334833
43270,0.77,382797.0,1846.97,2.249126175,17.59206227
43271,0.37,139134.0,1467.71,1.888998335,15.13243217
43272,0.85,369379.0,1765.79,2.717391484,13.25303778
43273,0.0,359070.0,1504.02,3.81627964,13.33876195
43274,1.77,250795.0,2041.2,0.863197735,15.74183644
43275,2.1,347999.0,1969.44,4.136654049,13.36508068
43276,1.8,140691.0,881.07,2.30659466,15.44142844
43277,1.14,146882.0,1399.96,2.366738104,16.54843944
43278,1.54,362047.0,1201.61,2.309446844,15.77337895
43279,2.81,250576.0,836.82,1.742848084,13.44372993
43280,1.79,266249.0,1430.55,2.124310754,14.32822469
43281,2.58,148809.0,2275.98,1.617057316,16.71214435
43282,0.51,255448.0,2212.9,1.441351314,13.68457161
43283,1.71,370627.0,1842.84,1.777790907,16.38237006
43284,2.21,361832.0,649.91,1.478027976,14.93752705
43285,0.36,178547.0,601.4,4.627665232,16.1924352
43286,0.64,235022.0,1904.78,2.18303569,15.57791687
43287,0.91,363780.0,1811.39,1.567139423,14.51916287
43288,1.41,247018.0,1761.88,1.503540211,13.12163108
43289,0.95,383790.0,1132.72,2.616152519,15.624058
43290,2.09,388959.0,1462.77,3.883014521,17.41059755
43291,2.08,358110.0,914.74,3.981322865,11.32110879
43292,1.16,372167.0,1911.12,3.656839219,14.00658672
43293,1.57,257179.0,1370.53,1.494591998,16.58588965
43294,1.37,370410.0,586.86,2.354849305,12.82130684
43295,1.26,123009.0,1821.5,-0.326393035,14.72856082
43296,1.73,277565.0,1976.37,1.980097534,16.08501698
43297,1.56,263425.0,2378.75,0.448799895,15.9426947
43298,1.2,155739.0,1802.84,0.922339337,15.54570695
43299,1.65,141634.0,1940.69,-0.326393035,14.97794316
43300,1.94,136299.0,1891.43,0.765300951,14.83783412
43301,1.83,146541.0,1379.54,2.676060784,15.82863769
43302,0.92,146004.0,1817.4,1.385427341,16.31463725
43303,1.22,391810.0,2406.89,4.054496187,15.82468614
43304,1.71,374463.0,768.59,1.911647562,15.54066137
43305,1.88,168921.0,2323.78,1.916227001,15.39452702
43306,2.61,366532.0,983.8,1.846799411,11.49266084
43307,0.22,155980.0,1376.7,1.441637072,15.77774778
43308,1.04,367213.0,1399.25,0.188900304,15.22010365
43309,1.74,164014.0,874.77,2.220380551,15.30532259
43310,2.12,141599.0,2420.46,0.738765451,15.70426271
43311,1.38,359012.0,1504.13,2.786728949,13.32733714
43312,0.3,162440.0,1861.86,2.480886666,14.6473647
43313,1.0,248265.0,1761.77,1.341146355,14.04678962
43314,2.51,348598.0,2071.85,4.502559423,15.56760687
43315,1.75,269396.0,2218.0,0.109739342,15.54270586
43316,2.14,127890.0,1838.45,1.19708646,15.39928351
43317,2.5,152540.0,2013.42,1.619698716,14.31231607
43318,0.69,148194.0,841.55,0.330372677,15.42426048
43319,2.73,367687.0,1510.14,0.588231227,15.28680622
43320,3.88,267328.0,594.37,2.60451109,13.85777607
43321,1.15,150823.0,1499.98,1.919455643,16.15043416
43322,0.74,371237.0,1611.15,2.181014951,11.58829688
43323,1.18,379517.0,911.33,4.410303321,15.03581805
43324,2.45,246406.0,932.44,0.799723656,13.23416733
43325,1.07,372480.0,1910.8,2.980770667,15.52652886
43326,1.66,259447.0,2173.23,2.072549895,15.46049163
43327,0.94,365166.0,2231.83,1.444652083,16.62075306
43328,1.24,354911.0,1768.29,1.674520551,15.53441667
43329,1.0,372692.0,1703.93,2.761210313,16.06902161
43330,1.75,340889.0,1754.28,1.603744684,16.06104606
43331,1.27,379402.0,2215.15,1.405924381,16.37164056
43332,1.85,393934.0,1005.27,3.079201275,17.44293633
43333,1.98,378622.0,2196.28,3.478363437,16.07245471
43334,1.23,162659.0,1360.52,4.379425559,15.98435642
43335,0.75,375824.0,2324.8,1.254553143,15.02442469
43336,2.45,359053.0,1980.87,1.575637512,15.36962375
43337,1.55,359729.0,1805.22,0.392831184,15.28732623
43338,2.54,349139.0,675.36,1.546057378,13.13660587
43339,3.34,388642.0,1858.25,2.721409907,13.43463246
43340,1.84,248670.0,897.52,0.272089019,11.59593951
43341,0.37,170811.0,2005.65,3.431615794,15.39844178
43342,1.61,382470.0,1855.1,0.007058472,15.39462406
43343,0.99,367013.0,2161.74,2.976977298,14.05464714
43344,1.14,363762.0,2346.12,0.9589377,15.76602165
43345,0.41,356239.0,1614.55,2.967392363,15.31350026
43346,1.82,366997.0,2127.52,1.564848478,14.97103082
43347,1.25,246986.0,1610.75,2.21782262,16.33515233
43348,0.92,380658.0,1872.38,1.247414555,14.95131667
43349,1.11,374106.0,2432.4,3.115254214,15.73435859
43350,1.93,368753.0,2173.28,0.957709371,16.04287259
43351,1.7,128364.0,1946.16,1.301241822,13.27260405
43352,2.37,388683.0,1401.95,1.051295895,14.41023599
43353,1.61,394737.0,1865.51,2.359982355,16.28138959
43354,1.91,364704.0,2064.73,2.973052559,15.76251762
43355,0.14,131087.0,1909.29,1.725366245,15.78143648
43356,1.84,145171.0,1810.19,2.426448478,14.17992806
43357,2.13,155999.0,1298.42,4.081004762,15.01003548
43358,1.1,138690.0,1922.32,0.583140344,15.127322
43359,2.37,132481.0,2554.66,3.193452961,13.50498179
43360,1.69,140819.0,1919.85,0.819544053,15.22766648
43361,0.2,381129.0,2001.27,1.78585128,15.68891889
43362,0.59,277331.0,2229.38,2.223246027,15.56408393
43363,1.02,388825.0,737.69,1.206647745,14.26421896
43364,0.7,141988.0,2017.62,2.875815912,14.98608498
43365,1.38,371885.0,2495.55,1.24621135,14.0974613
43366,0.93,244389.0,1840.53,1.292996909,13.18395413
43367,0.76,378709.0,1861.44,1.785683664,12.91537141
43368,1.2,271732.0,1866.44,2.26781812,13.95987377
43369,1.02,367510.0,2109.2,2.145080476,13.75260622
43370,1.8,354517.0,2155.85,1.53826489,15.54198749
43371,0.46,355337.0,1689.05,1.05943365,15.09332232
43372,0.15,260346.0,1604.8,2.157141688,17.52844188
43373,1.18,390172.0,1412.21,2.068977608,16.02753031
43374,0.6,380902.0,1715.87,1.682613035,15.53374493
43375,1.58,127333.0,1469.6,1.973278234,15.11092743
43376,0.24,167388.0,1913.73,0.644722985,16.99617736
43377,2.03,385148.0,2597.47,3.070549768,12.86511536
43378,1.15,365626.0,1560.9,4.18559154,15.71786682
43379,0.73,380036.0,2612.9,3.230067013,15.25269211
43380,2.14,132736.0,2553.24,3.590488635,16.42925496
43381,1.79,277397.0,1154.93,0.974405649,15.38154043
43382,2.21,381321.0,1884.35,2.485293346,12.02408275
43383,0.91,159208.0,1834.93,2.22193857,17.73027397
43384,0.93,379382.0,2088.1,2.457440479,13.19816558
43385,2.1,272578.0,2581.02,3.797347145,12.98104743
43386,1.25,262363.0,1802.1,3.311070679,15.59297202
43387,1.22,382365.0,2320.84,3.224526606,15.36966384
43388,1.12,137582.0,2245.29,2.444840075,13.22136512
43389,1.9,259153.0,2230.96,4.301282388,16.46392275
43390,0.91,362803.0,1160.79,2.08852595,16.71660157
43391,2.06,371353.0,1918.65,1.466746738,14.38570249
43392,1.58,370425.0,1403.71,1.044831757,14.54483336
43393,1.79,251124.0,2051.53,3.394057069,13.21293671
43394,1.66,269965.0,2517.51,1.540818839,13.50917416
43395,1.16,269316.0,955.39,1.450131686,13.78637071
43396,0.95,379933.0,1793.06,0.803900984,16.49782098
43397,1.74,142023.0,1809.71,1.758420497,15.33346855
43398,0.52,363335.0,2368.76,3.480725175,15.68769655
43399,1.52,365423.0,1093.3,1.099770382,15.37382724
43400,0.35,392255.0,1947.73,1.179572069,13.31867688
43401,1.63,380017.0,1934.5,1.362856852,16.88158059
43402,0.78,248512.0,2281.28,1.920574647,14.13673676
43403,1.39,366423.0,1069.1,0.970221578,15.79212626
43404,1.4,156851.0,2104.49,1.427047427,15.13531801
43405,1.65,371189.0,1930.7,0.063394808,14.74058953
43406,2.37,260833.0,1978.09,2.076854744,16.78657659
43407,1.28,368338.0,1929.37,1.451779976,15.41287875
43408,2.6,376637.0,2323.76,2.209258371,16.1532244
43409,1.67,172266.0,2614.83,1.951132825,13.08706559
43410,2.26,377435.0,1942.11,2.730294684,16.59829696
43411,0.46,378568.0,2274.86,1.484171022,14.52118447
43412,1.21,245297.0,1350.12,0.955633488,17.18120981
43413,1.69,386038.0,2527.73,1.929362255,15.90198453
43414,0.33,252488.0,729.69,2.42058246,15.792012
43415,1.77,372971.0,1803.6,3.592144253,16.28780318
43416,1.65,248508.0,1529.8,1.842053984,12.97576329
43417,1.28,243314.0,1803.42,1.752173464,16.57390088
43418,1.61,361788.0,1954.95,1.085704209,13.87628121
43419,0.79,248511.0,1925.69,2.801430112,14.08816178
43420,1.76,401119.0,2289.21,1.639347588,16.68488818
43421,1.6,256576.0,1757.92,3.119963784,12.61673943
43422,0.91,273981.0,2318.94,2.717115965,15.57644757
43423,1.67,352254.0,1688.51,3.688570818,15.0100616
43424,1.32,121752.0,2773.59,1.405845132,15.59862492
43425,0.81,363526.0,747.93,1.84606022,15.2859714
43426,2.04,352786.0,811.27,1.327075022,16.45881113
43427,1.67,357140.0,2123.94,0.85556787,15.84431501
43428,2.32,359179.0,2135.32,2.878025599,13.0379394
43429,0.92,401119.0,1875.64,1.836795069,16.0223947
43430,1.6,387992.0,950.92,2.708100659,16.36835541
43431,1.39,149750.0,1343.96,3.641740193,13.50304823
43432,1.55,371516.0,1837.29,4.006046301,15.55263745
43433,2.6,152540.0,1835.39,2.662005662,15.83011076
43434,1.7,130750.0,2315.62,1.788085554,16.01750222
43435,1.13,388514.0,833.58,1.890033853,16.91260679
43436,0.58,271517.0,1723.38,1.494195361,17.59537362
43437,2.03,370020.0,2146.75,1.33934527,16.05482911
43438,1.34,161455.0,2055.9,0.567845856,15.14401829
43439,1.49,386499.0,1846.33,4.734588296,16.01358032
43440,2.03,137641.0,1566.89,2.755035041,15.08235981
43441,1.34,258881.0,1945.72,1.6312575,13.51434108
43442,1.38,143876.0,2078.72,4.567492173,15.13831407
43443,1.01,126189.0,1224.62,2.421321017,16.96084029
43444,1.41,240693.0,1896.36,2.148523256,12.93343083
43445,1.84,360419.0,853.03,0.722164646,13.66047976
43446,1.4,367999.0,1780.17,3.956896436,13.43950652
43447,2.73,259920.0,1197.18,4.288240972,15.82954849
43448,1.88,124971.0,2509.04,2.149018677,14.34346975
43449,2.46,147273.0,1737.48,1.812972817,16.79818561
43450,0.88,256138.0,1479.53,1.163244497,15.93808644
43451,1.68,137280.0,1541.07,0.307314199,15.84966758
43452,0.5,255010.0,731.06,3.395204379,16.10541556
43453,1.57,392848.0,744.59,1.690177042,14.79309763
43454,0.49,386297.0,1459.33,1.667109559,11.97369488
43455,0.34,365724.0,1885.03,2.930966205,17.17083525
43456,0.97,373159.0,2006.8,0.971146879,15.03256708
43457,1.64,244849.0,2477.19,2.164469164,16.98141894
43458,1.01,384021.0,875.33,1.335569573,13.5802795
43459,2.26,258920.0,1827.02,3.418838728,17.73027397
43460,1.26,357777.0,925.14,1.202644528,15.08656444
43461,0.71,366166.0,753.19,2.494696439,14.97623608
43462,1.05,384412.0,1734.9,1.72779403,16.28481762
43463,2.42,360695.0,1290.99,1.744626538,13.96615271
43464,1.33,249063.0,1017.21,1.482880776,14.38309412
43465,0.79,394007.0,2290.88,2.047822285,13.84148237
43466,0.97,165268.0,1870.18,1.413107232,15.85886751
43467,1.84,120778.0,2099.32,2.829897852,16.26055227
43468,2.3,268145.0,1904.54,0.943560234,16.6046292
43469,0.98,144810.0,726.49,2.474250671,15.48973458
43470,1.62,381770.0,2037.15,1.75288501,16.89223225
43471,1.06,376000.0,2991.61,1.23358512,17.6387795
43472,1.59,391614.0,972.43,3.257441306,15.93918555
43473,0.59,280030.0,2012.72,0.179951399,16.09069324
43474,1.01,254054.0,1867.78,3.282543234,16.87877413
43475,1.15,367054.0,1999.69,2.944873966,15.83831876
43476,1.78,380856.0,2232.73,2.860200315,15.4461029
43477,1.26,374866.0,754.18,1.166717206,15.23459867
43478,1.19,141168.0,1155.19,1.663383909,14.27384462
43479,1.53,247715.0,1258.02,1.696847376,14.34352266
43480,1.52,376265.0,1763.4,2.11147463,11.75281031
43481,0.83,258583.0,1940.55,3.751054172,13.56017703
43482,1.38,136659.0,2320.15,1.513087431,11.58790512
43483,1.34,374751.0,2593.4,1.504492395,15.54477336
43484,0.46,367850.0,1630.15,1.574297085,15.89781527
43485,1.57,248814.0,1471.94,2.259639467,14.37170112
43486,1.56,382827.0,946.2,1.032979786,13.27504157
43487,1.3,376214.0,1975.87,2.656473812,13.44064195
43488,1.37,352655.0,1820.62,1.9397826,15.44135771
43489,0.43,252127.0,1976.26,3.322291595,14.7786809
43490,1.52,155334.0,2169.83,2.326945116,14.73180338
43491,1.18,162539.0,981.23,1.413931477,15.21068173
43492,2.7,385546.0,1635.08,3.445955249,15.87534173
43493,1.11,354446.0,3047.82,1.797820816,15.90298475
43494,0.7,378510.0,1795.93,1.747817158,15.38945907
43495,1.98,357931.0,1009.92,3.976252605,15.42690546
43496,1.36,395721.0,1420.13,1.082234129,15.08157833
43497,1.34,345785.0,1074.07,0.562072176,14.69085413
43498,1.31,145583.0,2339.76,2.473229039,16.35466781
43499,2.29,382368.0,1756.48,1.429847935,15.21951349
43500,1.29,169027.0,2003.8,4.417912665,14.10369129
43501,1.66,362351.0,1868.2,1.992571103,16.16061272
43502,2.29,352521.0,2076.31,1.854936593,13.53940684
43503,0.3,364444.0,2473.0,1.886095328,13.11492677
43504,2.81,140944.0,2267.16,2.944772516,16.08764013
43505,0.99,385988.0,2495.36,1.394440808,14.89594979
43506,1.85,240889.0,1721.27,1.742251781,16.04616683
43507,1.1,360619.0,1782.31,1.473531382,16.48323739
43508,1.36,381419.0,2190.71,1.895220755,15.52048025
43509,1.25,258234.0,1828.82,2.404058926,16.5637016
43510,1.76,358144.0,1726.0,1.989564907,17.19353569
43511,3.21,243349.0,1525.21,1.649694777,13.76074632
43512,0.41,270108.0,1967.92,3.585342273,12.8866612
43513,1.03,376706.0,1911.45,1.930209683,15.36667117
43514,0.76,153452.0,688.91,1.761629342,16.86765985
43515,2.77,372910.0,1753.99,2.858973103,15.80151128
43516,0.31,141082.0,1551.37,1.828041395,16.13623212
43517,1.24,139445.0,1878.38,3.399929892,15.56583363
43518,1.98,251795.0,1984.87,1.56355443,15.68809391
43519,0.44,349749.0,1260.6,2.383057006,15.52965796
43520,1.71,150805.0,1802.69,3.656103185,13.31080625
43521,0.65,158200.0,2473.67,4.247266176,16.33041289
43522,1.27,129346.0,2427.51,1.798776748,13.97981655
43523,0.5,268155.0,1903.64,0.212484695,15.63124557
43524,2.0,114947.0,1820.55,2.712976418,15.72123275
43525,1.51,375284.0,1307.53,3.895511228,14.89833535
43526,1.97,129730.0,2182.94,2.219817696,17.13727906
43527,2.73,114947.0,1693.7,1.275186213,15.15407922
43528,1.47,362588.0,1254.48,1.749706572,15.22495626
43529,0.68,159564.0,934.56,1.856943456,15.90975082
43530,1.3,156419.0,972.0,3.104133462,15.70600921
43531,0.9,261843.0,2026.48,1.33458072,15.01859552
43532,1.74,265321.0,2392.93,2.828661698,15.70842684
43533,1.29,398202.0,942.66,2.547983927,15.54455244
43534,2.55,247426.0,1853.06,3.548392463,15.22871295
43535,2.38,139397.0,1741.53,4.102446216,14.65956077
43536,1.83,391153.0,1719.4,0.91853402,15.743058
43537,1.91,361894.0,1659.38,1.832142173,15.57588911
43538,0.74,372020.0,1959.81,3.911184903,15.58745876
43539,2.31,386294.0,1253.27,1.691530273,15.41542647
43540,1.98,368241.0,1683.25,1.774874421,16.78868195
43541,2.43,359350.0,2270.12,3.574419933,15.32113818
43542,0.58,263507.0,2195.24,1.723733185,13.4745293
43543,0.94,253256.0,1605.18,1.999589415,15.61956436
43544,1.09,370340.0,1859.01,3.324004342,16.29154977
43545,0.8,260678.0,2461.03,1.211011288,15.69517407
43546,0.85,261872.0,1479.15,2.004334546,14.39971391
43547,2.13,383715.0,2336.73,1.442177265,14.59234194
43548,1.25,359570.0,1845.44,1.471917421,15.53979996
43549,1.71,140646.0,599.91,2.785532263,14.54084391
43550,1.43,370858.0,1458.6,1.445075919,13.81000461
43551,2.0,142719.0,1825.33,1.792057797,13.576975
43552,0.79,378737.0,1950.55,2.93847095,15.7998547
43553,1.01,153895.0,1753.71,2.171144471,16.28822828
43554,2.02,364342.0,1828.16,1.53569551,14.82120941
43555,1.02,248424.0,1366.56,1.007398291,13.94350208
43556,1.89,254518.0,2087.82,1.767317848,13.76998742
43557,1.71,250907.0,2000.92,2.556020623,13.35451463
43558,2.31,366529.0,2627.08,2.102020337,13.66848405
43559,1.3,257762.0,1797.67,0.853152108,16.6889836
43560,0.4,142576.0,953.13,2.967181642,14.84830741
43561,1.89,364791.0,1987.57,2.506615954,16.09600129
43562,1.23,164359.0,2439.32,2.920315916,16.10752688
43563,1.39,161097.0,2070.74,2.78127038,16.84988858
43564,1.67,164377.0,2046.94,0.841027201,15.9820916
43565,1.92,142436.0,826.54,1.433929027,14.47297982
43566,0.88,378972.0,1780.26,3.663607205,16.10933581
43567,2.13,374890.0,1816.33,2.95111911,15.4662301
43568,1.92,255970.0,1860.77,1.653545998,12.00738796
43569,1.64,257118.0,686.11,3.324583483,14.93122083
43570,1.78,365234.0,1772.23,3.153401879,15.99015583
43571,1.95,274074.0,2375.1,2.232275506,15.86383118
43572,2.1,141216.0,699.94,1.570921912,11.36601711
43573,2.01,114947.0,944.26,1.664427363,16.94818103
43574,2.12,392219.0,2647.5,2.209648309,17.18966302
43575,1.35,163510.0,1736.96,1.464012257,15.40273968
43576,1.26,381129.0,2201.13,3.104496507,15.00511161
43577,2.72,360966.0,843.65,0.898203543,15.99815267
43578,0.94,243876.0,779.92,1.037063117,15.36357072
43579,2.07,150395.0,1859.42,3.626783866,15.93003213
43580,2.06,353383.0,1667.13,1.183928922,13.3160594
43581,1.37,248968.0,1945.28,2.704652177,16.85641563
43582,0.94,258206.0,2451.67,2.31303507,15.90210921
43583,0.84,380084.0,1853.82,1.7758314,14.68000408
43584,1.81,249783.0,1276.34,1.112276726,13.77777195
43585,1.67,381232.0,1587.31,3.788797284,16.17012861
43586,0.94,250877.0,2148.97,1.672261041,15.20272737
43587,2.4,358746.0,1394.49,2.041333989,16.74159186
43588,1.23,263718.0,2229.94,2.847362643,16.04677584
43589,0.86,152066.0,1609.05,1.874658401,12.24811162
43590,0.88,367297.0,1443.19,2.867776381,13.56792065
43591,0.83,369169.0,2147.91,3.164090541,13.79827298
43592,3.12,146266.0,1715.11,1.070564175,13.60390857
43593,1.08,137908.0,1854.43,4.606796207,15.04448248
43594,2.23,237325.0,2007.62,0.99664766,13.90505605
43595,1.58,392671.0,1814.75,1.957315251,16.07165171
43596,0.6,372665.0,1826.34,4.35869791,12.65327689
43597,1.01,177890.0,1553.1,4.737200555,15.65346395
43598,0.83,374207.0,2692.22,1.328187505,14.01048237
43599,0.63,371424.0,1138.73,1.181625754,13.51111302
43600,1.85,259235.0,1295.81,2.897148501,15.87465635
43601,1.92,244171.0,1810.45,0.908897015,16.29421786
43602,1.94,125235.0,889.69,3.192920504,14.9494893
43603,1.83,246968.0,1956.02,3.414828182,15.73472491
43604,2.13,384676.0,2151.61,0.929022985,16.24288915
43605,1.53,366077.0,1755.06,1.789412808,12.76965382
43606,1.29,172524.0,2488.55,2.620026584,15.19534769
43607,1.14,369990.0,741.7,1.845122822,15.05725151
43608,0.56,147538.0,2460.03,2.393304916,16.73285927
43609,1.7,158637.0,866.68,3.582660649,14.35683086
43610,1.21,248884.0,1408.12,2.664182289,15.69226376
43611,0.73,355634.0,1636.13,1.226958423,16.33580326
43612,0.62,159354.0,1691.33,3.671190583,16.31317902
43613,1.8,124996.0,997.59,1.756276671,15.38348095
43614,1.86,245784.0,1979.92,1.913311491,14.28456669
43615,2.43,148072.0,1069.16,2.088665731,12.59718634
43616,1.72,144530.0,1713.23,1.582125092,16.79610854
43617,2.11,224001.0,1299.35,2.09231376,15.59580836
43618,1.75,382984.0,609.51,4.93924406,15.29013563
43619,0.6,360658.0,801.34,3.41095304,14.13907379
43620,1.58,363968.0,1340.8,1.969117811,15.93336959
43621,1.2,378443.0,2000.93,2.156493615,14.61339132
43622,1.35,383787.0,1634.6,1.99506287,15.76995932
43623,1.15,264784.0,1417.14,2.059293083,15.4982542
43624,1.74,381794.0,717.01,1.264785057,13.85000438
43625,1.65,132843.0,1796.12,1.817844236,15.30403714
43626,0.57,268417.0,1792.37,1.537146302,13.2692427
43627,1.19,364095.0,1410.19,3.38699217,15.30877677
43628,1.55,366657.0,1189.97,3.757861486,15.24790978
43629,1.55,137935.0,675.17,2.093922251,13.22218289
43630,1.73,129370.0,2050.74,3.617322121,15.42576253
43631,0.9,271633.0,1444.12,1.986182465,16.642065
43632,1.7,153716.0,1863.82,2.476347989,14.58914606
43633,1.32,358157.0,1849.4,2.248957317,16.63551793
43634,1.75,383792.0,766.94,1.607640789,15.94786419
43635,1.52,268790.0,1822.02,3.091417616,14.7858293
43636,1.81,138803.0,1796.02,1.510253921,13.50829507
43637,1.54,136177.0,1929.25,2.505154098,15.05354684
43638,0.31,356207.0,1087.89,2.823080219,14.87810851
43639,1.78,379180.0,1760.05,2.453539732,14.0257765
43640,2.03,384287.0,1954.37,1.399143093,15.40302688
43641,0.59,376334.0,851.24,1.875520471,16.74442687
43642,0.47,353147.0,1786.3,0.499753824,16.90547332
43643,1.0,382497.0,1764.7,-0.01934655,13.36267463
43644,0.4,126386.0,2498.23,0.003194395,16.95844449
43645,1.17,244892.0,2025.99,1.322581268,16.37272073
43646,1.94,368651.0,1513.27,4.543217791,16.2026292
43647,0.83,128517.0,1366.48,1.946007219,15.07040833
43648,1.91,379828.0,1696.58,1.192967509,14.70970591
43649,0.65,141819.0,2377.18,1.697262288,13.94386959
43650,2.01,352108.0,2458.34,4.432151933,13.31616155
43651,1.43,360624.0,1594.82,1.020032607,16.56635178
43652,2.45,261557.0,1624.08,0.996252804,13.4258415
43653,1.47,276275.0,2040.65,3.522458747,17.25703227
43654,1.02,356389.0,1313.75,0.542175608,15.10869567
43655,1.9,138261.0,2441.03,1.41247218,14.22088323
43656,0.35,392344.0,1113.49,4.552055584,16.82944828
43657,1.53,255605.0,799.2,2.843539788,13.51694993
43658,0.71,378444.0,1656.29,1.267781709,13.97279125
43659,1.38,128142.0,2290.37,1.078350748,15.08598781
43660,1.74,167947.0,829.95,2.002424195,14.17596716
43661,0.81,256937.0,2502.32,2.258549581,14.9061075
43662,1.14,350818.0,1896.93,3.419284299,13.25097012
43663,1.07,251227.0,1887.07,1.708631235,13.24552032
43664,2.82,373064.0,1689.76,1.854931363,15.2886709
43665,2.14,148109.0,1318.36,1.673125853,14.78804748
43666,1.96,239997.0,693.07,1.654647183,15.19924857
43667,1.67,393697.0,1890.41,3.738166177,16.0716604
43668,1.7,140883.0,1882.16,3.619701235,16.41024278
43669,1.19,374227.0,734.77,0.700002661,16.08916874
43670,0.98,365487.0,1898.87,2.426652883,13.10998925
43671,1.86,257100.0,1822.27,2.922463723,15.01937783
43672,4.65,167110.0,1830.19,3.062488445,15.68613605
43673,0.85,172797.0,2520.08,2.757232412,17.33317258
43674,1.65,393088.0,935.45,2.15452377,14.32265866
43675,1.05,360293.0,1775.04,2.084547817,15.02999247
43676,0.08,253668.0,2297.77,0.578879045,15.33680732
43677,0.2,355324.0,1066.5,1.17231795,14.15026702
43678,0.17,374170.0,1958.64,3.205000621,16.21752381
43679,1.73,342665.0,1696.95,1.8898016,14.35364086
43680,1.85,126433.0,1800.55,1.318267924,15.56076954
43681,2.08,358247.0,1825.49,1.380531016,14.72580864
43682,0.57,160550.0,2244.43,1.787907,15.3146298
43683,0.71,258883.0,2669.68,1.880527408,17.73027397
43684,0.49,252246.0,1868.93,1.885264059,13.68381349
43685,1.99,380765.0,1897.1,0.955691927,16.04660632
43686,0.35,156234.0,752.46,0.934488648,16.59642817
43687,0.64,275809.0,2364.94,2.422154379,17.57431259
43688,1.39,366997.0,1105.31,4.21352996,14.8383755
43689,1.21,351359.0,2574.01,2.167236356,15.88845814
43690,2.11,372175.0,2325.22,2.192103897,14.21101629
43691,1.93,140745.0,2227.38,2.370168481,16.61351114
43692,1.6,258537.0,862.7,1.466880989,12.17264961
43693,0.92,392856.0,1384.93,2.898459131,15.46827346
43694,0.76,286545.0,1377.06,0.846524346,16.0869734
43695,2.64,170311.0,881.67,1.500432277,13.47102371
43696,0.36,369352.0,1765.62,-0.29806115,14.92503447
43697,2.04,261537.0,1314.75,2.496555649,15.16166371
43698,1.26,375523.0,2490.23,2.95929228,14.78271134
43699,2.53,140744.0,2077.87,4.918560331,15.25352243
43700,1.72,126135.0,1691.14,0.035226242,15.58517421
43701,0.46,382970.0,2425.95,2.099465139,15.53118632
43702,1.72,370074.0,1829.17,2.099446611,17.1304119
43703,0.82,386316.0,2383.89,1.221615551,13.8048174
43704,0.94,372461.0,1786.02,1.880875568,13.70434182
43705,1.25,397820.0,1982.02,3.360591146,16.05044041
43706,2.32,378028.0,2363.31,3.882723062,15.49133889
43707,0.61,168037.0,2467.05,3.477098352,13.8057745
43708,1.44,250773.0,2301.4,1.818797816,14.02277075
43709,1.2,155116.0,1816.54,1.828741517,16.15982603
43710,1.59,401119.0,2354.07,2.836029343,15.4357089
43711,1.56,374895.0,743.17,4.213298912,16.00354649
43712,1.43,157370.0,1894.88,1.332745234,14.93779869
43713,1.31,264334.0,1852.72,4.691549709,15.14435857
43714,0.67,387228.0,2350.02,1.766156554,12.12336202
43715,0.42,158985.0,2341.86,1.229262915,15.33755749
43716,2.05,251323.0,1155.56,-0.09686033,14.18815142
43717,1.8,142369.0,707.69,3.341140527,12.21687982
43718,1.23,276601.0,1330.83,2.114074425,13.53787562
43719,1.44,140409.0,1597.7,2.877710237,15.24909212
43720,0.86,361263.0,1339.02,1.981475981,12.63060579
43721,1.52,369806.0,1671.25,1.36763918,15.5797667
43722,1.71,274203.0,2431.79,4.658677789,15.5728501
43723,1.03,362675.0,1905.69,3.183767541,17.06358141
43724,1.71,141364.0,1440.87,2.473405631,15.532577
43725,1.3,147585.0,1898.08,4.195895396,13.74721038
43726,1.83,146053.0,2873.7,4.131942997,15.37892966
43727,1.42,158818.0,1253.75,2.026470277,15.83889877
43728,0.97,253741.0,1377.16,3.116400314,15.40895048
43729,1.28,390850.0,1702.33,3.651682573,13.77597466
43730,1.49,399276.0,2320.5,3.584932137,15.23820786
43731,0.67,146319.0,1943.58,2.530488973,14.55591956
43732,2.44,126461.0,1448.8,1.141995143,13.09875344
43733,1.91,341175.0,586.86,0.560130785,13.33301915
43734,1.1,387667.0,1861.24,3.503698753,15.75715526
43735,1.69,361197.0,1396.44,1.741605855,14.79891696
43736,2.05,166229.0,1891.51,1.867746781,16.95779828
43737,1.33,276281.0,766.33,3.432025285,13.98596393
43738,1.59,245197.0,1535.42,0.404600827,15.26762787
43739,0.37,388983.0,1852.77,1.232564473,16.37744898
43740,1.16,257768.0,1961.36,3.022569216,15.60579317
43741,1.5,351545.0,1228.75,1.75803571,13.32553312
43742,2.47,376169.0,807.65,1.899465861,11.98151794
43743,1.46,383214.0,1744.76,2.136303539,12.29815704
43744,1.89,355304.0,1257.78,2.473944659,15.08534048
43745,1.79,242289.0,2337.44,2.156556226,13.12251237
43746,1.15,156876.0,2512.44,2.123272683,15.31210483
43747,2.35,369522.0,1529.36,1.817723556,13.45923264
43748,1.2,365653.0,1943.98,1.694718965,16.91632752
43749,2.07,149342.0,2258.64,2.09115176,14.00841507
43750,1.64,149427.0,1442.31,1.503090989,15.91340636
43751,1.21,383522.0,1047.85,2.166291714,14.69445761
43752,0.93,151729.0,1725.99,1.863244377,13.57837804
43753,1.56,359095.0,1465.27,2.184044228,16.42056287
43754,0.59,379507.0,1842.04,2.889358096,17.35791969
43755,1.92,367555.0,1613.57,2.106628905,15.73268091
43756,2.54,246275.0,2289.96,1.410071038,16.48579519
43757,0.92,392233.0,644.53,1.521532242,12.55815342
43758,1.26,360693.0,1830.24,1.4389845,14.5658955
43759,0.61,131317.0,1972.61,-0.010035922,16.12543632
43760,0.82,377407.0,2342.76,2.23390298,15.02529061
43761,1.41,173270.0,2269.77,1.471765591,16.00373332
43762,1.71,361087.0,2848.69,2.651239168,15.65749245
43763,1.21,342757.0,1794.12,0.993087853,15.14328053
43764,1.46,351689.0,1885.72,3.719867851,15.1174734
43765,1.76,359819.0,1862.3,0.532532491,13.99077515
43766,0.92,120707.0,2195.29,2.008781175,15.98428844
43767,1.25,229368.0,1943.29,0.463966633,12.76765772
43768,2.56,373629.0,1970.94,1.954441199,15.79411049
43769,1.56,245939.0,1506.37,2.364251379,16.26940683
43770,0.72,153343.0,2091.03,2.42215344,15.08061975
43771,1.28,159107.0,948.14,3.361962495,15.56429914
43772,1.58,262516.0,2415.45,1.21132557,15.52432109
43773,0.74,347709.0,1837.19,1.381676871,13.40274733
43774,1.68,364315.0,1865.72,1.865073103,15.33988626
43775,0.82,375734.0,2049.34,2.205376466,15.68059645
43776,0.65,255581.0,1841.26,1.378057608,14.87833358
43777,1.67,359429.0,586.86,2.319758196,13.87509579
43778,0.7,262509.0,1730.14,1.162431667,13.40602651
43779,1.55,365953.0,2169.5,1.371885861,13.16587864
43780,1.05,358356.0,2055.56,1.761296014,12.95263914
43781,1.53,255422.0,987.55,1.101834975,14.71554146
43782,1.33,122429.0,1884.97,1.647982361,16.14429922
43783,1.75,143848.0,2482.31,1.52160519,14.88151944
43784,1.79,368890.0,953.28,1.906401678,14.05151553
43785,0.47,152868.0,1062.2,3.725250478,15.14939866
43786,1.12,367036.0,1521.06,0.271387885,14.87839262
43787,1.65,168958.0,2470.75,2.209386958,15.99857883
43788,1.34,371951.0,727.57,3.324194173,15.21378969
43789,1.65,387404.0,1771.16,2.070143738,16.79509662
43790,0.42,161586.0,1322.01,1.583184755,15.47728115
43791,1.92,289013.0,998.78,1.429135224,15.21358897
43792,0.79,366112.0,1019.12,1.363871481,11.47620774
43793,0.72,361222.0,1913.27,2.132282904,13.52307012
43794,1.34,370049.0,1890.62,1.127666797,16.5224969
43795,1.38,175281.0,2275.62,4.470224129,13.26712837
43796,1.1,244902.0,1900.75,0.7129033,13.05846375
43797,1.15,260971.0,2697.64,1.617663027,16.64150149
43798,2.07,279255.0,1068.32,3.422571527,15.95428125
43799,1.99,158565.0,2885.05,1.001439992,15.89873623
43800,1.74,357814.0,1269.98,1.506770147,16.01253475
43801,1.63,240317.0,2016.38,1.766163413,16.14508278
43802,1.15,355737.0,1812.44,1.255389609,15.65733922
43803,1.4,377283.0,2464.68,4.237224192,13.36240464
43804,0.82,393392.0,2186.84,2.601152856,15.75215934
43805,1.69,365172.0,1944.63,2.006608207,16.4800807
43806,1.72,143215.0,2212.69,2.958387233,12.86815086
43807,2.03,359809.0,1850.14,1.526663277,14.16531223
43808,0.85,245182.0,2387.36,0.507597518,15.8092852
43809,1.24,142039.0,1672.51,1.524223008,14.02533047
43810,1.71,136728.0,927.94,3.988054891,15.52648483
43811,1.82,265163.0,1305.29,1.594036781,16.66840712
43812,2.1,391620.0,1920.89,3.346128666,16.26150942
43813,1.05,247729.0,829.6,2.803903884,17.13794458
43814,0.84,364674.0,667.46,3.074930308,13.45324057
43815,2.03,141116.0,2296.83,4.428696519,15.16680848
43816,1.8,144869.0,676.83,1.661690129,15.84732182
43817,1.08,366379.0,2015.43,1.913408109,12.8114059
43818,1.99,249852.0,1023.36,1.843967771,13.49219228
43819,1.03,274020.0,1002.06,1.986746964,15.92550843
43820,1.81,151331.0,1883.71,1.53886157,16.3973775
43821,2.51,379131.0,2287.12,3.89227698,15.75413688
43822,0.97,385933.0,905.39,1.98636004,15.62038088
43823,1.6,371754.0,1363.97,3.446981567,16.06463915
43824,0.43,362358.0,1777.1,1.80201934,14.07467719
43825,1.58,141062.0,1875.66,1.488415666,16.14952583
43826,2.22,354798.0,1826.7,-0.015081177,14.53367983
43827,1.57,373737.0,1712.2,0.972470229,13.93604467
43828,2.63,259462.0,1682.29,0.987287422,16.09912118
43829,0.58,391421.0,2100.11,3.875435386,15.68357332
43830,2.07,384797.0,2037.45,4.216402045,14.22409927
43831,0.99,384708.0,1149.79,4.016725615,14.43787409
43832,1.21,401119.0,872.97,3.526038574,17.06706281
43833,1.33,383420.0,1756.07,2.550527642,15.11456413
43834,0.29,368011.0,1762.9,2.040033482,15.45660369
43835,2.02,388588.0,1844.95,1.650376951,16.34187439
43836,1.87,238276.0,1842.47,2.882384996,14.2368273
43837,0.01,373431.0,2280.74,2.913559126,13.71986668
43838,1.42,143496.0,1908.78,3.682550938,16.16020048
43839,0.54,145355.0,858.41,2.738223738,15.74438207
43840,1.21,352232.0,810.68,0.606277202,16.0770011
43841,0.94,369205.0,2320.28,2.545408835,14.48519463
43842,1.89,384877.0,1274.38,1.543605588,15.28547764
43843,1.36,165081.0,2152.05,4.93924406,15.52604705
43844,0.7,363504.0,1032.46,0.60386643,15.8142281
43845,1.93,372058.0,1899.79,2.350944732,15.3582587
43846,1.88,167806.0,2423.89,0.626484786,13.451646
43847,0.67,369734.0,1314.67,3.323205423,13.0353385
43848,1.43,262888.0,810.38,2.262864337,15.4114756
43849,1.25,134290.0,2523.21,1.033377675,15.24912592
43850,1.28,277147.0,2285.67,1.5878128,13.88421625
43851,1.07,389486.0,1749.38,2.53084121,13.4375454
43852,2.52,370349.0,2410.85,1.337348346,14.960429
43853,0.93,385666.0,2314.35,4.113751014,14.97748569
43854,1.08,335077.0,1437.63,0.950380113,16.47163971
43855,1.95,289322.0,1952.87,0.915111269,15.91665403
43856,1.42,144686.0,1366.42,2.877038263,15.16823669
43857,1.47,129223.0,2303.55,1.528438773,15.28332544
43858,2.69,151189.0,2133.25,0.541393688,16.29556972
43859,0.84,358451.0,1659.73,2.050221118,15.55765276
43860,2.44,180744.0,1933.47,1.104621994,14.83701684
43861,0.42,167251.0,1592.17,1.951559928,13.59693721
43862,1.24,360057.0,1748.39,0.308463425,15.95587071
43863,1.87,363121.0,2029.32,3.884272467,14.67498114
43864,2.16,354763.0,1764.1,1.569545978,13.78613964
43865,2.59,352306.0,1624.7,1.317946482,13.37795611
43866,1.9,363813.0,1876.7,1.00906576,16.84307724
43867,2.39,253049.0,1717.04,1.139134749,15.05316568
43868,2.24,155131.0,705.27,1.67773446,15.19779467
43869,0.4,131997.0,1678.95,2.56696766,15.44925525
43870,0.77,371400.0,2427.65,2.344866203,15.41252768
43871,1.8,144845.0,2136.32,3.567387216,15.61132625
43872,0.55,367993.0,2235.55,1.14450508,12.25657212
43873,0.78,140171.0,776.48,1.764089034,12.85651208
43874,1.65,150749.0,2649.66,2.338430167,13.95936042
43875,1.09,251666.0,2153.19,2.10178089,17.73027397
43876,0.61,264198.0,1763.89,1.959923177,13.75371824
43877,1.87,128951.0,1677.56,1.556786632,15.85999751
43878,1.26,372241.0,1863.7,3.37579889,13.66414271
43879,0.89,379231.0,1960.66,1.383618898,15.31167645
43880,1.69,376224.0,1753.89,2.233177659,16.09578205
43881,1.56,363636.0,2436.89,2.118905063,13.26299907
43882,3.46,373049.0,1862.09,1.431299492,13.34556797
43883,0.74,159507.0,853.89,1.018128186,15.18999681
43884,2.28,133476.0,1723.47,1.790824007,16.36070823
43885,1.55,169893.0,1049.5,1.488268468,16.04679822
43886,1.18,143062.0,1927.5,3.481844121,16.27828822
43887,2.99,244190.0,974.97,2.748129461,17.00292505
43888,1.39,136309.0,1950.5,0.924555221,16.07482527
43889,1.15,358218.0,2397.28,1.110135634,11.29452255
43890,2.12,366258.0,1260.05,1.924874434,13.52856288
43891,1.63,257910.0,1552.79,0.836709906,12.74542569
43892,1.91,395484.0,1944.92,2.513429948,16.43901044
43893,3.11,120833.0,1928.53,1.720595898,11.70036147
43894,2.59,343424.0,1783.15,2.929961156,14.80424938
43895,0.64,366816.0,1939.93,4.521494002,15.1655868
43896,1.8,165241.0,1855.84,1.735457808,17.73027397
43897,4.54,353204.0,1739.74,2.572612414,16.1005612
43898,1.58,365092.0,2431.3,3.197987725,14.03745116
43899,1.39,356815.0,2561.85,2.761999823,12.28060493
43900,2.16,258647.0,820.73,1.990494742,12.68367526
43901,0.4,382192.0,1149.6,3.189989158,14.02664637
43902,2.6,114947.0,2581.16,0.57383838,15.16131161
43903,1.13,147322.0,1675.6,1.371850019,15.51702328
43904,0.96,247829.0,1515.07,0.921891399,11.78992345
43905,1.95,259178.0,979.06,2.012543176,13.65812405
43906,2.51,396821.0,1961.89,0.834257621,14.75397886
43907,0.46,272076.0,1184.74,0.51951092,15.4932134
43908,0.13,366982.0,1036.39,2.751308055,13.97305337
43909,0.91,391021.0,1908.43,2.11462436,11.52024786
43910,1.2,401119.0,2324.06,1.315190875,13.49304063
43911,0.6,252063.0,898.12,0.903262473,14.07564931
43912,1.67,383364.0,1852.56,1.232277588,15.38210413
43913,0.25,142531.0,1054.15,2.220519246,17.12418387
43914,2.1,148183.0,1822.36,1.790561156,13.49089468
43915,1.03,135281.0,2138.43,1.914652205,16.18754536
43916,1.05,234571.0,1854.37,1.127503268,12.74632599
43917,1.44,345385.0,1287.68,1.22383205,15.77751901
43918,0.27,368190.0,1969.84,2.280152708,14.38947969
43919,1.52,379776.0,1774.45,1.004667034,12.85267325
43920,1.97,138085.0,1119.48,1.449338732,13.38404779
43921,0.93,373819.0,2264.9,-0.326393035,15.36073686
43922,0.91,359047.0,729.49,1.570230084,11.79541528
43923,2.52,344621.0,1746.7,2.849525732,15.16397562
43924,2.1,152819.0,725.59,2.763990685,16.76460861
43925,1.37,142065.0,1549.05,1.490264391,12.81395216
43926,1.25,124151.0,1414.71,1.744228917,12.35526785
43927,0.96,362201.0,1396.62,0.683839404,15.83182661
43928,1.21,127930.0,2075.79,1.319714988,13.17494769
43929,1.13,393505.0,1927.95,4.67104427,17.36722334
43930,2.27,264291.0,1918.36,2.691460495,16.13018672
43931,0.92,120326.0,1411.42,2.957911235,13.45438897
43932,2.26,359153.0,1279.27,-0.16305702,13.37547475
43933,1.1,159204.0,1924.75,2.338782847,15.98825694
43934,2.13,152708.0,1230.93,0.953971022,16.29894874
43935,1.54,261734.0,1818.28,2.100562393,16.66784848
43936,0.89,268063.0,2069.41,1.383157992,14.95883142
43937,1.92,162697.0,779.93,2.744936566,15.97902209
43938,0.0,375378.0,1155.21,2.893862707,15.73099319
43939,2.83,261715.0,683.82,-0.326393035,15.48883362
43940,0.88,343996.0,2578.78,3.262118309,16.604153
43941,1.87,385725.0,1963.6,3.214625895,15.40423644
43942,0.52,247073.0,1053.51,1.787455609,15.86947721
43943,1.71,375443.0,1420.25,1.656352106,15.86401476
43944,1.4,365515.0,1772.63,1.704238991,15.51605102
43945,1.3,128735.0,2204.14,4.04833759,16.39518759
43946,1.34,346953.0,1766.85,2.108472084,14.32814358
43947,1.44,357195.0,1201.06,0.73382748,15.42023585
43948,1.86,368300.0,1791.88,3.39314148,15.29937558
43949,2.73,235642.0,1483.37,2.522401807,16.82276877
43950,1.29,276557.0,2059.24,2.74222529,12.62242383
43951,1.35,273570.0,2001.0,1.277172559,15.01447957
43952,2.19,159747.0,1960.71,1.665563412,16.11284081
43953,1.16,149919.0,1777.22,1.942532902,16.0289086
43954,0.66,364788.0,586.86,2.329066549,17.0192111
43955,1.93,271191.0,1575.69,1.825645058,15.46537177
43956,1.62,238375.0,980.41,0.376984196,16.09988083
43957,1.65,349794.0,2213.03,2.647102002,14.82975438
43958,1.39,387517.0,2200.39,1.342279256,15.75133833
43959,2.47,151770.0,2615.54,1.693666669,15.63494495
43960,0.82,156466.0,1422.79,1.054774975,15.5342527
43961,1.93,154202.0,2555.8,3.641239642,16.52880732
43962,1.64,151295.0,1742.42,1.643943845,14.95899216
43963,1.53,128348.0,1005.18,1.689851394,13.97842393
43964,1.14,374833.0,1740.73,2.507284996,14.27201721
43965,1.74,375111.0,2300.5,3.593795376,13.74079614
43966,2.25,150223.0,1170.0,3.925993324,13.41182363
43967,0.08,154412.0,1695.37,1.510223177,12.24056027
43968,0.54,268379.0,2090.3,0.673333436,14.22832634
43969,1.53,359987.0,1827.38,1.715120183,16.168946
43970,1.82,140605.0,823.9,1.583316417,14.0422009
43971,1.27,249676.0,1587.75,1.471097644,16.55083954
43972,0.35,367648.0,1501.6,1.916190632,15.76429736
43973,1.63,369950.0,1865.76,-0.326393035,15.19893039
43974,0.95,362561.0,1899.48,1.159407815,12.88288809
43975,2.54,357714.0,2332.72,3.788040544,15.96017041
43976,1.51,368153.0,2161.2,2.102382674,15.07563131
43977,0.87,367471.0,763.46,3.976350358,14.82428437
43978,2.05,368802.0,1130.71,0.021599443,16.07005953
43979,1.22,384453.0,1627.42,1.998282498,17.46486439
43980,1.5,277197.0,1226.24,1.953553029,15.88180616
43981,2.41,132572.0,1423.28,4.284023276,12.19132975
43982,1.78,378234.0,1907.39,0.996990396,15.23281784
43983,1.02,386365.0,2212.48,4.20591891,11.74641841
43984,2.48,241867.0,1231.38,0.255326332,16.05336703
43985,2.0,239435.0,1742.27,2.837639124,15.99523996
43986,1.79,271590.0,2077.46,1.790934349,15.92463435
43987,1.94,156908.0,1806.15,2.594763217,15.22590663
43988,0.73,360307.0,1379.67,0.364875919,13.30778208
43989,1.37,137998.0,1880.47,4.384917602,13.50006694
43990,1.33,388888.0,2119.69,4.022615779,14.23335373
43991,1.59,144943.0,2169.33,4.244228747,16.73093477
43992,1.61,244476.0,1013.02,2.814799251,14.56977425
43993,2.8,351586.0,1657.16,2.680472041,11.72563862
43994,1.38,260417.0,1882.21,2.502929242,16.22711081
43995,0.7,164121.0,2495.83,1.549049573,16.44173073
43996,1.24,167310.0,2304.86,4.307756098,16.34515942
43997,2.44,360248.0,1234.9,1.474824384,12.92749576
43998,2.39,268748.0,1939.71,2.11624584,17.0095882
43999,1.51,362375.0,2437.49,2.026530693,15.9435695
44000,1.03,364498.0,1951.14,3.877044365,16.06365441
44001,1.19,399796.0,1052.81,1.653578705,15.76149473
44002,1.45,367120.0,2260.67,3.436073141,13.97030874
44003,1.41,368962.0,1227.47,4.514700601,15.94124067
44004,0.86,247096.0,2331.23,1.485228855,16.3729579
44005,0.6,365251.0,986.32,1.68971091,15.14461365
44006,1.3,124235.0,1813.94,1.450774657,16.15381928
44007,1.26,165199.0,1698.04,4.430979975,13.71732083
44008,2.17,246660.0,1815.13,-0.162749957,17.55878348
44009,1.05,375559.0,2080.85,1.847493712,15.90495492
44010,1.94,371500.0,1887.22,3.021903584,15.24879636
44011,2.48,390298.0,2562.05,4.765166801,16.63669181
44012,1.45,277295.0,1878.01,1.019084567,16.34088238
44013,1.46,174160.0,1408.22,0.418284441,16.74171762
44014,1.17,275788.0,2531.8,2.653233151,16.69664566
44015,2.68,132593.0,1109.58,2.889822057,16.03153931
44016,2.2,141567.0,1055.78,1.951972178,15.63422306
44017,2.35,375388.0,1437.75,1.011207319,13.80366424
44018,0.59,262128.0,957.84,1.178558927,15.60576408
44019,0.88,149879.0,1105.05,4.285402865,14.49644726
44020,1.8,368456.0,1986.15,1.885894319,15.91155592
44021,2.23,257767.0,1360.88,3.353021805,14.62837679
44022,2.58,162429.0,1938.85,1.825815543,14.5551745
44023,1.53,367312.0,1645.17,1.291742971,16.02917779
44024,2.24,125088.0,1838.79,2.827902725,12.27661371
44025,1.31,266448.0,2434.69,1.680675076,15.95712761
44026,0.78,136950.0,2320.54,1.973978858,15.89290646
44027,1.65,150312.0,1690.74,1.140562294,13.40541342
44028,1.54,363893.0,1514.02,0.500849204,15.40967144
44029,1.16,126062.0,1909.14,1.388371242,15.57462439
44030,1.33,385526.0,1445.5,3.814042136,16.09607783
44031,2.05,364040.0,1422.39,3.012844483,12.9279214
44032,1.54,375830.0,2022.49,1.22260751,15.05017909
44033,0.91,385857.0,1716.95,0.370760033,15.5275776
44034,1.41,375335.0,1683.89,1.588353169,15.75597759
44035,2.16,139936.0,1493.55,4.455862792,16.00730321
44036,2.83,252214.0,1042.8,1.358161689,16.59100492
44037,1.08,353065.0,1602.1,1.319874424,13.26867459
44038,1.43,165421.0,2264.84,4.438686397,14.45388964
44039,0.67,174703.0,2457.44,1.112698906,15.71831528
44040,3.28,352490.0,799.16,1.386983687,14.50496327
44041,2.0,369761.0,1534.6,1.345579049,14.71544721
44042,2.17,142009.0,2067.86,-0.000181786,14.8704587
44043,0.53,244951.0,786.22,3.145991935,16.50163718
44044,2.21,151126.0,1447.1,0.988158617,15.49776431
44045,2.28,262715.0,1923.87,2.811594214,16.15931844
44046,1.26,365409.0,1693.21,1.473283332,14.0029751
44047,1.36,136029.0,1233.98,1.859071007,13.24537249
44048,0.61,377874.0,1861.96,1.748986152,16.12515903
44049,1.31,262084.0,2022.74,1.655730559,16.003066
44050,0.7,384018.0,2164.08,1.697742145,16.86559786
44051,4.08,374627.0,2352.74,1.521490621,15.96606034
44052,1.91,138358.0,1753.87,2.955898676,13.5239876
44053,1.17,356950.0,1894.54,2.372149507,13.92000365
44054,1.03,367450.0,981.06,1.512613129,14.99948845
44055,0.1,398581.0,1570.48,4.716073455,17.12509545
44056,1.95,140986.0,2173.22,2.581563297,14.47791307
44057,1.82,357812.0,1319.44,2.162335472,12.18451841
44058,1.84,383970.0,773.24,4.539784245,14.9839951
44059,1.79,368945.0,1605.12,3.462351592,14.87077724
44060,1.43,262125.0,1174.25,2.108021241,15.90936215
44061,1.59,352789.0,1411.3,2.834810056,16.04450364
44062,1.81,393524.0,1909.71,1.302196967,16.32625618
44063,1.59,130088.0,1084.73,-0.257352261,14.78479564
44064,1.39,358926.0,1784.4,1.754876066,16.1504577
44065,0.74,173690.0,1900.93,4.409390125,11.92422589
44066,1.81,361842.0,1282.08,1.49390976,15.72542436
44067,2.07,362023.0,1792.33,1.165168797,15.52508576
44068,1.43,162331.0,2437.34,1.695248978,16.60338782
44069,0.68,145552.0,1912.49,2.168551867,14.51502568
44070,1.77,162002.0,1796.04,1.937995159,15.82975664
44071,2.03,375230.0,1828.74,1.995311292,16.68403705
44072,0.67,366013.0,1901.69,2.709954303,15.68701585
44073,1.69,153367.0,1288.1,4.411117349,14.41960779
44074,0.99,142071.0,2451.21,1.295563096,15.83708571
44075,2.01,153435.0,2046.12,3.601903091,13.36580896
44076,1.99,385688.0,2306.61,3.964323009,15.55697943
44077,2.29,159212.0,1984.39,4.184564542,13.79170512
44078,1.01,245228.0,999.93,3.120100967,13.30903526
44079,0.4,173231.0,1841.64,0.700150743,14.71945694
44080,2.38,130689.0,1320.73,1.99382502,15.78740337
44081,0.91,372021.0,1073.9,1.641999408,15.4302497
44082,0.0,380352.0,2150.57,3.954084587,17.63064611
44083,1.48,375313.0,1823.28,2.353990861,13.4206994
44084,1.54,252702.0,2397.06,2.674089782,14.05626612
44085,1.6,151527.0,2450.39,2.873209682,15.16185028
44086,2.32,238465.0,1894.74,1.030364459,15.28017961
44087,2.23,364808.0,1823.96,4.511359364,14.17344014
44088,2.67,365282.0,1745.35,0.766364424,15.02666233
44089,0.86,369100.0,725.1,1.929186641,15.36874166
44090,1.68,268542.0,1990.54,2.004233957,16.6320808
44091,1.1,378965.0,1906.2,1.241073498,15.4556806
44092,1.25,362569.0,2341.39,1.593605371,16.2552265
44093,1.5,380308.0,1957.46,1.552610942,15.52639189
44094,1.82,368330.0,707.3,2.028520726,16.01226898
44095,2.4,375055.0,1832.17,1.234743779,15.62179939
44096,0.48,343092.0,1771.45,1.120296185,15.91598397
44097,2.68,238441.0,1792.51,1.820866251,13.26962418
44098,0.92,376474.0,854.43,1.206801069,15.01236011
44099,0.32,357011.0,1739.06,3.670401089,15.67271151
44100,0.0,263434.0,682.21,1.662673599,14.90439348
44101,0.95,361229.0,2296.83,1.919376376,15.14362117
44102,0.78,243385.0,1989.34,-0.253280014,13.20716589
44103,0.06,173896.0,1926.02,2.610947822,15.61627369
44104,1.87,149501.0,858.94,1.777845139,15.24069097
44105,0.61,348900.0,750.11,1.964615495,15.50421643
44106,1.68,244031.0,2174.77,0.963907258,15.50837895
44107,1.66,379304.0,1742.68,1.89547798,16.69944065
44108,0.69,230441.0,2034.3,1.124456895,13.48533407
44109,1.68,280986.0,1186.25,4.822390431,15.81518632
44110,1.36,147388.0,2134.27,1.809918011,15.7043621
44111,1.97,129113.0,1942.46,0.769637723,14.16549632
44112,0.2,237741.0,1990.37,2.002428513,14.89736994
44113,1.79,377446.0,2470.96,2.099043406,15.80797497
44114,0.82,392642.0,1767.18,2.973267678,14.92955609
44115,0.76,377684.0,990.71,2.222904073,15.82849933
44116,0.53,119301.0,1420.47,1.41782183,16.16407054
44117,0.85,376642.0,1822.42,0.478605467,13.78408509
44118,1.95,132439.0,1190.58,1.19887351,15.26110661
44119,1.69,358419.0,1375.61,0.906404762,15.11685608
44120,0.0,141004.0,1722.92,2.330772894,13.4822624
44121,1.43,270560.0,727.64,2.416197904,16.17823242
44122,2.72,114947.0,787.61,1.509600246,15.54694059
44123,1.45,133392.0,1835.48,-0.326393035,15.85499525
44124,1.75,372910.0,2140.81,0.836624694,14.19330102
44125,2.26,136555.0,926.44,2.777044019,13.25508604
44126,0.79,141503.0,2216.63,4.467984079,17.73027397
44127,2.5,145936.0,2658.6,1.945775422,15.53365668
44128,0.65,137734.0,2225.67,2.645243264,14.94284473
44129,2.01,348785.0,1632.93,4.394756075,14.22890102
44130,1.48,354441.0,2297.83,1.600761857,15.831599
44131,1.87,279224.0,1831.26,2.895235917,16.04714422
44132,1.02,369313.0,1729.68,4.032114578,16.05481939
44133,1.14,248946.0,2018.16,1.721432756,14.46977703
44134,1.71,143413.0,758.49,3.969872389,15.75257776
44135,2.27,267382.0,2425.36,1.346142239,16.21230937
44136,1.31,151457.0,2196.38,4.609496807,15.32001045
44137,0.96,350573.0,1070.9,1.836283976,16.71450861
44138,1.78,260444.0,1623.73,1.993049677,16.14763229
44139,2.52,171731.0,1772.36,0.204869158,14.06075118
44140,1.43,380122.0,1938.36,2.274990673,15.61301054
44141,0.62,276279.0,1706.04,3.334405384,16.20946275
44142,1.15,246100.0,1662.59,2.316389603,13.33246027
44143,1.53,376444.0,1895.3,1.257768942,12.55872327
44144,2.24,126973.0,1793.68,0.795724525,12.96401792
44145,0.98,391427.0,1806.03,4.93924406,17.33718973
44146,0.47,140234.0,2073.97,2.629428831,15.86441531
44147,1.38,165721.0,1832.5,4.829001098,15.01535989
44148,1.81,250378.0,1879.17,3.615288175,16.09650526
44149,0.51,259722.0,1929.26,1.980333272,12.41899914
44150,2.28,147954.0,2203.46,1.227337457,15.4455263
44151,1.42,269752.0,1484.09,2.926393904,15.83922686
44152,1.58,160274.0,1686.95,2.88030567,16.03919728
44153,0.79,382398.0,737.86,2.536819004,14.70853557
44154,0.12,390522.0,1370.54,4.204479026,15.94486201
44155,1.06,246582.0,1659.8,1.578912628,13.39788889
44156,1.29,370840.0,1920.35,0.619102319,15.36581639
44157,2.99,375160.0,861.45,1.987057917,16.72206423
44158,2.56,150125.0,1301.48,1.301342354,15.55062254
44159,1.27,381361.0,2492.73,3.433913407,12.07739305
44160,1.69,390182.0,2436.56,3.059329474,12.17033357
44161,0.78,366207.0,1936.08,0.698193759,14.55202085
44162,1.14,155111.0,1849.8,1.843986916,13.31821529
44163,0.99,371141.0,1984.82,2.176590265,13.91519039
44164,0.86,162333.0,1357.74,3.536130097,16.74770694
44165,2.17,381864.0,1504.35,1.965755391,13.43280505
44166,1.85,231706.0,1952.69,0.445052007,16.88293666
44167,1.8,169766.0,2269.44,3.124159614,15.16281744
44168,1.6,279764.0,1762.48,1.653970128,16.36160215
44169,1.14,376915.0,2022.3,2.203913956,15.72649254
44170,1.81,267127.0,1653.72,1.466872563,14.61842925
44171,1.26,383164.0,1811.53,3.80265799,16.94330847
44172,1.88,355750.0,1778.86,1.850649975,13.77026959
44173,1.6,251923.0,1648.48,2.586472075,13.46286151
44174,2.73,134641.0,1430.94,-0.326393035,16.04820535
44175,1.83,359910.0,1780.03,2.861505756,15.47193679
44176,1.69,146214.0,2455.09,1.137526789,15.81543239
44177,1.32,390367.0,1549.62,1.806387096,14.37964393
44178,2.46,390715.0,1876.45,1.972949432,15.77546396
44179,2.41,374798.0,1850.84,1.539527295,15.12789442
44180,0.59,171787.0,1642.32,0.77303676,16.89627784
44181,1.93,377454.0,1323.0,1.874042332,16.22567215
44182,1.17,270394.0,2193.87,0.722924425,13.87066231
44183,1.15,370194.0,1895.54,2.099288991,15.37101225
44184,0.84,344976.0,1350.37,2.633483558,15.59325879
44185,1.26,154681.0,1758.35,2.357355389,17.09665157
44186,1.5,251722.0,822.23,1.735507249,15.71366243
44187,2.22,368890.0,2032.91,2.887889686,17.67945851
44188,1.48,269865.0,953.25,4.027756601,15.80806605
44189,1.27,127057.0,1627.95,3.530733944,15.68479934
44190,1.68,159242.0,2655.83,2.074879244,14.91417176
44191,1.12,393183.0,868.99,2.127315898,15.11543302
44192,1.43,367758.0,1941.54,1.155249459,17.73027397
44193,1.96,384507.0,2369.18,0.909414704,12.89237797
44194,0.9,258676.0,1575.88,1.372324921,15.10979911
44195,1.71,386290.0,2403.94,2.054917069,16.95390208
44196,0.92,141417.0,2545.06,2.51555522,15.95292025
44197,1.61,268413.0,1859.89,0.95423437,14.52960723
44198,0.71,249780.0,2484.66,1.824928833,14.39047285
44199,1.84,350149.0,2223.68,3.186500507,15.80369387
44200,1.6,155207.0,1739.0,2.094331451,15.97430279
44201,1.1,365684.0,1847.18,3.153261426,15.39589228
44202,2.43,131045.0,995.59,2.508569003,14.47501683
44203,2.08,263687.0,1513.75,4.707134658,13.5559045
44204,2.22,354060.0,2349.15,1.872599614,14.733913
44205,1.71,365167.0,1808.1,2.188322858,14.76514193
44206,1.58,145270.0,1757.25,2.037048513,14.96729384
44207,1.86,378297.0,1726.25,1.397666749,14.67429074
44208,0.97,347366.0,2460.42,1.583181926,15.3269484
44209,1.76,143580.0,1704.12,3.700779444,16.51354837
44210,1.34,142738.0,2412.21,1.584478535,15.37523967
44211,0.55,264831.0,2283.91,4.304531598,15.00630147
44212,0.71,361390.0,2252.62,2.534530886,15.61314352
44213,2.42,129323.0,839.74,1.922488799,15.68073056
44214,1.11,272582.0,1938.88,2.873689321,16.24100716
44215,0.85,262226.0,1797.52,1.423718919,14.02492796
44216,1.0,143323.0,1064.62,1.159457782,15.80019913
44217,2.11,242680.0,2022.12,1.19750133,12.48363148
44218,1.39,346886.0,2272.78,4.033797557,15.08716671
44219,1.42,373015.0,1801.49,1.794488772,14.72963612
44220,1.31,368804.0,1769.03,1.728542336,14.88268195
44221,0.53,361124.0,1378.33,1.135524669,15.66615687
44222,2.45,251897.0,2408.23,3.065352059,13.16898307
44223,2.26,380577.0,792.08,2.106152004,16.76575457
44224,1.95,146832.0,917.11,1.997547169,13.57075511
44225,0.88,368265.0,2309.35,0.429873426,14.8418507
44226,1.3,369139.0,1714.38,1.768910048,12.51353604
44227,2.35,256507.0,1557.9,1.333703728,16.59694956
44228,1.08,356472.0,2200.49,1.286150786,15.34959847
44229,0.44,267832.0,1556.11,2.427569662,17.73027397
44230,1.71,156263.0,1005.44,2.08514231,16.99042979
44231,1.88,134474.0,589.98,1.54608633,15.35398932
44232,1.64,400213.0,2364.77,1.453267635,13.54416149
44233,1.52,362735.0,1920.35,4.397531378,16.51954671
44234,0.9,382457.0,1911.8,3.032574158,14.76425859
44235,2.0,373846.0,2140.83,2.604965926,15.41990706
44236,2.04,354281.0,748.32,1.507505231,13.54525129
44237,1.49,365739.0,1150.15,1.868076143,15.18506251
44238,1.19,381121.0,2587.66,4.541181538,16.89770304
44239,2.16,132003.0,1121.81,1.923124848,12.13352996
44240,2.83,133732.0,2154.24,1.997179395,15.89657775
44241,1.46,241148.0,2280.21,2.438998569,15.26541203
44242,2.41,367554.0,1753.65,3.201383032,13.31983612
44243,1.29,151705.0,1806.78,1.07823632,15.81621661
44244,2.7,374259.0,2059.69,3.249582026,15.89610642
44245,1.13,391063.0,2221.95,1.099486349,16.61847348
44246,0.61,365051.0,1459.49,4.38611461,14.30636795
44247,0.98,162121.0,2279.45,2.477173754,15.69980493
44248,1.46,386969.0,1987.32,3.663458346,13.63220062
44249,1.31,369318.0,2368.61,0.950846051,16.29874103
44250,2.04,365569.0,769.59,2.012214171,15.89628047
44251,2.47,376053.0,658.62,1.239864976,14.91564484
44252,2.38,266923.0,1763.23,1.931330909,17.73027397
44253,1.33,362037.0,1385.36,1.990726979,15.24997733
44254,1.61,164410.0,2428.85,2.14838587,16.14069246
44255,2.8,122979.0,857.22,2.819841264,12.21782543
44256,1.87,360487.0,1755.16,1.106908382,17.16193033
44257,1.64,151553.0,900.96,1.879142926,14.67734441
44258,2.79,369016.0,2052.94,1.085674688,14.64321597
44259,2.02,257583.0,1208.75,1.960677329,15.32838182
44260,2.09,376582.0,697.2,1.584263225,15.52132893
44261,1.49,366633.0,1472.42,4.65317436,15.96091578
44262,1.44,369776.0,2411.02,2.238563285,14.65339728
44263,0.94,246903.0,1039.49,1.772493905,17.55790461
44264,1.77,374200.0,1445.44,2.809666463,15.36255704
44265,1.51,356126.0,1489.37,1.6930734,15.22738471
44266,1.07,259305.0,1660.57,1.928371562,11.97365993
44267,2.32,135985.0,1307.26,1.207199002,14.85658168
44268,1.08,126690.0,1399.31,1.376070133,14.83912713
44269,1.44,243500.0,1862.25,1.053441802,14.61805157
44270,1.23,377120.0,2081.94,1.3697197,15.71962729
44271,1.28,376870.0,586.86,4.288651403,15.82581166
44272,2.64,144215.0,1982.7,1.819131628,15.53032383
44273,1.49,371039.0,806.93,0.622582151,16.56062481
44274,0.76,397224.0,2404.54,1.875342077,16.8308665
44275,1.52,389805.0,1941.17,2.419806814,13.83701468
44276,2.41,115830.0,728.75,1.166377192,16.4679989
44277,0.98,383383.0,2288.86,0.463135424,13.61212298
44278,0.0,353199.0,1979.32,3.728322388,16.62324338
44279,1.39,369619.0,1584.32,3.601787648,15.52727925
44280,0.87,271387.0,1575.49,1.853328572,14.73623215
44281,1.37,147214.0,1401.68,3.78292702,13.71569247
44282,1.66,242369.0,1757.15,3.607230453,12.25322878
44283,0.76,348031.0,1868.57,1.561684171,15.48818856
44284,1.72,253469.0,843.8,2.308672827,15.40033447
44285,1.3,147298.0,1883.46,1.445713453,15.60144909
44286,1.48,150203.0,1931.56,3.364147876,13.11843636
44287,1.8,356910.0,963.09,0.959735365,14.21085051
44288,0.2,380629.0,860.18,1.367726003,14.99371118
44289,1.94,370789.0,767.57,1.618274775,16.18025872
44290,0.0,139255.0,1875.03,1.345292414,13.86604435
44291,1.08,391558.0,2207.84,1.318493459,14.56757968
44292,1.1,130926.0,1939.46,4.334354763,13.00244985
44293,2.55,253064.0,2498.22,1.151550333,15.4246755
44294,0.88,353888.0,1711.51,1.61724633,16.50892796
44295,0.14,133777.0,1943.24,4.93924406,15.20900215
44296,0.93,170254.0,2220.79,2.541970242,17.35976714
44297,6.17,373397.0,2248.56,1.525363154,15.27523836
44298,1.72,367543.0,1383.79,2.368288113,17.0245409
44299,2.17,373505.0,1206.92,1.974567923,12.94625932
44300,1.32,274706.0,2497.76,3.00748792,17.06524413
44301,2.01,341637.0,1287.23,1.363866989,15.50409427
44302,1.72,364568.0,854.65,0.830309727,14.76147495
44303,1.58,247079.0,1727.48,1.862114823,14.60912421
44304,1.01,133229.0,1751.56,3.500319884,12.87894712
44305,0.62,374768.0,1804.06,0.784845244,15.52601104
44306,2.03,280480.0,968.37,1.414934007,13.69553134
44307,1.13,375425.0,2100.16,2.45252947,15.16241515
44308,1.08,259671.0,1729.56,1.531194996,15.89714702
44309,1.55,148481.0,2177.14,1.892070224,17.26409873
44310,1.86,154209.0,1005.28,1.26402874,15.12846375
44311,1.25,348431.0,792.99,3.238656099,14.3951215
44312,1.48,369974.0,1342.83,3.005925345,16.91348959
44313,1.41,137963.0,731.78,2.179387343,15.96552731
44314,1.51,168634.0,865.87,1.552639042,15.51715338
44315,1.15,369654.0,1386.02,3.546390219,15.57391539
44316,0.38,149531.0,2687.38,4.405408863,17.14653626
44317,2.76,361805.0,1685.31,1.285437002,14.13470266
44318,0.29,165837.0,1930.38,3.459661358,16.60616841
44319,1.69,142993.0,702.24,3.648517894,14.08788463
44320,2.35,261479.0,2485.52,3.635100685,13.90326937
44321,1.85,261332.0,1970.67,1.946615464,14.08004117
44322,0.26,152101.0,1922.0,1.17699524,11.83627607
44323,1.07,373983.0,1892.47,1.747499398,14.18654722
44324,2.69,382961.0,1490.93,2.123638192,15.16416619
44325,0.84,249130.0,1804.27,1.674062239,13.72411798
44326,2.05,121816.0,2030.5,1.369487547,15.60081978
44327,0.95,237910.0,1813.24,2.139648557,15.78513278
44328,0.99,374333.0,1021.22,1.761519351,15.4819715
44329,1.64,366051.0,2308.45,2.183122269,15.62313796
44330,1.14,360520.0,2358.33,2.747482292,15.17014599
44331,1.5,144437.0,1134.63,3.84143213,15.42744427
44332,1.64,367502.0,2544.59,2.867416501,16.12759039
44333,1.41,368961.0,1695.24,2.461215883,15.0759566
44334,0.9,360321.0,2260.09,2.766653946,16.2271368
44335,1.58,376511.0,2418.16,4.871465352,14.5600118
44336,2.27,387320.0,859.6,2.306037593,13.91079218
44337,2.57,114947.0,2039.54,2.79585874,15.87278158
44338,1.93,350343.0,1816.42,1.575265463,15.31226686
44339,1.96,255883.0,1845.96,3.504967634,12.3414818
44340,1.89,366270.0,794.94,1.263089866,15.70057192
44341,1.82,358074.0,859.62,1.11343906,15.327704
44342,1.31,350454.0,1526.92,2.903768889,16.59453941
44343,1.03,371801.0,1974.36,1.498014126,13.79663069
44344,1.29,129791.0,1728.72,2.69582353,15.80367103
44345,1.11,364469.0,1329.29,0.123467046,14.0113746
44346,2.16,381715.0,1549.07,4.622173228,16.76891796
44347,0.81,254672.0,1350.19,-0.326393035,13.46683155
44348,1.74,379408.0,1974.44,1.122221247,15.57278442
44349,1.27,385380.0,2367.74,2.266465793,13.709599
44350,1.81,367976.0,1147.69,1.025245106,15.72986088
44351,0.34,143338.0,2284.46,3.359778389,15.45351565
44352,1.85,377708.0,1254.23,1.707933263,14.65653014
44353,0.03,263125.0,1908.94,4.236304598,15.40047474
44354,1.32,260229.0,2506.77,3.086892746,13.47215971
44355,1.59,359266.0,1785.99,1.844813097,15.56959349
44356,1.24,382879.0,2238.8,2.627090093,15.67525643
44357,1.42,125105.0,1259.96,1.10102443,14.83476485
44358,1.42,260517.0,2488.36,3.058416766,13.26879081
44359,1.33,352201.0,2642.27,3.950891124,15.98369915
44360,1.43,369039.0,1498.01,3.127478246,16.8339324
44361,2.08,398499.0,1754.97,4.673814609,15.34155259
44362,1.55,152034.0,1834.57,1.199050442,15.37718821
44363,1.05,146057.0,927.62,2.830826358,14.412344
44364,0.82,376885.0,1950.97,3.008126144,15.44771116
44365,1.28,363489.0,2344.5,1.504190032,11.35935841
44366,2.71,139732.0,1912.27,2.287559724,13.84869965
44367,2.02,371182.0,1421.94,1.931891734,16.2438001
44368,2.72,157520.0,2059.67,1.289431728,13.28092564
44369,1.52,392761.0,1923.15,-0.326393035,13.73919294
44370,2.19,347749.0,793.26,4.043468239,15.32196105
44371,1.91,138870.0,1678.78,1.125132222,16.06176019
44372,1.13,337789.0,674.73,1.366385468,13.63706676
44373,0.0,144749.0,2217.75,1.648005778,14.89156747
44374,1.21,385250.0,1398.65,1.933370628,14.45712399
44375,2.56,372332.0,780.45,1.686685679,13.82483476
44376,2.04,346736.0,1824.68,1.716156486,13.45174027
44377,2.51,253950.0,2636.04,2.193697198,17.68032604
44378,1.02,382958.0,1868.86,2.536238531,16.88666041
44379,2.25,148767.0,1437.69,1.81675126,13.9676752
44380,1.87,257149.0,1754.38,1.083897205,16.02147653
44381,1.24,376541.0,912.32,2.967956464,16.16332702
44382,0.75,383783.0,2311.1,3.305121871,13.75074843
44383,1.1,163963.0,2559.23,2.453423738,12.63959966
44384,2.01,382671.0,1445.77,1.282095478,15.1111262
44385,0.25,377308.0,1239.35,3.419523841,15.87306555
44386,1.24,386404.0,1935.8,2.761357214,13.70263726
44387,0.62,364282.0,1599.12,3.426848827,16.45314595
44388,1.07,161091.0,2374.18,1.637095828,16.35903114
44389,1.92,351926.0,1466.24,1.56840552,15.78272132
44390,0.77,375359.0,1820.08,4.777159757,15.88693022
44391,1.22,263633.0,1588.86,1.61859057,12.68459445
44392,1.71,384960.0,2644.97,2.228820923,15.90114472
44393,0.64,393709.0,1931.94,4.393813065,13.65372985
44394,2.73,264088.0,938.47,2.39218387,17.14899632
44395,1.33,347030.0,1651.59,3.844744338,14.3467632
44396,2.54,143841.0,1845.32,1.195205981,15.54880907
44397,1.72,378730.0,793.49,4.721504812,16.38386967
44398,0.73,380685.0,1764.37,2.86860312,12.77815554
44399,1.89,396421.0,1963.71,3.408788006,15.27550531
44400,1.78,149848.0,875.87,3.285417147,13.30007086
44401,1.87,153402.0,1300.79,2.52508574,15.55088819
44402,1.68,349593.0,2737.18,1.82411983,15.78171024
44403,3.24,376050.0,987.43,0.9185615,14.09832848
44404,0.95,358436.0,2419.66,2.551542348,16.68521269
44405,0.43,366861.0,752.25,1.564233405,14.49673163
44406,1.93,346950.0,2260.55,1.210159787,14.35788239
44407,0.42,254142.0,2388.41,1.729411707,13.59371564
44408,0.0,384948.0,1089.55,1.424995917,15.26255493
44409,1.7,127214.0,1805.98,1.172255353,12.01388503
44410,1.36,176141.0,1512.54,1.65286605,16.29010445
44411,3.14,261185.0,2197.32,2.538412197,16.17507984
44412,1.33,141612.0,2072.89,2.084673373,15.55742685
44413,0.74,276851.0,2009.54,2.144048406,16.93440755
44414,1.41,398487.0,2161.22,1.487681514,15.39830941
44415,1.42,346614.0,1194.82,1.781733427,14.71960012
44416,2.96,370105.0,891.84,1.68773857,15.21620742
44417,0.0,393739.0,1631.66,2.319878446,16.10435839
44418,1.64,254478.0,2047.32,1.517252578,16.20447356
44419,1.5,374783.0,1889.24,2.293279576,15.46244706
44420,1.57,248281.0,1308.97,1.310401598,15.2802504
44421,2.0,383862.0,1986.5,1.609645452,16.37122861
44422,0.9,349020.0,1884.11,3.460439432,15.6141962
44423,3.62,146707.0,1209.8,1.883564164,12.99129399
44424,2.06,363160.0,1711.91,3.437125166,15.57504236
44425,1.97,218575.0,2311.73,3.028712267,16.37199216
44426,0.52,256519.0,2819.85,1.799567198,16.92366564
44427,0.07,374592.0,1079.73,1.487719237,14.70481839
44428,1.81,253827.0,1680.57,1.617941882,12.40474221
44429,0.31,253248.0,2141.71,1.097388259,16.80690116
44430,0.99,284561.0,2089.24,2.525492937,15.35477392
44431,0.93,139660.0,663.1,2.568976959,15.20261261
44432,2.06,260235.0,1920.83,1.589549446,13.63186006
44433,2.03,379108.0,1607.96,1.527183622,14.89467507
44434,2.02,367028.0,814.28,1.877931501,14.54972478
44435,1.71,274667.0,2634.13,2.772086631,13.76602689
44436,1.38,265343.0,1743.38,1.737531708,15.59866243
44437,1.49,261170.0,1849.08,1.214396407,13.54827632
44438,0.67,388232.0,2734.66,3.732409132,14.00081986
44439,1.27,360900.0,2213.34,1.63584973,16.33014331
44440,0.07,121478.0,1949.09,2.171025561,17.21373351
44441,0.38,176559.0,1052.79,3.708752104,13.94642844
44442,0.98,374406.0,1894.26,2.598486012,14.95867536
44443,2.21,148290.0,1672.84,1.74650034,16.83277346
44444,1.27,357336.0,1226.71,2.08233035,15.92631489
44445,1.8,142786.0,858.72,2.889292287,15.95032967
44446,0.43,153044.0,1854.95,1.577670466,15.22201816
44447,2.08,149554.0,2013.85,2.006586697,16.09895819
44448,1.12,373236.0,2572.89,2.248311302,15.69950123
44449,2.7,384037.0,1432.62,1.89712912,16.34227748
44450,0.81,370731.0,1875.95,2.927620684,15.4930008
44451,1.84,368433.0,1781.41,0.933932292,16.74665475
44452,1.49,353128.0,1950.59,1.711650798,15.02440147
44453,1.5,372856.0,2132.89,3.141632582,14.66449676
44454,0.38,252243.0,2498.6,4.479849279,17.44533197
44455,1.55,358755.0,1809.24,1.76910664,15.63519328
44456,0.62,362026.0,2259.98,1.880212177,11.81171284
44457,2.14,359554.0,740.24,2.588166867,15.25945303
44458,1.13,266395.0,1841.79,2.270938264,13.82349318
44459,1.25,380467.0,1957.75,1.752313637,13.75229292
44460,1.71,351878.0,1572.16,1.579270293,15.50420003
44461,1.7,254605.0,1189.63,2.720864008,14.37325634
44462,1.2,353523.0,944.63,1.414645129,15.31028533
44463,1.32,122413.0,1361.18,2.504758633,15.2130878
44464,0.96,366447.0,627.53,3.607249829,13.57471275
44465,1.4,355418.0,1920.09,4.928853247,16.66095949
44466,0.73,400597.0,955.34,1.083805708,15.82685184
44467,1.61,390522.0,1522.67,2.08672109,15.44831004
44468,0.72,401119.0,2160.43,2.947796782,15.88286597
44469,0.91,242519.0,2231.09,3.797992503,16.08815867
44470,0.75,145527.0,2534.48,1.600539886,15.69306943
44471,2.34,345710.0,2226.98,1.609971867,14.85848038
44472,1.6,396281.0,1901.23,2.473442313,16.27597283
44473,1.65,242631.0,1141.94,2.057116654,16.8980481
44474,2.24,387456.0,1072.54,4.362894104,15.639071
44475,2.39,258637.0,1750.54,3.148918593,16.09579338
44476,0.28,276682.0,1780.86,2.016496963,14.98112663
44477,2.01,244373.0,1214.83,1.388518412,15.5501825
44478,1.85,371968.0,2321.17,1.818663459,14.11077311
44479,0.88,378316.0,1483.32,2.331045595,16.67360098
44480,5.72,155576.0,1878.49,4.083561106,15.933898
44481,1.86,241738.0,2525.41,2.030621585,14.69502009
44482,0.35,169515.0,752.25,2.562723435,13.64911717
44483,2.14,132427.0,1467.56,0.797082942,15.6456014
44484,1.69,139696.0,2239.57,1.386397291,15.93456512
44485,0.67,124727.0,1828.45,2.8874862,16.23841176
44486,1.06,351157.0,1693.99,4.063997451,15.89563698
44487,1.4,164978.0,807.67,2.841573937,15.49174324
44488,2.07,398268.0,836.37,1.489375161,12.29943937
44489,0.84,124155.0,737.2,1.508843557,14.8299686
44490,1.95,393001.0,1996.47,1.791362455,15.67854548
44491,1.63,384886.0,1836.01,1.560380076,14.00423898
44492,1.51,263835.0,930.61,1.632423677,15.37261129
44493,1.0,130375.0,1902.28,2.010562769,15.81214773
44494,2.11,363970.0,1724.95,2.954941732,15.54601323
44495,1.45,136074.0,1392.82,1.378576977,16.17004549
44496,0.94,137561.0,977.04,2.758838554,14.95353137
44497,1.01,259574.0,602.07,0.820896807,16.60073002
44498,1.58,273590.0,1686.17,1.687289821,14.71726323
44499,1.54,146909.0,1703.92,3.810450413,13.98637809
44500,1.33,149382.0,2273.46,1.213124111,16.59731662
44501,1.39,148462.0,1903.6,1.420185764,13.75882245
44502,5.57,265494.0,1119.75,1.259123554,15.70686777
44503,2.05,250347.0,2450.59,1.742596021,15.49861441
44504,0.68,275695.0,1850.62,2.807251659,15.56634181
44505,0.58,375472.0,943.8,1.841280403,15.51729064
44506,2.39,152276.0,1245.39,1.554940789,15.59755327
44507,1.72,389858.0,1114.57,1.483615527,15.82424093
44508,0.83,162329.0,1856.21,4.351733387,15.6516446
44509,1.21,139312.0,2089.57,3.00696328,16.42003383
44510,1.16,154788.0,650.18,3.373649588,13.90776276
44511,1.77,367171.0,733.22,1.690119813,15.96340856
44512,2.27,259717.0,1860.62,1.650721175,12.239981
44513,0.45,162237.0,1917.76,1.764097501,12.66019859
44514,1.14,236504.0,1756.11,1.25091332,15.01805809
44515,1.82,161013.0,1853.34,0.912652434,12.00569267
44516,1.21,355939.0,1704.82,2.127268281,17.34532687
44517,0.63,163088.0,1844.04,2.270996293,16.34163261
44518,2.21,143638.0,1929.28,1.655987006,15.64844177
44519,1.6,256784.0,718.8,1.939427952,15.09120066
44520,0.94,375686.0,1601.66,1.898447622,15.5403701
44521,1.31,375495.0,1887.84,1.526834638,15.44554387
44522,4.05,137160.0,1237.26,2.15269998,13.3684036
44523,1.72,375291.0,2072.54,3.861928351,15.51707165
44524,1.62,166176.0,1877.18,2.362380093,16.10188758
44525,0.57,152617.0,2365.94,1.534991398,15.79764379
44526,0.48,355240.0,1964.91,1.5310134,14.24412212
44527,1.23,285105.0,1714.99,3.415229337,15.57005946
44528,0.45,368190.0,1748.78,1.827338878,13.92874616
44529,1.48,355249.0,1404.49,1.749994161,14.6771575
44530,1.99,269233.0,1564.13,1.839734932,14.5992144
44531,0.65,155053.0,954.57,1.530262605,14.96356384
44532,0.0,380883.0,1732.57,2.550430866,13.70679859
44533,1.46,258849.0,1035.84,2.195988169,15.59929239
44534,3.57,357182.0,1820.07,0.39249969,16.81632558
44535,2.17,364471.0,2149.08,1.395692496,13.13600605
44536,1.84,253914.0,1055.09,3.371784669,11.87038924
44537,0.72,376147.0,2125.1,2.367841967,17.10207195
44538,0.77,371746.0,1880.99,4.636394141,14.88205929
44539,1.21,141572.0,2398.21,4.228485388,15.30076712
44540,2.26,385411.0,2458.84,2.008365947,15.42540169
44541,1.21,135679.0,1860.32,1.779666846,16.17539856
44542,1.53,173804.0,2277.44,1.907681444,15.04321473
44543,1.78,356074.0,1707.02,1.425761944,15.43013517
44544,2.43,133077.0,1871.48,3.838441021,17.73027397
44545,1.51,401119.0,2416.63,2.226706232,15.45827065
44546,0.88,373819.0,1867.52,1.135206173,15.74577964
44547,1.75,393517.0,1202.7,4.102731489,16.17666813
44548,2.51,134897.0,2537.44,3.165606633,15.13491748
44549,1.72,371183.0,2248.4,2.107026519,13.16601546
44550,1.04,151678.0,1374.99,1.792777095,15.63258958
44551,1.53,114947.0,2050.4,-0.326393035,14.95031243
44552,1.03,154393.0,1967.74,2.095305931,15.96628031
44553,0.69,367091.0,1174.65,1.029686465,12.70436347
44554,2.14,372537.0,688.5,0.515141376,16.06910398
44555,1.74,361546.0,1682.07,1.835830214,16.2288949
44556,1.8,161550.0,1924.08,3.477226011,14.38382283
44557,1.03,390966.0,1899.84,1.027035333,12.63863612
44558,0.91,165332.0,2400.8,1.565181966,15.20780989
44559,0.5,358135.0,2250.49,1.297605091,15.33846092
44560,1.37,385994.0,2109.98,3.469670883,14.08163307
44561,2.02,396157.0,1873.41,1.786549227,16.71056973
44562,1.08,350384.0,2316.9,2.105724511,16.39355053
44563,4.33,116503.0,1432.32,1.473197146,16.29168061
44564,0.91,383532.0,1344.92,4.475337877,15.58650669
44565,0.9,124949.0,1848.55,-0.25054642,14.92906384
44566,1.29,388215.0,2436.88,1.680956187,16.71750061
44567,1.46,352961.0,1172.43,1.528194288,16.73805255
44568,0.86,364012.0,2304.99,1.997200612,13.64631407
44569,1.67,381312.0,1948.31,4.045408072,15.45183502
44570,1.66,370344.0,1849.73,1.563792542,13.94438285
44571,1.83,264830.0,2098.49,4.520844564,15.6560771
44572,1.34,175855.0,1469.82,1.342594647,13.97778741
44573,1.49,385724.0,752.33,2.030841695,16.68765556
44574,1.36,363451.0,2416.23,3.064465966,17.46754937
44575,1.02,164652.0,1758.91,3.874534733,13.67498315
44576,1.96,344483.0,1732.06,1.915762182,13.01921104
44577,0.65,261709.0,1764.26,1.675582437,11.89406012
44578,0.77,391185.0,2070.06,1.932881333,13.39127832
44579,0.56,140429.0,2145.99,1.814050621,13.39933289
44580,1.74,349309.0,1436.44,2.75494994,15.74105087
44581,2.19,365690.0,1675.76,1.257616962,11.69403055
44582,1.51,156387.0,1296.56,1.568083989,16.50523236
44583,1.81,173420.0,1861.9,1.511520739,12.87713997
44584,2.11,152263.0,1794.33,0.834578255,12.03081902
44585,0.75,362352.0,1957.52,2.845784158,14.4733051
44586,0.28,389383.0,1038.25,0.931839001,13.06918116
44587,1.1,254560.0,1106.85,1.483168196,14.80871821
44588,0.9,158823.0,1991.55,1.335052956,15.85952293
44589,1.39,401119.0,1452.67,4.578109755,15.13123019
44590,1.64,158564.0,2452.47,0.304819676,16.05753733
44591,1.62,241002.0,1959.86,3.016868388,14.42379699
44592,1.42,369935.0,905.83,1.280237022,15.10807254
44593,2.13,150748.0,2033.14,2.358539357,14.33649206
44594,2.08,136724.0,1737.63,0.324914335,15.59861371
44595,0.41,258713.0,1891.27,2.157180962,15.14921495
44596,1.24,373545.0,2219.57,1.313692602,15.19280554
44597,2.14,268946.0,1700.08,4.065225939,17.52756514
44598,0.82,133142.0,1413.62,1.524202598,15.2828142
44599,1.73,361199.0,2034.14,2.252780713,15.59830207
44600,0.74,245982.0,1785.11,0.538075323,13.54417066
44601,0.64,366688.0,2330.26,0.810353098,13.95139677
44602,2.27,260918.0,2395.98,1.657759722,15.05574321
44603,1.09,361036.0,2807.06,3.399810022,14.92219727
44604,1.59,271736.0,1865.57,1.526433638,13.75934539
44605,1.03,179885.0,779.71,0.286542833,15.1211662
44606,1.31,357294.0,2526.26,1.04002306,15.86377454
44607,1.96,273679.0,889.17,1.118099323,15.0465027
44608,1.76,142875.0,690.13,2.183919735,14.03625908
44609,1.49,347153.0,942.52,0.959972062,12.12109774
44610,3.67,347913.0,2113.83,3.328397567,15.78212965
44611,1.42,392186.0,1873.77,2.086962733,15.27282506
44612,0.5,131126.0,729.98,1.131240642,16.2170709
44613,1.91,139813.0,591.59,2.057517763,15.93371144
44614,2.78,241917.0,2109.88,1.349209874,17.15427323
44615,2.46,359973.0,1699.68,0.945231363,15.19366654
44616,1.22,258003.0,2293.25,2.000899224,16.28028385
44617,1.34,370515.0,1411.09,3.443189228,15.48742068
44618,0.74,363474.0,2324.59,4.304526766,15.2155203
44619,1.46,359508.0,2253.49,2.932013393,16.1363586
44620,1.82,127470.0,1086.62,1.030407652,16.44307968
44621,1.44,361889.0,2611.09,2.454494167,15.81726894
44622,1.4,379366.0,2456.59,0.31343875,15.69510384
44623,1.86,276562.0,1968.69,-0.220752026,15.13208212
44624,5.59,161463.0,2879.83,3.397106775,16.76064975
44625,2.0,259705.0,680.03,2.911125893,15.59398774
44626,2.53,122719.0,2265.43,0.813975144,15.87031887
44627,1.4,378416.0,1324.15,1.440799673,15.80304087
44628,1.18,130489.0,1411.64,-0.227941746,13.24420276
44629,2.67,368836.0,1114.33,1.425335875,15.95141014
44630,0.0,147981.0,2462.1,2.969454928,15.99436672
44631,0.96,155054.0,2296.67,2.420125337,14.54556168
44632,1.85,132482.0,1801.36,2.137576695,15.977642
44633,1.87,362915.0,1310.99,1.875919679,16.14049555
44634,1.1,379076.0,2367.27,2.855487646,16.80742574
44635,1.64,133982.0,1335.8,2.513204472,12.50192353
44636,0.19,268872.0,969.78,3.093233063,12.29188534
44637,2.13,152046.0,1486.54,1.915649525,15.95118965
44638,2.0,138326.0,1506.33,0.865101879,13.63742637
44639,1.56,384641.0,1299.85,2.738864099,15.06840767
44640,2.29,399424.0,1875.11,1.788830799,15.48777934
44641,0.91,376733.0,1845.05,1.37394818,16.30042735
44642,1.57,378058.0,1814.69,2.07679379,16.16671075
44643,1.3,134593.0,841.08,2.511135392,16.51776113
44644,0.82,352676.0,1927.55,2.308886386,17.61046927
44645,1.54,161411.0,2520.13,2.38653837,14.82534526
44646,0.9,257244.0,2123.7,1.563688153,16.84010073
44647,1.13,164040.0,1910.52,1.079005519,16.08855991
44648,0.14,384282.0,1728.27,3.826790085,13.03336403
44649,1.64,359466.0,1473.84,1.732032931,14.84825233
44650,2.22,155920.0,767.14,1.577566015,17.73027397
44651,0.5,387885.0,773.79,2.586738453,15.34249373
44652,1.09,258266.0,2095.64,0.901386656,13.74396049
44653,2.52,175527.0,1187.56,1.617964435,17.1257788
44654,1.56,234175.0,1445.82,2.188615949,15.88377917
44655,1.61,344261.0,1376.93,0.832031035,15.23373312
44656,0.57,366649.0,1800.78,0.954711865,15.45195906
44657,0.65,383952.0,2338.36,2.291839405,15.66887802
44658,0.93,254817.0,2235.37,2.301891036,15.41158974
44659,1.06,158249.0,1906.28,1.18206702,14.88417114
44660,1.82,164657.0,1817.22,2.442873621,14.73057688
44661,1.96,350830.0,1497.8,1.169662061,11.858552
44662,1.5,378761.0,1891.31,2.95076759,16.20553503
44663,1.23,360809.0,1962.09,4.157796361,15.66801645
44664,1.01,273061.0,1893.8,1.34848658,15.62083084
44665,0.0,377274.0,2255.13,3.72926813,14.14601931
44666,0.22,374303.0,1814.87,4.671669257,13.59498356
44667,1.71,114947.0,1919.75,1.774767005,15.02685762
44668,1.98,263436.0,1920.62,2.550243887,13.96634139
44669,2.75,380213.0,1580.24,1.852234061,14.55524335
44670,2.11,377509.0,2310.98,0.762547602,15.99575755
44671,0.52,239873.0,897.85,4.402928509,16.36314652
44672,1.72,381615.0,1863.41,4.482510422,16.44196956
44673,2.56,249885.0,1966.6,3.111545456,16.29876983
44674,1.95,149906.0,1856.79,2.203324311,13.54159863
44675,0.8,169959.0,1447.3,2.89578118,14.2802198
44676,2.45,362119.0,2205.02,-0.326393035,14.62295022
44677,1.4,363754.0,1782.79,1.601871085,14.22748272
44678,0.9,379232.0,2343.05,1.447434356,16.30469126
44679,2.44,390685.0,641.88,0.941844115,12.89744715
44680,0.66,242027.0,1584.02,1.404713181,14.9081831
44681,0.54,356347.0,1046.53,3.153688064,13.88135283
44682,3.42,135178.0,1861.8,1.442262077,14.83402988
44683,1.72,130196.0,1837.56,2.936464805,14.1274694
44684,0.73,365128.0,801.98,2.501223674,17.08655071
44685,1.65,151903.0,2314.97,3.71098728,14.72980609
44686,0.93,366765.0,586.86,3.168784851,15.20194656
44687,0.94,147323.0,1778.37,1.723672528,15.26240593
44688,0.64,377797.0,1228.19,1.863522757,16.44900089
44689,1.22,370531.0,1947.62,2.534160126,15.27910531
44690,3.8,245223.0,1881.97,0.148352179,14.99958296
44691,1.32,269693.0,2627.99,1.780639485,15.53639995
44692,1.72,267120.0,2199.09,1.754040824,17.09813391
44693,1.46,355767.0,2003.53,1.733722326,15.71388344
44694,1.61,344511.0,2290.27,2.056564042,13.9664784
44695,2.07,385207.0,2408.49,3.178120817,16.30082324
44696,1.12,157179.0,930.95,1.41544187,14.66363143
44697,0.88,131903.0,1718.04,2.203931769,16.06886164
44698,1.66,258691.0,1695.63,0.973623531,16.83121628
44699,0.0,369142.0,974.51,1.945642453,16.85873283
44700,0.63,349129.0,2322.76,1.688577863,15.37905623
44701,1.07,360190.0,1392.43,1.487070799,14.48688553
44702,0.73,380295.0,1565.68,2.04352887,13.60598886
44703,1.07,266595.0,2504.56,1.727547682,13.26915941
44704,1.29,388088.0,2602.96,1.183692401,16.86322175
44705,1.82,349552.0,909.17,2.747867126,16.06260645
44706,2.1,123679.0,968.57,1.65456458,15.72176056
44707,1.93,392279.0,1885.49,4.376196123,16.95297753
44708,1.8,359925.0,734.74,1.344064438,15.67266166
44709,1.37,145564.0,1274.48,2.750964806,15.53130689
44710,1.37,378423.0,1769.81,1.800017593,14.63933072
44711,0.55,384234.0,1828.78,2.431012904,16.00463104
44712,1.89,136309.0,1596.81,1.170672964,15.07580798
44713,1.62,368356.0,2178.91,3.413963083,13.77910225
44714,2.14,389903.0,876.75,2.083026019,17.00014136
44715,0.97,147794.0,1735.73,1.963422255,15.20756181
44716,0.94,140118.0,2496.73,2.015619698,14.62514627
44717,1.8,371773.0,1787.57,1.698999935,13.07161364
44718,1.48,381216.0,1789.8,1.962187742,15.4735579
44719,0.48,356988.0,1382.39,2.526850991,13.10358559
44720,1.69,347908.0,1773.78,0.634955186,15.24235105
44721,1.17,397313.0,1829.28,2.707184299,16.71198172
44722,1.76,251698.0,1468.84,1.570143136,14.25654451
44723,0.96,382037.0,1245.25,1.77843469,12.85875698
44724,1.31,145266.0,1378.25,2.071030026,13.80313309
44725,2.83,381218.0,2073.96,4.402258483,14.92437777
44726,0.99,383437.0,1831.97,4.695425831,13.97043885
44727,0.72,356607.0,2453.08,1.144531949,16.40685273
44728,2.36,371385.0,1770.66,1.712249578,17.14360865
44729,0.98,150150.0,1157.45,2.734476083,14.52717443
44730,1.43,389309.0,1803.35,4.317478874,14.02247792
44731,0.94,116446.0,1632.91,-0.038262745,15.42167687
44732,0.97,361328.0,2477.97,3.377253361,15.05594615
44733,2.45,374918.0,1576.04,2.917948463,13.58828724
44734,1.02,267711.0,1909.08,2.508509154,15.75224902
44735,4.86,387850.0,775.21,3.040741053,14.91767363
44736,0.92,150946.0,1869.26,3.542504956,14.19250123
44737,1.32,288612.0,1600.5,3.927038263,16.03516077
44738,2.4,144261.0,1037.35,1.144979789,14.60408394
44739,1.25,351359.0,1945.44,1.703838497,13.73259322
44740,1.95,381658.0,1929.4,1.876183724,15.36114097
44741,2.01,370821.0,1729.74,3.012627819,16.11969076
44742,2.25,358225.0,2695.35,1.290517508,13.43534861
44743,0.82,372286.0,983.83,3.541472117,13.61853713
44744,0.18,143602.0,1470.47,2.713507306,14.13549122
44745,1.18,243335.0,948.41,1.117459201,16.37979317
44746,2.15,353520.0,2121.03,1.333082535,13.40187394
44747,1.93,268184.0,807.7,3.678640853,15.64903751
44748,0.58,365200.0,1701.37,2.103969332,16.17038719
44749,1.68,371182.0,1779.06,2.108265559,15.63848153
44750,1.64,369039.0,1178.39,0.972282373,16.08018511
44751,1.66,147388.0,1679.63,1.258830625,17.16107868
44752,0.97,378225.0,2307.45,2.558948611,12.61697829
44753,2.42,370900.0,1872.03,1.999741945,15.50864673
44754,1.44,261592.0,891.98,1.133783185,12.93963404
44755,1.75,387220.0,682.58,1.477152017,14.64158383
44756,2.62,255622.0,918.6,3.727315297,15.2528978
44757,1.41,378184.0,2634.82,3.031639519,14.75828649
44758,1.2,370851.0,2556.72,2.849108244,14.59325898
44759,1.85,144741.0,841.52,0.308721211,15.89971399
44760,0.55,401119.0,2613.04,2.933869754,14.99282751
44761,2.48,359864.0,1914.91,1.046771844,14.05876778
44762,1.12,379226.0,2435.87,2.035104773,15.72100855
44763,1.95,378383.0,1821.39,1.653878175,15.51595089
44764,1.6,385567.0,1497.52,3.1950905,16.01287237
44765,1.33,178304.0,1747.63,1.60469953,15.75398847
44766,1.68,233211.0,1655.23,2.092060756,14.06246349
44767,1.41,375249.0,1811.42,1.472921201,14.1599429
44768,2.07,257629.0,1698.71,3.391904183,13.80405278
44769,2.09,237983.0,689.06,2.742702656,16.59840893
44770,2.14,175355.0,991.11,2.556442952,13.0352813
44771,0.54,139754.0,1488.74,1.875702903,12.61417365
44772,1.46,355691.0,2149.87,-0.326393035,14.17522562
44773,1.76,165789.0,1974.62,3.214963346,16.14562759
44774,1.27,155423.0,1364.51,1.167840222,15.5645768
44775,1.65,145994.0,638.55,2.461653064,16.64598967
44776,1.53,150256.0,1875.56,4.106334842,14.97552234
44777,1.78,360781.0,1317.95,1.10513806,15.29753626
44778,1.75,256134.0,1955.4,0.993747023,16.74296877
44779,0.86,145395.0,1225.67,1.817254575,14.15722151
44780,1.56,380126.0,1471.92,2.501210038,16.22694131
44781,1.14,394774.0,1557.37,1.927616374,15.93559829
44782,1.12,260831.0,1883.96,1.953344584,15.41434192
44783,1.87,146738.0,651.44,3.121081873,15.4759549
44784,1.15,129754.0,2580.54,1.539604759,16.3668016
44785,1.09,374341.0,1680.39,1.145696835,16.10502302
44786,0.16,361857.0,1736.13,3.293437268,16.5159555
44787,1.76,148925.0,2242.72,1.93287019,15.84081487
44788,1.62,372721.0,1865.79,1.495638047,13.66001373
44789,1.83,354163.0,2250.34,1.126093538,11.2583727
44790,1.24,376554.0,2086.93,1.421342236,11.79007801
44791,2.34,357099.0,2530.05,1.779589065,15.18710175
44792,2.27,158866.0,1493.4,4.732598426,13.4856002
44793,0.85,383850.0,1084.09,2.222473479,16.25539878
44794,2.09,343330.0,1380.47,1.603360031,15.68509678
44795,1.45,150652.0,1400.57,1.45318895,15.92353313
44796,0.86,374346.0,2206.69,3.979522432,14.59022214
44797,1.1,133146.0,1011.67,1.484524539,15.3586111
44798,2.36,144096.0,1843.0,1.716360303,15.92243373
44799,1.94,346749.0,1944.21,2.868780449,11.2583727
44800,1.47,376325.0,2180.78,3.706758159,14.54669332
44801,1.24,381101.0,1053.74,2.990576674,14.81159491
44802,1.75,255028.0,2235.05,2.109916382,15.59585496
44803,1.32,234558.0,853.45,3.168566626,16.52871229
44804,2.09,260596.0,2394.21,-0.154307897,16.17710406
44805,1.28,370422.0,2552.69,2.28457032,13.35736505
44806,1.35,128226.0,1289.68,3.219038246,15.48374582
44807,1.34,346608.0,2765.78,2.067232791,15.99354669
44808,0.71,395020.0,2546.72,2.136974711,13.67072092
44809,2.03,145733.0,1970.7,1.469239237,12.51943862
44810,1.0,373562.0,873.86,2.094149793,13.40065096
44811,1.73,377781.0,1048.78,2.752750238,15.45674571
44812,2.12,365965.0,2234.09,1.818808779,14.127909
44813,1.74,149250.0,586.86,2.187135132,16.59206619
44814,0.18,361029.0,2310.12,2.081368076,13.30290397
44815,2.05,268555.0,1908.57,1.755062075,12.81292136
44816,0.47,371100.0,2220.11,2.759878101,13.84692414
44817,1.0,168401.0,2334.62,1.508647841,12.8472116
44818,0.62,378556.0,1557.36,3.639076013,16.12380401
44819,1.31,251436.0,1745.55,2.979858798,14.91671309
44820,0.7,271698.0,1815.91,1.349352536,16.12704622
44821,1.15,374869.0,2052.27,3.740197827,15.85858251
44822,1.54,275128.0,1171.88,4.36481893,15.78873321
44823,1.42,269834.0,1409.7,3.946356995,14.04695553
44824,1.58,349675.0,1879.64,2.700247918,13.60625759
44825,1.45,356335.0,1570.33,4.93924406,13.48842109
44826,0.86,371800.0,1756.39,1.335380582,16.97232916
44827,1.57,148411.0,593.66,2.302247029,15.56572992
44828,2.11,377187.0,2262.82,0.94209656,14.47365071
44829,0.61,359624.0,694.16,4.162052371,13.62392616
44830,2.56,161278.0,931.91,2.056950405,15.85203073
44831,1.65,379258.0,1651.06,3.630214326,15.36503489
44832,2.28,131881.0,1504.07,3.889890147,14.82622236
44833,0.67,372045.0,1841.47,2.25543563,16.26835074
44834,0.56,250877.0,1846.86,1.276757787,11.70632711
44835,1.12,247832.0,659.82,1.742542906,14.99558986
44836,1.36,257844.0,711.61,0.233019664,16.9261921
44837,1.08,272530.0,960.06,1.633087456,15.65358542
44838,2.47,252252.0,648.48,2.550685388,12.903724
44839,2.66,130998.0,1997.59,0.038761573,15.60995193
44840,2.56,368998.0,1874.76,1.692083642,15.7785483
44841,1.75,252457.0,1876.19,1.57986957,15.84287777
44842,1.31,365162.0,1954.18,2.710909442,15.87102282
44843,2.79,356145.0,1677.62,1.488169102,15.12382484
44844,0.21,394841.0,1862.58,0.582779944,14.47834635
44845,1.84,378828.0,1039.32,0.535534007,15.52874426
44846,1.32,133726.0,647.41,1.620772125,13.96265713
44847,1.52,155155.0,1937.23,2.004866516,15.99420223
44848,2.6,356002.0,2128.11,0.559726386,13.74528995
44849,1.08,370136.0,2846.96,3.462259009,16.263911
44850,1.73,354119.0,2335.92,1.590981488,16.75691326
44851,1.66,140500.0,781.98,3.713497352,15.56027357
44852,1.29,140322.0,887.93,3.156496358,16.62315409
44853,1.27,257148.0,840.69,2.746078602,13.47525742
44854,2.23,356167.0,1802.66,1.120543821,14.87808993
44855,1.27,150926.0,2368.06,2.831163088,16.1890387
44856,3.31,162266.0,1795.17,2.988311824,15.84552205
44857,1.23,377409.0,2419.2,2.013090667,15.92132533
44858,2.73,245425.0,1005.27,1.957840259,12.76465637
44859,1.48,283097.0,2155.71,3.161480751,15.18869341
44860,0.94,359774.0,1138.51,1.709782357,12.73383462
44861,1.49,353459.0,908.53,1.491492993,12.8715065
44862,0.0,142291.0,2378.56,4.531386536,16.95638727
44863,2.46,347453.0,1968.28,3.800796588,13.78909418
44864,2.54,344841.0,2481.64,3.897574766,14.40129327
44865,2.6,367052.0,1705.75,1.16636172,16.66917916
44866,1.37,361595.0,1862.64,1.148679421,14.28699735
44867,1.11,134899.0,907.3,2.188316836,13.33780597
44868,1.1,149107.0,1125.05,2.278650816,13.9372485
44869,2.29,389829.0,1979.83,0.597719613,15.72397153
44870,1.68,401119.0,1574.74,3.605459855,15.84830114
44871,0.87,249302.0,1822.08,3.435262373,16.63839235
44872,1.49,129140.0,2390.13,1.718643409,13.52833388
44873,0.23,144949.0,2181.47,1.234328221,16.37490321
44874,1.5,340679.0,1742.54,1.485894956,15.92526192
44875,2.13,366600.0,1344.29,2.232610935,13.94977852
44876,1.67,368411.0,1822.6,2.708618051,14.71301327
44877,1.22,244483.0,2560.97,1.945457192,14.39119574
44878,2.62,244391.0,1436.51,3.714505927,15.27631006
44879,0.25,387120.0,1822.12,2.031509145,15.63406122
44880,0.73,277725.0,855.99,1.686260432,15.83536946
44881,2.38,143127.0,2413.96,0.994952706,15.26953816
44882,1.03,251287.0,901.42,2.803030984,14.90131782
44883,4.4,379839.0,1338.51,1.31829972,15.862283
44884,1.47,384167.0,1967.42,0.58612777,17.31602523
44885,0.38,394558.0,854.63,1.948526305,16.91797859
44886,1.86,389527.0,2152.1,1.78041066,15.50291301
44887,1.28,370373.0,1758.37,1.430039653,14.52694942
44888,1.23,345990.0,1482.98,1.358498246,14.31694447
44889,0.34,401002.0,2287.4,1.849358439,15.44958707
44890,1.36,260521.0,819.81,1.249672449,14.92029328
44891,1.91,156746.0,2292.53,2.874254381,16.21913921
44892,1.96,362319.0,1811.23,4.183190853,12.41543703
44893,1.03,363522.0,586.86,1.465097793,16.16755519
44894,1.59,350712.0,2344.0,2.614535714,16.68000078
44895,1.6,362616.0,2226.43,2.112785525,15.86545128
44896,1.15,268715.0,1825.66,1.956641465,15.84040991
44897,0.64,377796.0,872.58,0.65165216,15.11670294
44898,1.72,160880.0,1559.77,1.33510669,13.63886724
44899,2.36,135920.0,1390.59,1.683500862,15.42688142
44900,0.47,365945.0,621.45,1.91927966,16.25865004
44901,2.44,257353.0,1973.52,4.07021751,15.7737108
44902,0.11,373389.0,2251.88,2.240823003,15.88936521
44903,1.8,148365.0,2030.9,2.881143123,15.26403159
44904,0.63,365562.0,1941.79,1.419664053,15.19621676
44905,1.23,379461.0,1393.81,1.536738198,13.7298495
44906,2.48,360423.0,1854.18,0.918615043,16.33569101
44907,0.29,378648.0,2028.47,1.872521453,16.31293018
44908,1.1,385129.0,1453.64,2.815198875,15.88790762
44909,2.1,384222.0,1063.9,1.886534148,17.73027397
44910,0.0,344186.0,1346.75,2.392112982,14.16298067
44911,1.04,139154.0,1827.74,1.474454313,14.84147792
44912,0.69,378868.0,1641.3,1.653833916,13.42659845
44913,0.88,149347.0,1963.29,2.498675224,16.74319123
44914,1.58,142001.0,1102.8,0.046571268,17.44409049
44915,1.89,255492.0,1859.2,3.486165532,15.98334894
44916,1.82,129626.0,2152.95,1.263065572,13.58544381
44917,0.66,248838.0,1827.37,4.59165263,16.31344547
44918,1.85,142483.0,684.62,2.042427568,17.73027397
44919,1.2,151783.0,1855.27,3.198483388,13.4443074
44920,1.71,363725.0,1107.31,0.772123272,16.16323111
44921,1.44,238049.0,1036.74,3.757945937,13.22078152
44922,0.75,250214.0,2024.76,2.084171147,15.32307229
44923,1.53,382075.0,2267.19,3.641943919,15.59536732
44924,1.29,357981.0,1729.7,1.762798757,15.26778808
44925,1.37,270045.0,1483.58,2.31376157,14.77103205
44926,2.19,374051.0,2061.29,1.74522817,15.26394738
44927,2.24,245013.0,1851.04,0.908914799,14.81006312
44928,1.8,141591.0,1447.34,1.868769938,15.25344912
44929,1.38,376951.0,2234.2,1.130977394,12.73182544
44930,0.13,256494.0,1735.1,1.630618114,17.47481445
44931,1.55,142656.0,1579.74,1.542292441,15.42896508
44932,1.85,134368.0,2159.19,1.294751143,15.38359653
44933,0.95,362998.0,2496.72,2.110780416,17.73027397
44934,0.47,399513.0,2487.87,2.181374503,15.98388843
44935,1.97,249903.0,1787.72,0.86142223,15.20045149
44936,0.33,377726.0,1907.67,3.104495194,13.3618073
44937,1.72,249726.0,1831.83,1.989224095,14.64076956
44938,1.48,357377.0,1713.72,2.111466141,15.36909618
44939,1.61,172270.0,700.46,1.049540316,15.69012983
44940,2.0,255902.0,918.49,1.265719146,14.81099858
44941,2.31,362257.0,612.35,1.814526228,15.53850672
44942,1.83,385295.0,1971.71,3.130012107,16.84409556
44943,2.43,119795.0,767.79,2.60910768,13.08272244
44944,0.95,335391.0,2340.88,1.578269683,14.87017717
44945,0.25,366501.0,726.65,0.983792446,13.68820434
44946,1.61,342652.0,2136.35,1.971349509,17.27040071
44947,1.36,129325.0,1963.45,0.961401552,11.92147743
44948,0.81,137142.0,1909.91,1.835845276,15.39474526
44949,1.68,256789.0,1225.8,4.296313866,16.45356961
44950,2.64,363060.0,2214.65,1.330476183,15.17088915
44951,0.43,378537.0,1700.42,2.697296388,15.76150796
44952,1.63,386776.0,1916.25,1.45475655,15.71776789
44953,1.72,157436.0,1277.84,3.761745973,13.91633214
44954,1.38,364821.0,848.16,3.103392009,13.44309302
44955,2.01,387885.0,1836.56,3.831097116,11.86378328
44956,1.28,347429.0,1470.23,2.511282274,15.82290836
44957,2.53,371036.0,1805.53,2.525864617,14.35652796
44958,1.3,158061.0,1949.12,3.289799549,15.14793426
44959,0.82,147239.0,2322.19,2.881802324,15.47329578
44960,1.77,138814.0,2563.03,2.1783009,16.5738166
44961,1.92,369781.0,2388.32,1.753357778,15.32502898
44962,1.11,123850.0,1087.27,1.251538614,15.4946142
44963,2.06,369188.0,1001.5,3.904130347,14.88924272
44964,1.91,145092.0,1361.61,1.678288185,15.61106974
44965,0.54,268312.0,1614.48,2.899824048,17.31592789
44966,0.31,153070.0,2653.67,2.787617686,14.03316505
44967,2.0,271783.0,2408.31,1.442272894,15.65384482
44968,2.47,127722.0,713.79,2.081660716,14.86054109
44969,2.37,357281.0,1824.14,1.404851772,16.20521568
44970,1.85,382092.0,1592.68,1.321733384,16.52210183
44971,2.02,372895.0,1737.59,0.845454239,16.20267824
44972,0.35,247198.0,1061.86,1.785838166,16.072215
44973,1.38,345099.0,1345.33,2.910949009,12.96830795
44974,0.4,397127.0,1793.83,1.385435605,17.17990882
44975,2.75,274558.0,1340.57,0.204028973,15.93908316
44976,2.72,370548.0,2017.07,1.279788761,13.22718606
44977,2.14,338232.0,843.92,1.491772836,16.26996957
44978,0.29,383119.0,2355.65,1.545549232,15.69348345
44979,1.25,137881.0,1927.2,2.93802126,16.21975942
44980,0.54,384770.0,1444.5,2.116699641,15.26018589
44981,1.48,155659.0,1902.74,3.427596349,15.59482725
44982,0.34,399305.0,1236.62,1.210821022,17.34612403
44983,1.64,253771.0,1975.44,1.751194359,14.07227288
44984,1.12,166480.0,2143.11,2.242998375,15.25951893
44985,0.9,349333.0,1167.31,0.112221626,16.43017725
44986,1.38,247404.0,682.22,0.86780141,13.43829663
44987,1.87,361005.0,1753.92,4.143334102,14.29521174
44988,1.15,374904.0,2311.36,3.629890889,15.96503946
44989,1.26,156218.0,1874.12,2.32027422,17.19537943
44990,1.03,140832.0,1850.98,1.432548063,13.72529953
44991,0.77,147255.0,1911.0,3.64604835,14.07693435
44992,2.46,384322.0,1685.72,1.390702438,17.4257218
44993,0.23,157275.0,2368.93,1.85706763,15.42843897
44994,1.46,383197.0,1823.61,2.966112732,12.2926775
44995,2.9,359281.0,859.98,1.539696684,15.72389848
44996,1.27,371569.0,2402.19,2.172339593,15.64861654
44997,2.08,145341.0,1805.32,0.931623692,13.7055461
44998,2.25,371217.0,1744.42,0.937364515,12.43246102
44999,1.98,138728.0,586.86,1.641541726,15.11356431
45000,1.52,358215.0,839.32,3.611037476,13.47169095
45001,1.76,237601.0,1292.89,1.843344585,12.92582104
45002,1.35,361241.0,1768.33,2.093923286,15.71686291
45003,2.05,149022.0,2585.62,2.684542607,14.9493028
45004,0.96,357538.0,1815.39,1.43447034,13.31868139
45005,2.6,363497.0,2367.18,3.200308274,12.371095
45006,1.09,271783.0,1479.15,1.736173057,17.5602615
45007,1.79,378441.0,1407.94,1.360442777,14.90820109
45008,2.2,276731.0,2085.94,0.903604158,15.79897414
45009,1.89,264134.0,1656.51,2.476535822,16.64051494
45010,1.53,155094.0,2255.24,1.705696066,14.15746152
45011,0.2,279646.0,1449.38,4.654631722,17.22610425
45012,0.13,386795.0,1959.77,2.541844985,14.296038
45013,0.65,360540.0,1044.38,1.616948803,14.16318748
45014,0.81,258476.0,1793.91,2.687811407,13.23383019
45015,2.26,168668.0,1428.62,3.775989052,15.39241362
45016,0.38,340935.0,649.75,2.016054547,15.1543106
45017,1.39,150386.0,746.83,1.319932784,15.78196599
45018,0.0,367178.0,2490.0,1.957651318,13.56627969
45019,2.13,260947.0,2335.24,3.076820073,14.37832741
45020,1.16,124734.0,1112.82,3.064579006,13.78898191
45021,2.67,243930.0,1158.07,1.602126642,14.21654684
45022,2.18,245807.0,1322.98,1.211955415,16.34298881
45023,1.94,127733.0,1852.28,4.034401037,15.44996976
45024,0.79,362551.0,2095.82,2.331276523,15.29991151
45025,1.7,124447.0,1905.41,1.721984901,14.11612492
45026,2.23,384715.0,1933.06,2.124923959,16.62114085
45027,2.07,362800.0,1702.09,1.809403032,14.89493709
45028,0.0,390310.0,1102.1,2.737366247,15.22947586
45029,0.9,364392.0,2301.04,4.288440359,14.96127815
45030,1.79,270752.0,816.24,1.311478714,16.12499974
45031,1.47,382422.0,2377.2,2.144218466,15.69399724
45032,1.94,346217.0,1159.73,1.531031804,13.32246996
45033,3.91,145157.0,2241.15,1.738824049,16.20581491
45034,1.01,150896.0,1543.84,0.394410711,12.39440976
45035,1.51,364274.0,2270.02,0.902837453,13.24447023
45036,1.36,357885.0,1355.89,0.715702874,14.50571911
45037,2.36,385785.0,1202.72,1.327064739,15.99422998
45038,1.32,125596.0,2317.56,1.374145903,13.8885996
45039,1.63,370529.0,808.77,4.383149804,17.4501041
45040,0.9,339813.0,1788.86,3.93388599,12.64018445
45041,1.77,354938.0,1389.82,2.017326905,16.60800973
45042,1.27,380674.0,2189.01,4.54003854,15.75821989
45043,2.17,249056.0,896.27,2.553437736,15.30648433
45044,1.61,372150.0,2386.34,1.395955093,15.84897104
45045,2.12,143652.0,1723.37,1.291009518,16.0095405
45046,1.32,380628.0,2502.34,1.200625807,13.54425652
45047,2.78,347851.0,1923.0,2.66674045,14.65337401
45048,1.18,363763.0,1231.71,1.264459495,13.46083738
45049,1.58,366796.0,1851.79,4.104499639,15.9089194
45050,2.22,381993.0,2575.34,1.46671409,15.95631155
45051,1.54,272646.0,2239.74,1.625838471,14.59015401
45052,1.46,264228.0,586.86,0.969573839,15.8505497
45053,0.43,371724.0,2169.1,1.193215207,15.91790802
45054,1.66,155648.0,1822.12,3.466082735,14.18861707
45055,0.78,170548.0,2031.87,1.506818066,15.7961697
45056,1.53,141840.0,1038.44,0.876185835,13.50938961
45057,1.34,375398.0,1857.04,1.458202077,15.94234112
45058,2.11,251737.0,2169.35,3.282582824,13.04331085
45059,2.17,170792.0,920.01,3.26930408,16.61425876
45060,2.18,140272.0,2570.98,1.638776792,15.42263306
45061,2.1,134666.0,2464.64,0.90288872,15.66787671
45062,2.59,371354.0,799.87,2.134177663,14.10623368
45063,1.31,144042.0,1495.82,3.460056287,17.65849307
45064,2.14,138871.0,982.6,1.812177811,14.10849444
45065,1.42,352347.0,1162.43,1.232446101,15.16862549
45066,3.04,237216.0,2028.33,1.821773393,12.75878158
45067,2.19,352468.0,2286.25,4.211653597,16.1547064
45068,1.18,265885.0,1746.53,0.918938668,15.90373636
45069,1.92,353591.0,1653.27,2.082328327,13.8683071
45070,1.71,374341.0,1830.98,1.225308362,12.0188031
45071,0.82,339250.0,2083.69,3.136793373,15.79886617
45072,1.76,126339.0,2461.43,1.818565157,13.42834003
45073,0.86,145035.0,993.94,2.149256312,14.02828352
45074,0.78,356808.0,1972.94,0.942710722,16.47923763
45075,0.82,380361.0,1795.13,2.009131137,13.78677916
45076,1.39,358166.0,1742.58,1.814677168,13.76911683
45077,1.28,394893.0,2226.08,1.349885448,15.23422291
45078,0.93,264180.0,743.24,2.766789634,15.4157534
45079,1.83,142723.0,1861.52,1.653679644,13.83356186
45080,0.41,131772.0,1206.2,2.710806635,15.81908764
45081,0.93,362831.0,1570.71,2.008434447,16.05918287
45082,2.19,173893.0,1655.96,2.376654036,16.09977965
45083,1.13,366555.0,2065.72,0.59387233,15.30783349
45084,2.7,344937.0,1943.28,4.425267384,14.71272128
45085,0.1,367940.0,1833.5,3.070660278,16.30578898
45086,1.95,129500.0,1555.12,2.004824895,13.55152003
45087,0.78,360950.0,782.02,2.850822728,15.53621925
45088,0.91,248533.0,1084.45,1.666009892,15.18271696
45089,2.48,376583.0,1786.51,1.63448889,15.32231958
45090,1.69,347765.0,2348.65,4.48435328,13.38646903
45091,2.02,365503.0,1861.07,2.532392753,16.97953418
45092,0.63,154821.0,1567.83,4.316111459,16.23372189
45093,1.78,271239.0,1886.33,2.7776608,15.60139233
45094,1.0,358998.0,1932.26,1.183135372,14.46539956
45095,1.07,379325.0,1684.82,2.805097498,13.79867876
45096,1.3,374807.0,1892.85,3.209184487,15.68808333
45097,1.12,116039.0,1708.02,4.255881307,13.46016847
45098,1.8,356800.0,1870.69,2.287312019,15.15938843
45099,2.29,379587.0,2342.86,2.153810228,16.93038716
45100,0.75,380573.0,1948.81,3.003978366,13.71394704
45101,1.16,124660.0,1828.65,1.647060268,15.87677174
45102,2.16,156404.0,2465.77,1.41282935,15.36107105
45103,1.86,373543.0,586.86,3.754369852,17.19623181
45104,2.83,145945.0,2242.64,4.055498679,16.80393505
45105,1.31,268704.0,1812.0,2.230733008,16.44986152
45106,1.26,365814.0,1622.84,1.445306641,16.01852171
45107,1.87,260828.0,2144.78,1.312538929,14.96816432
45108,2.13,365850.0,617.66,1.927023049,15.95489438
45109,1.38,358876.0,1042.91,4.431118074,16.40682272
45110,1.93,147295.0,1678.97,1.962854887,16.31652131
45111,1.39,341703.0,1757.17,1.321731631,13.22433218
45112,1.11,379479.0,1640.25,1.146891217,15.85167726
45113,1.57,362178.0,1851.86,4.505319871,15.7083286
45114,0.41,249116.0,1788.21,1.24057214,15.99445341
45115,1.57,138691.0,1823.04,2.060101493,16.20948483
45116,1.69,151456.0,961.91,1.232347079,13.05766679
45117,1.02,356211.0,2249.83,0.841483642,13.24681277
45118,2.93,165512.0,2326.9,1.308538441,16.51611054
45119,0.0,338627.0,1765.0,3.567755761,14.71488948
45120,1.35,155670.0,1941.6,0.461831715,15.12565939
45121,1.67,161428.0,1977.94,1.145620713,15.58658509
45122,1.46,149746.0,949.56,1.379449456,15.92174292
45123,1.74,361541.0,1921.83,3.539012724,15.70882519
45124,1.55,272365.0,1687.07,2.930937623,14.04367786
45125,2.08,152352.0,1767.74,1.817158001,14.32214773
45126,0.98,368308.0,1643.11,1.524027259,15.56048429
45127,0.94,290238.0,1805.64,1.716284842,15.78351297
45128,0.47,362109.0,1470.95,1.369038424,13.43037958
45129,1.18,142064.0,1842.28,3.670345879,13.82150151
45130,1.13,356198.0,1754.64,3.827625331,16.20082483
45131,0.61,250418.0,2209.79,1.395038008,16.21648155
45132,1.47,144537.0,931.44,3.548546931,13.56581149
45133,1.12,140012.0,2285.02,4.350298016,16.00966572
45134,2.09,263871.0,2385.88,1.889043082,16.70225174
45135,0.99,148044.0,1027.13,0.40237678,15.75325194
45136,1.62,167649.0,1988.44,2.993659229,14.76987321
45137,1.27,159604.0,1853.58,4.313199144,15.88069231
45138,1.01,167321.0,1868.17,2.940303511,16.35318297
45139,1.67,253857.0,1795.83,1.374225021,13.51672511
45140,1.77,387634.0,1597.01,1.871702384,16.80060591
45141,2.0,364470.0,882.17,1.708317299,15.35321654
45142,1.86,160769.0,1533.08,1.27493213,12.49032547
45143,1.48,352500.0,786.01,1.051035301,16.54754564
45144,2.32,378704.0,1843.08,1.427304327,13.00454356
45145,2.2,367042.0,2566.73,1.450968772,17.02326283
45146,1.7,154096.0,1117.43,2.365661707,15.74665701
45147,1.79,370835.0,1807.91,1.637809005,14.59564559
45148,1.06,375567.0,1841.76,3.730612461,13.55410896
45149,2.39,228189.0,843.34,1.144464415,15.38664129
45150,1.1,262489.0,2199.72,1.444249807,16.20442832
45151,1.14,401119.0,2409.16,3.999251926,14.11653411
45152,0.89,248957.0,1926.22,1.196912845,13.29585222
45153,0.22,373901.0,1827.46,1.334871798,15.78872761
45154,0.67,138886.0,2381.19,1.442010404,12.6695614
45155,0.65,265072.0,1930.06,2.188929731,15.82701468
45156,2.74,279140.0,2134.99,1.783018853,14.60280319
45157,2.14,142233.0,1165.99,2.886378077,13.28568617
45158,1.69,267970.0,2288.01,-0.270362087,15.99436334
45159,1.51,380546.0,954.31,3.305094641,15.53667671
45160,1.54,157478.0,1567.72,3.688219696,16.17455118
45161,2.37,351641.0,1837.85,1.213956534,15.3409662
45162,1.26,387704.0,2332.18,1.615547807,15.71930044
45163,1.75,386702.0,1895.32,1.822899921,15.69410085
45164,0.89,354425.0,2320.13,2.300765806,15.43986681
45165,1.81,367945.0,1654.96,2.388856779,14.97948964
45166,0.91,367304.0,1809.25,2.928275031,16.1153698
45167,1.28,258797.0,1392.18,3.5666772,15.81841747
45168,1.74,259884.0,1820.16,4.460427943,13.81964605
45169,1.6,117544.0,2228.65,4.285070592,14.47425886
45170,2.24,354261.0,1826.02,3.117113814,15.62390639
45171,0.88,175636.0,854.49,1.97137291,13.14697217
45172,1.98,132938.0,1774.59,3.695077594,13.50504863
45173,2.42,255700.0,2448.92,1.435029705,13.49090484
45174,1.63,382637.0,1655.01,1.868128012,14.08241025
45175,1.35,250554.0,1803.04,2.929494071,15.66247873
45176,1.7,121685.0,1108.46,3.721251499,12.79194219
45177,0.65,380350.0,909.21,3.593990138,15.83324246
45178,1.54,353198.0,824.59,2.530570162,15.18650136
45179,2.16,134311.0,2024.01,4.324891538,13.15337094
45180,2.29,229625.0,2017.47,2.695269291,13.45600663
45181,1.55,374559.0,1559.74,2.391130777,15.70287982
45182,1.1,366795.0,2409.65,4.327162169,15.5570865
45183,5.07,263900.0,1791.31,3.763992331,16.53336207
45184,1.12,384621.0,1506.25,2.574760159,15.78913042
45185,0.79,153944.0,1767.13,3.433003618,16.28668931
45186,0.66,382741.0,1958.06,2.218951816,15.60457977
45187,0.63,367411.0,2650.47,0.570814404,14.96356702
45188,1.57,139425.0,857.05,1.461693668,15.84422155
45189,3.25,266542.0,1852.35,3.399185831,16.18300617
45190,0.88,271695.0,1972.37,2.0645755,15.67242035
45191,2.19,257789.0,1937.31,3.094442858,16.84310693
45192,1.34,366602.0,1878.76,1.046742736,13.99485441
45193,0.9,128459.0,1881.23,1.621158114,13.80442058
45194,1.16,326121.0,905.54,1.231183471,15.22682137
45195,0.93,385718.0,765.04,0.360988576,15.84208235
45196,0.79,383817.0,2949.9,0.086352725,16.19429309
45197,1.74,379659.0,1744.47,3.307094845,15.47552497
45198,0.55,398163.0,2281.24,3.530966941,14.14715766
45199,1.28,167792.0,2485.75,2.380594762,17.15698194
45200,1.54,142234.0,2401.28,1.824109548,16.0689356
45201,0.49,237828.0,751.41,1.879314118,15.0012054
45202,4.09,258866.0,1260.51,2.343844548,16.45122422
45203,1.19,356867.0,2418.32,0.783792228,15.14435198
45204,1.32,367450.0,1620.13,1.263058722,15.63061111
45205,2.37,366934.0,1929.34,1.604369167,15.99569973
45206,0.71,155265.0,1313.84,1.201474246,15.5141362
45207,1.79,165297.0,1764.36,1.563873276,13.57806133
45208,2.26,375754.0,1684.12,3.012478623,13.9100703
45209,1.34,380824.0,1762.34,2.155804776,17.3223724
45210,2.0,361765.0,2166.02,1.318860924,13.30692554
45211,1.54,246658.0,1865.95,2.112324056,15.43344206
45212,2.29,157850.0,1926.03,1.073540814,16.49892974
45213,0.81,135609.0,727.72,3.179830486,15.60708443
45214,0.13,363275.0,2274.57,1.694354046,16.49267371
45215,1.14,387711.0,2133.33,1.644419164,14.75573609
45216,1.95,239579.0,1756.42,1.367444634,15.85364211
45217,2.76,148193.0,1838.9,2.563160018,13.51129777
45218,2.05,137764.0,2425.28,2.436224026,12.80736654
45219,0.88,238316.0,1303.45,3.836261594,16.16306351
45220,1.42,377960.0,1889.43,1.916034953,15.84985149
45221,1.65,375942.0,2291.42,0.749889598,17.28166551
45222,1.13,365213.0,2259.08,-0.075139113,16.29376109
45223,2.28,368143.0,1248.91,1.984662788,13.00053543
45224,1.21,373099.0,1603.47,1.476014096,16.47910135
45225,0.41,383775.0,1931.75,3.71298566,16.32450705
45226,0.94,399218.0,2695.46,0.370373212,15.21006384
45227,0.88,147674.0,1943.13,3.094131156,15.33318694
45228,2.42,356077.0,961.77,1.970796092,13.96925716
45229,0.29,387946.0,1656.8,1.805701029,16.36910877
45230,1.35,259686.0,1249.97,3.367388487,16.07931597
45231,1.42,123074.0,2162.34,3.812957319,15.58734454
45232,1.46,341593.0,1698.01,1.506398318,13.85049721
45233,1.76,378367.0,1519.68,1.202720522,15.2942549
45234,2.11,230356.0,1803.64,0.835359598,15.0795605
45235,1.75,264987.0,1910.7,3.58780976,15.32777263
45236,2.11,138063.0,1173.59,2.935279121,16.40007403
45237,1.64,377808.0,1881.14,2.049364799,13.9005003
45238,1.78,373748.0,1917.79,3.580367,15.81416677
45239,1.66,124066.0,1933.51,4.93924406,16.48073772
45240,1.97,139498.0,1364.94,0.135928128,15.31508712
45241,2.45,373491.0,1803.07,0.996985174,15.03989388
45242,1.88,126316.0,1971.87,3.449616406,15.43278114
45243,1.29,140723.0,1797.59,2.763790459,16.18951469
45244,1.46,147858.0,816.84,2.890339853,15.66653526
45245,1.64,357401.0,1316.36,1.899150474,15.29862475
45246,0.69,366816.0,2005.04,3.168396134,16.71876522
45247,1.61,364041.0,708.26,1.684438004,15.94112839
45248,1.82,264293.0,2513.58,1.611654615,14.93111549
45249,1.5,352329.0,1571.07,2.847909063,15.55900871
45250,2.03,247748.0,1642.48,3.158690819,15.00747932
45251,0.84,365410.0,1881.97,2.375593718,16.25717039
45252,0.78,368014.0,2318.69,-0.000865782,16.46136251
45253,1.89,380908.0,1858.97,1.341546639,13.3612023
45254,0.92,376770.0,1514.38,2.142884436,13.77519281
45255,1.18,375048.0,1706.77,1.429598367,14.15083616
45256,1.62,163029.0,921.6,1.742627198,15.15833545
45257,1.15,343614.0,2004.81,2.034561985,15.61234491
45258,1.17,163819.0,1697.77,1.585134907,15.10155469
45259,1.76,174420.0,1619.58,2.714204997,15.27563799
45260,0.78,351092.0,1935.74,0.788811966,15.23556458
45261,1.87,385285.0,1827.76,3.135398722,14.23670547
45262,1.06,143100.0,1804.08,1.605429789,12.80306773
45263,1.44,368879.0,1870.15,3.940990977,14.21427469
45264,1.8,144179.0,2262.7,1.395225049,12.2343814
45265,1.04,150461.0,767.02,2.125704943,15.82992315
45266,1.36,358706.0,1925.98,1.98018642,15.7521785
45267,0.9,364657.0,928.26,2.714630593,16.64409176
45268,0.49,392055.0,2480.93,3.439597952,15.96811173
45269,0.46,142458.0,1846.2,4.419415433,16.3367566
45270,1.73,158959.0,2324.04,3.674739079,16.10757819
45271,0.39,365986.0,1748.86,4.127551449,15.46220197
45272,1.42,363279.0,1012.5,1.533657555,17.73027397
45273,1.69,158908.0,1114.69,1.409886975,14.34659096
45274,1.73,374878.0,2308.1,0.026891148,15.92526918
45275,1.41,366951.0,2109.91,1.194224236,15.04065271
45276,1.12,401119.0,1852.53,1.573362677,15.87002936
45277,1.21,364877.0,2884.15,2.91322995,12.86642513
45278,1.2,156837.0,1978.87,1.791657482,14.3042604
45279,2.62,339741.0,1015.2,0.614540566,15.52640865
45280,1.29,381081.0,2352.73,1.690504068,15.86728496
45281,1.12,171188.0,1465.26,1.080510775,14.12458225
45282,1.81,374343.0,1100.41,4.249348855,15.80281142
45283,0.38,347870.0,2481.56,1.042393478,14.9396658
45284,0.85,375932.0,1486.94,2.053724429,13.62063856
45285,0.54,362994.0,1933.02,2.461837727,11.81095237
45286,0.52,346982.0,1343.19,1.318921126,13.83529477
45287,1.66,146399.0,886.53,2.313610314,16.55893327
45288,1.11,368839.0,1237.68,1.189394816,15.33385999
45289,1.74,386799.0,2089.44,0.693268768,16.42393505
45290,0.43,154634.0,1919.4,0.838045126,13.63284355
45291,2.06,375608.0,2188.8,0.415265773,15.73907221
45292,1.14,173192.0,1815.64,2.694038527,14.50609792
45293,1.12,169490.0,2123.37,1.204815707,12.72417611
45294,1.12,115789.0,1218.2,1.181761313,14.56417563
45295,0.88,276180.0,2343.11,1.193697334,15.00624322
45296,0.72,376895.0,1813.3,1.810123281,14.37802866
45297,1.62,133878.0,586.86,4.546767728,12.2129228
45298,1.92,364128.0,1459.58,1.675236078,16.0500762
45299,1.68,256710.0,1118.57,1.773305468,16.02800265
45300,1.19,376621.0,1478.94,2.271599357,15.78059886
45301,2.25,152100.0,1920.42,0.50152026,16.12107252
45302,1.42,247600.0,1841.99,1.153929667,14.93192718
45303,1.69,368275.0,1439.38,2.963613222,13.15052714
45304,0.99,270359.0,2412.08,3.65045461,15.23917518
45305,0.74,162903.0,751.71,3.469844416,15.20091047
45306,2.05,249499.0,2154.87,2.746073837,15.65239276
45307,0.52,173758.0,1021.45,0.67586289,14.19367944
45308,1.31,369872.0,2695.68,2.903085238,16.46335284
45309,1.25,130816.0,1789.05,1.265522464,13.58896554
45310,0.37,389457.0,1511.88,0.937293404,15.93840672
45311,0.78,168685.0,2419.02,3.018245629,15.71298773
45312,1.33,363840.0,2360.03,3.823056461,15.81064657
45313,1.43,387484.0,1799.77,1.784381098,15.55219307
45314,2.06,348257.0,1406.47,3.129299084,14.19025639
45315,0.59,373558.0,1876.23,4.892169353,14.37402153
45316,2.29,262193.0,1699.75,2.192109383,13.74588945
45317,0.68,148998.0,1957.95,1.806448006,13.09360027
45318,1.28,369727.0,1317.62,3.588138483,15.44377785
45319,1.7,157967.0,2466.77,1.628595017,16.18542074
45320,0.56,157277.0,1733.78,1.660567541,13.75513387
45321,0.75,377181.0,1961.42,1.558621622,14.48018784
45322,1.49,269506.0,1790.69,1.6582578,14.94875237
45323,1.32,361235.0,1659.96,1.287887383,16.36529181
45324,1.28,354102.0,602.74,8.1203e-05,16.07320891
45325,1.64,351852.0,1734.1,0.846058523,15.23920066
45326,1.89,263138.0,1950.07,1.368844747,13.82795082
45327,1.45,370800.0,746.54,1.942665886,13.60033084
45328,1.55,356585.0,1038.95,0.973718575,14.91268818
45329,1.3,359941.0,2198.15,1.781678761,12.66372605
45330,1.73,368559.0,865.01,1.093177356,15.0970598
45331,0.53,362702.0,1367.04,1.431088079,16.81688524
45332,1.63,143460.0,2110.28,1.181839603,16.2003341
45333,2.29,346241.0,2248.36,2.906415942,15.18916009
45334,2.34,234083.0,819.3,4.557192345,15.18180771
45335,1.35,382325.0,2275.84,1.597606533,15.83594443
45336,1.7,253585.0,1360.06,1.526196737,15.62063962
45337,1.72,370386.0,1854.15,1.852338232,16.38903711
45338,1.62,371181.0,2667.36,1.566639175,16.15917138
45339,1.27,379084.0,1942.03,1.775910381,15.27070292
45340,0.88,266163.0,1710.73,2.185491873,15.6420753
45341,1.14,143531.0,930.53,1.420102778,16.26182996
45342,1.43,368434.0,2500.72,4.069495421,13.34250751
45343,1.73,169156.0,1938.32,3.484330026,14.74127025
45344,1.99,152571.0,2521.14,3.582825064,16.52095613
45345,0.78,247947.0,1987.57,3.067621149,15.60821793
45346,1.54,270229.0,2494.54,1.532203349,15.46737724
45347,0.58,261022.0,2243.15,1.992317286,15.34082826
45348,0.75,357893.0,1767.15,1.519538235,16.25669205
45349,1.28,372945.0,802.72,3.351611617,14.98064162
45350,2.28,127759.0,1794.24,3.267811373,17.73027397
45351,1.18,262792.0,714.27,3.157443592,15.21270047
45352,1.93,122519.0,1580.25,3.323307253,16.78358577
45353,0.99,362207.0,1210.99,1.853542374,15.96262934
45354,2.15,353217.0,1601.12,1.730663298,13.86483389
45355,0.56,253672.0,1189.54,1.90027886,15.2945564
45356,0.09,150283.0,2416.96,1.980284423,15.0503203
45357,2.01,343510.0,2537.75,2.363139516,14.05165834
45358,2.11,141955.0,1093.87,2.384885015,12.35399658
45359,1.81,358176.0,994.71,1.769881917,14.86607384
45360,0.64,374138.0,2432.25,2.923709679,13.03460791
45361,0.29,270978.0,2603.0,2.749559718,13.53929511
45362,1.15,154301.0,1386.72,1.056224201,15.73005814
45363,1.42,116257.0,1476.66,3.131656677,13.9813149
45364,0.15,153390.0,1551.83,4.066431665,15.27671901
45365,1.35,387381.0,1811.41,4.024106954,17.38433773
45366,1.37,359361.0,1758.1,2.405898074,15.64611722
45367,2.74,243549.0,1722.17,1.23596183,15.46136764
45368,0.96,365517.0,1829.18,1.788225387,16.23044074
45369,0.9,253637.0,1058.18,2.061354352,17.54043053
45370,0.59,133120.0,1578.71,2.295306513,15.58827007
45371,0.45,165697.0,2835.89,3.122174468,13.86771176
45372,1.94,159805.0,1105.86,2.7370487,15.56248654
45373,1.92,369874.0,2407.93,1.03570732,16.65503422
45374,1.11,256428.0,950.94,1.78386243,15.99715097
45375,1.82,255198.0,2413.7,3.092994297,15.52970846
45376,2.15,160684.0,852.9,1.897059785,13.86809351
45377,1.43,258721.0,720.97,2.270201897,14.03413594
45378,2.24,380787.0,1298.23,1.802033783,15.58187424
45379,0.7,365023.0,1735.91,2.135350463,15.71628891
45380,1.77,357011.0,1882.0,1.532685287,15.12112198
45381,1.68,265996.0,2084.02,3.230751335,15.84415935
45382,1.56,247341.0,995.74,2.886639527,14.15049972
45383,1.93,354627.0,1345.23,1.931536335,15.86448724
45384,0.0,366827.0,1911.67,1.600032939,14.49575106
45385,1.13,369129.0,1359.17,1.647940377,14.3993919
45386,0.97,360108.0,1960.21,2.142870259,15.22086071
45387,2.2,146567.0,1475.64,3.32516382,15.04629043
45388,1.94,341902.0,1571.92,1.525396709,15.93327314
45389,1.24,369121.0,2891.9,1.774378477,12.88975385
45390,1.49,155790.0,1896.54,2.695446378,14.75020708
45391,1.54,387343.0,1815.74,0.874987125,13.22930577
45392,1.52,395970.0,2224.36,1.548667145,16.35301294
45393,2.74,158172.0,1850.91,4.93924406,16.67009284
45394,1.1,244553.0,1024.07,1.567261895,15.60461701
45395,1.62,367156.0,2227.69,2.140366011,15.52430345
45396,1.72,381593.0,1117.92,-0.310257431,13.93569171
45397,2.01,225538.0,2027.74,1.177748852,13.40558437
45398,0.0,384013.0,1946.57,0.75765993,16.30037885
45399,1.0,148608.0,2301.63,0.027597033,13.21844485
45400,0.89,281274.0,2074.33,2.027587242,16.31301333
45401,0.88,163757.0,2342.39,2.089356432,14.73712222
45402,2.87,133780.0,1018.08,2.420923492,15.13265113
45403,2.2,266187.0,621.16,0.601531537,13.42868319
45404,1.56,251941.0,1531.95,2.066939546,15.16695737
45405,0.21,119164.0,2396.1,3.042338667,13.08633146
45406,0.0,375930.0,1996.12,1.889387482,15.53126447
45407,1.62,142400.0,1338.29,1.260193972,17.02580587
45408,0.37,161304.0,1643.61,4.20172106,13.74104956
45409,1.39,367558.0,1679.47,4.360333065,15.61166593
45410,1.73,136185.0,2481.74,1.80795577,15.61551376
45411,0.38,382248.0,1624.05,2.15802378,15.88607832
45412,1.37,393521.0,1924.55,2.841195541,16.4848488
45413,0.92,382036.0,1838.19,1.861328293,15.59720281
45414,0.84,366099.0,2559.47,4.253443197,16.27390154
45415,2.21,385064.0,1236.13,0.663655675,13.55920036
45416,1.46,170592.0,2502.64,3.218962018,13.72570301
45417,1.5,382309.0,1823.02,2.006493658,13.02723488
45418,2.0,149852.0,1765.74,4.18336837,12.54420354
45419,2.41,116075.0,1761.86,2.401085072,15.70100123
45420,1.72,142134.0,2288.64,1.80268022,15.4593293
45421,1.18,171236.0,1943.05,2.993342953,16.10032334
45422,1.29,154062.0,2140.37,1.302761002,16.08247329
45423,2.0,263925.0,1153.73,1.812825992,15.1164467
45424,1.4,267503.0,2384.15,1.897257743,14.42162023
45425,1.98,148277.0,1232.6,0.694614866,15.59432017
45426,0.66,369364.0,1031.65,1.644685922,15.37003337
45427,1.78,360100.0,1628.48,0.716819848,16.31299953
45428,1.74,344412.0,2182.62,1.28099896,15.74567101
45429,2.06,255779.0,1441.48,1.636271438,15.30692718
45430,1.74,124827.0,2271.86,1.370021643,15.7230691
45431,0.55,258795.0,2408.81,1.276452749,16.80803539
45432,0.47,124132.0,1330.77,0.566025456,16.75935643
45433,1.76,371766.0,1492.33,1.65383451,13.2107263
45434,3.78,121508.0,1551.8,1.387959579,12.70891926
45435,2.26,271237.0,1491.92,3.030160221,12.51856536
45436,1.33,378083.0,1524.64,-0.326393035,15.28253453
45437,1.54,114947.0,1925.53,3.004198083,15.28652525
45438,0.32,384758.0,2090.6,0.265354146,16.50244699
45439,2.1,269444.0,693.43,1.97431704,16.84139344
45440,0.54,270286.0,1422.69,1.587687113,15.53271729
45441,1.58,262556.0,897.29,2.901838304,15.68160211
45442,1.49,369583.0,2409.65,1.104365356,15.90415325
45443,1.3,234662.0,1903.35,1.566766968,15.55304458
45444,1.57,245569.0,1891.85,3.046561233,12.51171493
45445,1.21,370690.0,1913.77,1.76101853,13.04195844
45446,0.61,378830.0,2443.42,1.652332795,15.94658893
45447,1.26,139700.0,1818.08,2.638735058,16.04275896
45448,1.49,148064.0,1817.22,1.903529961,13.72887639
45449,0.5,356148.0,1764.78,2.377175308,12.23988125
45450,1.39,395404.0,2472.52,1.952277802,16.78278193
45451,1.82,171014.0,1982.71,3.889062077,14.65999012
45452,1.09,374413.0,3047.82,1.57753044,13.79737628
45453,0.59,350288.0,1924.42,1.961182409,15.48568002
45454,1.66,349399.0,1927.84,4.298794825,14.01388632
45455,2.34,347871.0,1684.39,2.0680451,13.65296061
45456,1.09,360578.0,1884.51,3.894916921,15.7429895
45457,2.03,383287.0,2169.09,2.095261103,13.30460629
45458,1.71,367881.0,840.29,1.734559073,13.14728255
45459,1.06,387867.0,1718.76,2.600292598,17.66362997
45460,2.2,370501.0,1351.94,1.741727824,15.85584685
45461,1.09,232447.0,1801.37,1.430163659,13.10551597
45462,1.05,373715.0,2006.63,0.882845357,13.6707409
45463,1.46,182333.0,3017.15,3.665324129,13.39594145
45464,1.78,356360.0,1976.0,1.8740666,17.35643061
45465,1.74,381053.0,1936.66,1.416342962,16.25433243
45466,0.37,366962.0,1601.74,1.648987643,15.95968104
45467,2.29,143868.0,1579.05,1.518768566,15.62724836
45468,2.55,352349.0,1983.99,0.913357539,15.34576077
45469,0.97,153833.0,2035.87,3.268730121,15.48394809
45470,1.31,236261.0,2686.69,2.431428956,16.40901195
45471,1.29,284162.0,1936.07,1.30846663,17.0661319
45472,1.59,147166.0,1659.42,1.717427143,16.38159716
45473,1.64,343108.0,1121.62,2.700755988,16.62485372
45474,2.14,372651.0,2294.62,4.169594981,12.81336993
45475,1.5,158084.0,2085.39,3.406793985,13.80094498
45476,0.35,148507.0,2019.4,1.807801047,14.78632261
45477,0.48,344277.0,2164.98,3.291754902,13.3348807
45478,2.35,170757.0,1251.88,0.061496334,15.53046495
45479,2.61,387550.0,2806.34,3.734096668,15.78941317
45480,2.21,343907.0,1684.97,1.695853914,15.05419463
45481,0.8,166194.0,991.12,2.022691246,17.35121845
45482,1.94,275596.0,2347.85,0.875426995,15.84727049
45483,0.97,364205.0,1819.74,0.839006038,14.67470474
45484,0.74,158549.0,2286.63,2.645719107,14.30422619
45485,0.55,268861.0,1010.39,1.659925613,17.07026362
45486,2.18,242618.0,1843.21,2.964897032,16.42901572
45487,1.74,141783.0,2472.49,2.280167217,16.06063807
45488,1.4,378855.0,1549.09,3.20272416,15.73006187
45489,2.24,358619.0,712.59,4.460516596,14.74523
45490,0.79,356367.0,1068.87,1.891601393,16.64663234
45491,0.0,401119.0,1885.41,2.783920405,16.10622479
45492,1.6,352809.0,1873.96,1.938306293,12.35334056
45493,0.67,130108.0,1531.55,0.735204371,15.0302085
45494,1.9,376750.0,1663.65,1.405883379,15.58447784
45495,0.86,354398.0,2364.1,1.587887072,16.31512528
45496,0.24,391091.0,1500.87,1.851705406,16.97945474
45497,1.25,261840.0,1178.93,1.814745857,15.71604014
45498,1.88,114947.0,1872.78,1.889632303,15.23051828
45499,2.66,161451.0,747.34,2.721603821,15.83405634
45500,1.2,378819.0,1819.15,4.805510579,15.3865499
45501,1.57,291988.0,1706.91,0.915929968,16.44729969
45502,0.77,142818.0,2662.13,2.964958497,15.63947239
45503,1.38,378801.0,1817.45,4.241774942,15.20774112
45504,1.29,383418.0,1736.74,2.17824092,14.18111425
45505,1.04,366481.0,797.37,1.829284387,13.48093165
45506,1.18,366531.0,2075.44,1.84566517,16.43171359
45507,0.14,355175.0,2454.48,1.867799078,16.30423787
45508,0.93,374431.0,739.72,1.848210587,15.76873893
45509,1.97,367546.0,1170.09,1.504178143,16.1906496
45510,1.75,378565.0,1547.12,-0.326393035,14.59776583
45511,0.82,341370.0,2228.02,1.282543367,15.60987741
45512,1.46,256143.0,2405.45,2.017724173,16.2059894
45513,1.14,138386.0,2525.6,1.519451889,15.98611017
45514,0.94,144325.0,1654.53,1.163986469,16.26733829
45515,1.4,277836.0,958.92,0.834052253,16.05822239
45516,0.36,373292.0,2212.83,1.9258224,15.31770967
45517,0.01,401119.0,895.17,1.941217721,14.19850115
45518,1.75,393750.0,1767.39,1.698803878,16.29893139
45519,2.61,240037.0,1801.32,1.519776011,13.46702645
45520,0.58,357100.0,1149.66,2.119558892,15.30490257
45521,0.27,376278.0,2666.06,1.282978295,16.47792717
45522,1.34,150062.0,672.83,1.472481926,15.82555953
45523,1.52,242413.0,1588.3,1.958138896,15.68225121
45524,1.47,335621.0,1357.25,1.451625389,13.3753963
45525,1.05,362993.0,760.13,1.299296352,16.03629287
45526,1.74,356441.0,1724.3,2.342375508,15.63017709
45527,1.1,132329.0,1980.0,1.526968409,15.29756762
45528,1.4,142058.0,1845.58,0.967827618,14.89726708
45529,2.91,359038.0,673.84,2.072264857,15.28563832
45530,2.39,377377.0,630.19,0.250737775,15.7436379
45531,2.12,274850.0,1847.21,1.416868751,14.40423614
45532,1.32,378838.0,1883.58,1.354334194,13.10625311
45533,2.03,353239.0,1003.45,2.202808666,14.68792586
45534,1.88,368793.0,1903.95,1.600510266,15.61887131
45535,0.96,145308.0,1930.38,1.173649222,15.8647474
45536,0.72,155112.0,1816.39,3.337825571,15.96986339
45537,2.02,365562.0,1709.95,0.714721453,15.66987212
45538,1.55,253437.0,742.71,1.645543631,16.9498503
45539,2.6,261585.0,2137.76,0.707486488,15.34284787
45540,1.56,166520.0,2238.36,4.662624201,16.12971733
45541,2.27,236566.0,1132.95,-0.326393035,15.47847458
45542,1.42,367748.0,770.82,1.666331863,15.21974742
45543,0.97,366826.0,1743.56,1.614922458,15.081518
45544,1.31,138508.0,2169.62,1.051815642,16.91667075
45545,2.04,365981.0,1868.45,1.207439877,13.45832538
45546,0.78,255003.0,2367.73,1.748510176,15.62050434
45547,3.55,156744.0,2374.39,2.362902962,16.79798167
45548,2.21,349008.0,1030.83,4.000931119,12.61229801
45549,1.16,266192.0,2375.4,1.400281141,15.31547106
45550,0.33,146099.0,2297.32,4.18909319,13.88621951
45551,0.56,170356.0,1022.24,1.81010253,15.75437816
45552,1.31,249383.0,1091.62,1.910969139,15.20768521
45553,1.09,367150.0,2424.38,1.126554313,13.1779586
45554,1.15,365124.0,1787.63,1.393054729,15.55155868
45555,1.42,387381.0,716.52,3.764083326,15.562852
45556,1.49,248095.0,2365.14,1.487348756,14.95293197
45557,1.65,165774.0,859.69,1.987353422,13.75830117
45558,1.94,244246.0,1157.12,1.754245396,15.80383892
45559,1.22,348219.0,1855.48,1.151951709,14.88774777
45560,0.53,383978.0,2055.0,1.034597806,16.96972616
45561,1.28,363672.0,664.0,2.348273545,16.29314496
45562,1.53,380569.0,1844.09,1.28912043,17.7296117
45563,0.26,245103.0,1332.83,1.548322457,13.90445951
45564,1.39,167613.0,2271.73,0.735777165,15.3218273
45565,1.05,356962.0,843.32,1.941958885,12.62654798
45566,1.51,357213.0,2593.19,1.046153852,17.58904153
45567,0.89,150186.0,1099.68,4.509711953,16.10069555
45568,1.88,157744.0,1974.68,4.0358442,15.52193244
45569,1.98,268657.0,821.84,2.088228162,16.03112691
45570,1.83,351425.0,703.82,0.49287723,14.59462252
45571,1.51,341094.0,2267.05,3.173939228,14.00886305
45572,1.64,127919.0,609.42,1.001105622,14.44398758
45573,0.91,355549.0,2100.15,4.370847999,15.66566816
45574,1.67,376818.0,2395.31,2.167594714,16.68004054
45575,1.12,258950.0,2361.28,1.283134038,15.44415435
45576,1.25,392595.0,1634.17,3.812190299,15.79320861
45577,1.29,136589.0,1368.27,0.801579646,14.71096528
45578,1.59,394108.0,796.77,0.439585039,16.89002148
45579,1.54,177704.0,1127.55,3.698197731,17.73027397
45580,0.87,145894.0,1333.78,1.626585273,11.96231881
45581,1.02,142888.0,2461.41,1.759567913,14.70512152
45582,0.96,370111.0,2575.55,2.751363734,14.92483962
45583,2.26,143222.0,1671.9,1.247758653,15.94055954
45584,1.31,170399.0,1648.65,4.59026888,15.00065981
45585,1.53,172311.0,2257.24,2.136686479,15.96263682
45586,0.93,350357.0,1404.58,1.878698929,13.46086583
45587,1.13,153743.0,1082.99,1.117128589,15.41934836
45588,0.39,390811.0,1619.67,4.300988012,13.38529091
45589,2.63,253133.0,1193.37,0.860926239,15.77136858
45590,1.27,346214.0,2176.91,2.074633705,15.09439865
45591,1.99,365227.0,1797.01,2.382286962,16.33199187
45592,1.81,156263.0,1760.25,3.501910867,14.83027633
45593,0.6,134276.0,1282.31,-0.221942531,15.5467528
45594,0.92,385314.0,2035.04,0.682226654,15.15928827
45595,2.83,165828.0,2183.56,1.567253082,14.27690833
45596,1.01,171564.0,2519.4,2.043341552,15.87161424
45597,3.29,364166.0,1143.83,3.009342977,13.9700453
45598,1.99,242170.0,915.19,3.288375987,16.85711865
45599,0.94,345764.0,2553.03,2.653014271,14.88416488
45600,0.44,169763.0,1341.23,1.51845847,13.31615678
45601,3.29,354313.0,1059.92,3.625417023,15.06289626
45602,0.29,369992.0,2407.46,2.032261697,13.5318898
45603,1.45,359242.0,1296.49,2.824605367,15.48382969
45604,1.6,356429.0,1672.93,3.075461839,13.90075309
45605,4.73,245565.0,1006.78,2.153651432,14.5809386
45606,0.7,262674.0,1756.45,2.624972418,15.6778113
45607,2.55,245147.0,1319.21,1.092082212,15.36087301
45608,1.97,382571.0,1008.28,2.862283935,14.51288398
45609,1.59,166595.0,1957.57,2.077540107,13.05241163
45610,0.59,384177.0,1029.53,2.340453857,15.02772107
45611,2.35,127077.0,1297.29,0.370181236,16.04091782
45612,1.82,371034.0,1883.68,2.677102215,13.76666887
45613,0.97,376321.0,1364.18,1.474260025,14.93941096
45614,1.9,384479.0,1971.86,2.201187335,15.23836096
45615,1.28,143758.0,1811.56,1.754045615,15.67881093
45616,0.6,355825.0,2273.13,1.931482524,15.28131151
45617,1.1,356902.0,1918.37,1.270411647,16.92984357
45618,2.35,366382.0,1896.85,1.297713886,13.92545393
45619,1.42,401119.0,1969.56,1.460351258,15.12369952
45620,0.73,374686.0,2198.66,4.92016142,12.88974875
45621,1.17,370198.0,1990.16,4.894898812,16.24517176
45622,2.46,168568.0,1759.83,1.275449835,15.76546651
45623,2.27,159987.0,2187.33,1.283691197,13.65251549
45624,2.32,275345.0,901.92,2.715912871,16.38877349
45625,2.62,138220.0,1168.63,1.970691256,15.68160982
45626,2.36,365140.0,1725.58,3.939307863,15.36504432
45627,0.81,147277.0,1938.41,1.166884357,15.10725179
45628,1.87,341005.0,2288.25,0.44657449,14.17773085
45629,0.44,276054.0,2250.25,1.738247478,12.68579399
45630,1.32,150234.0,2471.78,3.995451288,16.55942473
45631,1.24,263075.0,2230.14,1.92875844,15.11616651
45632,2.22,355646.0,2291.92,1.495415263,15.77280128
45633,1.68,151322.0,1390.38,4.77552054,13.52175777
45634,1.51,164888.0,1827.76,1.835761216,17.73027397
45635,1.38,143662.0,1962.76,1.320894353,14.17598065
45636,1.27,156859.0,1883.26,3.745955087,14.35383688
45637,0.99,366829.0,1884.03,1.172808402,15.77667579
45638,0.86,384965.0,1875.38,1.944398753,12.39169386
45639,1.69,126251.0,813.22,0.785804384,15.15589908
45640,0.38,157335.0,1845.39,1.934298243,15.61111007
45641,1.25,361815.0,2373.15,1.837855534,13.97304096
45642,1.67,350895.0,1295.86,2.455643938,15.90472413
45643,0.93,253811.0,2297.23,2.8911607,16.04957715
45644,1.32,132255.0,1182.24,2.34994207,13.48632602
45645,1.98,354094.0,1205.21,1.954562075,15.13281424
45646,1.92,375196.0,1498.01,2.157141844,14.04948348
45647,2.2,363383.0,1857.94,1.580153397,14.45771441
45648,2.53,369084.0,1865.24,0.485852241,15.29998257
45649,2.01,138576.0,1789.63,4.589020525,15.59012628
45650,1.21,252172.0,1852.97,2.014470868,13.68670882
45651,1.43,154028.0,655.82,1.248532234,15.42964853
45652,0.0,173165.0,2412.34,4.476357866,14.79106756
45653,0.71,275268.0,1906.48,3.48565453,13.84895578
45654,0.54,375891.0,1583.4,2.070193675,13.41333072
45655,1.33,266158.0,2307.67,1.180170752,12.79168732
45656,2.39,346493.0,1394.09,1.281514639,15.06523077
45657,1.32,162903.0,1707.78,1.980857034,14.99232187
45658,1.45,390230.0,1487.89,2.097996867,14.80568926
45659,1.42,339162.0,1320.14,1.446023665,15.48593815
45660,2.59,370195.0,1574.86,1.628338304,14.27903232
45661,1.25,336032.0,1579.24,1.456926088,14.23320309
45662,2.41,266859.0,1916.14,4.288399568,16.34154418
45663,0.89,281920.0,940.09,0.973329595,15.59050992
45664,2.56,342930.0,2332.61,1.775813582,14.50822638
45665,0.45,390702.0,1866.8,4.914596749,14.50265784
45666,0.93,358770.0,2002.59,0.926925939,12.69884008
45667,1.45,156391.0,2435.18,1.933030278,14.86859549
45668,2.35,242979.0,1799.46,1.559126466,12.22400695
45669,1.63,248045.0,2210.65,2.07567761,15.04116429
45670,0.86,237035.0,2404.25,1.022088686,15.19700622
45671,1.52,269972.0,1926.82,3.46340143,13.07192751
45672,1.88,156261.0,1765.49,2.499688412,16.12359876
45673,1.41,277587.0,2244.6,2.135894995,16.33637288
45674,0.73,373129.0,1570.69,1.947500259,16.72236593
45675,1.26,159100.0,819.96,2.008886629,15.83396236
45676,1.93,357619.0,1167.78,1.091524409,15.59310613
45677,1.49,395052.0,1943.32,4.100543396,16.29534668
45678,1.09,379322.0,1290.15,2.431657388,14.56456658
45679,2.76,388470.0,760.3,2.399860445,14.63140831
45680,1.94,332079.0,1761.8,2.365491692,14.66913097
45681,1.01,373492.0,2363.78,2.145171694,13.74416947
45682,1.66,245757.0,1592.12,2.393361535,15.66090492
45683,1.09,382317.0,1240.19,1.851486623,14.47398106
45684,1.65,357258.0,2130.66,1.420251523,15.62013982
45685,1.13,375434.0,1997.94,1.617445108,16.88937929
45686,2.55,262068.0,1892.92,2.713768686,14.31881961
45687,1.66,360735.0,1443.45,1.676015867,13.74233026
45688,1.32,156483.0,2273.71,2.163334814,15.16965774
45689,1.78,247205.0,1612.44,2.12330517,13.44332026
45690,2.8,391047.0,1037.28,2.073756979,15.37262918
45691,1.36,381391.0,2491.3,1.367858934,15.69869177
45692,2.48,238461.0,1377.69,3.489853232,16.41658535
45693,0.0,396766.0,2473.57,2.491985401,16.35797526
45694,1.33,372347.0,2280.93,2.265558254,15.27917955
45695,2.11,241540.0,1953.98,2.85905746,16.31645496
45696,1.71,146254.0,2361.78,2.538534646,15.99155577
45697,2.6,254926.0,1057.95,1.378412573,13.95256964
45698,1.68,126647.0,1468.02,2.139227009,15.42270723
45699,1.3,239084.0,1826.64,1.929965934,14.83077528
45700,3.12,263873.0,2041.79,1.596262187,17.73027397
45701,0.72,363539.0,1478.5,2.175315794,15.7465217
45702,1.83,153209.0,1747.94,1.187461315,16.30499483
45703,1.46,343299.0,1180.58,1.674566619,15.76396893
45704,0.76,252165.0,1351.43,1.225037448,15.05971282
45705,1.32,347843.0,1708.33,0.851201914,16.28679092
45706,0.95,258455.0,1401.75,2.655616458,14.29760872
45707,1.95,361716.0,1850.01,1.78961945,15.98969328
45708,1.14,367142.0,1705.13,1.435697481,16.27785129
45709,1.78,265776.0,2071.11,4.350834167,15.57622299
45710,0.47,257357.0,1427.8,1.493797523,13.32423381
45711,0.4,391484.0,2366.09,2.25498704,16.17929833
45712,0.76,150277.0,1242.15,2.596614658,16.24108385
45713,1.5,244029.0,1337.23,-0.326393035,16.7830663
45714,1.12,347878.0,1630.7,0.850316109,13.94523453
45715,1.19,339284.0,791.88,1.337826474,13.13088757
45716,0.94,370351.0,1795.86,1.423187865,12.68836524
45717,1.2,132453.0,1870.69,2.93018963,16.36177484
45718,0.61,381198.0,2870.17,2.705108608,15.98555256
45719,1.1,128125.0,1663.22,1.186607972,15.55680362
45720,2.75,341021.0,819.76,2.384600721,14.02367636
45721,2.16,372522.0,1751.79,1.56114893,13.36343631
45722,0.44,365286.0,1849.4,3.715485756,15.87287305
45723,1.17,144788.0,2380.07,1.966713467,15.56316878
45724,1.51,145901.0,1177.39,1.195620206,13.88317375
45725,1.7,370655.0,1846.66,1.672278537,16.80281883
45726,1.31,161666.0,1799.26,3.433368921,16.27730272
45727,1.65,141268.0,2310.08,2.856262396,15.20090715
45728,2.36,169032.0,811.22,0.761054415,15.67546815
45729,1.13,153181.0,2366.77,1.604629456,16.32307806
45730,2.45,369634.0,2319.69,1.827576539,15.12636559
45731,0.63,138377.0,2560.43,1.767833583,16.03337143
45732,2.03,265365.0,2527.17,3.563308163,14.51301386
45733,1.45,256127.0,1502.39,2.491966785,15.95275257
45734,1.24,143881.0,685.81,3.981492325,15.86484717
45735,2.09,142904.0,1514.31,1.896590128,16.3218022
45736,0.67,358407.0,1061.69,4.512975053,14.4807008
45737,2.86,353018.0,586.86,2.94354433,13.96196382
45738,2.61,154252.0,1792.58,3.497794953,14.19655808
45739,0.88,264284.0,2149.07,1.848238773,15.80087661
45740,0.72,360472.0,1842.54,1.435062857,15.31540805
45741,1.84,165143.0,1841.21,1.796927606,16.68557179
45742,1.64,145156.0,2170.39,2.05574179,15.17232897
45743,0.83,166531.0,1494.61,2.722575985,15.79265798
45744,2.46,258483.0,1434.52,1.294034526,15.30457772
45745,1.15,129529.0,977.92,1.523314526,15.9827979
45746,1.69,371283.0,1223.04,1.369426591,15.55176366
45747,1.17,380756.0,2625.28,4.301996596,15.43015296
45748,1.36,356157.0,1392.88,3.533969042,12.51699023
45749,1.37,369101.0,1840.06,0.04844172,16.47235129
45750,1.48,365712.0,902.93,1.392137724,11.29899615
45751,1.34,157718.0,1511.56,-0.25898267,16.1767468
45752,0.72,152122.0,1273.24,1.605722096,15.85748908
45753,0.94,378120.0,2256.02,1.66405821,15.68377852
45754,1.06,148021.0,2378.9,1.898181653,15.72416496
45755,1.06,257045.0,769.01,0.087855983,15.80609787
45756,1.49,147901.0,1430.71,2.342101513,16.30355758
45757,1.31,365016.0,867.54,2.169501231,12.30268337
45758,1.5,139349.0,2331.0,1.963933756,15.28448593
45759,1.26,145706.0,2450.86,1.327684033,13.61503578
45760,0.66,138226.0,1496.92,1.957275782,16.83648664
45761,1.79,238659.0,1212.31,4.93924406,14.4795436
45762,2.22,396392.0,1808.72,1.364408145,12.54675027
45763,0.5,139402.0,1756.51,4.030978327,15.2823586
45764,0.99,384853.0,1413.36,2.351756817,14.19471136
45765,0.34,374754.0,2523.99,4.184937561,16.91476656
45766,1.56,131524.0,1775.8,1.820141074,14.58749859
45767,0.23,243153.0,1818.32,1.708814377,17.36851927
45768,0.87,126449.0,1706.37,0.156687295,12.36019012
45769,0.69,383466.0,2471.17,2.023421732,15.65185317
45770,1.58,266601.0,1081.96,3.940775682,14.68883985
45771,2.16,144452.0,1818.56,1.628535487,13.28285497
45772,1.69,143130.0,650.5,0.793879846,12.89671054
45773,1.73,252691.0,1786.05,1.706199097,15.93420237
45774,1.7,234554.0,1098.46,1.861769877,16.8814362
45775,1.83,229093.0,1272.07,1.428496714,16.15863406
45776,1.64,254521.0,1595.42,1.234937296,16.8291924
45777,1.41,272969.0,938.77,0.379353783,15.90889226
45778,1.12,386994.0,1715.97,-0.080893662,15.15991185
45779,2.04,258427.0,1872.98,1.403592778,14.83785074
45780,2.06,266646.0,1855.99,1.374983627,14.12307226
45781,0.43,239455.0,683.71,2.329923351,16.91508022
45782,0.62,261071.0,1568.12,1.574490124,15.7563267
45783,2.07,265355.0,2017.41,2.945307794,15.65066886
45784,0.38,157601.0,1343.3,1.539385855,14.66835167
45785,1.33,247227.0,1918.02,1.528577886,15.63451278
45786,1.68,155522.0,864.08,4.160697504,14.89205855
45787,0.62,253280.0,2790.02,2.988116555,14.27829611
45788,1.59,269941.0,1203.43,2.528563127,15.30233281
45789,0.05,374209.0,833.45,0.839915198,16.33509527
45790,1.75,138319.0,2461.3,2.714303362,12.63397879
45791,2.66,131631.0,908.7,1.200050381,16.77853153
45792,1.01,119720.0,1863.57,1.229506707,14.88348647
45793,1.63,140504.0,1712.77,-0.172854221,16.49137596
45794,2.66,367589.0,2486.97,1.315038007,12.29523533
45795,0.8,367797.0,2099.57,2.114827176,15.45715335
45796,1.8,397429.0,2253.06,1.64240238,15.97481653
45797,1.06,163507.0,1748.79,1.584570841,16.6680783
45798,1.39,370604.0,968.07,2.291057362,14.57587897
45799,1.93,377936.0,815.93,2.192003741,14.89813192
45800,1.66,252066.0,645.58,1.687918225,14.96234382
45801,2.65,338589.0,2289.98,2.064560004,15.03298334
45802,1.2,252365.0,1371.03,2.972183969,14.28899543
45803,1.79,354652.0,1761.32,2.160057602,16.358636
45804,1.74,383256.0,822.03,4.179360629,16.97013884
45805,1.22,359362.0,1847.02,1.768370833,15.96531525
45806,2.25,342741.0,1388.16,0.862429788,13.59965518
45807,1.11,174958.0,1919.07,3.825635364,15.41782021
45808,2.01,255294.0,1769.53,3.128256811,15.52785252
45809,2.11,361874.0,1910.35,0.994646541,16.79550961
45810,1.52,271822.0,2072.11,1.432854079,14.67400981
45811,1.99,359178.0,2739.67,0.992124196,16.74005112
45812,0.73,371556.0,2034.14,1.239092835,14.12194874
45813,2.24,124041.0,640.18,3.61837989,16.55559244
45814,1.51,364872.0,2194.67,3.556449582,15.0821277
45815,2.0,265567.0,857.6,3.963345506,13.2889828
45816,0.76,372106.0,2336.06,1.525025568,15.53578656
45817,2.28,273209.0,2450.36,0.780717323,16.49914707
45818,0.86,143601.0,1231.03,1.69613801,15.79156703
45819,2.11,148780.0,711.93,1.664017171,16.13774116
45820,1.68,368378.0,2196.2,4.023644472,15.6076832
45821,1.56,151970.0,667.37,0.533966273,15.97779193
45822,1.26,367190.0,965.33,1.422960793,14.71540517
45823,2.57,378572.0,1846.85,3.030513816,16.24260154
45824,1.54,382695.0,1879.02,1.015308682,14.98105812
45825,1.97,257702.0,1801.28,3.564934838,13.28989556
45826,0.47,399257.0,2160.08,1.316376535,15.50638486
45827,1.47,393572.0,1762.14,-0.326393035,16.63611104
45828,1.42,252360.0,1534.39,3.085412819,13.07656191
45829,1.59,387821.0,861.73,0.863692082,12.75851134
45830,1.01,164742.0,900.96,2.951206258,16.02794815
45831,0.39,378898.0,1766.44,0.871645308,16.64567169
45832,1.66,379683.0,2263.57,1.00013305,15.40098064
45833,1.49,130123.0,2268.4,1.396214153,13.8920163
45834,0.89,165500.0,1961.92,2.656434207,13.01347589
45835,2.22,342548.0,863.72,2.439225707,16.64792813
45836,2.43,261393.0,1547.08,4.111001426,15.75544583
45837,1.08,378835.0,2481.18,1.530005079,16.06065726
45838,1.37,143754.0,798.7,1.709103425,16.00076192
45839,1.73,164339.0,1951.04,3.552497323,13.78003658
45840,1.54,352670.0,2280.47,3.154239703,15.16017382
45841,1.8,389425.0,1780.73,0.698820418,14.96067723
45842,2.06,356925.0,1386.6,2.092738453,15.84364039
45843,0.8,401119.0,923.93,1.311089577,13.69613418
45844,2.09,390041.0,2427.06,2.843975251,16.99055492
45845,1.68,388931.0,2231.12,1.615195383,16.32260771
45846,1.84,367110.0,2451.58,2.317927561,14.97871556
45847,1.0,370713.0,2455.43,1.387792525,15.71262999
45848,1.92,374714.0,1879.84,2.789183984,16.08098609
45849,1.99,365680.0,1700.27,3.224516201,14.14085948
45850,2.77,370396.0,2242.28,2.656004652,15.47589272
45851,1.3,122492.0,2244.72,2.931080042,15.68972973
45852,0.8,360204.0,1906.04,2.220062455,15.35785047
45853,0.12,359069.0,1513.17,1.529556536,12.83293984
45854,0.29,376661.0,2500.56,2.328716971,15.58620662
45855,0.55,366955.0,1214.4,1.439408599,13.01636768
45856,2.16,114947.0,771.12,2.031851831,15.03951157
45857,1.78,146648.0,2485.61,2.032260352,15.17342531
45858,2.18,364058.0,2833.88,-0.326393035,13.25350468
45859,1.54,134251.0,1247.55,1.901296023,16.28177939
45860,1.43,367278.0,1508.19,1.197494503,16.39008471
45861,0.87,384199.0,2149.48,3.091935485,15.66333419
45862,1.22,247357.0,2041.36,3.852127132,13.94701799
45863,0.74,362688.0,1350.56,2.182749849,15.43916243
45864,2.23,355717.0,1695.22,0.906627886,13.44501019
45865,2.06,348601.0,1811.31,1.642413679,14.83344892
45866,0.39,371392.0,2231.54,2.004995151,15.10013517
45867,1.65,384663.0,2390.48,1.208992422,16.8684667
45868,2.48,371014.0,1335.35,3.62348206,12.53688568
45869,1.2,156767.0,1926.07,0.055041912,14.77572231
45870,0.83,361542.0,1743.12,1.230960347,15.44202901
45871,2.36,253079.0,1081.62,2.170104563,13.62803872
45872,2.3,378116.0,1596.45,2.188326228,16.48784044
45873,0.89,375325.0,893.21,1.871171956,15.61528992
45874,1.03,365382.0,1515.71,2.029450248,15.69577309
45875,1.46,359389.0,2348.9,1.406961521,14.67343877
45876,0.59,353643.0,699.87,2.553337396,16.19982586
45877,1.69,242401.0,1897.26,2.823724976,16.68744828
45878,1.28,355784.0,1028.11,1.257025221,14.99321421
45879,1.71,164258.0,905.46,2.282456872,15.95748526
45880,0.89,371994.0,2302.86,1.327000343,15.47153097
45881,1.59,265809.0,1644.33,3.575799972,15.52965476
45882,1.0,345775.0,1821.81,4.046376803,14.60227425
45883,2.19,168191.0,1918.76,1.93089909,16.71713103
45884,1.55,370824.0,1585.13,1.535632913,15.78114866
45885,1.64,255792.0,1492.23,3.510537366,16.01694228
45886,0.82,133327.0,1443.83,2.011261904,15.59984784
45887,1.63,138144.0,1308.05,1.488149313,12.32949626
45888,2.89,363872.0,1803.52,2.09656969,15.94743827
45889,1.28,157015.0,1893.05,3.846798445,15.98138281
45890,1.31,147696.0,586.86,3.609024143,14.81411541
45891,1.44,333994.0,1401.24,-0.160211692,14.98812951
45892,1.56,376088.0,2313.45,1.928434726,15.52865095
45893,1.1,142963.0,1861.34,1.97436882,13.42501697
45894,0.7,375493.0,2186.63,0.724156183,13.55433518
45895,2.27,267189.0,1737.74,1.503473854,16.10404615
45896,1.89,364973.0,2501.87,1.041198854,14.83700651
45897,4.76,343459.0,1823.89,1.571461566,16.26938593
45898,1.33,260160.0,1590.22,2.204580275,13.92804665
45899,0.91,272314.0,1853.85,1.392985127,14.33105976
45900,2.47,386981.0,1698.85,1.056259756,15.51678501
45901,2.13,169422.0,2522.64,1.15978498,15.22234153
45902,1.54,118605.0,1795.28,2.819241775,13.57407428
45903,0.95,365051.0,2521.93,2.362559663,16.19542464
45904,0.69,363757.0,1833.01,4.053140064,15.97378823
45905,1.79,378678.0,881.75,3.521100655,15.63714908
45906,2.45,347390.0,1806.03,1.529231739,17.14365108
45907,1.31,344428.0,2448.31,1.600845988,14.14468355
45908,2.08,353641.0,1763.93,1.947291001,13.6849735
45909,0.24,254447.0,2030.19,3.241652063,14.18232358
45910,0.97,141608.0,2259.57,0.996078836,15.67289859
45911,0.82,354660.0,2244.02,2.072762538,15.49143893
45912,0.87,363667.0,1453.5,4.270578296,13.97855069
45913,1.06,374418.0,1862.42,1.070309893,15.90743851
45914,4.21,166613.0,1577.76,2.662812373,15.58119438
45915,2.47,164605.0,2150.87,3.036871075,15.75694685
45916,0.63,381864.0,1904.62,2.91173752,15.84735686
45917,2.25,384718.0,1999.41,3.733659563,14.27862751
45918,1.85,132598.0,784.88,0.698334913,15.33767127
45919,0.18,387255.0,1711.86,0.951999969,14.09721667
45920,1.67,240788.0,1182.18,1.455154094,15.21801975
45921,2.01,388521.0,1795.25,0.359096803,14.78551225
45922,0.71,356578.0,1879.01,2.68941739,15.87312039
45923,2.02,382550.0,1460.24,3.664998263,16.34075378
45924,1.62,258403.0,1783.47,3.108629706,13.3624094
45925,0.54,394460.0,1534.84,1.954922031,16.83780613
45926,0.7,153865.0,2241.71,1.898884894,13.84580103
45927,1.36,137343.0,1146.29,1.441592368,13.63722975
45928,2.07,364621.0,2317.77,0.190441861,13.79627886
45929,1.03,356460.0,2327.49,1.178585093,15.52505003
45930,1.76,353750.0,1802.93,2.859697467,13.58722712
45931,1.15,141076.0,1579.74,1.452225936,15.48062141
45932,0.55,355093.0,919.53,2.553434172,13.80774053
45933,1.48,367876.0,2203.0,1.35774522,16.13812636
45934,0.91,366222.0,1841.04,1.545164667,15.90936564
45935,1.55,166908.0,2380.16,2.584026334,16.35022014
45936,2.03,362294.0,1779.12,0.848483039,14.9426149
45937,2.64,151036.0,816.92,0.271534938,16.41778634
45938,1.74,236890.0,1936.29,1.500089579,13.25099716
45939,1.11,371136.0,1822.18,2.025463348,14.17349553
45940,2.33,162533.0,2281.15,3.485123643,16.56575349
45941,1.75,140114.0,1786.94,1.39303476,12.19416999
45942,1.87,149180.0,1482.99,1.754910824,13.33092955
45943,2.12,237997.0,1685.0,3.575060551,15.3989194
45944,0.73,343478.0,2089.86,2.250545141,14.5456016
45945,2.88,153382.0,2431.72,1.977757054,13.40256785
45946,0.01,257852.0,1644.53,2.258481819,15.00009269
45947,1.4,130233.0,1837.47,-0.326393035,15.79171502
45948,1.52,343932.0,1328.22,1.638868341,16.51085534
45949,2.02,114947.0,2027.32,0.60469116,16.03223112
45950,1.88,250920.0,1836.63,2.738729823,13.22715417
45951,1.6,133583.0,1757.32,-0.326393035,14.80722397
45952,1.77,259705.0,1862.74,0.028920423,16.11263497
45953,1.66,125458.0,1797.2,1.881518167,15.63344983
45954,1.38,246500.0,1160.63,3.022843958,14.28519309
45955,1.55,375791.0,1540.26,2.486232964,16.12153602
45956,1.79,353847.0,929.13,1.276287742,11.73179583
45957,0.58,133341.0,1612.81,4.057772286,15.62045049
45958,1.19,148232.0,1873.33,2.060983526,17.04233283
45959,0.49,366402.0,1848.4,3.788024911,17.34827863
45960,0.29,361219.0,855.38,1.457715243,16.2267834
45961,1.19,348708.0,848.27,1.37233888,16.45642519
45962,2.41,253164.0,1990.17,1.126241951,12.14131434
45963,1.79,126032.0,1256.55,2.009876023,15.50266032
45964,1.36,396261.0,3047.82,3.318174178,16.81071796
45965,1.75,382894.0,1691.18,1.67916646,17.55524122
45966,2.2,381969.0,1376.7,1.302912474,16.69837366
45967,1.21,334329.0,1910.1,2.107854418,15.56873842
45968,1.18,123056.0,2277.4,2.289857469,16.23394144
45969,1.45,247959.0,1856.0,0.727363046,13.32402914
45970,1.83,264681.0,1066.76,1.439104242,16.61757118
45971,2.28,155694.0,1875.06,4.256621887,15.10654343
45972,2.09,252615.0,1948.08,2.238951083,16.33651086
45973,0.92,152547.0,744.36,4.041807625,16.17445179
45974,1.29,236425.0,2604.24,2.523701269,15.79251218
45975,1.44,374390.0,1256.07,1.862093052,13.55891651
45976,1.43,158732.0,1693.89,4.753755752,16.25903821
45977,1.12,155181.0,2348.67,1.350066565,15.00109444
45978,0.83,245518.0,1226.99,1.61714197,15.01016278
45979,0.66,389403.0,2354.6,4.275427131,16.80551071
45980,2.12,259180.0,1723.38,1.851714986,13.93553584
45981,0.71,249475.0,2015.48,2.262967184,14.34595486
45982,0.72,366997.0,1832.97,0.990793778,15.18846574
45983,0.63,263339.0,666.89,2.962575963,14.12588905
45984,0.8,360096.0,1891.89,4.124567844,14.31107623
45985,2.13,136314.0,1921.12,0.429836342,15.88717737
45986,2.45,175074.0,2553.73,2.40224175,15.25694232
45987,1.05,141946.0,1805.16,0.991112033,16.64665283
45988,1.64,390045.0,1184.58,1.365836288,13.86727959
45989,1.97,276025.0,1970.83,0.852253052,12.96733927
45990,0.73,248452.0,1414.69,2.111308223,15.2162863
45991,2.52,392346.0,2166.83,1.245840079,14.23809216
45992,0.82,149282.0,2497.0,2.72647958,16.91523592
45993,1.81,349314.0,2398.66,2.063557786,15.33496307
45994,1.77,158278.0,2141.85,1.724392009,13.03072383
45995,1.92,265970.0,966.58,1.92240309,11.2583727
45996,2.32,365577.0,716.8,3.693165381,15.15429142
45997,1.4,401119.0,1057.14,3.665699499,15.86651266
45998,1.26,359817.0,1879.55,-0.326393035,13.05617924
45999,0.5,369850.0,2352.74,2.166216345,13.55261272
46000,1.35,365310.0,2194.45,3.950351837,15.52393617
46001,2.0,360519.0,1750.7,1.919681315,16.36023995
46002,1.84,373456.0,918.21,3.407524258,13.49582559
46003,2.09,392926.0,2012.37,0.79003684,17.37277621
46004,2.24,167777.0,827.9,4.411672883,16.20543639
46005,1.73,383144.0,811.82,1.350869832,14.50199523
46006,0.15,118347.0,1956.0,1.074840465,15.27430417
46007,1.34,346003.0,1854.32,1.515577717,15.95842706
46008,2.15,375986.0,2373.32,0.600569907,13.13583652
46009,0.34,350003.0,1755.13,1.217117773,13.52304498
46010,2.26,346995.0,1102.36,4.086365323,14.02642509
46011,2.2,383639.0,805.27,1.461165258,12.35272956
46012,1.48,270443.0,2377.78,2.853571012,12.17716223
46013,1.45,245673.0,1801.19,1.867722153,14.53831609
46014,1.22,359875.0,1719.92,1.637457423,15.14301184
46015,2.53,240522.0,1865.48,3.775701898,15.80329466
46016,1.41,384358.0,1932.77,1.22611167,15.40495949
46017,1.16,381396.0,2008.69,1.891294662,12.55507645
46018,2.15,146265.0,2445.13,2.360475357,15.33992434
46019,1.73,364135.0,1879.34,1.974333027,15.3768688
46020,1.58,395872.0,1836.95,4.581320893,17.31457289
46021,1.29,234498.0,1892.28,4.188176084,16.71713264
46022,0.94,137571.0,1164.85,1.360275203,15.60248098
46023,1.1,246166.0,2045.83,2.330677307,16.27675679
46024,1.55,355451.0,1736.45,2.879324987,16.04666805
46025,1.7,252431.0,1611.04,2.895147793,16.11787919
46026,1.08,365062.0,2543.18,3.245926354,16.50453513
46027,0.22,370280.0,1882.89,1.803229161,14.1488204
46028,1.05,156926.0,1732.41,3.296597611,15.78971556
46029,1.46,155913.0,629.4,3.361929422,14.10997085
46030,2.72,380631.0,1927.33,3.264876283,15.45495724
46031,1.52,364495.0,1808.26,1.554811063,13.12836734
46032,2.41,170297.0,1181.83,1.904356768,16.78730495
46033,2.01,371212.0,1319.81,1.079898536,15.21249949
46034,2.11,255157.0,2209.95,0.083032536,13.19141185
46035,1.62,382379.0,1484.82,1.913868556,17.53065864
46036,1.39,362642.0,1404.96,0.130908318,11.62584693
46037,2.18,359996.0,2356.49,0.488681236,16.2078816
46038,1.32,250831.0,1885.24,1.711608665,15.51895733
46039,1.24,372608.0,1750.27,-0.326393035,15.25741781
46040,2.59,376568.0,707.29,1.850879021,16.01927154
46041,2.15,360947.0,1874.29,1.674936508,16.60698155
46042,1.6,148705.0,1356.52,4.313322112,16.09060126
46043,1.39,366157.0,1920.05,2.393176716,15.37050237
46044,1.52,257621.0,1721.39,0.483436404,17.18845614
46045,1.29,372936.0,2030.32,-0.152478244,14.02247739
46046,1.51,370039.0,999.59,2.091166164,17.71643501
46047,1.48,383586.0,1036.7,3.956942691,15.62280362
46048,0.0,170816.0,1822.12,1.645077456,13.84853764
46049,0.99,147747.0,1752.04,4.372868396,17.1598834
46050,1.68,244057.0,2418.07,3.047584985,15.29249134
46051,0.42,370715.0,1486.13,1.586534275,13.93801369
46052,1.59,287519.0,1072.08,4.224600438,17.01860498
46053,2.26,267732.0,1495.46,2.216979979,13.99257953
46054,1.62,358842.0,760.97,1.134285675,15.31127639
46055,2.39,356595.0,1843.37,2.287770071,13.67322207
46056,1.01,136744.0,1402.78,1.306246026,16.0958782
46057,2.44,161416.0,1769.37,1.315351813,13.69297582
46058,1.63,137735.0,2813.97,2.608377141,15.472679
46059,1.05,259888.0,1756.05,1.444175407,14.21475045
46060,1.73,362073.0,2344.03,1.813316954,16.03140116
46061,1.22,372851.0,2089.53,3.906262748,14.4040798
46062,1.98,345996.0,2012.43,1.592188274,16.13980197
46063,0.76,378667.0,1902.47,1.751673964,16.21790919
46064,1.24,235187.0,1175.57,0.842850523,13.75723004
46065,1.1,255051.0,1977.82,1.735413921,15.01221544
46066,1.32,188149.0,972.17,3.120859085,15.99605817
46067,1.48,280810.0,1916.07,3.576099358,16.08763032
46068,1.52,251665.0,2112.85,3.272199841,15.33664384
46069,1.25,355442.0,2168.02,2.096526711,12.18180884
46070,1.3,251394.0,2503.37,1.113968224,16.24050895
46071,1.26,386688.0,1787.6,0.919324987,15.42449745
46072,1.15,367771.0,1015.39,1.869700885,13.90485485
46073,1.42,245530.0,3047.82,2.790683895,15.15305384
46074,1.01,255868.0,2415.19,1.78148284,13.95510453
46075,1.0,358187.0,1018.72,0.147302315,16.39505771
46076,0.71,396099.0,1757.65,2.273248543,15.43590984
46077,1.91,161104.0,1701.88,1.606481396,11.47624845
46078,1.48,353929.0,1441.42,2.687703183,15.41595702
46079,1.18,157996.0,1797.67,1.679979274,14.98212641
46080,1.23,388937.0,1121.31,1.835714832,12.7659975
46081,0.76,364834.0,1934.52,4.30685996,15.6631491
46082,0.89,167932.0,2184.46,3.076850894,15.53930236
46083,2.31,352952.0,2380.21,2.339958453,15.4069499
46084,2.77,375922.0,2439.37,2.409053947,13.57215862
46085,1.34,352951.0,1597.23,1.516949937,15.29476892
46086,1.98,359730.0,1712.3,2.373784367,14.00306544
46087,1.37,267210.0,2261.19,1.901059687,15.88558702
46088,1.57,360842.0,940.65,1.449075916,12.36343093
46089,1.3,168733.0,2003.41,1.774285363,17.35653281
46090,1.02,369792.0,1296.14,0.258285685,12.75808851
46091,0.88,395769.0,2253.33,0.937281323,15.97165929
46092,0.53,161575.0,821.86,2.002566872,13.75364378
46093,1.87,392162.0,1849.68,2.123432809,16.82847886
46094,1.18,138430.0,1529.37,4.120459037,14.39276269
46095,2.13,129872.0,2313.6,1.842142566,15.33371653
46096,0.18,180565.0,1774.08,1.901861891,16.92623098
46097,1.88,281888.0,1164.11,1.862325372,16.97477737
46098,1.44,376629.0,1744.53,0.554013693,13.94120496
46099,1.55,157195.0,1938.08,1.559175683,15.82263161
46100,1.45,240647.0,1985.29,2.785747894,15.12492749
46101,1.75,257094.0,1658.42,2.13712244,15.889593
46102,2.25,159722.0,2286.88,3.661022347,15.5525072
46103,1.5,385810.0,923.12,1.410877839,13.94877078
46104,2.1,139732.0,2397.54,1.488485588,15.61591626
46105,0.84,241705.0,1841.14,1.956052515,15.63471886
46106,1.22,339260.0,744.03,1.847822428,14.87622302
46107,2.67,381614.0,1984.1,4.201974106,17.20023607
46108,2.03,367926.0,1956.4,0.759531795,15.63814224
46109,0.95,375208.0,1574.77,3.591796382,14.2059697
46110,1.15,261604.0,2050.95,1.067198242,14.09682323
46111,1.31,379210.0,2752.86,3.364647642,16.22870285
46112,2.58,123915.0,1792.81,1.721510439,15.15413931
46113,2.22,145319.0,1450.28,2.240766458,14.76127816
46114,0.66,142129.0,2293.53,2.039321646,13.29975942
46115,4.56,354252.0,1333.61,2.818808009,14.00653172
46116,1.69,141275.0,1209.05,1.866904841,13.13033327
46117,1.16,262758.0,1726.45,1.217736174,16.42324078
46118,1.08,396064.0,1977.36,2.132144704,15.8813656
46119,1.9,148924.0,2366.7,3.358460066,16.26632156
46120,1.97,370778.0,1245.97,1.410396757,15.62386198
46121,2.19,363888.0,2283.69,0.124373405,13.17333691
46122,1.21,272321.0,2244.9,0.956130638,14.2178397
46123,1.07,399359.0,2513.85,2.406526323,15.46589516
46124,2.28,379819.0,1428.57,4.631486541,14.43905639
46125,1.88,344423.0,2073.09,0.482516456,12.86827529
46126,1.96,364581.0,1827.17,2.427119054,14.88792173
46127,1.43,245092.0,1338.79,0.152396838,13.55251753
46128,2.24,357946.0,2524.33,1.50758257,14.67888684
46129,2.28,125203.0,786.46,2.148239626,15.571564
46130,2.55,375279.0,2384.27,1.421587723,15.74858321
46131,0.88,136473.0,1347.01,4.400899092,13.09723738
46132,1.56,128179.0,674.24,1.940052262,13.74427724
46133,0.54,242533.0,833.67,1.185906254,14.70278605
46134,1.99,288772.0,2415.13,2.474431634,16.19920215
46135,1.73,368308.0,2666.69,1.641283295,15.85271767
46136,0.85,391197.0,1903.07,2.561665563,16.36093787
46137,2.17,114947.0,2282.73,1.095591118,14.95814347
46138,1.17,370443.0,1873.25,2.974066798,15.02857125
46139,1.35,254842.0,1138.89,2.128506543,15.19318829
46140,0.39,154818.0,1817.87,1.793162939,16.02057511
46141,1.14,397842.0,1279.09,4.258745974,16.76135855
46142,0.15,391238.0,1901.54,2.02093025,16.35922704
46143,1.88,375469.0,1942.23,2.010940719,17.25799836
46144,1.07,257335.0,2473.16,1.476668733,14.88509243
46145,1.33,257053.0,2332.5,1.611084044,16.01669312
46146,1.84,363778.0,1817.56,1.389707972,13.73300446
46147,1.33,132466.0,1917.99,1.276277163,15.6321108
46148,0.71,159114.0,1905.12,1.933853497,15.28227338
46149,1.49,382009.0,1879.28,4.93924406,15.37219908
46150,2.57,126308.0,1787.9,1.249843653,12.11175516
46151,0.97,356235.0,1250.84,0.084017424,15.48578749
46152,2.11,154413.0,1688.87,1.709819265,15.40512053
46153,1.28,156844.0,2350.01,1.268183048,15.86594542
46154,2.07,380514.0,671.28,2.396316877,14.81698714
46155,1.33,145502.0,832.06,1.995969757,15.35871727
46156,1.99,141083.0,1251.49,0.511497452,16.0091413
46157,1.57,360165.0,945.0,1.499041602,14.55189564
46158,0.99,153379.0,2252.23,2.090627731,14.70478737
46159,1.12,390384.0,1240.46,0.310902961,16.41541869
46160,2.09,360356.0,2032.82,2.970334618,15.57399673
46161,1.07,260978.0,1802.72,1.480212193,16.2980557
46162,2.13,352011.0,2360.2,3.001773358,16.04805848
46163,4.98,140127.0,1753.68,1.911400715,16.00700714
46164,1.75,386082.0,1696.81,1.077972275,16.41948533
46165,1.76,361054.0,1689.41,3.856907508,12.68061508
46166,2.51,137213.0,1845.87,2.946850664,13.05391723
46167,0.38,401119.0,1762.3,2.055859319,12.58110713
46168,1.79,357335.0,713.45,3.045517264,14.21387963
46169,2.19,154224.0,1672.67,1.29503398,15.05705997
46170,2.65,376402.0,1649.35,3.680194039,15.50805066
46171,1.94,262478.0,1775.31,1.631904614,13.56641863
46172,1.03,367582.0,868.14,1.443426178,15.70511674
46173,1.66,382800.0,1423.69,3.400785682,17.73027397
46174,2.8,280106.0,2286.82,3.601535867,14.53093293
46175,0.95,368443.0,1535.99,1.085365181,17.19899768
46176,1.32,376503.0,1820.04,3.853574011,14.73927891
46177,0.91,370466.0,2196.73,3.20330969,15.41720301
46178,2.59,148932.0,2033.39,2.673919548,14.90165512
46179,1.57,368664.0,1789.09,1.410993756,13.87028219
46180,1.46,391591.0,2461.0,2.970899393,15.46379805
46181,1.74,250159.0,2440.21,1.440458297,15.94435501
46182,2.41,142363.0,1963.61,2.875007137,15.60049136
46183,2.05,226295.0,1497.87,1.123313888,15.10108039
46184,1.16,275413.0,2012.2,1.946827856,15.5571349
46185,1.41,368483.0,1909.82,1.523502788,15.86845441
46186,1.85,256403.0,2052.69,2.019737608,15.32736127
46187,1.3,352609.0,1408.72,1.126655158,15.60786513
46188,2.32,238548.0,1863.57,1.548381594,16.27971724
46189,1.4,242242.0,2222.92,1.858087062,15.60794648
46190,1.46,349859.0,1815.25,1.103255636,13.18126283
46191,1.59,262644.0,1440.76,4.298064229,15.9034275
46192,1.92,124481.0,1193.99,1.766650063,15.77032443
46193,0.89,159936.0,1498.65,1.768803891,16.20554902
46194,1.61,266122.0,1865.04,2.299199084,15.93612276
46195,1.2,365286.0,1962.16,3.157631711,16.16098912
46196,1.08,371573.0,1796.12,0.428007317,15.52308006
46197,2.33,243557.0,1755.31,3.565659098,16.90921837
46198,1.02,358018.0,2316.8,2.29613976,13.22397984
46199,1.25,264225.0,2277.98,1.664812401,13.32671874
46200,1.32,157251.0,1681.93,0.118236408,15.56027021
46201,5.16,389321.0,1791.54,1.839021243,16.47121916
46202,1.77,372374.0,1904.08,3.422006512,13.64077961
46203,1.76,374947.0,1030.21,2.096936872,15.58644039
46204,2.99,371742.0,2074.72,2.168760217,11.2583727
46205,1.35,272192.0,792.62,2.900583499,15.92892277
46206,1.84,276955.0,2274.2,3.606162222,13.81130228
46207,1.5,386891.0,2068.18,2.445250031,15.95256486
46208,1.69,390765.0,2375.36,1.229153782,15.53273579
46209,1.65,372649.0,1946.33,1.545531684,12.01014079
46210,1.25,379044.0,894.91,1.10549867,15.97041969
46211,1.95,375827.0,906.23,2.759444929,15.11046919
46212,0.94,370898.0,1669.82,3.430001441,12.99870074
46213,2.7,145647.0,1324.78,3.383716634,14.75303991
46214,2.61,353513.0,2350.89,1.10811662,15.55132954
46215,1.74,144386.0,1334.27,4.003242321,15.65680841
46216,0.74,146128.0,1691.2,1.996801967,14.10589501
46217,1.11,257840.0,1404.29,4.360777431,15.95310626
46218,1.74,151448.0,1816.26,2.985516214,13.91043377
46219,1.76,353422.0,1775.16,1.865476524,13.7735777
46220,1.22,133552.0,1310.81,1.539715119,16.14574955
46221,2.02,156798.0,1739.18,0.168721362,15.23158966
46222,2.02,141426.0,842.37,2.032541439,16.02456873
46223,1.65,359596.0,1981.53,3.646464532,15.948551
46224,1.99,134586.0,1199.85,2.012370861,11.2583727
46225,1.97,164700.0,1543.27,1.004693325,15.40565611
46226,0.99,352513.0,1417.99,1.229094088,16.16554314
46227,2.24,376614.0,1689.87,0.824935445,15.6593477
46228,1.47,349745.0,2351.68,4.562995357,15.79953071
46229,2.47,379841.0,1859.61,2.200868682,15.38829664
46230,1.06,397974.0,1902.99,0.544517417,14.50157564
46231,2.37,370196.0,1024.69,1.856407264,16.89262663
46232,0.98,347156.0,1896.52,2.842858674,16.47389193
46233,0.61,365520.0,1693.99,1.597688341,14.95414243
46234,2.44,250007.0,2312.88,2.690126329,13.34850385
46235,2.28,371266.0,738.97,1.850534741,15.42600344
46236,1.05,361625.0,1503.49,3.154608813,15.10938489
46237,1.62,381732.0,1806.54,1.665763649,16.54377504
46238,2.35,259512.0,1354.43,1.542749942,15.0182271
46239,0.0,164994.0,2169.97,3.526708851,14.33704709
46240,1.4,360584.0,2411.16,2.294955289,17.44454021
46241,1.29,381373.0,990.47,3.013729115,14.89470191
46242,2.17,142871.0,1743.1,3.543184997,13.13514778
46243,1.36,271063.0,1461.6,1.846039442,13.50559297
46244,0.45,387570.0,1740.64,0.610120543,16.16788074
46245,0.69,394803.0,2322.27,2.181412477,15.8551763
46246,0.85,147071.0,1845.27,1.887333942,16.28813071
46247,1.63,384829.0,1952.44,3.517912204,12.71689357
46248,1.62,374206.0,1581.55,0.913914341,13.80538962
46249,1.94,353942.0,1098.76,1.522757874,15.24039213
46250,1.5,366172.0,1523.61,1.747700649,12.46149379
46251,1.74,147616.0,2446.89,3.897657174,16.54259921
46252,2.19,359877.0,1425.34,4.56380409,14.64038894
46253,2.44,351558.0,1378.5,1.21510257,14.50275062
46254,0.12,148426.0,2329.31,2.722618291,15.57950156
46255,1.11,172504.0,1886.87,2.315137357,13.3479803
46256,1.23,380287.0,910.98,1.864919766,12.58906463
46257,1.59,156237.0,1888.07,1.863452444,15.02763155
46258,0.73,392331.0,2578.78,3.152559174,16.15447499
46259,1.16,255953.0,641.22,1.753816081,15.01179151
46260,0.37,281484.0,854.42,4.568303449,15.48059343
46261,1.49,352163.0,2769.86,1.994290103,13.86928687
46262,0.66,279168.0,1025.96,2.200764269,14.52255531
46263,1.05,136776.0,1781.45,1.632682419,15.03357222
46264,0.55,372584.0,1472.47,1.719870083,16.89271476
46265,1.54,173226.0,1444.11,2.103927063,11.65083693
46266,1.61,245499.0,1567.17,2.344096409,15.95318944
46267,1.92,375834.0,2267.3,1.795079859,16.47206608
46268,0.9,253714.0,2186.54,2.007620073,16.8603077
46269,2.36,153257.0,2436.52,2.920817244,16.84417578
46270,1.25,190759.0,1484.75,2.138291356,16.73029894
46271,1.5,155010.0,2550.47,3.531229716,16.29778649
46272,0.28,358630.0,2266.1,2.567391713,15.5154012
46273,2.41,161908.0,1637.28,1.490117287,16.16931946
46274,1.71,365949.0,2233.15,4.647925164,14.53751888
46275,1.49,283270.0,1113.0,0.699194264,15.30898381
46276,2.44,347479.0,1699.65,1.707021545,15.66779894
46277,1.22,347142.0,2789.2,2.817782542,16.16981032
46278,1.36,375357.0,795.11,3.563107145,14.37882999
46279,1.45,381961.0,1801.1,0.567001474,15.93633062
46280,1.65,367194.0,2250.58,1.013039997,14.9870169
46281,1.69,265491.0,1500.86,2.936548669,13.64649629
46282,1.65,391564.0,1708.4,0.384990605,13.65619867
46283,2.05,125440.0,2278.59,1.549540056,16.86044603
46284,0.99,372208.0,2086.83,1.661891069,13.3071482
46285,0.72,168406.0,1784.12,1.346019798,15.23404761
46286,2.3,267250.0,1482.78,4.230850413,15.01083
46287,1.75,266596.0,2041.36,1.583630828,15.99197018
46288,0.95,254113.0,1923.25,1.100936857,14.84682378
46289,1.01,251908.0,1702.28,1.290344901,16.70590321
46290,2.28,370494.0,1848.61,2.062110524,16.38904516
46291,0.92,136242.0,1067.47,2.214237424,15.6164676
46292,0.47,262555.0,2498.43,2.268615018,16.01056854
46293,0.93,373176.0,1912.08,2.54896754,15.25980367
46294,1.5,270638.0,1189.93,0.458151489,11.84922005
46295,0.36,383590.0,1093.29,3.766044426,13.76831801
46296,1.59,146399.0,1466.17,1.469811139,14.90418991
46297,0.16,269313.0,1999.85,2.123530788,13.67609625
46298,2.05,363963.0,1866.36,3.062962368,13.69580868
46299,1.16,393397.0,1940.78,1.784088129,16.87547517
46300,1.82,264969.0,2052.37,1.811772977,15.55208513
46301,1.96,134470.0,1506.6,1.78467315,15.40394584
46302,1.97,387904.0,1792.73,1.64573187,15.66193969
46303,1.49,386174.0,1811.05,0.919140293,15.86455668
46304,2.05,344020.0,2317.33,0.98721089,17.03141437
46305,1.37,162526.0,1913.39,2.285075203,15.52763146
46306,1.83,379432.0,683.13,3.924112355,13.40213721
46307,2.42,353988.0,1956.49,1.880434826,13.67198773
46308,0.6,374349.0,2316.78,3.116527905,15.96172631
46309,4.64,168878.0,1364.07,1.442754344,15.70326378
46310,2.28,360665.0,1861.94,1.636053432,15.75997291
46311,1.54,373225.0,1840.97,1.720884714,13.96176068
46312,1.45,365563.0,1509.21,2.954202455,15.74810495
46313,2.45,142313.0,1719.78,1.199973741,13.47277976
46314,0.97,142100.0,1799.99,2.452146353,13.88785886
46315,1.45,356148.0,1675.29,2.02450815,15.73533317
46316,2.52,267963.0,1621.57,2.163479418,16.62377252
46317,1.31,146049.0,666.11,2.79486977,15.33704248
46318,1.21,270183.0,2489.09,0.33978152,15.12684955
46319,2.84,145361.0,1947.56,2.971426476,16.53101505
46320,2.5,371882.0,989.42,1.508576212,15.68088706
46321,0.0,371895.0,781.01,2.758647068,13.48723638
46322,1.32,401119.0,1818.61,1.487766623,15.47510576
46323,1.57,394977.0,2655.67,2.546627511,15.66679551
46324,1.37,252145.0,690.31,1.432361084,16.74349114
46325,1.27,399852.0,1468.54,3.446964529,15.60182048
46326,0.42,152433.0,1516.37,4.719669147,13.01480005
46327,2.14,132348.0,1751.23,2.972042688,15.8797762
46328,1.73,380312.0,2003.08,1.083809944,14.45481044
46329,2.21,146951.0,2002.16,1.262040037,15.02379272
46330,2.13,154465.0,1696.71,1.862271449,14.54738133
46331,1.13,277277.0,1741.25,1.855605002,15.59496982
46332,2.63,134984.0,1942.08,2.795251528,15.40182447
46333,0.49,356150.0,1984.56,1.119237299,17.42229435
46334,2.3,369451.0,1978.12,1.898110781,15.05650061
46335,0.88,151156.0,970.54,3.699229323,16.86491421
46336,1.08,362700.0,1812.44,3.965435207,13.85753307
46337,0.64,244203.0,1526.14,1.802262056,16.12054167
46338,2.76,155341.0,2233.85,1.078514065,15.3531686
46339,1.1,375266.0,1553.63,3.444905076,17.4693851
46340,1.03,368249.0,2231.56,1.397790066,15.28511047
46341,0.7,156650.0,1992.75,2.135986263,12.62040454
46342,1.42,138762.0,1045.2,4.273154574,15.62022529
46343,0.49,350314.0,1473.71,1.676673239,15.65599553
46344,1.21,358986.0,1025.87,3.442801906,14.52012001
46345,1.34,257777.0,1863.81,2.164602378,14.75279998
46346,2.19,145554.0,1251.85,3.794323458,15.0671925
46347,0.52,377707.0,1422.58,3.021385975,16.20594323
46348,1.25,384009.0,1824.5,1.577308647,15.35293837
46349,0.54,370369.0,2308.15,1.357413994,15.94302649
46350,5.32,394421.0,2353.01,1.660594437,15.67450724
46351,0.55,241089.0,634.36,1.474360417,15.93823571
46352,0.1,393580.0,2241.77,1.648850054,13.84467952
46353,1.93,160077.0,1445.99,1.396487487,16.13317355
46354,1.28,283148.0,2359.61,1.439335453,12.16631031
46355,1.83,248990.0,1746.66,3.09812384,12.84174636
46356,0.43,360789.0,1442.61,1.927544918,15.83680309
46357,0.97,169761.0,1255.69,0.974519297,15.5565281
46358,2.0,382927.0,1793.18,4.550107562,12.52419585
46359,0.91,144760.0,2291.44,3.360666737,17.15191106
46360,0.63,151511.0,1903.74,1.774474111,15.67451827
46361,1.37,114947.0,1572.63,1.218775357,15.91114757
46362,0.68,373923.0,2283.81,1.917781911,15.80731956
46363,1.87,370644.0,881.7,1.104748942,15.74918286
46364,1.91,359870.0,586.86,1.270820346,14.49603292
46365,2.22,146441.0,2161.36,1.276800103,16.14962264
46366,1.41,394012.0,1161.29,3.035464399,13.47475382
46367,1.05,369811.0,1305.68,2.033120081,13.96816156
46368,1.44,153402.0,2033.33,2.150553128,14.32359897
46369,1.11,145017.0,1355.78,2.502889583,15.69273924
46370,1.55,282913.0,2644.19,1.227684742,15.16233847
46371,1.26,141593.0,1727.25,3.356581653,13.72807761
46372,0.54,372617.0,1792.74,1.577422335,15.54246947
46373,2.17,127219.0,2300.37,0.54780943,15.57692794
46374,2.24,247765.0,1808.02,2.448413304,16.28565204
46375,1.95,147668.0,2176.33,3.645005305,11.45446077
46376,2.07,140880.0,1855.44,1.332817696,13.59800005
46377,0.96,159838.0,1795.65,1.18707173,14.64044772
46378,0.05,154221.0,1058.02,2.781327332,13.62587566
46379,0.91,371297.0,1497.96,1.183726218,14.11884842
46380,1.24,391973.0,2344.77,1.232685286,16.65500971
46381,1.48,146179.0,1789.84,1.298041146,15.1839806
46382,1.31,169890.0,1817.18,3.119777828,15.98336468
46383,1.06,365026.0,2342.46,1.101594725,15.74328779
46384,1.35,392325.0,1365.13,1.414512008,14.88976919
46385,1.3,147857.0,1246.75,2.646590288,16.16944156
46386,1.62,255038.0,1265.85,3.430012663,16.1254094
46387,1.58,354913.0,2089.9,2.192414045,16.31692138
46388,1.59,157255.0,1474.58,1.981029846,15.61422015
46389,3.42,356972.0,1708.49,1.142984924,15.46691719
46390,0.77,169091.0,1480.58,3.596586316,13.7063794
46391,1.69,261190.0,1914.67,3.770938168,14.59883784
46392,0.61,260787.0,2250.92,1.379710118,15.80152943
46393,1.25,367641.0,1144.99,2.954025735,15.82497251
46394,1.71,355549.0,1152.3,0.710171523,15.30661733
46395,1.96,141536.0,2609.93,4.324512498,14.41611016
46396,1.64,363316.0,2323.94,1.621855951,11.97239728
46397,1.18,126140.0,1705.17,2.042847003,12.92145593
46398,1.11,386887.0,1764.62,0.894377893,14.77909356
46399,0.37,339674.0,962.57,1.814323797,15.13234991
46400,1.39,235872.0,1338.91,3.389744282,16.60449183
46401,0.94,140384.0,1276.25,4.332454169,14.65429149
46402,2.13,258686.0,1029.15,1.754278081,12.83541549
46403,1.98,136212.0,936.99,2.698656007,15.40396887
46404,1.16,377475.0,1789.87,1.68433425,14.99420399
46405,0.47,389017.0,1867.46,2.486325705,16.19872359
46406,1.78,161855.0,2601.56,-0.326393035,16.1337062
46407,1.76,149447.0,1897.74,0.686556263,15.71275923
46408,0.92,376005.0,1645.37,1.743255157,16.32038451
46409,1.43,266669.0,876.08,4.678480203,16.36804665
46410,2.16,377244.0,1250.36,2.182588222,14.61955551
46411,2.48,391852.0,630.02,1.813442128,15.4671863
46412,0.87,240395.0,1745.93,2.183450566,11.77967769
46413,1.35,370858.0,1089.2,1.945238581,16.02749074
46414,1.41,361420.0,1908.09,0.979194709,13.35559968
46415,0.96,352590.0,1916.31,0.685083617,13.77098334
46416,1.46,362465.0,1792.25,3.646014974,16.37986057
46417,1.71,384002.0,1776.48,1.629685028,15.95561562
46418,0.86,352117.0,1838.54,1.530586794,15.1732388
46419,0.4,358457.0,1813.35,1.9143145,15.44045695
46420,2.02,161794.0,2128.21,3.414182505,15.57611211
46421,0.68,141902.0,2526.74,0.241818146,14.91932346
46422,1.7,394854.0,860.4,-0.326393035,15.14136588
46423,0.73,255715.0,1534.75,3.468504622,15.76406761
46424,2.0,256160.0,1506.17,1.285394911,16.7851695
46425,2.77,159428.0,1022.94,3.076271118,14.30090661
46426,1.14,361196.0,1232.69,1.8016793,15.73442136
46427,1.22,363838.0,1586.03,0.927054571,15.63407558
46428,1.4,395516.0,2447.04,1.341440682,16.69226817
46429,1.85,354924.0,1660.36,3.137012727,14.18082634
46430,0.39,345143.0,1027.19,1.28962039,14.99153278
46431,1.27,379108.0,1784.01,3.654083243,13.21257908
46432,1.33,375179.0,1777.45,2.180183106,12.77996302
46433,2.17,385160.0,1919.17,1.348229617,15.76132168
46434,1.31,380570.0,1793.27,1.875574643,13.50960895
46435,1.32,240042.0,2339.78,1.892556898,15.35257346
46436,2.66,268255.0,1902.22,4.819371186,15.87717958
46437,0.0,374527.0,1870.13,3.36998705,13.06838237
46438,1.53,387857.0,1809.04,3.504818503,14.8062861
46439,1.53,257620.0,1863.28,3.903088253,15.39026538
46440,2.53,283706.0,2292.12,3.539090282,14.09247263
46441,2.04,285042.0,2558.18,1.86830291,13.67384343
46442,0.12,252913.0,1618.76,0.159983679,16.13903135
46443,2.18,360649.0,1273.08,1.243600161,14.82995351
46444,0.97,160731.0,1881.37,2.992483001,16.72912379
46445,1.77,137498.0,1313.19,3.039944752,16.8344863
46446,1.44,149683.0,1979.74,2.200692971,14.32810174
46447,1.25,366664.0,2077.36,4.380348339,16.98725715
46448,1.52,239296.0,650.32,1.73407973,15.65834415
46449,1.59,146605.0,816.11,1.469340217,14.37134214
46450,0.91,372902.0,1491.15,1.243089063,13.48132604
46451,1.16,253310.0,951.16,1.762816156,15.02084215
46452,1.65,249955.0,1912.31,1.395779945,15.31774766
46453,1.08,253629.0,2020.85,2.303671039,13.9686655
46454,1.08,387909.0,1900.33,1.460534916,15.30973621
46455,1.19,142047.0,1787.81,2.726840311,13.16043691
46456,1.33,140051.0,1799.57,2.054625454,15.77793353
46457,0.62,147513.0,1921.69,2.273262011,13.97124713
46458,1.1,401119.0,1517.68,1.873844219,16.38204713
46459,0.58,378591.0,901.8,3.599162625,15.19263519
46460,1.23,267561.0,1428.78,0.10322382,16.10518417
46461,2.52,355090.0,795.27,1.308844546,14.27542025
46462,1.42,387206.0,1452.5,2.931159132,16.93305234
46463,0.57,134072.0,2252.96,1.747868301,14.02166262
46464,0.79,341627.0,2142.88,1.934051534,15.76858077
46465,1.7,371617.0,1780.22,1.663812275,15.88008108
46466,2.83,242062.0,1872.32,2.21401007,17.06215725
46467,1.11,349671.0,1466.78,1.69170375,14.74080821
46468,1.75,158481.0,1826.49,1.216894988,13.5711344
46469,1.81,186429.0,894.9,1.904380242,15.00409898
46470,1.11,265929.0,984.57,4.418135588,15.3692241
46471,1.62,243327.0,1927.59,2.906501148,16.98250592
46472,1.23,382909.0,1594.39,1.327534683,13.14308246
46473,3.16,143122.0,1953.82,3.656653786,14.03962986
46474,2.35,272140.0,2239.23,3.473161042,15.68830741
46475,1.36,151697.0,2767.32,1.458209589,16.50248203
46476,0.95,376319.0,2119.35,1.608690021,16.09802146
46477,2.01,388184.0,1931.32,0.923164389,15.81411963
46478,0.25,155962.0,1178.46,3.252929163,15.1313109
46479,0.91,288046.0,1484.67,4.051528404,14.36851783
46480,1.49,124512.0,2175.28,2.437199483,13.81003353
46481,1.35,154394.0,1263.69,1.680542542,13.32187644
46482,0.02,158583.0,2352.26,1.874692689,15.10861293
46483,2.7,375281.0,1429.99,2.388508033,16.21579158
46484,2.5,387556.0,2376.38,2.327680481,14.33100516
46485,0.14,380106.0,1928.16,1.038933565,14.62137291
46486,0.64,152766.0,2474.79,0.389469494,15.68506201
46487,1.95,356368.0,2395.21,0.270091519,11.75327078
46488,2.06,114947.0,1312.2,1.235374085,15.71185475
46489,1.48,255840.0,2280.14,1.958580404,16.56030513
46490,1.2,158163.0,2371.76,1.780667294,16.85225123
46491,1.08,372157.0,671.15,1.369694392,14.19101619
46492,1.75,374726.0,1926.07,4.044442118,13.90789131
46493,0.0,380640.0,2331.8,1.549254517,15.43978779
46494,2.13,249596.0,2354.72,3.09537851,13.37732128
46495,1.91,146228.0,1042.36,1.87953488,16.13481266
46496,0.3,150284.0,1935.45,1.474107835,15.36060994
46497,1.35,242738.0,2472.15,0.770343699,15.44306268
46498,1.44,149705.0,1833.58,4.282314662,16.85860578
46499,1.44,357776.0,1756.67,1.3974431,15.30024102
46500,0.2,251794.0,1895.31,-0.326393035,13.60793522
46501,2.83,364760.0,2340.54,2.610773914,16.94542417
46502,1.79,238118.0,2674.62,1.800570705,15.77454924
46503,0.84,373458.0,1938.79,2.500396135,16.54641235
46504,2.43,258652.0,2043.63,1.434012939,14.41057348
46505,1.95,387108.0,2349.42,1.637470882,13.65975033
46506,1.32,354462.0,2876.97,2.650526808,15.7377395
46507,2.24,357518.0,1229.04,2.349532147,12.24852314
46508,1.57,365090.0,1833.59,1.913477493,14.99443258
46509,1.11,345478.0,1250.63,0.929086878,12.43635999
46510,1.81,135526.0,1738.22,1.390771575,15.89769365
46511,2.15,250027.0,1498.0,1.698168122,15.12304784
46512,1.92,362159.0,1374.21,3.43579468,16.20089525
46513,1.7,155132.0,1841.88,4.591148828,15.792264
46514,0.53,150612.0,2408.0,1.282359581,15.47788897
46515,1.01,372835.0,2437.37,2.042600162,16.42667427
46516,1.25,145672.0,2570.78,4.368463838,15.58280872
46517,2.39,143248.0,2588.38,0.288335552,15.21347327
46518,1.99,370978.0,1692.63,0.537499702,15.60535394
46519,1.48,150744.0,2656.62,1.95969367,16.08455221
46520,1.39,150724.0,673.65,3.785519265,15.91887986
46521,1.81,376104.0,1762.15,4.476289363,14.39858357
46522,1.65,145569.0,2092.83,-0.326393035,17.36719618
46523,1.49,389400.0,1939.58,3.03164609,12.88767252
46524,0.91,366415.0,1901.49,1.542409912,16.22537986
46525,0.19,350057.0,2587.79,2.064745731,16.25698404
46526,0.99,350251.0,780.37,1.360428421,13.53010566
46527,1.52,241909.0,2239.01,1.63666522,13.60387041
46528,1.51,338033.0,974.36,1.263928855,14.88899117
46529,0.87,381917.0,1751.9,4.486893568,16.23861262
46530,0.74,393665.0,1998.2,3.881131897,16.85683875
46531,1.2,229771.0,1823.4,1.907676563,16.34298592
46532,0.93,344457.0,2061.51,2.963706134,14.70355069
46533,2.12,347666.0,2375.74,2.571205986,12.63578286
46534,1.66,181603.0,2631.35,4.589584402,17.29641089
46535,1.96,246252.0,1684.94,1.66854324,16.13652196
46536,0.39,378220.0,2465.64,3.076753991,15.6226003
46537,2.07,263039.0,1372.75,3.306873449,16.01007253
46538,1.92,358428.0,1863.99,1.090033291,15.564141
46539,1.94,250726.0,1237.1,2.622948462,15.59478984
46540,1.36,371703.0,1205.98,2.100533712,14.68043075
46541,1.5,381189.0,1980.05,2.616427781,15.44557286
46542,1.26,244598.0,1176.49,3.07179798,13.63579306
46543,0.34,267228.0,1807.97,1.864203513,13.42524095
46544,1.9,150347.0,1860.62,1.426814721,16.9060561
46545,2.22,376372.0,782.79,-0.18005991,15.07599151
46546,2.48,370589.0,2362.66,1.99700118,14.87178416
46547,0.69,372986.0,1845.41,1.107087786,14.17939578
46548,0.47,369508.0,2303.33,0.913105706,16.81577805
46549,1.39,141900.0,1850.98,1.777409606,16.50567011
46550,1.69,166364.0,825.43,1.817470271,13.44023068
46551,2.39,241472.0,1011.13,1.567771471,16.12148237
46552,1.2,354244.0,2922.87,1.534574356,12.25248021
46553,2.05,386867.0,1974.0,2.290010833,13.2366086
46554,1.63,136845.0,1848.16,2.732229708,15.42780799
46555,0.93,275427.0,1900.02,3.646830312,16.1777634
46556,2.78,342058.0,1659.06,1.651647038,16.86982788
46557,0.24,381572.0,2360.7,2.728009176,11.73299861
46558,1.7,362032.0,2404.79,1.839897608,14.21805869
46559,1.2,178064.0,1980.21,3.648847492,14.01774124
46560,1.88,367899.0,2419.7,1.67127526,15.83077469
46561,1.76,394937.0,1852.32,2.822182924,14.55832284
46562,0.78,378564.0,1676.48,3.543272887,16.97711908
46563,1.89,365041.0,2046.53,1.210338037,17.73027397
46564,2.08,390910.0,1865.54,0.765228404,16.10660469
46565,2.1,354519.0,1995.56,2.085531408,15.35252234
46566,1.07,338926.0,2317.78,2.38514322,15.74486433
46567,1.58,338442.0,1796.11,1.380785607,16.10487156
46568,1.53,182061.0,1321.94,1.612334236,13.39141499
46569,1.43,360908.0,1816.48,2.754521645,15.08610092
46570,2.01,142476.0,921.39,2.945593871,15.99701521
46571,0.3,370193.0,2573.83,2.807646189,15.65142072
46572,2.65,358095.0,1215.08,1.21552742,16.45171993
46573,1.79,341144.0,1630.54,1.583062959,13.41460587
46574,1.79,267916.0,1518.88,1.459353402,16.38689769
46575,2.29,389438.0,1226.91,3.323116044,16.60882593
46576,2.26,162618.0,956.42,1.336217395,15.40351368
46577,2.27,366421.0,1415.49,1.763190525,14.22275034
46578,1.31,391414.0,2201.8,4.790134825,13.2704057
46579,2.06,392689.0,1992.57,2.395607348,15.21049067
46580,1.61,129926.0,1801.29,0.584760202,13.67700167
46581,1.53,114947.0,665.73,2.015803578,15.84505105
46582,1.43,362361.0,1835.71,1.011146946,11.96741311
46583,1.21,279135.0,1787.86,4.586400209,16.26328988
46584,0.53,393322.0,1317.08,1.625736758,15.8691567
46585,1.02,122977.0,1855.17,3.833128477,15.0404897
46586,1.85,138217.0,1963.2,2.556876149,16.31876134
46587,0.86,154805.0,1638.19,1.810273109,14.42448145
46588,1.09,337309.0,1779.49,1.326103633,15.90188809
46589,1.93,375958.0,1928.53,3.525624071,15.17966901
46590,1.68,368250.0,1200.66,-0.127259833,16.17671902
46591,0.86,389791.0,2122.16,0.581837172,15.01420672
46592,2.03,387638.0,1542.98,3.993465843,14.53976779
46593,0.7,362904.0,2068.06,1.615838487,12.22872568
46594,1.43,373488.0,2588.03,1.308364235,16.11470119
46595,2.31,374438.0,2709.51,0.4696816,15.50576742
46596,1.53,367535.0,1922.93,1.689434604,16.01735483
46597,0.86,389064.0,1431.7,1.958448007,13.66707713
46598,1.28,162273.0,1791.78,3.294859152,15.84049925
46599,2.47,247476.0,766.1,1.411734812,13.89275626
46600,1.53,345544.0,1295.01,1.864679834,15.61088429
46601,0.94,386199.0,2489.99,1.401652629,15.42766914
46602,1.05,176741.0,2668.73,1.906668017,15.22685423
46603,1.13,166969.0,2497.83,1.433250595,14.22989853
46604,1.67,155628.0,1748.53,3.162069309,14.26253729
46605,1.22,258308.0,2170.32,1.436114301,14.22454481
46606,1.41,368394.0,1071.23,3.344574381,15.82529604
46607,1.25,260861.0,1783.25,1.167506639,15.70456592
46608,1.3,262769.0,763.72,2.171483212,15.22746852
46609,2.43,358208.0,1659.28,0.470586707,14.89088747
46610,1.63,152833.0,2314.25,1.813677473,15.70725687
46611,0.81,147195.0,624.38,1.601416815,14.46747529
46612,0.34,358485.0,1887.62,3.170716745,14.03896228
46613,0.86,242655.0,2939.83,1.322174899,16.13173171
46614,3.15,369733.0,1805.3,1.834060118,13.93407155
46615,0.86,136350.0,2404.0,4.165494519,13.86313973
46616,1.33,119423.0,2433.81,1.001118234,15.79898543
46617,1.37,168593.0,1453.76,2.626450221,14.06592938
46618,0.44,360848.0,1847.55,2.996507848,15.72903335
46619,0.37,356053.0,1529.29,1.198775346,13.98116769
46620,0.82,360277.0,1869.71,3.000363985,15.55277623
46621,0.85,152905.0,1670.86,-0.042378301,17.25601876
46622,1.24,393705.0,761.13,2.243545821,15.8684504
46623,1.03,383157.0,1853.07,1.05674182,15.67523836
46624,1.02,151223.0,1898.19,0.834471752,14.36607123
46625,1.17,156373.0,2957.65,2.267837972,12.69427288
46626,2.71,336943.0,1962.98,3.264928215,14.50053702
46627,1.06,361107.0,1844.38,1.490506205,17.20722602
46628,1.81,357455.0,2549.09,1.262301272,14.53287388
46629,2.17,381734.0,603.75,0.344435267,11.8881679
46630,2.37,287020.0,1707.24,1.378480657,14.86915165
46631,2.33,353696.0,586.86,1.070770997,15.27325692
46632,1.16,400387.0,2453.09,1.270748359,15.82736831
46633,0.07,359202.0,1894.6,1.465686865,16.78996928
46634,1.05,357725.0,1523.67,3.161929009,13.08295119
46635,2.45,386718.0,1894.27,1.466809773,14.6147784
46636,2.34,266266.0,2320.88,1.889820282,15.8115605
46637,0.77,370489.0,2225.31,1.89271036,15.85419567
46638,0.89,347722.0,856.39,1.126408586,14.69290067
46639,0.43,363419.0,1841.9,1.769500072,16.40812773
46640,1.3,169523.0,2600.64,1.584953827,13.84668862
46641,1.88,127372.0,2541.1,1.478381172,12.45073352
46642,2.03,401119.0,2161.74,2.891613998,13.63599794
46643,1.87,131948.0,1897.86,1.447410337,11.82082814
46644,2.66,245015.0,1818.4,1.064687266,15.1321007
46645,1.16,377142.0,1325.3,1.450012,13.40447262
46646,1.95,239984.0,2099.3,3.248043086,15.22097735
46647,1.86,181695.0,941.84,1.808631339,15.81129012
46648,1.94,371579.0,1759.44,1.281547689,12.87417731
46649,2.03,362204.0,607.42,2.774381266,14.97692655
46650,1.46,133258.0,2315.72,2.861507647,16.30089405
46651,0.79,369977.0,2518.15,1.976880805,16.85701017
46652,0.45,385749.0,894.58,3.671370608,15.66839224
46653,1.24,146187.0,2373.1,2.927377665,15.6609422
46654,2.21,143365.0,1964.97,2.061354837,12.96856622
46655,0.63,164172.0,940.29,2.130748995,16.2622278
46656,2.1,351385.0,2125.66,3.121880725,16.37849982
46657,2.58,372346.0,2023.44,1.089108498,13.61577089
46658,1.85,344738.0,2260.54,3.017743567,15.32631267
46659,1.65,288292.0,2476.21,1.165224145,14.67653928
46660,1.78,253225.0,951.61,3.856774944,13.73037101
46661,2.42,383434.0,710.49,0.654905841,14.96901578
46662,1.35,396190.0,1768.18,1.57788298,15.90349771
46663,1.71,179118.0,922.74,1.750675989,14.19453912
46664,1.84,153345.0,881.18,1.526622526,14.45614729
46665,0.66,352650.0,1717.67,1.798565749,16.09467715
46666,1.59,265408.0,2278.68,3.777464728,13.96184329
46667,1.75,364251.0,686.46,4.336552386,15.73777078
46668,0.44,366332.0,1311.55,2.127122366,16.94981496
46669,1.97,385703.0,2353.29,2.287265241,15.66165573
46670,2.61,368043.0,1445.93,3.668863487,13.36389508
46671,0.31,250119.0,1888.7,1.882214663,15.18076419
46672,1.98,118263.0,1452.82,1.567187592,15.62054491
46673,1.41,261152.0,2345.84,0.294657151,12.91096933
46674,1.49,391005.0,1066.02,2.661924551,15.34295673
46675,1.15,242802.0,1533.05,2.071236081,15.53000629
46676,0.73,351100.0,1849.7,2.117216713,13.60678127
46677,1.77,248920.0,2611.91,1.519190317,15.34318506
46678,1.63,394046.0,1814.15,4.186354026,16.29802273
46679,1.83,353767.0,2044.27,4.104291347,13.13593129
46680,0.36,363525.0,1482.56,2.115517455,16.68897665
46681,1.96,151060.0,1786.83,1.395512564,15.24562748
46682,0.94,154895.0,1335.15,0.446622518,15.99526311
46683,2.11,378420.0,2085.51,2.176481298,15.79166447
46684,1.78,239025.0,762.96,4.483287929,15.62232337
46685,1.02,166213.0,2646.7,3.245129483,14.96717157
46686,0.75,139082.0,1785.42,3.018017821,14.54637496
46687,1.95,372216.0,1868.64,2.169592111,15.4590059
46688,1.64,373333.0,1284.04,3.102950105,15.92382233
46689,1.66,344901.0,1829.41,1.875171783,13.27682259
46690,1.81,116410.0,1827.91,4.12364497,17.02903764
46691,1.36,360697.0,2461.13,1.167670516,14.11265616
46692,0.0,384857.0,1475.35,1.310423131,16.65571834
46693,1.22,354710.0,1858.33,1.627489137,13.80562079
46694,1.35,377713.0,1851.73,4.184128916,15.74793778
46695,2.46,245043.0,2146.26,3.792376776,13.32916482
46696,1.53,341579.0,1670.59,1.884792913,15.09496222
46697,0.5,258655.0,2191.55,1.720065174,15.42613778
46698,1.61,388844.0,1944.24,3.904555789,13.72094733
46699,0.99,381841.0,1936.49,1.208642097,12.76159136
46700,1.35,374708.0,1931.54,1.971777989,13.39123616
46701,1.83,272069.0,2408.3,2.674844708,16.23701796
46702,1.36,236258.0,1229.7,2.052938767,15.75068751
46703,0.08,253924.0,1706.57,1.746138091,17.07074822
46704,0.78,138074.0,1672.15,3.363224513,15.19798826
46705,1.59,157761.0,898.53,-0.326393035,15.41229862
46706,1.87,345961.0,731.17,1.515194742,13.09050929
46707,1.53,255939.0,895.96,1.18844331,16.34171062
46708,2.58,372951.0,1816.54,2.808965036,15.15612832
46709,1.71,363515.0,1817.29,1.985987405,14.85956571
46710,0.77,377849.0,1975.73,0.740462001,15.12492235
46711,1.31,358649.0,805.29,2.878719111,14.5437547
46712,1.64,364658.0,2465.25,-0.326393035,16.41971456
46713,1.33,150609.0,2309.96,1.955472338,16.03845949
46714,1.53,375803.0,2912.02,2.843359498,15.77159518
46715,0.78,137972.0,1577.81,1.498462794,12.83087662
46716,1.81,143608.0,1990.19,1.17479888,15.42280813
46717,2.62,359336.0,961.55,0.937411696,15.61147863
46718,0.95,247943.0,2010.59,0.473887335,16.19634522
46719,0.98,151823.0,1920.42,1.762456985,14.56971341
46720,2.46,246385.0,911.23,1.377142703,15.68243604
46721,2.24,367723.0,696.38,0.683805633,14.8545272
46722,1.65,356742.0,2003.7,3.060926606,15.12809988
46723,0.18,399297.0,2084.75,4.571136878,15.19444392
46724,1.96,253425.0,2038.9,1.672742839,13.94509875
46725,1.98,271868.0,859.7,1.307446425,15.98902746
46726,1.94,370273.0,1985.6,2.31891302,15.14295995
46727,1.52,377276.0,2441.44,4.658322138,15.91665587
46728,1.39,366680.0,1059.97,2.576010917,15.54336629
46729,1.28,395127.0,1922.55,1.656191371,15.86797263
46730,2.63,250097.0,1951.62,3.753043052,15.91616766
46731,1.1,143390.0,1953.17,2.201111797,14.55902365
46732,2.28,371518.0,1878.18,1.363921761,16.3342768
46733,0.99,394338.0,2126.34,3.775648128,15.51474988
46734,1.08,247826.0,2111.33,3.414140731,17.73027397
46735,0.88,378115.0,807.3,1.615696963,15.56963683
46736,1.5,366549.0,944.23,1.193311307,13.63899255
46737,1.55,157160.0,1920.94,4.622788726,17.73027397
46738,1.12,154987.0,2017.52,2.302204056,16.7850171
46739,1.41,370288.0,862.29,1.074711037,15.82466025
46740,1.97,168990.0,1780.12,1.992740321,12.99925644
46741,0.91,367067.0,1963.06,4.026835158,15.66542524
46742,1.5,385126.0,2503.69,0.763430785,14.26220096
46743,0.98,151908.0,1359.49,1.225226561,16.93272179
46744,1.46,341189.0,1779.94,1.286148361,15.89971169
46745,2.03,125054.0,1820.93,1.98660349,15.79238855
46746,2.93,142468.0,1532.05,3.901024464,14.43481512
46747,0.98,390441.0,2390.39,1.297754895,15.76393584
46748,2.11,157898.0,1928.79,2.256105647,13.60145382
46749,0.0,172087.0,1636.61,1.408291508,15.50349196
46750,2.73,383387.0,1057.16,0.236002403,15.75236337
46751,1.11,379598.0,904.27,-0.179762909,14.87960155
46752,1.83,153771.0,1801.77,0.132932141,15.80214546
46753,0.0,129381.0,1979.75,1.722768697,15.80807627
46754,0.68,275604.0,1912.41,1.079739475,16.45338352
46755,1.61,255695.0,1773.67,3.591411847,12.87629943
46756,1.89,390853.0,757.66,4.113310031,14.45805825
46757,0.59,390028.0,1310.9,2.008149137,12.99680177
46758,1.19,149134.0,1202.64,3.038431715,15.249924
46759,1.98,121876.0,2286.39,1.734794358,14.58512439
46760,2.03,355992.0,813.19,4.311210738,15.6186722
46761,1.79,378108.0,1536.41,1.881227761,13.40311905
46762,1.35,133989.0,1818.8,2.282098595,15.14911466
46763,0.52,357413.0,800.14,1.87281049,16.5928905
46764,2.92,263781.0,1015.42,2.013054544,16.33264535
46765,1.12,367235.0,2538.2,1.988083914,15.36548164
46766,0.94,356494.0,1827.96,4.487135527,15.73302805
46767,1.88,371279.0,1957.85,2.158889255,14.47063926
46768,0.55,240711.0,1548.38,1.514540007,16.42478336
46769,0.7,376144.0,2126.15,0.061763975,16.31198439
46770,1.08,367584.0,1042.45,0.611969745,15.64675095
46771,1.7,263058.0,852.04,2.935082932,13.28874875
46772,1.83,144355.0,1921.38,1.905039765,15.07309904
46773,0.96,382265.0,1918.87,1.423119274,16.14736919
46774,0.86,378577.0,1764.1,4.349086941,14.76655244
46775,0.16,380187.0,1866.81,1.877753361,16.85788479
46776,1.94,146387.0,1683.55,0.817480295,13.21873175
46777,0.35,350342.0,1251.82,1.829556976,16.45130586
46778,0.75,265539.0,2121.5,2.731292635,16.63983661
46779,0.93,377490.0,1578.08,2.728845308,15.6272739
46780,1.48,380492.0,1878.57,1.885808459,16.63101107
46781,1.0,177598.0,1905.66,1.591478123,14.76993689
46782,1.23,263189.0,1747.93,3.274094558,12.95729335
46783,0.68,357837.0,1052.49,1.424413948,15.05239442
46784,2.09,248523.0,1813.64,1.783890277,16.38338869
46785,1.24,144247.0,1383.54,0.577981679,16.54929259
46786,2.17,353827.0,1150.03,1.362753002,15.61382785
46787,0.85,380485.0,1740.31,2.836916993,16.1852083
46788,1.78,376975.0,1526.63,3.979543026,15.95494546
46789,1.38,143586.0,1603.21,0.623783589,16.09510442
46790,2.16,391167.0,1394.85,1.68553919,16.5324452
46791,2.02,254637.0,1749.44,3.269318596,17.10183161
46792,1.19,380649.0,2137.89,1.876506947,14.67647351
46793,1.48,236470.0,2448.47,1.428043039,15.87656882
46794,1.6,166558.0,1998.56,2.838932953,16.50825067
46795,2.14,153994.0,1286.82,1.141220421,13.59354524
46796,1.22,378807.0,2042.69,2.767160133,15.45193808
46797,1.26,361217.0,2507.72,2.727324873,15.44613973
46798,2.36,150664.0,1173.31,3.78294541,13.90752556
46799,1.11,398101.0,2474.51,2.471097254,14.57800254
46800,1.33,353676.0,2424.67,3.582827023,13.44707094
46801,1.43,366523.0,1044.66,1.273895013,13.28805315
46802,1.58,133345.0,1056.22,2.623611524,14.66968236
46803,0.85,233416.0,2170.07,1.35530619,12.46505638
46804,1.01,384400.0,2014.84,4.410184151,15.03917867
46805,2.28,375933.0,1932.68,2.877734003,16.37386047
46806,1.87,250027.0,1829.16,1.318217091,16.19617437
46807,1.24,354666.0,1290.2,2.166651805,15.22773375
46808,1.62,386512.0,1832.28,2.635271344,15.55487101
46809,2.43,250621.0,1990.22,0.936411342,15.01284825
46810,0.87,375567.0,913.57,2.375900822,16.36363325
46811,0.13,349623.0,864.62,2.145453002,14.8041347
46812,1.13,364104.0,1656.61,1.786699884,15.99921304
46813,0.25,383774.0,2343.87,1.525899899,11.57193534
46814,2.41,401119.0,1930.62,2.006345798,14.53273664
46815,0.14,137490.0,1858.68,1.760894212,15.51319566
46816,1.27,364014.0,1522.95,1.371017383,13.54965707
46817,1.46,141601.0,1972.43,1.933612273,14.81841227
46818,1.04,274715.0,1921.88,1.795389932,13.81047264
46819,1.63,376146.0,952.36,1.984340511,17.21665167
46820,0.99,353976.0,957.3,0.544516047,13.20907923
46821,2.49,161883.0,1919.73,1.890766592,15.27184589
46822,1.32,150177.0,1883.37,1.5753181,13.04337206
46823,1.02,251843.0,1883.63,2.155679784,15.88466545
46824,1.6,388830.0,1897.57,2.936595722,13.0978225
46825,2.09,148204.0,1234.23,2.233921543,16.69256777
46826,1.54,274906.0,2345.86,1.893362417,15.46702374
46827,2.01,143270.0,1079.13,-0.326393035,14.86147205
46828,1.54,370516.0,1772.45,3.186972463,15.8660459
46829,1.39,244860.0,652.01,-0.0156567,15.08779151
46830,2.07,269496.0,1819.86,4.54721283,15.53415405
46831,0.82,374966.0,1937.21,3.755975566,14.53533808
46832,0.13,275952.0,1835.48,1.666808178,15.878147
46833,1.43,253353.0,601.66,2.08194349,16.60062733
46834,1.66,150221.0,1787.99,1.896278125,16.88731432
46835,2.51,374466.0,1810.16,1.680819301,15.59728062
46836,2.74,354354.0,615.19,1.374005477,14.53311129
46837,0.67,368123.0,2049.48,1.493460967,15.28781777
46838,1.56,347105.0,1485.36,1.348004892,16.90787649
46839,1.75,114947.0,1787.2,0.895821518,12.64603245
46840,0.92,386923.0,1036.35,-0.20524337,16.6624488
46841,2.05,261351.0,2393.81,3.36529953,15.17001574
46842,0.92,255505.0,1997.22,1.59409578,16.11748066
46843,0.92,142478.0,2377.64,1.372966335,12.63599452
46844,1.41,252110.0,2554.49,2.263919767,16.4367395
46845,0.96,157361.0,802.3,1.385366492,15.26419314
46846,1.46,386182.0,3034.79,2.000389102,17.57265123
46847,1.81,142731.0,2304.6,2.33328821,15.72876621
46848,1.68,365074.0,2538.29,3.020280871,15.22018277
46849,1.3,352919.0,1800.53,1.442344706,16.67040817
46850,1.69,284974.0,1077.29,1.929335257,12.8540125
46851,1.63,151990.0,2351.1,0.956862966,16.2322599
46852,0.88,255308.0,1893.65,4.430263897,15.140037
46853,1.44,399857.0,1392.76,1.58624031,16.80834165
46854,1.46,377735.0,1763.73,2.435656252,15.47293404
46855,1.7,255119.0,1466.3,2.175442092,15.2722199
46856,2.1,117213.0,1346.61,1.016185361,15.25579019
46857,1.16,390369.0,1906.69,3.712285237,11.45014704
46858,0.71,379296.0,1726.09,0.393110374,14.93423732
46859,0.62,148678.0,2372.69,-0.055301711,13.99221997
46860,1.35,376129.0,2312.72,1.814723122,16.05384894
46861,1.72,381373.0,2516.04,1.962386043,12.98689624
46862,1.24,370093.0,827.64,2.05208051,16.98994045
46863,1.18,272158.0,1908.44,3.716475102,15.03454506
46864,1.11,364351.0,1089.16,1.211439423,15.65967679
46865,0.47,158923.0,2465.17,2.90828265,15.05114109
46866,1.94,356866.0,2321.44,1.861003044,16.01633127
46867,1.31,362157.0,655.87,4.93924406,15.6801116
46868,1.6,133036.0,781.25,1.493105256,16.50373081
46869,1.54,262557.0,1563.75,3.824562839,14.63442054
46870,1.72,388611.0,1440.07,1.735160104,16.64804949
46871,2.27,379458.0,1854.82,2.584454299,16.48803136
46872,1.76,244439.0,1871.16,1.406169075,15.31345532
46873,2.38,140696.0,1821.23,1.726374067,15.45978913
46874,1.76,149894.0,1786.65,4.102342576,15.84225614
46875,0.64,275989.0,1586.42,3.076346595,17.2414306
46876,1.64,375108.0,1718.48,2.127114321,15.28486477
46877,2.89,389669.0,1598.79,-0.319485801,14.53082742
46878,3.04,124953.0,856.22,4.131572201,13.64224371
46879,0.94,129888.0,2366.0,2.679955611,15.57530549
46880,2.09,164883.0,792.25,1.867507756,16.1277635
46881,2.48,157730.0,1821.56,4.259374592,15.19635178
46882,0.22,362413.0,1020.09,1.283858136,16.32699108
46883,1.52,369811.0,1940.76,2.760548907,16.18220751
46884,1.73,130152.0,863.93,2.520215513,15.77351317
46885,1.12,388418.0,1867.8,2.969396092,14.20475139
46886,1.45,361339.0,2457.64,3.420718179,15.11507432
46887,0.92,374233.0,1908.83,1.807679887,13.98215754
46888,2.41,164205.0,1015.97,1.532706664,14.47999015
46889,1.05,363963.0,1469.37,3.046171613,15.76270144
46890,1.24,166826.0,1859.97,2.902373085,13.30859696
46891,1.29,245281.0,1867.79,1.152798441,16.04324945
46892,0.75,399907.0,1644.64,3.744513589,15.79345185
46893,0.86,141725.0,1403.06,2.619647771,14.27493806
46894,1.08,377783.0,2449.72,0.017693762,13.21521061
46895,0.65,368310.0,1464.33,2.223688478,16.03633755
46896,0.88,169781.0,1719.5,4.366604767,12.60999327
46897,1.68,254145.0,1543.81,4.103167049,15.9923827
46898,0.97,142316.0,1675.25,3.605862737,16.15474187
46899,1.68,166476.0,1946.48,2.783865435,13.74768764
46900,0.35,370506.0,1776.98,2.699021349,15.81486607
46901,2.01,389186.0,2089.75,2.620378508,16.3170419
46902,1.61,354376.0,1885.11,1.446353369,13.80482257
46903,0.7,384271.0,1962.7,1.416361186,14.30387604
46904,0.63,376754.0,1813.91,4.424664295,15.91944393
46905,1.6,369950.0,1889.66,1.330917932,15.43740388
46906,0.99,376621.0,788.17,2.02054647,15.19479497
46907,0.89,397088.0,1908.16,3.432499343,14.40017642
46908,2.53,148193.0,2281.04,3.610256596,13.32971564
46909,0.45,246721.0,1323.52,2.464262005,17.20147654
46910,0.95,378448.0,2193.04,2.287915986,14.49315252
46911,2.31,155504.0,2360.04,1.426613407,15.51743801
46912,1.11,248653.0,1093.54,2.46932402,15.38671003
46913,0.98,161428.0,1405.65,1.487860531,15.83589384
46914,1.82,162520.0,1844.37,1.37504853,14.63323244
46915,1.59,244262.0,1708.41,1.341749831,16.77483808
46916,1.38,365993.0,1087.8,1.98857436,13.529233
46917,0.69,377027.0,766.91,1.269123764,15.57050116
46918,0.68,385709.0,1975.93,2.165192961,13.70033899
46919,0.31,164200.0,994.08,2.383406301,17.00208981
46920,2.78,369413.0,2354.26,2.481783313,13.24442054
46921,1.23,386839.0,2508.99,4.421695194,13.06329939
46922,2.47,139067.0,1835.13,3.421938009,16.84904926
46923,1.98,173069.0,2165.5,1.561807731,15.13519973
46924,0.56,276337.0,1464.77,4.628425492,12.8254621
46925,2.06,378294.0,1821.36,2.120845405,15.94890275
46926,2.8,167060.0,1898.04,1.614060896,14.37804835
46927,1.11,261026.0,1958.07,1.780680591,15.12202183
46928,2.05,385065.0,1415.25,1.129177026,15.35851728
46929,1.64,360603.0,2538.21,1.325472099,15.6139336
46930,1.61,138611.0,1961.34,1.009466379,15.37462372
46931,1.41,145354.0,2081.14,3.16887411,16.97593713
46932,2.24,376013.0,1275.99,3.0825754,14.74439847
46933,2.27,368012.0,2234.07,4.389314829,15.98561411
46934,2.18,140125.0,1823.35,4.248328263,11.71255111
46935,1.46,249847.0,2327.59,3.464209708,13.34447047
46936,1.26,243813.0,768.29,4.238250001,16.10344905
46937,1.19,135589.0,1306.66,1.362948495,17.59535832
46938,1.94,248533.0,1962.56,3.38046837,16.42259639
46939,1.79,134099.0,975.15,3.156243881,14.12736601
46940,1.94,247544.0,1118.05,4.572619039,14.93304943
46941,2.02,369861.0,1686.79,2.17480348,14.29736227
46942,0.76,353689.0,1089.22,2.677924383,15.94211362
46943,1.47,249104.0,1833.38,1.500562723,14.54148472
46944,1.65,158511.0,1122.75,4.420206883,16.27097141
46945,4.1,360576.0,2360.59,3.366361623,15.3437692
46946,1.0,287050.0,1814.32,4.124077558,15.71027553
46947,1.11,151680.0,2415.33,2.024862016,15.66590762
46948,1.42,267424.0,1694.24,0.68256183,16.93039982
46949,0.37,254242.0,854.44,1.177326632,14.19701222
46950,1.37,132616.0,1324.75,1.125232816,15.5840681
46951,1.47,360317.0,1869.41,2.782342812,15.86737109
46952,2.13,249561.0,2158.01,2.212843157,14.41341052
46953,0.71,263563.0,1226.66,1.723048907,15.26143214
46954,2.14,255961.0,2732.95,2.627686881,16.57565014
46955,1.49,352091.0,1933.59,1.841090177,12.33636158
46956,1.88,271994.0,2098.12,1.841648414,12.76321991
46957,1.23,142738.0,1878.12,1.822452035,15.72510547
46958,1.72,143513.0,2255.13,0.960148498,16.72563916
46959,1.4,357875.0,1878.89,1.601960503,15.06629829
46960,1.77,257091.0,2009.47,0.894389161,15.9297312
46961,2.42,250290.0,1866.96,1.625910115,14.29017055
46962,2.38,350278.0,906.77,3.189994314,15.09639043
46963,0.72,385605.0,1859.01,1.656450442,13.79809186
46964,0.46,147799.0,1579.68,0.871719203,15.85402294
46965,1.91,253695.0,648.8,2.111188648,13.41493403
46966,1.7,339627.0,1935.64,3.978497163,12.93302388
46967,1.92,351473.0,1238.51,2.959834493,15.6859013
46968,2.53,266216.0,1893.48,2.90026941,16.52868687
46969,1.48,385907.0,2324.97,1.249569538,15.36208334
46970,1.86,351002.0,2220.55,4.339727917,12.97781539
46971,1.98,368292.0,909.5,3.045151033,15.66527976
46972,2.65,152152.0,1043.94,1.683954485,15.39497233
46973,1.56,363007.0,1523.67,3.220122509,14.29196317
46974,0.87,365089.0,819.06,1.942290445,15.9262674
46975,1.58,152653.0,1105.9,1.726821201,15.52150916
46976,2.04,143389.0,678.1,3.394005288,13.85006759
46977,1.72,250477.0,1936.46,3.464622403,14.67197024
46978,1.45,379083.0,2485.09,4.834976762,15.91211293
46979,1.15,259739.0,1904.06,3.784023765,13.72155379
46980,2.59,249620.0,1388.84,1.457358262,15.7174723
46981,1.62,269912.0,1737.93,3.132599254,14.3832276
46982,2.01,362721.0,951.74,2.174182844,15.17413479
46983,1.66,255646.0,1363.75,1.469792942,15.53467321
46984,0.52,382966.0,2258.45,0.943991399,15.52840628
46985,3.16,260390.0,999.59,1.436981072,15.26734016
46986,0.27,171051.0,1426.6,2.019151254,13.73030992
46987,0.41,383411.0,1798.49,1.571753396,14.29934302
46988,0.88,277434.0,2516.54,1.701820954,15.02113464
46989,0.58,363186.0,782.67,2.124026118,14.01671396
46990,1.23,366978.0,2396.1,2.895988938,14.54476043
46991,2.02,373161.0,1945.2,1.730521882,14.22163455
46992,1.38,149122.0,3047.82,2.257777926,16.02909343
46993,1.41,372303.0,1796.44,0.592141022,13.84212494
46994,2.6,163329.0,2405.99,1.684390007,14.88111339
46995,0.89,161779.0,1784.09,0.062188133,13.33199467
46996,3.12,374877.0,2464.29,2.942404783,16.32611613
46997,1.89,142072.0,1858.97,2.934452299,15.89051917
46998,0.89,124331.0,1513.89,3.192091334,13.87335282
46999,1.94,376415.0,1399.56,1.742496397,15.6322877
47000,1.75,352272.0,2481.48,3.619288601,16.03296573
47001,1.72,259165.0,1757.24,1.854947748,13.96042706
47002,0.73,374910.0,2031.63,1.547881377,16.25408913
47003,2.84,239556.0,1935.18,1.70899221,13.62597789
47004,1.34,114947.0,722.18,1.264387599,15.55662191
47005,0.31,135468.0,1286.25,4.137055048,15.80207139
47006,0.8,350280.0,1870.98,3.923018062,15.37917074
47007,1.48,396077.0,720.22,1.884298782,13.63862199
47008,2.11,374418.0,2514.77,3.500986076,15.42300485
47009,1.71,346632.0,1802.51,3.686243511,13.88840516
47010,0.77,240420.0,1940.07,2.146621307,14.3057523
47011,1.17,134741.0,587.07,0.193806215,16.56973495
47012,0.85,353270.0,1577.21,1.07337443,14.79505884
47013,0.27,140252.0,2162.7,1.121027696,13.50610343
47014,3.26,267391.0,1717.6,1.476177749,16.19199715
47015,1.46,388408.0,2541.14,1.921776816,17.43790309
47016,1.19,364769.0,1888.66,1.836451213,14.04867689
47017,0.8,373291.0,1886.74,1.70324347,13.8985711
47018,1.58,263852.0,986.1,0.92598748,12.94599346
47019,1.69,121751.0,1795.39,2.427526463,13.29644578
47020,1.78,125811.0,1774.93,4.053332066,15.81520762
47021,0.0,379971.0,903.6,3.248801448,16.80383661
47022,1.89,262666.0,1961.62,1.774166099,15.65937977
47023,2.26,367316.0,1897.83,3.598510882,15.45912135
47024,0.5,256590.0,1688.13,1.401289376,15.54675392
47025,1.15,145970.0,1745.94,1.598286874,15.2997552
47026,1.07,141688.0,1135.49,1.386260585,16.31955624
47027,1.47,175521.0,2116.62,2.844990287,16.08398511
47028,1.55,247499.0,2131.56,0.042617856,16.1812027
47029,0.44,164817.0,1863.79,2.992644425,16.5513137
47030,2.86,233705.0,1601.24,1.260834777,15.51086907
47031,1.76,368957.0,772.39,2.192919293,15.11944559
47032,2.09,175609.0,1973.35,2.097227509,17.03100212
47033,1.26,162186.0,2233.16,1.730285068,15.18934819
47034,2.12,258026.0,2252.94,1.738437869,13.73098387
47035,1.12,396621.0,1320.89,3.629759246,16.21144533
47036,0.98,153430.0,1816.82,1.829717358,13.01157888
47037,1.56,367760.0,1745.13,2.822203525,16.1927545
47038,0.51,158035.0,888.54,4.186647573,15.87673552
47039,0.64,150874.0,1842.55,0.799968314,13.81231715
47040,1.5,363035.0,795.97,2.827279365,15.9649513
47041,0.48,134171.0,927.87,1.509540747,16.65976783
47042,1.05,384198.0,2474.05,3.781104284,13.7701811
47043,2.04,377824.0,1681.13,2.880600138,17.16484267
47044,1.96,274099.0,1839.86,1.96929375,16.48046746
47045,1.42,356526.0,1255.02,1.766728429,15.16822904
47046,0.8,360011.0,1245.74,1.793010136,15.37223054
47047,0.57,280641.0,2243.98,1.828754488,15.59338421
47048,2.04,247283.0,2215.34,3.065619035,15.86281441
47049,0.89,125393.0,1550.32,2.466753764,15.61567283
47050,0.48,372527.0,2027.03,3.865430431,15.40261473
47051,0.91,156583.0,1413.91,3.681500638,17.04650893
47052,1.67,375792.0,1787.33,3.796315511,13.57555662
47053,0.14,359924.0,1612.76,1.74847556,13.49389508
47054,0.86,352759.0,772.72,0.428687789,16.79250526
47055,1.44,146422.0,1113.26,2.807605216,15.27984543
47056,0.58,255692.0,1513.83,0.271199769,15.47225871
47057,0.81,342941.0,2242.35,3.759634035,16.91912738
47058,1.82,335733.0,1935.54,1.05232625,15.08843706
47059,2.02,385114.0,2246.38,1.723131707,14.9278274
47060,1.55,369630.0,1714.71,3.152779176,16.06334598
47061,0.8,249703.0,801.25,1.34744125,15.89519592
47062,1.24,358155.0,1904.63,2.106623406,14.80521438
47063,0.85,388721.0,2133.22,3.328554944,13.55905372
47064,0.53,141790.0,845.04,4.86783981,14.47035343
47065,1.19,271548.0,1917.7,1.575041145,16.63376715
47066,0.69,138359.0,1826.86,1.712739959,14.2294212
47067,1.7,370295.0,1879.34,4.414838111,15.27280255
47068,0.43,387415.0,1852.2,2.776159065,15.93615267
47069,2.23,161286.0,1903.4,1.376488973,15.17993881
47070,0.66,247673.0,841.12,2.127085422,14.01734373
47071,2.79,165437.0,780.43,1.948797131,14.83930119
47072,0.65,264188.0,2492.62,2.029473531,16.39462992
47073,1.39,288438.0,1508.64,2.087203029,16.11787445
47074,1.43,159450.0,761.91,3.118567467,15.3380412
47075,1.85,151708.0,954.77,4.663103127,14.11050156
47076,1.54,146425.0,1029.99,1.83063518,17.19624738
47077,2.36,147669.0,1542.03,1.016054532,14.78695639
47078,1.27,376133.0,1093.09,1.684767303,15.30169433
47079,0.83,380196.0,1881.12,2.248824924,17.73027397
47080,1.08,251497.0,2358.37,1.895770992,12.87066873
47081,1.65,259057.0,1224.18,0.99754218,17.3991567
47082,2.56,359650.0,851.71,2.085961763,15.49072897
47083,1.32,378421.0,2227.39,1.40749881,14.7833944
47084,1.83,371213.0,1497.15,2.357154602,15.60134948
47085,1.14,375868.0,2703.05,3.200862192,16.62610808
47086,2.9,376202.0,693.17,3.400028563,15.35647402
47087,1.37,240046.0,1107.73,3.592951414,16.12191367
47088,1.6,132657.0,2550.57,1.467127988,15.81521487
47089,0.89,386596.0,1296.25,1.919009313,16.87835172
47090,1.76,358225.0,1921.37,2.070871324,15.11080834
47091,2.13,127965.0,1891.21,1.730655552,13.39296425
47092,1.35,139029.0,2265.1,1.169131609,16.5443923
47093,1.31,363340.0,1609.38,3.710270451,14.08479715
47094,2.2,341593.0,2200.21,1.097288139,13.70098144
47095,1.95,352327.0,2224.52,1.427212851,15.81284298
47096,2.25,123903.0,1704.58,2.872653583,14.42157427
47097,1.15,161588.0,1221.13,0.206797186,14.15149447
47098,0.33,351810.0,1914.38,1.169460121,13.27744133
47099,1.3,374167.0,1838.5,0.539201736,15.54438619
47100,1.7,128237.0,2182.01,2.033564165,15.39463405
47101,1.76,361545.0,2353.93,1.777193128,16.56289797
47102,1.26,358202.0,2330.47,1.894189707,16.78336017
47103,2.43,267035.0,1975.58,4.176221409,14.73980211
47104,2.53,364458.0,1874.39,2.792571253,16.95078143
47105,2.09,237475.0,1889.12,1.766206757,15.65672341
47106,1.87,116094.0,1125.28,3.688188109,16.1565048
47107,1.57,130858.0,955.72,1.565586127,15.69432438
47108,0.66,380957.0,2230.57,3.348465552,15.01120045
47109,0.97,158564.0,1524.27,3.162129341,15.55580992
47110,1.03,371876.0,2118.18,0.479384954,15.66612879
47111,1.38,338440.0,1820.73,2.004605301,15.43990242
47112,1.62,158229.0,1460.51,2.86329692,16.54776744
47113,1.5,260279.0,2410.53,2.574903821,17.00514721
47114,1.89,385915.0,1938.75,0.759784961,15.94951989
47115,1.82,256020.0,1478.52,1.006755977,13.12680741
47116,1.81,255291.0,776.99,1.042018748,15.16561252
47117,2.57,159653.0,1588.01,2.370252769,15.38331724
47118,2.83,150394.0,2793.0,1.560675192,15.46132234
47119,1.22,225737.0,1986.94,3.270077842,13.60572185
47120,2.74,396130.0,1846.38,1.120448046,17.2916803
47121,0.0,352657.0,883.9,1.445477589,15.24503993
47122,1.96,246320.0,1331.33,2.233125393,15.43121164
47123,2.46,146139.0,1012.65,0.114639825,16.55165123
47124,1.19,367086.0,1300.57,0.752309786,15.32727484
47125,2.38,238368.0,2367.24,2.331513606,12.90905063
47126,1.05,377230.0,1441.62,1.783034694,15.56578417
47127,1.47,349657.0,1777.07,2.649873101,15.05879063
47128,1.14,143758.0,1375.45,2.756123911,16.89203055
47129,1.94,160269.0,1158.86,1.643932364,14.52281264
47130,1.43,366509.0,2447.76,0.784190974,13.12886173
47131,3.07,119983.0,1024.41,0.907053515,16.17852156
47132,2.05,384963.0,1945.87,1.678189397,13.89438712
47133,1.04,144483.0,805.54,1.546686455,14.96146762
47134,1.56,346157.0,627.84,1.525445865,14.89888043
47135,1.45,143824.0,1954.38,3.925259481,16.28616885
47136,1.76,367510.0,1128.89,1.892450784,15.49216886
47137,1.79,361714.0,1900.09,1.552596977,13.81050962
47138,0.85,141901.0,1948.65,1.439069101,13.50655075
47139,1.74,387515.0,2301.79,2.933933799,13.19915123
47140,0.43,256162.0,1573.64,-0.127240579,13.60591349
47141,2.41,129453.0,1778.5,2.63033616,15.96786189
47142,1.03,384725.0,1467.64,3.550036829,15.33800505
47143,0.76,382826.0,1239.45,1.993743829,16.07804472
47144,1.61,376708.0,1494.53,2.031412615,14.37849147
47145,0.65,375647.0,2287.96,2.906427592,15.43244155
47146,0.67,345447.0,1925.72,3.481984581,13.84040378
47147,0.47,387771.0,2439.53,1.540904159,15.18050932
47148,2.33,339946.0,2390.1,3.24608396,16.19388386
47149,1.53,251316.0,1421.59,1.482007017,15.69487582
47150,1.54,172499.0,1422.27,0.918758142,17.62046768
47151,1.86,258693.0,2358.34,2.048388707,16.29805349
47152,1.45,247066.0,2249.48,4.004088213,13.34426139
47153,1.25,384343.0,879.51,1.122194568,15.44017457
47154,0.65,263910.0,1656.78,2.208694082,16.77693381
47155,1.05,367441.0,1979.34,1.111131964,14.8871492
47156,1.9,279315.0,1686.97,3.190394554,13.76090019
47157,0.24,161064.0,1832.41,2.025656788,14.98374238
47158,2.67,153072.0,2397.79,0.963024883,15.13060119
47159,0.17,360741.0,1465.3,4.474101579,15.09272565
47160,1.47,380721.0,2228.73,0.35945338,15.13807958
47161,0.8,253264.0,1622.76,1.231539062,13.86490089
47162,2.32,369855.0,1438.51,1.356120353,15.60966744
47163,0.93,351634.0,2167.28,3.391086263,15.17128818
47164,1.11,261574.0,1639.57,3.825198935,16.44802834
47165,3.07,369139.0,2293.43,1.690487855,14.8247932
47166,0.66,256445.0,1429.53,2.06496041,12.86577745
47167,0.88,161275.0,836.06,1.367793358,16.93997604
47168,0.55,389086.0,2979.66,2.991253601,13.53904873
47169,2.1,339951.0,1858.34,1.137806365,16.53101889
47170,2.41,384881.0,2232.6,4.100135014,15.68469291
47171,1.01,360118.0,2319.34,3.916848987,14.27191212
47172,1.23,380882.0,1827.59,1.867279194,14.53328056
47173,0.82,124172.0,1705.89,2.432367165,13.71483101
47174,1.97,357871.0,1671.79,3.749987704,13.52803658
47175,1.86,355250.0,1621.75,3.427199264,13.55942165
47176,0.61,350436.0,736.6,1.738009592,15.88771134
47177,1.61,137871.0,1207.83,1.849720816,16.41651961
47178,0.09,244523.0,1675.36,2.709818911,14.03390524
47179,0.65,390978.0,1901.29,0.293335909,13.92678507
47180,0.62,131092.0,837.35,3.319218687,16.44071753
47181,1.48,371586.0,2368.19,3.254116829,13.94754308
47182,2.54,123628.0,2335.27,2.808948039,13.70449245
47183,1.56,164426.0,897.11,2.980892689,14.4765289
47184,1.69,369193.0,1329.92,2.900382307,14.89492966
47185,0.0,381998.0,1627.42,4.171121004,15.71263775
47186,1.94,152061.0,816.93,0.990704742,13.29808474
47187,2.56,381432.0,2450.69,3.691557083,14.3668476
47188,0.3,386409.0,1905.97,1.741905778,15.83194133
47189,0.91,369784.0,1037.52,1.884594932,15.75188999
47190,1.85,378669.0,1705.64,1.937209294,13.02855014
47191,2.13,383525.0,1647.03,3.806216938,15.44682459
47192,1.06,368208.0,1992.26,1.960685192,16.73912967
47193,1.16,371874.0,1915.02,0.594306155,11.99300866
47194,0.89,249736.0,2265.25,1.649711991,11.8895977
47195,1.5,356566.0,1203.17,2.475844449,13.09364854
47196,0.7,142833.0,1412.76,1.890810582,15.78640221
47197,1.15,146985.0,1856.73,1.018909356,16.98797007
47198,1.11,351675.0,1874.56,1.182189336,14.28902206
47199,0.92,345368.0,1916.16,1.591401017,15.14607622
47200,1.86,370588.0,2271.45,3.07422439,11.99781495
47201,2.26,357638.0,2456.16,1.505625739,16.99998729
47202,1.36,375280.0,984.55,3.094392626,16.28620112
47203,1.56,135800.0,1840.48,1.773334647,13.33843999
47204,0.95,257911.0,1555.2,3.995767447,15.61947805
47205,1.76,142257.0,1031.86,1.393324212,14.55212452
47206,0.89,261155.0,890.34,-0.212319912,16.10717177
47207,1.22,347754.0,2297.88,2.875906427,15.50691308
47208,1.18,395067.0,1855.52,2.168013632,16.12609807
47209,0.41,141814.0,2256.67,0.602700112,13.15243677
47210,1.95,328419.0,1019.0,4.197210485,13.48747728
47211,2.01,259635.0,777.7,3.666896858,16.1628357
47212,2.36,282647.0,1914.85,2.189085099,17.14867537
47213,1.32,269477.0,1717.23,1.57103415,15.92569864
47214,0.75,374661.0,1409.64,2.979528134,16.26448104
47215,1.47,397272.0,2104.05,1.839422093,16.95209365
47216,0.22,356230.0,2381.75,2.046091351,14.98258819
47217,1.63,253134.0,1288.0,4.539156898,14.87498501
47218,1.4,369842.0,2323.88,-0.326393035,15.95745968
47219,1.35,375380.0,1861.91,3.593096635,17.52307527
47220,2.34,381629.0,1707.28,3.017249667,12.60825311
47221,1.51,130789.0,2408.96,4.29317851,15.28725157
47222,1.54,358156.0,882.51,0.911191752,15.9954455
47223,1.95,138124.0,2331.57,1.693994007,15.52941151
47224,1.1,163514.0,1853.6,1.872223767,15.5460949
47225,0.62,380584.0,2025.17,1.97641919,14.93356332
47226,1.16,264755.0,2423.13,1.343809916,16.42527265
47227,2.61,401119.0,2057.23,2.184322725,15.88813674
47228,0.25,367546.0,1529.72,2.051680197,15.81640293
47229,1.42,389328.0,1603.42,1.902255256,16.97225465
47230,2.74,265987.0,1855.36,-0.049720426,16.21450285
47231,1.18,140295.0,2287.99,1.148837981,13.11921487
47232,2.26,248858.0,1844.05,1.764271334,16.44505581
47233,0.35,354544.0,2218.77,1.544087754,13.9593146
47234,0.34,362918.0,2126.27,0.962589704,14.39639571
47235,0.91,349156.0,1987.0,2.676845143,15.4233269
47236,1.06,252498.0,1956.83,1.410867178,16.38559719
47237,1.99,383198.0,1938.63,1.598976578,17.19949347
47238,1.26,366691.0,2463.47,3.729715417,16.6706136
47239,2.21,378686.0,2168.09,1.579340815,12.97228698
47240,1.42,364141.0,985.45,2.667913531,13.52443147
47241,3.04,152846.0,1939.75,2.271616459,14.42852154
47242,1.33,349454.0,2302.32,2.048043747,16.16457721
47243,1.54,247963.0,1326.05,3.118410464,14.53588187
47244,1.05,131201.0,2676.81,2.417431433,16.33854224
47245,1.45,141588.0,1404.62,2.11811239,14.31201687
47246,1.75,134972.0,2146.67,0.911957909,16.52455951
47247,1.17,355009.0,1797.5,1.751849114,14.78339061
47248,1.77,165831.0,1825.87,4.689099711,16.83239573
47249,0.45,369093.0,1939.73,1.384839452,14.73942108
47250,0.97,371955.0,2636.76,1.618426826,15.06407219
47251,2.04,256607.0,782.55,1.627616586,15.2141193
47252,0.96,375797.0,1965.7,1.466839695,16.53862443
47253,2.51,368322.0,1835.31,4.017509033,15.0336601
47254,1.15,252255.0,963.08,1.971121083,15.56474124
47255,0.56,174178.0,1947.67,2.490414954,15.44353232
47256,0.73,346031.0,1740.21,4.6283789,12.892225
47257,2.26,144629.0,760.57,3.187001369,17.14120258
47258,1.63,151456.0,2355.45,1.607042806,16.32288585
47259,2.66,348356.0,789.27,1.511759175,15.50266745
47260,1.83,241105.0,2343.2,1.796216947,17.09061561
47261,2.09,119422.0,2405.81,1.714610167,15.87840973
47262,2.23,161582.0,1411.85,0.117260303,15.2161868
47263,1.34,361928.0,2695.74,3.333375939,17.34853378
47264,0.99,390930.0,1843.93,3.837387099,16.08277166
47265,1.3,151875.0,1151.68,0.440024813,14.29075429
47266,1.99,393058.0,2464.75,2.227408953,16.45752046
47267,1.41,366671.0,1010.01,2.528521593,16.19509537
47268,1.2,247008.0,1976.38,1.363409713,13.42873272
47269,1.59,367479.0,1535.73,1.145453581,13.70542414
47270,1.37,261702.0,2333.29,1.578046892,13.66004708
47271,1.56,177975.0,763.89,1.583447434,16.25380983
47272,2.3,373981.0,1925.91,2.300587388,16.03233042
47273,0.63,359271.0,1827.82,2.201896628,16.70264483
47274,1.87,376037.0,1404.94,1.737584203,15.12365741
47275,0.79,271038.0,1881.95,1.88058123,14.53929072
47276,0.88,391627.0,1615.47,1.880389397,16.82529333
47277,1.08,257139.0,1400.11,0.754819313,15.05502045
47278,5.24,337185.0,1061.88,0.443741368,15.33979346
47279,2.79,356135.0,713.36,1.427384265,13.49189124
47280,1.46,381826.0,1612.2,1.881938087,16.08523151
47281,1.15,141856.0,2348.39,1.008003609,14.90995451
47282,1.87,143368.0,1351.35,1.541202468,15.04420633
47283,1.12,270823.0,976.78,0.961394654,15.45708842
47284,2.29,258449.0,1853.13,3.083557,14.57713749
47285,1.2,373191.0,941.54,2.021440246,13.31101003
47286,1.65,360067.0,748.77,2.581321187,17.1307759
47287,1.23,400554.0,1534.78,2.048635967,14.16453358
47288,0.33,350661.0,1873.43,4.93924406,15.45986718
47289,1.39,380261.0,2180.52,4.574281182,15.1733768
47290,1.83,242618.0,941.88,2.291448856,13.78948988
47291,2.14,140686.0,1586.33,0.215483408,12.3486457
47292,0.64,373136.0,1961.5,2.607350516,13.04641806
47293,2.07,335450.0,1962.06,2.072584182,16.07270584
47294,0.22,382099.0,1841.44,1.891370702,16.27469905
47295,0.83,245634.0,1847.7,2.963665377,16.81474974
47296,2.26,360598.0,2508.76,1.49381544,13.25958402
47297,0.09,380871.0,1915.9,2.292158524,16.38249855
47298,1.78,158463.0,726.44,1.83050144,15.826391
47299,1.65,352552.0,1065.81,2.103010339,13.43095267
47300,1.51,281723.0,1894.07,2.926594214,14.15522527
47301,0.0,361320.0,1353.05,1.820014673,14.14918075
47302,4.73,121149.0,1848.83,4.27532184,14.75030881
47303,1.3,156449.0,1812.76,0.928360021,12.97586379
47304,1.13,362995.0,1626.72,2.609781492,12.99101278
47305,1.32,352728.0,1566.19,1.388100523,16.40508611
47306,2.39,145250.0,1630.03,1.119336825,12.03699027
47307,1.68,236075.0,1069.33,1.446959053,13.1687604
47308,1.68,388378.0,938.97,1.797346257,16.63692669
47309,1.89,140328.0,1940.71,1.496201519,15.45762075
47310,1.31,162194.0,1585.47,1.552697628,14.01942622
47311,2.65,266621.0,881.81,2.618976948,15.41394698
47312,4.28,270643.0,1336.07,1.354278568,17.27856831
47313,1.34,367145.0,2261.87,1.030477162,16.6237547
47314,0.5,274003.0,1110.67,2.38873714,15.72551408
47315,1.28,348798.0,1710.99,2.022938268,13.33052058
47316,1.88,376191.0,1327.75,3.529646507,16.12093907
47317,1.21,366259.0,2455.35,1.791460562,13.17262971
47318,1.12,358129.0,844.48,0.891365339,16.4925801
47319,0.52,376437.0,1872.17,1.897200957,14.34750575
47320,1.29,354196.0,1491.32,1.339976066,13.19516371
47321,1.83,125710.0,2537.52,3.76480962,15.0475598
47322,1.3,172753.0,996.25,2.266108143,16.37920944
47323,2.28,358110.0,1723.78,1.35918538,15.80695179
47324,2.08,121371.0,1439.07,1.114808194,15.07867387
47325,0.61,247577.0,2107.44,1.524931578,15.63727101
47326,1.91,259108.0,2151.86,1.870197495,16.68364433
47327,0.88,143933.0,1268.12,3.077663495,15.6268982
47328,1.44,244997.0,586.86,1.803507084,14.74707967
47329,0.28,345057.0,1603.52,1.766802846,16.19997489
47330,1.61,259546.0,2239.76,2.904420216,13.76535904
47331,1.94,248733.0,1889.68,2.44720394,15.50955282
47332,1.32,139414.0,964.53,1.585853809,16.48687831
47333,0.92,164079.0,2417.61,1.929011483,16.44218714
47334,2.05,152404.0,1332.49,3.380323293,16.22733656
47335,1.58,284364.0,1868.34,1.646703177,15.90570601
47336,1.48,140074.0,1147.19,0.751848087,15.58890409
47337,1.77,385342.0,1391.3,3.401246696,14.95570242
47338,1.79,337361.0,2568.34,3.198195809,15.37692882
47339,1.17,252128.0,1824.84,2.003174458,17.33982212
47340,0.82,274231.0,1445.97,2.283502972,13.87095461
47341,2.13,385660.0,871.28,1.392980703,17.01905264
47342,2.08,376940.0,1021.57,3.79045685,15.66707936
47343,1.29,348558.0,675.43,3.300090079,12.7524018
47344,1.33,132223.0,1288.04,1.198249462,14.01202177
47345,2.1,256658.0,2072.51,2.257311088,13.40432347
47346,3.03,148162.0,1310.73,1.118924262,14.06634029
47347,1.4,156740.0,1127.0,2.451397407,15.48403311
47348,2.4,346965.0,1313.04,2.133253857,12.75879888
47349,1.16,401119.0,2491.16,1.586420974,15.17098201
47350,0.85,359408.0,1837.69,0.917567504,15.06830855
47351,1.56,375118.0,2220.39,1.644564062,15.56567229
47352,0.76,155500.0,1734.89,2.704800585,17.08571044
47353,2.2,379563.0,2278.38,3.306432358,13.33109165
47354,2.22,156593.0,842.14,4.619279625,15.10569104
47355,1.52,148852.0,1925.31,2.93896813,16.10183908
47356,1.65,153276.0,862.91,4.878468476,15.62285228
47357,2.06,352372.0,2394.09,1.177558681,16.77533001
47358,0.41,258166.0,1782.43,2.610503149,16.78699035
47359,0.9,256267.0,1569.2,0.501871266,16.09695104
47360,2.69,244234.0,1785.45,0.79716442,13.03048935
47361,1.56,161024.0,1678.45,3.069479614,16.00921686
47362,2.31,261315.0,939.16,2.309406656,15.78001776
47363,5.85,346183.0,2256.7,1.309892492,13.69406011
47364,2.02,366660.0,1547.1,1.532396306,14.96766936
47365,1.67,262605.0,1900.04,2.629751438,15.8877757
47366,1.83,365143.0,1955.37,1.28813383,13.00847841
47367,1.32,159358.0,929.79,3.444401105,15.54138448
47368,4.21,366671.0,1326.08,3.66448693,16.33462654
47369,0.0,363433.0,901.63,2.059828724,11.64805666
47370,1.3,119922.0,1789.49,4.112622724,16.10346105
47371,2.04,355622.0,1787.02,1.803612798,15.30389798
47372,1.31,381624.0,2134.08,4.481369652,14.35009305
47373,1.83,379190.0,1869.34,4.340530552,15.91126668
47374,1.5,366096.0,2423.72,1.170259997,14.152044
47375,1.78,142358.0,1850.64,2.392121067,15.71220101
47376,0.44,254592.0,1646.49,2.362145571,16.81442687
47377,0.54,351000.0,2032.66,0.600516336,16.49784404
47378,1.05,385528.0,1789.87,2.333162838,11.83785526
47379,0.5,381300.0,1976.46,1.563317654,14.98692215
47380,0.36,395378.0,1806.33,0.999478635,16.74826667
47381,1.84,367377.0,1562.46,0.9322302,15.85727219
47382,0.55,164245.0,1801.62,1.890628663,14.11456057
47383,1.47,369777.0,1803.51,1.712581205,15.85674215
47384,0.98,199546.0,1315.34,3.641971329,17.73027397
47385,1.64,149746.0,2038.57,3.783259478,16.04492205
47386,1.43,343269.0,2350.05,1.768470128,14.17745407
47387,1.25,358950.0,1337.29,2.887048562,13.83369491
47388,1.68,365195.0,2191.77,2.514444618,14.83452254
47389,0.52,352670.0,1300.64,2.70797935,12.69825422
47390,0.79,160362.0,1754.16,2.17359505,16.41646997
47391,0.35,348238.0,1302.94,0.713514337,16.14637872
47392,0.1,218013.0,1469.7,3.985424956,15.54312
47393,1.83,120795.0,1503.45,-0.028559083,11.80799217
47394,1.32,391681.0,1453.93,2.901494243,13.56437956
47395,2.05,368847.0,1918.52,2.929882305,14.78203325
47396,2.3,354417.0,641.53,2.81170144,14.10617695
47397,1.69,168039.0,1312.66,1.142183801,16.34120469
47398,2.28,379752.0,1785.74,1.947057241,13.1456247
47399,2.25,356376.0,1856.74,3.025228234,15.97715602
47400,2.22,257008.0,2072.06,0.695205286,15.88984674
47401,0.79,277508.0,2823.55,1.376283736,15.6637807
47402,0.66,375597.0,1738.78,2.830397982,14.62323017
47403,1.54,139917.0,2214.78,2.107209832,15.29273652
47404,0.43,379517.0,2794.88,1.966548469,13.48920263
47405,1.34,163710.0,1799.56,2.511331803,16.16499935
47406,1.9,357703.0,2233.18,2.750006789,15.4491303
47407,0.32,361910.0,1402.68,1.395324684,15.44791503
47408,2.21,150583.0,2275.62,3.578766465,16.5452375
47409,2.35,244329.0,1701.54,1.873265124,16.34789068
47410,4.64,350285.0,1433.9,3.671399263,13.84832566
47411,1.5,396531.0,770.75,1.362530354,15.29871868
47412,2.78,253096.0,789.7,0.140170807,15.97518181
47413,1.19,125020.0,1896.31,1.869317698,15.02906362
47414,1.52,363374.0,1934.38,1.797138599,14.98707209
47415,1.53,362487.0,1851.26,1.358111331,13.51349838
47416,0.99,242968.0,1756.37,3.32126546,16.21401467
47417,1.17,366944.0,2313.58,0.994596055,15.59603148
47418,1.98,165709.0,1967.06,-0.129322823,15.49602174
47419,1.53,124779.0,1813.14,3.783717834,13.68059319
47420,1.4,152898.0,866.89,0.35491158,15.75822965
47421,0.83,281610.0,1738.05,2.030042567,14.62516153
47422,1.9,369183.0,2555.61,4.433309855,16.26197638
47423,0.97,379895.0,1619.76,0.596475342,15.79129411
47424,2.0,379252.0,2060.27,1.423308068,15.09429051
47425,1.9,355608.0,2111.56,0.789963943,14.68022238
47426,1.77,370786.0,1223.52,2.566027925,16.6566186
47427,1.89,145896.0,1366.15,1.605698363,15.60289607
47428,0.71,373325.0,1812.97,1.523286649,17.73027397
47429,1.69,354121.0,810.7,0.686219281,13.2533001
47430,2.02,260325.0,1682.42,2.107615741,13.70568293
47431,1.58,116188.0,2034.56,2.850528633,14.31564573
47432,1.45,359727.0,933.39,1.656653421,13.41038855
47433,0.53,374683.0,2049.46,2.244098589,16.42607124
47434,1.31,378583.0,2905.03,2.124848574,14.01318902
47435,1.38,358988.0,1918.36,0.275716387,16.13395379
47436,2.79,177184.0,1797.83,2.318700839,15.81968155
47437,0.91,375297.0,2297.97,1.628801625,12.77907105
47438,0.88,367042.0,2319.36,0.981784871,17.63924583
47439,0.65,252076.0,1275.34,3.814219777,15.87697879
47440,1.66,160764.0,1499.52,1.468657516,14.62383953
47441,1.32,153680.0,1352.16,1.963799073,15.32333539
47442,1.0,187695.0,1241.41,3.240309505,15.53552689
47443,1.75,371694.0,1934.21,0.992423514,16.06335116
47444,1.35,171930.0,829.32,4.293139953,15.10852591
47445,1.42,134903.0,1714.57,1.38392162,15.89484433
47446,0.77,165672.0,760.85,2.357144401,14.72196152
47447,0.18,364064.0,1872.09,3.558462872,13.227317
47448,2.51,269406.0,1606.89,1.306648311,16.48183894
47449,0.95,382564.0,1807.46,2.730829651,15.34733035
47450,1.15,364238.0,1948.63,1.716122071,16.76027877
47451,0.77,384617.0,1792.75,4.506415672,17.2976056
47452,1.74,265371.0,2123.07,3.4424795,14.10670981
47453,0.19,151874.0,1700.94,2.076746451,13.31378918
47454,2.91,384364.0,1987.25,3.565035006,16.03409978
47455,1.76,364541.0,2950.57,1.290845556,15.94915992
47456,2.11,377382.0,1270.0,1.553294627,12.91064073
47457,2.03,347292.0,1811.47,3.130517049,15.38854062
47458,1.4,258334.0,1782.39,2.905692776,12.96816092
47459,0.81,363997.0,1966.53,2.173673422,17.02588873
47460,1.22,140488.0,1737.45,1.415130103,16.10497349
47461,1.43,131395.0,1804.83,1.766078823,15.61675463
47462,2.28,142111.0,2242.62,2.565016778,15.95769459
47463,1.72,265204.0,1305.45,2.789168558,15.66516179
47464,1.78,356540.0,1005.39,1.491334716,13.47545204
47465,1.5,362005.0,952.11,2.595586728,14.68823756
47466,0.27,155320.0,938.1,1.578239616,16.27974082
47467,0.7,372680.0,1953.77,4.004027368,15.32561608
47468,0.84,366543.0,1445.1,2.226757406,17.08204381
47469,0.89,154725.0,1127.82,3.902037685,14.40451281
47470,0.66,375719.0,2210.77,3.027309948,15.26150582
47471,1.89,235196.0,663.26,0.638230666,15.86908746
47472,1.81,366641.0,2061.47,1.978492098,11.81044136
47473,1.31,368537.0,1771.58,2.945471874,13.04777927
47474,0.8,365051.0,1747.66,0.721009104,15.73634109
47475,1.5,351748.0,1921.56,0.863930752,15.44868519
47476,0.98,259577.0,586.86,0.199593495,13.92572732
47477,0.84,378804.0,2443.73,2.753619138,15.74470836
47478,1.44,384196.0,1280.93,2.612758892,16.13875121
47479,0.06,376204.0,1623.36,2.774311921,14.94164703
47480,0.14,368298.0,2047.93,2.541897684,15.36669898
47481,1.1,163597.0,2353.8,1.062045398,12.58134791
47482,1.37,172789.0,1539.58,1.917667007,14.64141799
47483,0.19,160272.0,1790.15,2.759507569,13.24528719
47484,3.2,260352.0,1229.71,2.510163044,15.15348588
47485,2.51,364987.0,1358.16,1.283222551,15.78160341
47486,0.67,123302.0,840.91,1.785701891,17.16471292
47487,2.81,156315.0,1538.92,1.833461078,15.92869285
47488,1.22,370319.0,1856.01,1.597536642,16.38108497
47489,2.21,359972.0,885.54,4.288501887,16.42987751
47490,1.77,143499.0,1987.11,2.082539119,15.68292845
47491,1.11,373822.0,2446.07,1.672035585,16.3509064
47492,0.7,383805.0,2510.9,3.624066102,16.05298684
47493,2.04,373854.0,2048.45,2.295527498,15.47014467
47494,1.57,347981.0,2160.54,0.069928492,13.05945989
47495,0.0,277198.0,2773.77,1.711974204,11.50251013
47496,0.87,353445.0,2330.2,1.432252289,15.69591647
47497,0.84,393406.0,2259.31,2.885023175,14.93437643
47498,1.27,257804.0,2318.16,2.605160039,17.43150115
47499,1.3,169986.0,1774.33,0.073955806,15.71630037
47500,2.32,241215.0,1824.44,1.437142445,14.97668409
47501,1.62,363800.0,1820.57,1.921418234,13.89535013
47502,1.37,159823.0,1417.48,1.896622754,15.40524031
47503,0.96,380918.0,1117.69,0.529516325,15.86804627
47504,0.99,129985.0,1186.39,0.823116266,13.43571871
47505,1.59,345629.0,1845.77,1.780135747,15.83373401
47506,2.09,156384.0,1952.43,2.890565423,15.16953326
47507,0.74,378606.0,1319.22,1.206813651,16.68672954
47508,2.52,357832.0,2162.2,1.205406646,15.99206812
47509,1.14,164370.0,824.05,3.9077883,16.67654547
47510,1.74,339419.0,1870.04,3.744748546,16.3291953
47511,2.53,353025.0,1724.91,1.040669082,16.20694418
47512,1.26,273074.0,1857.08,2.242403416,14.95876754
47513,1.55,262237.0,1792.42,0.83793949,17.73027397
47514,2.18,150314.0,2417.46,4.408637281,15.15093519
47515,1.15,274567.0,2372.63,1.961044201,16.74603122
47516,0.24,373897.0,883.74,1.915653391,15.88892681
47517,0.08,357167.0,1872.12,0.91155385,15.14773101
47518,0.15,359555.0,1769.98,3.668420116,14.59081771
47519,1.49,265248.0,2749.58,2.985761687,15.60800796
47520,0.42,386417.0,1816.6,4.20180273,14.04497699
47521,2.1,135680.0,2002.7,1.442713687,16.69741512
47522,1.15,389532.0,1829.07,1.179522806,16.56975939
47523,2.08,143398.0,586.86,0.838073953,15.60447876
47524,0.56,163554.0,1829.1,1.614439643,16.29697252
47525,1.07,114947.0,958.73,1.923769642,15.5666001
47526,1.6,142697.0,2502.7,1.99296348,12.83786524
47527,0.92,149668.0,1164.23,2.513500875,17.09478649
47528,1.34,360757.0,1772.39,2.097393145,15.15346634
47529,0.29,122307.0,1363.15,1.45093835,15.27885424
47530,1.27,153694.0,687.85,3.920724031,16.10406812
47531,1.95,246056.0,2392.0,3.606568809,13.05256182
47532,2.23,366680.0,1411.49,1.424619956,12.94093206
47533,1.59,354307.0,2221.68,2.303137855,15.66032896
47534,1.84,363523.0,1521.16,-0.152596616,15.4145952
47535,1.16,137918.0,845.48,4.769186914,16.61678273
47536,1.22,359893.0,2479.67,2.648907284,16.21307161
47537,0.35,353040.0,1662.45,1.198105869,13.9039157
47538,1.78,272021.0,1504.54,3.03035931,15.49461429
47539,0.86,394942.0,1842.44,1.192349806,15.39477219
47540,1.87,248767.0,1780.43,2.037936722,15.72774959
47541,0.97,156279.0,2376.04,2.080244794,14.46630324
47542,0.2,130566.0,1328.82,2.068116867,15.64876868
47543,0.09,378671.0,1328.68,1.766235098,15.63233224
47544,0.57,381414.0,1806.53,1.388969424,14.49516254
47545,2.04,247871.0,946.19,2.6772734,14.44609458
47546,0.96,366573.0,1481.78,1.738672155,14.5728177
47547,1.59,255873.0,1277.69,1.438401655,15.80674537
47548,1.72,261848.0,1722.02,4.117684408,16.32834724
47549,0.93,369063.0,2422.77,3.654325027,13.21813851
47550,1.34,132601.0,1760.03,3.090511503,16.20088852
47551,1.53,373735.0,2370.23,1.240210131,15.24018966
47552,0.45,143543.0,694.01,1.515050772,15.55012373
47553,2.65,375271.0,2503.54,3.112631992,15.20648761
47554,1.41,142301.0,938.47,1.511862787,15.98700522
47555,1.5,379292.0,1865.48,3.007319672,16.07334255
47556,0.97,143408.0,1179.19,2.864504051,17.24883561
47557,2.33,390565.0,1781.05,0.334368354,16.63096432
47558,1.45,347073.0,2167.99,2.937099632,14.34617701
47559,2.55,142160.0,2017.28,0.877392666,16.34815888
47560,1.12,151390.0,2129.95,2.034894097,13.49373819
47561,1.05,131699.0,1849.76,4.438136214,16.13458315
47562,1.68,281073.0,936.83,1.310147238,15.47942325
47563,1.36,143866.0,1258.23,1.666410985,17.26817389
47564,1.47,348790.0,1123.73,0.478946375,15.979889
47565,1.22,361419.0,2155.71,1.319135147,14.65124019
47566,3.12,137231.0,2463.19,1.358924008,16.67460617
47567,1.48,360759.0,2578.01,0.987129826,16.23036743
47568,1.54,138366.0,1841.98,0.602816338,15.77579243
47569,0.93,250953.0,2124.49,4.622230837,15.23471294
47570,0.69,368803.0,2218.57,1.430270292,16.75968534
47571,1.27,263394.0,2054.81,1.675541719,14.69131395
47572,0.89,274213.0,1908.64,1.389534868,15.92635073
47573,1.75,384330.0,1743.18,2.248990057,14.88701662
47574,2.53,243648.0,2064.18,-0.208907497,14.99572408
47575,0.68,379351.0,1996.98,2.01709039,16.80025947
47576,1.32,114947.0,1258.52,1.814691169,12.89636314
47577,2.35,119314.0,1782.42,1.814902767,13.42383014
47578,0.65,348088.0,1459.05,2.397757417,16.17621857
47579,1.57,374574.0,2520.62,1.817680963,17.11254598
47580,1.91,245418.0,2526.95,2.240256351,12.28206699
47581,1.55,364749.0,1685.86,1.029340657,15.15369739
47582,1.26,358688.0,2095.0,1.732202275,13.59648687
47583,1.15,142401.0,860.03,2.189831129,14.04915055
47584,0.98,157424.0,1479.18,1.109892533,12.96448075
47585,1.31,380455.0,2275.93,4.158471296,16.2654985
47586,2.71,372179.0,1454.54,1.623189294,15.3354525
47587,2.52,257457.0,767.46,1.655854408,15.7049241
47588,1.62,136691.0,2330.15,1.16126391,14.64077314
47589,1.04,158639.0,963.18,1.498805328,13.58136132
47590,1.13,395578.0,1932.57,1.628739586,16.05656605
47591,1.12,147251.0,1302.6,2.917011491,13.54650184
47592,0.7,152111.0,1201.9,1.678813535,15.51190192
47593,2.13,386790.0,1796.18,2.873620793,14.07814538
47594,2.3,387562.0,2385.05,1.349680263,13.36440026
47595,0.14,389510.0,1982.31,3.603863341,16.22737727
47596,1.76,256387.0,1563.32,0.891105042,13.87990751
47597,2.25,129665.0,3047.82,2.003323369,15.7855278
47598,1.46,258297.0,1441.13,1.481156571,14.63915325
47599,1.17,333367.0,1866.94,0.219969492,15.96710425
47600,2.78,368708.0,921.15,2.941934514,14.62297851
47601,0.0,378431.0,1804.01,0.988379774,14.75472203
47602,1.52,366560.0,1908.26,-0.326393035,13.96848989
47603,1.65,256383.0,2284.57,0.71532597,15.57178202
47604,1.66,390372.0,2363.6,1.447976194,15.32542271
47605,1.65,356477.0,2342.44,1.546721612,14.99895663
47606,0.89,374927.0,817.7,3.016037548,15.95848851
47607,1.16,384127.0,836.92,3.057512117,13.67410342
47608,2.53,370164.0,1715.55,1.210168667,15.54278417
47609,0.59,365719.0,1782.97,1.031433313,12.58153656
47610,1.37,369896.0,1674.03,2.316564592,14.88145855
47611,0.85,343415.0,1820.8,1.816143782,16.94247451
47612,1.12,376086.0,2353.47,3.682646874,15.84448016
47613,1.84,134887.0,1522.61,3.208697599,12.32239796
47614,2.74,138204.0,1449.88,3.006340667,13.84876853
47615,1.25,257134.0,1123.03,3.830333209,17.57300577
47616,0.61,238052.0,1816.49,4.833657622,16.66138823
47617,1.67,259759.0,2150.44,1.001189074,15.83770626
47618,1.65,154526.0,2353.0,0.428252638,15.82621762
47619,1.96,131010.0,1915.1,0.472864101,14.06001971
47620,1.71,333366.0,964.91,1.669626561,16.19398105
47621,0.85,348091.0,1486.91,1.742793583,16.19828411
47622,2.8,386774.0,2518.68,1.893336322,15.92536016
47623,2.1,131627.0,708.33,3.081161481,15.62350928
47624,1.97,369889.0,2220.42,3.515262149,11.3910361
47625,1.36,372122.0,1776.35,1.401378297,12.99371556
47626,1.35,376295.0,990.96,1.814241817,15.3064515
47627,2.59,348770.0,2335.73,3.146058587,15.54226682
47628,1.73,367698.0,849.81,1.918993777,14.6006922
47629,0.94,267924.0,2038.4,4.050024224,13.90833817
47630,0.92,374682.0,1793.34,1.762385534,14.77977234
47631,0.6,361710.0,1879.52,3.943491492,13.78168889
47632,0.21,359102.0,2486.78,1.356551698,16.14477879
47633,1.18,262635.0,2548.47,2.298500596,11.2583727
47634,1.28,356583.0,1915.78,1.682841469,15.50119173
47635,0.67,367465.0,1226.1,4.233097296,15.55225958
47636,1.9,134798.0,1866.57,1.890418211,15.35195126
47637,1.0,264010.0,2328.02,3.90882329,15.64488631
47638,1.76,384129.0,2038.84,1.130035927,14.00157688
47639,0.61,269374.0,1454.77,1.985456203,14.06340854
47640,0.79,369015.0,1527.42,2.055169076,16.37271269
47641,1.56,233390.0,2383.56,1.319911983,13.16975376
47642,1.86,365182.0,1822.01,1.906496457,16.67464035
47643,0.39,124756.0,1422.92,3.930249422,15.99055074
47644,1.67,367366.0,844.93,3.546174252,13.22767066
47645,0.8,260357.0,1700.88,1.708804547,15.58097256
47646,2.17,132422.0,2504.31,1.020174015,15.18191684
47647,1.21,390832.0,2477.9,1.565466942,15.03732063
47648,0.72,376039.0,1726.81,1.536883737,15.95267704
47649,2.56,351306.0,1979.64,2.789180016,13.20992724
47650,2.09,369398.0,1712.37,4.180012627,15.61202239
47651,1.08,129139.0,1032.45,-0.326393035,14.25068493
47652,1.84,133377.0,1866.1,1.079367333,16.9389148
47653,0.6,255579.0,1654.75,1.151483479,15.51620827
47654,2.04,377740.0,1120.46,1.840301608,13.12437865
47655,1.96,252956.0,1898.32,1.925165505,13.68047374
47656,1.59,391357.0,1803.12,1.499089082,14.68488265
47657,2.24,160872.0,1780.99,3.006960846,15.63155456
47658,1.05,147771.0,1496.1,1.484561972,15.5992366
47659,1.83,385421.0,814.37,2.011571521,16.99609474
47660,0.47,381891.0,1680.58,2.161288119,17.19634355
47661,1.67,369147.0,1063.88,1.801484291,15.59622147
47662,2.33,247491.0,1739.55,0.703134644,14.73831634
47663,1.65,385172.0,1168.48,0.826691559,12.70294039
47664,0.26,140598.0,835.8,0.816855662,16.39779648
47665,1.08,244589.0,1430.54,1.996094421,14.54460408
47666,1.04,145816.0,2391.68,3.336412373,15.86578019
47667,1.34,164159.0,1263.91,1.274513414,15.76514304
47668,0.56,357507.0,1896.98,1.750488318,14.64425343
47669,0.69,370281.0,2839.43,3.601214235,12.57866497
47670,0.28,269861.0,1121.35,1.257368951,15.51401644
47671,0.87,396293.0,2517.31,1.898952366,14.7926377
47672,1.18,371297.0,1364.35,2.974423482,15.9116476
47673,2.14,376672.0,1661.82,2.740362446,17.43970447
47674,2.24,355109.0,1373.83,0.981937171,15.68458506
47675,2.27,393179.0,1929.79,0.898278848,13.85650674
47676,2.79,363699.0,2262.95,4.361525319,14.15835415
47677,0.78,362609.0,891.44,1.480217442,15.16971774
47678,1.33,344852.0,1949.84,3.338709424,12.86498301
47679,0.48,395491.0,1947.33,2.067688318,15.44715982
47680,1.37,370288.0,2351.82,1.611648105,17.31260064
47681,1.59,153595.0,1677.36,2.415280213,16.24675669
47682,1.04,129433.0,1125.26,2.568384473,16.35240712
47683,3.18,123708.0,2228.32,1.802269142,13.41984415
47684,0.54,376904.0,2114.3,1.489229449,16.01901474
47685,0.87,383453.0,1819.66,0.920004771,14.9631861
47686,1.2,381686.0,2294.59,2.621708786,13.21541543
47687,1.97,167563.0,1851.72,2.790456848,14.55595101
47688,2.77,137440.0,1245.14,2.632501904,15.64254332
47689,1.46,169799.0,2418.19,3.005879907,16.30102244
47690,1.63,154426.0,1897.09,4.329458302,14.89848757
47691,1.22,145170.0,2219.16,1.086986296,15.76011392
47692,2.31,371506.0,2387.97,2.962471908,13.74287658
47693,1.31,262127.0,1455.85,1.668362411,13.4736017
47694,1.5,367274.0,1939.55,3.167243733,12.13580978
47695,0.56,149075.0,1515.49,1.171991647,12.66524972
47696,1.34,361123.0,1012.98,1.877779363,14.05452451
47697,1.2,371115.0,2231.27,2.659253376,14.0357839
47698,1.08,378571.0,1760.51,3.425796999,15.76412034
47699,0.92,239569.0,1018.67,1.950320163,15.05560925
47700,1.48,381927.0,1886.9,2.613888393,17.37699688
47701,1.26,359183.0,2166.22,1.359461835,16.19490551
47702,1.81,352188.0,1596.87,1.174307364,17.06049347
47703,2.95,379113.0,2516.7,2.039954159,15.4925553
47704,1.58,374206.0,1369.28,1.905959019,15.52677164
47705,0.49,244751.0,1828.73,1.277331181,15.02705287
47706,1.97,371770.0,838.5,4.288625945,15.10201597
47707,0.97,265079.0,1675.22,1.478469572,16.07350015
47708,0.71,380107.0,2048.53,2.231213399,15.29603557
47709,1.74,156071.0,1780.13,0.785376727,12.91917003
47710,1.19,386000.0,2305.74,3.604711543,15.97512886
47711,1.18,341945.0,2203.14,1.331158277,15.3675917
47712,0.46,242007.0,1742.01,0.932152843,15.670284
47713,0.62,162785.0,2455.96,1.662707663,16.56507295
47714,0.73,147570.0,1704.14,0.609173209,16.75329048
47715,0.65,152799.0,2489.9,3.765359109,15.4447578
47716,1.54,344218.0,1907.55,1.344810726,14.91463945
47717,1.59,364405.0,1312.28,3.81347643,15.50976759
47718,1.1,164742.0,2278.14,0.676135069,14.33095752
47719,1.61,388099.0,1784.37,2.118550146,14.96307597
47720,0.81,161342.0,1476.13,1.660443966,14.50722646
47721,2.4,262292.0,1485.1,3.12227214,15.98959176
47722,0.56,253717.0,2416.43,-0.047900936,15.72284512
47723,2.17,280989.0,1773.0,0.758161586,15.7003464
47724,0.69,148985.0,990.61,0.983455588,15.04074995
47725,2.0,130379.0,893.39,0.919500211,16.41938472
47726,1.84,353741.0,653.03,0.10369991,15.30369044
47727,1.47,363797.0,2348.55,1.404012745,15.14477694
47728,1.67,136318.0,1081.24,1.785680045,15.38930938
47729,1.65,388207.0,2028.84,1.337226144,15.1360767
47730,1.42,367922.0,1920.73,2.210756899,13.54049255
47731,0.34,363637.0,1370.56,2.179189363,16.13194973
47732,1.57,376850.0,1852.66,1.474270146,16.05720364
47733,0.71,258836.0,1472.16,2.529884656,15.32470082
47734,2.18,120811.0,2337.03,2.009411138,15.82722607
47735,1.36,373121.0,782.26,1.668382807,13.82863033
47736,1.39,379393.0,1233.47,1.468535119,15.77683343
47737,0.29,394605.0,2354.34,2.057124337,17.23105314
47738,1.12,171916.0,2202.83,2.715047715,17.34607135
47739,2.24,127216.0,2338.42,1.037845807,16.48750001
47740,1.48,267937.0,1848.8,1.516851167,15.79753914
47741,2.68,352433.0,1036.78,0.645083669,15.09254399
47742,1.59,126969.0,1788.46,2.141131563,13.6313806
47743,1.89,140341.0,1848.63,1.372196634,11.8211851
47744,1.96,396971.0,2529.11,3.648703503,13.94723636
47745,1.94,271654.0,2129.01,1.952929367,16.34455652
47746,1.19,373205.0,914.97,2.995135501,15.54274026
47747,1.84,357222.0,1978.09,0.033293322,14.9325952
47748,0.44,269681.0,2471.4,2.735288959,15.8431041
47749,1.35,158323.0,2422.97,2.198085647,16.80826454
47750,0.06,383900.0,1274.62,1.658899748,15.27429852
47751,1.78,397108.0,2463.57,1.867214377,15.52075448
47752,0.14,260514.0,1431.0,3.042516557,14.52558663
47753,1.49,368603.0,2000.9,2.00309276,15.8550239
47754,2.95,372989.0,812.28,0.669082995,15.97177196
47755,1.09,153903.0,1748.8,0.927961297,15.46649169
47756,1.85,233717.0,1778.31,1.101310783,13.00839449
47757,0.73,365759.0,1943.66,1.818433264,16.03963331
47758,1.63,386036.0,1871.97,1.109174726,13.86925748
47759,0.96,378602.0,713.54,2.020309108,12.48778155
47760,0.56,373121.0,1914.26,1.303268856,16.41215238
47761,0.81,401119.0,1524.41,2.536343299,13.21675997
47762,1.77,276794.0,1474.05,1.983930621,15.32875942
47763,1.96,134837.0,1584.21,2.474901534,15.08179215
47764,2.08,371177.0,1592.53,3.022452699,17.35266686
47765,0.98,353874.0,1747.19,2.92732225,14.13702082
47766,1.29,131323.0,952.82,2.719042655,15.44996941
47767,0.82,261237.0,2334.15,2.066989264,14.17915478
47768,0.95,245226.0,1281.57,1.76518554,15.49059707
47769,2.6,137869.0,1125.93,3.904510926,17.41411303
47770,0.5,279121.0,1981.29,1.9376192,16.29895297
47771,1.43,382265.0,595.99,1.958197073,14.11916175
47772,1.27,132440.0,1384.16,2.597026175,13.73628743
47773,1.82,360895.0,969.23,3.89740477,16.09347327
47774,0.85,386019.0,2015.11,1.166281167,16.60565052
47775,2.09,375756.0,1586.06,1.461641802,14.76605135
47776,1.87,269106.0,2144.99,1.469268011,15.66562814
47777,1.51,368185.0,1712.48,3.307829309,15.78013975
47778,1.07,401119.0,2538.15,4.721695185,16.18832316
47779,1.58,159684.0,1735.23,2.023637412,13.69600233
47780,1.38,162100.0,1408.95,1.625184107,13.79186093
47781,1.2,277677.0,2064.62,3.525123592,15.65140824
47782,1.87,131105.0,1962.19,0.523657321,14.84100345
47783,0.74,377761.0,1479.23,1.762746552,15.64690261
47784,2.16,396917.0,1718.2,2.74820308,16.65117325
47785,1.33,289159.0,2003.02,2.205086475,16.39942271
47786,1.1,156549.0,1075.55,1.96457932,16.26812476
47787,0.27,366430.0,1465.36,2.410908973,13.85673099
47788,2.06,366212.0,1940.06,2.021185004,15.43577153
47789,1.79,340922.0,786.94,3.300196039,15.3814755
47790,1.07,118088.0,1315.74,1.836733191,15.79489352
47791,1.57,373112.0,977.13,1.751182403,17.00069896
47792,1.58,378185.0,953.81,1.181722984,14.2566585
47793,1.04,279418.0,1462.73,3.906294991,15.6718462
47794,1.08,280359.0,856.99,3.47989365,14.18237341
47795,1.53,145998.0,1785.34,2.443770068,13.93869121
47796,0.7,337798.0,1765.03,1.19817376,12.98935004
47797,2.01,285964.0,1780.87,1.629083278,16.15020191
47798,1.48,147998.0,868.9,1.386501739,13.87806315
47799,1.2,365764.0,1841.2,3.241861463,15.82344508
47800,1.56,365181.0,1953.44,1.292182077,13.80577791
47801,2.25,367181.0,1898.25,1.928526543,12.1488511
47802,2.07,369449.0,853.32,1.074718177,15.14374452
47803,0.79,376533.0,2108.82,1.572686579,15.52652484
47804,0.91,355779.0,1801.29,1.763552636,15.15065425
47805,1.6,351893.0,1683.73,2.16570694,16.53481518
47806,1.27,368077.0,1574.19,0.94807164,14.63766082
47807,0.94,360277.0,1737.74,2.629934088,12.9068692
47808,2.16,343870.0,2445.8,2.187952547,15.90640265
47809,1.57,361032.0,662.38,2.453435402,15.61040826
47810,1.53,129801.0,1264.86,3.704676582,16.18320176
47811,0.0,130555.0,1877.95,0.22833611,15.28273262
47812,0.77,147788.0,1828.29,1.675420653,15.74874476
47813,0.36,383588.0,2412.12,-0.309239378,15.4073369
47814,1.07,365587.0,1937.89,0.128989433,14.03856423
47815,1.86,373122.0,2053.22,3.635417278,16.90263791
47816,1.58,365682.0,801.54,1.317229899,15.3109563
47817,0.97,158043.0,1545.44,3.554021394,13.66427781
47818,0.0,151369.0,1331.85,0.763914621,16.78512016
47819,0.9,389231.0,1873.09,2.247512025,16.52827619
47820,1.09,363066.0,2049.09,1.729686854,13.61532496
47821,1.29,253013.0,892.37,1.424061366,16.14734385
47822,1.23,253338.0,1804.4,3.392614776,16.66079288
47823,1.33,134693.0,1851.73,2.213147805,14.34989255
47824,0.73,268674.0,2338.96,4.319620043,16.23514265
47825,1.84,146471.0,1966.01,1.302012586,16.43385994
47826,1.63,376168.0,586.86,1.913643414,13.91423792
47827,1.49,244514.0,1858.3,1.412091868,14.16791498
47828,1.61,247451.0,1925.92,0.195417681,15.86281871
47829,2.04,385605.0,1443.8,4.177210896,13.8919986
47830,2.15,167352.0,996.59,3.028773116,15.81080614
47831,1.21,254947.0,1716.79,0.778229605,15.71136493
47832,0.35,354514.0,816.26,4.294437311,13.35986654
47833,1.58,143392.0,2409.18,2.600780338,15.91600437
47834,2.92,154303.0,1820.26,2.106795846,12.9906772
47835,1.49,262093.0,1143.32,3.781900171,15.13788422
47836,0.4,383847.0,2547.12,2.213835047,17.73027397
47837,1.05,397269.0,2262.41,2.008010659,12.97559049
47838,2.2,166608.0,969.0,1.629332416,16.77290931
47839,0.54,401119.0,2059.5,1.259669467,14.06652222
47840,2.08,360508.0,2207.79,2.548683706,13.56536438
47841,1.58,396190.0,1350.07,4.55075389,17.36912293
47842,1.24,399241.0,2443.35,2.011936566,16.13641883
47843,1.64,386691.0,1901.93,1.536924363,15.98124339
47844,1.65,359683.0,2140.38,1.477520801,15.66512748
47845,2.52,364097.0,2003.31,4.295035727,14.40908268
47846,1.29,281141.0,2187.93,1.150136192,14.69997748
47847,1.19,366847.0,1650.82,2.473266602,16.33614122
47848,1.31,148814.0,1620.5,1.452501311,17.59455952
47849,2.63,140898.0,1716.86,2.759108999,17.53648355
47850,1.53,139863.0,2219.64,1.513254217,16.15149171
47851,2.44,373701.0,2267.7,1.691777271,15.31979033
47852,1.71,256864.0,1851.03,3.482698408,13.08979955
47853,1.08,143008.0,734.82,1.538348864,14.70038318
47854,1.22,381761.0,2273.02,2.153811306,14.35202494
47855,0.39,385135.0,1441.46,3.669277628,15.67019384
47856,2.08,265362.0,2493.76,3.521229863,15.06137142
47857,1.93,378422.0,2000.92,1.47963225,14.50847193
47858,1.91,252851.0,884.67,0.105085807,15.39270075
47859,0.58,247015.0,2312.05,1.689731363,15.80828439
47860,0.27,382118.0,1867.51,1.782846332,13.91177395
47861,1.52,386151.0,2498.16,2.174456987,17.73027397
47862,1.21,134774.0,2493.07,2.382282808,16.17814968
47863,0.34,365243.0,1935.77,4.752534638,16.52721683
47864,1.79,365375.0,2588.13,2.074672547,15.31309616
47865,1.02,373667.0,2577.52,2.287078494,15.53137914
47866,1.5,127836.0,644.16,2.843468289,15.52432114
47867,1.87,382076.0,2457.04,2.31085275,17.61681693
47868,2.42,374479.0,787.98,2.207127781,14.46597129
47869,1.01,385806.0,1815.74,4.182199913,14.90798623
47870,0.0,251614.0,1938.67,3.193903193,13.38629733
47871,0.73,155129.0,1937.07,1.91475124,13.36478747
47872,0.65,290644.0,1389.89,2.1934535,15.52908282
47873,0.64,378341.0,820.9,2.552875489,16.07938694
47874,1.81,375017.0,2267.59,0.62969032,15.13982173
47875,2.01,258359.0,1209.45,1.49494046,16.93531926
47876,1.49,125301.0,1403.42,2.168503536,15.40326635
47877,2.04,150287.0,586.86,0.539736865,16.41248262
47878,1.23,142757.0,2109.93,2.003328885,16.24848046
47879,1.23,360963.0,869.37,1.982393209,15.88052465
47880,1.54,167050.0,1902.76,4.190261911,15.08434933
47881,1.88,253747.0,2308.69,2.18856323,14.29535331
47882,2.41,353637.0,1751.15,1.441818549,14.01946454
47883,1.25,379585.0,1786.65,2.129984994,15.4617172
47884,1.58,141438.0,1320.77,1.48571793,11.4979927
47885,1.26,357443.0,1077.86,2.699103266,15.55341285
47886,1.8,368133.0,1884.63,1.207355496,15.33578803
47887,0.95,156125.0,644.18,2.220623596,16.08459171
47888,1.02,158908.0,2079.4,1.08195305,15.35453129
47889,2.27,265644.0,1736.2,1.579482348,16.83717981
47890,1.59,382072.0,1787.86,0.276250814,16.3631856
47891,1.08,251602.0,2097.05,1.581021167,14.02297547
47892,0.43,358453.0,2399.81,1.433412629,13.82687574
47893,1.91,240938.0,1932.44,1.135295985,12.6980961
47894,1.21,383367.0,1950.37,1.64371921,17.11417568
47895,1.34,377063.0,1842.38,3.394514074,12.85048779
47896,1.74,383007.0,1903.25,1.654208593,17.02821004
47897,1.23,124202.0,901.44,1.050581801,16.25653152
47898,1.45,382633.0,1232.89,1.736662982,16.67094241
47899,1.18,355193.0,2281.8,1.556265695,15.76065037
47900,0.35,259425.0,1799.08,1.181161108,14.34749227
47901,2.06,371693.0,1889.29,3.027818523,14.68535769
47902,2.4,256813.0,1329.05,0.78484411,16.72909235
47903,1.11,121752.0,2035.98,1.396251837,16.19349
47904,1.86,260283.0,858.61,1.233500995,13.15523384
47905,1.64,169587.0,1297.26,1.055878349,15.69390636
47906,0.52,365987.0,768.35,0.290379626,15.70640452
47907,1.64,265766.0,1840.91,2.93837567,17.4949063
47908,1.88,368534.0,1868.6,3.325827036,15.20021073
47909,1.58,358548.0,1853.54,2.743797214,12.36200203
47910,1.27,354283.0,1824.19,1.836489232,16.28676915
47911,2.34,131587.0,1901.65,1.271911296,15.27630076
47912,2.98,123995.0,1017.33,1.595002255,17.01658885
47913,1.36,365182.0,1710.28,1.81512358,15.6860421
47914,1.17,372316.0,2360.03,1.885637257,14.89650061
47915,0.8,259501.0,772.85,2.772705872,17.39866543
47916,2.24,139576.0,1323.36,4.001186645,16.60632619
47917,0.84,384151.0,1462.94,1.056888235,15.68334355
47918,1.55,175671.0,2369.39,3.112284706,13.09036254
47919,0.45,162863.0,1160.37,3.63865179,15.80978841
47920,1.04,353063.0,1473.06,1.6654616,13.04621933
47921,2.26,155750.0,878.66,1.846579695,15.23551407
47922,0.87,393205.0,1526.29,0.931772236,13.48376217
47923,2.14,376425.0,1770.49,1.103518759,15.15897161
47924,0.87,379311.0,2702.16,2.292064659,13.89344605
47925,2.17,356270.0,1692.42,1.74938519,15.51794053
47926,1.07,369551.0,1153.39,1.832810705,16.4637728
47927,2.07,144839.0,1334.0,1.499203041,13.85401667
47928,0.41,357393.0,2293.82,1.907289543,15.34245599
47929,1.36,367784.0,1782.47,2.239806898,14.78093449
47930,1.78,153274.0,909.37,1.375111176,13.48882238
47931,1.21,269180.0,1529.32,2.042279315,14.23786932
47932,0.0,254152.0,1857.75,1.573733638,15.87572458
47933,0.05,377951.0,2335.72,4.761693372,15.92810605
47934,1.83,264055.0,1690.45,2.833973101,13.82309145
47935,0.89,135323.0,2250.25,2.927759629,11.35315076
47936,2.32,249391.0,1657.56,2.309241586,17.22664049
47937,2.34,161775.0,2081.43,1.616349423,15.28372403
47938,1.03,355572.0,2184.91,2.203264162,16.43004605
47939,1.73,244426.0,1510.38,0.838902934,16.1830143
47940,0.78,379884.0,1063.08,1.674232233,13.22307093
47941,1.65,127307.0,1625.21,1.623295243,14.58345265
47942,1.28,149070.0,2006.15,1.175419022,15.9448167
47943,0.78,396262.0,1705.95,2.941348123,16.54306885
47944,0.88,364351.0,2377.26,1.898130431,14.49796242
47945,1.03,356718.0,1849.1,2.438466928,15.2664682
47946,1.27,164908.0,1995.43,1.536003709,15.98532276
47947,2.13,358736.0,1502.93,1.163307492,15.68146208
47948,1.07,263141.0,2238.33,1.060359147,15.5174113
47949,1.87,135447.0,1668.17,2.112486732,14.21561435
47950,2.22,337392.0,1945.16,1.268234698,12.77434255
47951,1.45,161175.0,1013.39,3.314731517,14.21565173
47952,0.53,345594.0,1204.27,2.175307657,13.67331364
47953,1.47,370057.0,1989.93,2.662237121,15.82832736
47954,2.27,374856.0,1765.0,2.356756985,14.42758576
47955,0.94,354115.0,1301.41,1.419674498,16.34735883
47956,1.24,156435.0,1872.44,1.703506815,15.31709837
47957,1.01,366178.0,1260.23,1.509862644,14.63797083
47958,1.72,164763.0,1808.08,4.438724873,14.88337229
47959,1.57,242064.0,1090.02,3.465577291,16.64640952
47960,2.21,248135.0,1783.36,3.474905454,15.78169887
47961,1.29,396021.0,674.3,2.991390502,15.19266714
47962,1.98,160868.0,990.66,1.59247785,15.77150903
47963,1.08,369198.0,1402.95,-0.144106308,15.22641624
47964,0.3,367866.0,1630.6,2.860011737,15.53334116
47965,2.36,141308.0,2172.4,1.773487198,14.09914308
47966,1.23,386969.0,2271.56,2.147538152,12.5087115
47967,0.86,252824.0,1072.89,1.575723427,14.55944427
47968,0.84,251694.0,1665.2,0.614133682,16.29426676
47969,0.91,128877.0,2335.73,1.396369333,15.34693199
47970,1.95,176973.0,2297.56,1.124590941,14.07256393
47971,1.82,274497.0,1036.04,2.324248666,15.97248054
47972,1.84,256706.0,1832.01,1.454874939,15.94872418
47973,1.65,125397.0,1789.11,1.946254503,15.05096953
47974,1.85,145668.0,1666.55,1.944517503,15.26424357
47975,1.92,365531.0,1870.81,3.134768571,14.0587527
47976,0.57,359546.0,1790.75,2.435031517,16.46826398
47977,1.59,359559.0,1897.59,2.906072497,15.73426107
47978,0.56,353027.0,1577.93,1.733982174,16.03931654
47979,0.76,367476.0,731.74,1.537704516,15.41741796
47980,0.81,372002.0,2230.41,4.687417106,15.14656571
47981,2.04,164005.0,2142.67,0.615622572,14.88714712
47982,1.58,388345.0,1799.74,1.410388265,13.43976979
47983,1.56,256985.0,1266.81,0.29148639,17.13977057
47984,1.39,373860.0,1279.78,1.532327417,15.79720537
47985,1.52,380133.0,1200.02,2.919051264,15.7242038
47986,1.35,381170.0,1951.96,1.239584351,15.05868441
47987,0.44,371663.0,974.69,2.159676297,13.96754987
47988,1.45,156046.0,1907.21,1.727511183,14.99830321
47989,2.06,153966.0,2361.4,2.152563287,17.15392235
47990,1.66,360476.0,1755.86,1.364724159,15.76174116
47991,1.78,338912.0,1929.05,0.713400394,16.54321744
47992,1.06,377867.0,702.76,2.130294564,14.92289538
47993,1.08,375857.0,679.39,2.302419919,14.19031408
47994,1.68,175724.0,2546.5,2.393308645,15.4890345
47995,1.51,231244.0,2114.46,1.948379819,14.0470994
47996,2.63,370549.0,2449.8,1.285852274,15.43016764
47997,1.7,345625.0,1741.97,2.603745385,17.08140809
47998,1.22,364407.0,1866.49,2.971005216,13.94790593
47999,2.58,149450.0,2146.02,0.874550053,15.72170474
48000,1.4,283598.0,2513.14,2.816944365,14.40297153
48001,1.71,356361.0,984.33,2.269342809,16.22946052
48002,1.3,232470.0,1577.83,0.47779049,15.99067058
48003,1.7,362785.0,1716.56,1.150311943,16.22536368
48004,1.03,379617.0,610.37,3.694330933,15.43808023
48005,2.5,126388.0,1776.25,1.423853167,14.70625534
48006,1.66,157742.0,1766.88,1.506307533,13.49182342
48007,0.86,157021.0,2246.26,0.110412048,16.11633026
48008,1.27,387888.0,2426.36,2.355329855,13.66484204
48009,1.43,401119.0,2303.39,4.168268027,17.59140283
48010,2.73,124560.0,1775.23,1.306076169,15.3042437
48011,1.75,357789.0,1393.25,3.656928331,14.00771364
48012,0.74,394120.0,2956.96,3.780824647,16.46179857
48013,1.86,352756.0,1721.16,1.614005805,15.68200019
48014,0.76,260833.0,2390.63,2.41841865,15.61638474
48015,2.38,233741.0,1570.11,0.919975726,16.45191651
48016,0.0,164974.0,1888.05,1.816236606,16.21721044
48017,1.55,279900.0,1757.44,1.879023619,12.10140123
48018,1.65,357972.0,1803.54,1.539859844,12.3602309
48019,1.67,338513.0,1254.58,1.464410476,15.21151101
48020,1.17,173196.0,1377.77,2.793971874,12.28477392
48021,1.2,332237.0,2304.11,1.74122249,14.1760393
48022,1.73,146764.0,875.57,1.726059034,16.21309704
48023,2.19,150540.0,1725.51,2.781309572,16.35881573
48024,0.72,338707.0,932.47,2.344500633,14.49466845
48025,0.86,357883.0,2582.38,1.527870565,15.62855841
48026,2.02,125641.0,1678.46,1.661523862,16.10650978
48027,0.47,375580.0,2510.39,1.558228253,15.36092607
48028,2.23,398544.0,949.75,3.113246313,16.05184454
48029,2.01,151509.0,948.02,3.653791125,15.83483882
48030,1.68,364380.0,2275.45,2.313920754,13.14784688
48031,1.82,387447.0,1688.35,2.681356909,15.5047098
48032,0.64,352557.0,1288.22,1.495053224,15.10194518
48033,1.75,372984.0,2041.14,2.89275301,15.49656448
48034,1.83,161473.0,2309.7,4.372868308,16.14787956
48035,1.6,141574.0,2249.62,2.255990342,14.20318533
48036,1.5,372400.0,1924.94,1.759013624,15.6735735
48037,0.86,250096.0,586.86,1.393257483,17.04511734
48038,2.21,362176.0,2476.75,1.223112178,16.49955447
48039,1.96,243282.0,2049.97,1.745593615,14.40716251
48040,2.45,356941.0,1899.82,2.224226455,16.29109507
48041,0.57,164586.0,2337.0,2.330326041,17.54988315
48042,1.73,373887.0,1878.53,1.968703313,16.00161892
48043,0.91,365213.0,1613.63,0.67666825,16.46875878
48044,2.2,379260.0,1710.95,2.352230262,16.66040428
48045,1.44,252895.0,1071.12,4.329419944,15.23707306
48046,1.66,139039.0,1777.91,3.157457553,15.33601001
48047,2.44,181167.0,911.4,1.764985133,16.27393618
48048,1.58,368372.0,2446.97,1.109026308,15.30505242
48049,1.39,361705.0,1840.6,2.081735461,13.93537242
48050,1.39,278259.0,1195.19,3.426282187,15.72264159
48051,2.03,136825.0,1146.74,1.908551999,14.6948523
48052,0.61,252809.0,1283.62,1.727720853,16.66759409
48053,1.27,385406.0,1445.29,4.111256585,17.73027397
48054,0.0,182273.0,608.77,1.140567715,14.08982224
48055,1.63,264517.0,964.06,4.002437153,16.51412109
48056,1.88,376538.0,1410.1,3.194031443,15.74637955
48057,1.11,380673.0,1039.78,2.255409621,15.38630794
48058,2.08,137660.0,1742.65,0.085321862,12.59490684
48059,1.46,352141.0,1867.63,1.856772274,15.81348892
48060,1.0,264106.0,1862.94,2.212599997,15.64449761
48061,1.59,162215.0,1414.32,1.826497919,14.99138707
48062,1.02,124039.0,2004.0,2.935932512,15.51545823
48063,2.18,362091.0,901.91,0.560017568,16.41834694
48064,1.53,366280.0,1770.89,2.233839068,15.07809968
48065,2.23,266877.0,1823.7,3.986895461,15.95404397
48066,1.71,139599.0,1427.23,1.306886888,14.85518024
48067,1.51,385512.0,1359.58,1.462678827,15.11335824
48068,1.05,340650.0,1966.55,4.477539107,16.55153832
48069,1.79,256872.0,1221.17,3.250272321,14.90881656
48070,1.51,157194.0,1890.49,3.032054154,14.0681842
48071,1.9,161853.0,1291.78,1.163880363,13.35814364
48072,2.47,396985.0,2629.89,1.658221385,14.24645472
48073,2.54,142115.0,2202.61,2.219870328,13.55389807
48074,1.85,137190.0,1471.95,1.816243985,15.71133926
48075,2.7,369761.0,2513.52,1.563410067,13.00103177
48076,2.39,376498.0,1790.64,2.741038596,12.36008004
48077,2.56,372978.0,1335.18,1.7309609,14.60723682
48078,2.48,257004.0,859.07,3.595910656,15.96321387
48079,1.68,370898.0,1319.37,3.582860718,14.71437009
48080,0.6,364469.0,1190.45,2.92536841,17.61550723
48081,1.16,352588.0,839.03,2.434926711,15.13645874
48082,1.27,356260.0,815.94,1.930645306,13.31688239
48083,1.2,132224.0,1872.72,2.881467801,14.97710681
48084,1.18,371423.0,2176.39,2.106929101,15.74240778
48085,4.7,363815.0,2489.99,3.393813169,15.85213109
48086,1.2,133078.0,2383.42,2.018080321,17.30636782
48087,0.97,263752.0,934.72,4.045923893,16.32232915
48088,1.49,121908.0,1692.57,4.020068504,16.22882266
48089,1.35,369573.0,693.21,2.135561617,12.93234766
48090,5.48,375187.0,1934.57,1.54156159,13.586576
48091,0.98,371139.0,1197.81,0.910100773,15.95541576
48092,1.84,160741.0,1822.05,2.267396181,14.85252536
48093,0.93,254896.0,2445.74,1.244073593,14.02578337
48094,1.77,364530.0,1927.24,4.409201876,15.57207054
48095,1.26,376049.0,1929.18,1.406146515,14.94410148
48096,1.14,400723.0,2399.88,3.176887849,13.98120449
48097,0.94,353305.0,1003.66,4.542343055,14.21330259
48098,1.24,360411.0,1910.9,1.74806733,13.43132409
48099,1.03,152012.0,1170.63,2.705804684,12.75398699
48100,0.74,360690.0,2238.67,1.661146062,17.47747731
48101,1.49,382647.0,2257.68,2.180341302,16.03130074
48102,1.84,382424.0,841.89,3.361335784,15.58830987
48103,1.08,154063.0,765.1,1.768153416,14.96052734
48104,5.51,370860.0,2698.81,2.57742669,16.07044381
48105,0.91,143418.0,1820.64,1.394893763,17.42511042
48106,5.53,371237.0,1304.74,3.626596782,15.88441949
48107,1.99,381196.0,2247.43,4.242073841,15.22240158
48108,1.6,248075.0,2187.57,3.675063522,16.66679108
48109,2.77,259842.0,804.35,4.626862145,15.94057812
48110,1.77,159012.0,3000.85,2.751921636,16.71899142
48111,0.37,151177.0,905.24,2.773010767,15.89352283
48112,1.13,350870.0,900.6,2.251886149,14.22931354
48113,1.75,337299.0,1309.63,2.263534641,13.90134866
48114,1.64,370989.0,1984.44,2.112058815,14.03003277
48115,2.61,248225.0,2209.05,1.404546283,15.58713075
48116,2.48,250907.0,1452.83,1.639216792,14.36301493
48117,2.15,393211.0,2515.9,1.919307833,14.37704106
48118,5.25,355823.0,1366.61,1.798761595,16.65317807
48119,1.41,340496.0,2162.36,3.019776036,13.80702243
48120,0.29,139017.0,1757.3,1.254493775,12.27153416
48121,2.22,352591.0,1830.61,2.820503923,17.13715293
48122,1.71,373859.0,1948.39,1.485180594,15.21388966
48123,1.67,370976.0,1341.04,1.637670318,15.31062062
48124,1.25,254598.0,1693.03,0.753656989,12.05331762
48125,2.48,246432.0,2434.05,2.084895432,17.72236461
48126,2.12,267393.0,1387.95,1.654392449,15.48536222
48127,1.3,379975.0,2181.63,0.349589171,16.4190993
48128,0.4,348534.0,1426.23,4.374207061,15.34759748
48129,1.59,354009.0,1648.6,0.950669877,14.89648968
48130,0.56,401119.0,2300.16,3.07341841,15.33177251
48131,2.33,342187.0,760.46,0.792179424,15.06554879
48132,0.95,364237.0,2352.66,1.955516551,15.03932552
48133,1.4,388104.0,1845.78,4.209343337,16.6358157
48134,1.4,385712.0,1504.03,2.749772183,14.81923936
48135,0.76,372818.0,2190.06,2.177681417,14.54291475
48136,1.61,151623.0,925.6,4.352909053,15.27459868
48137,0.71,360646.0,2026.38,1.333043011,15.8924731
48138,0.81,151961.0,2630.87,1.637582292,14.53227253
48139,1.43,346990.0,770.4,1.319035239,12.64478776
48140,2.61,271171.0,1284.39,2.02922796,15.31131853
48141,1.47,337995.0,1821.45,0.891172848,15.76128407
48142,2.07,283088.0,1513.85,4.109989134,17.08370679
48143,1.75,367004.0,905.97,1.152372697,13.87173057
48144,0.44,368498.0,1833.73,2.172138248,14.91317407
48145,1.26,259069.0,2862.58,3.044262912,16.31515824
48146,1.23,359512.0,828.42,1.590264183,13.90963349
48147,1.96,369796.0,1680.2,2.388105913,16.07416233
48148,1.35,143925.0,1835.78,1.253332429,15.88404178
48149,1.6,375247.0,1936.36,4.526112487,16.00934507
48150,0.89,141866.0,1883.91,3.397656013,15.50731377
48151,1.97,381902.0,1816.03,1.220902422,15.94022078
48152,1.96,375991.0,1416.59,0.404714931,15.11792721
48153,0.93,156929.0,1780.61,4.591079606,14.43270638
48154,2.6,401119.0,2586.8,1.466221601,13.52801755
48155,2.39,401119.0,1183.99,2.274185115,16.3188864
48156,0.84,358969.0,1324.56,3.660578336,16.102103
48157,2.61,365738.0,693.35,4.234013957,11.56658192
48158,1.69,250871.0,1775.87,1.786865689,16.93181598
48159,1.73,146249.0,1637.19,3.537385585,16.23755608
48160,1.36,378045.0,637.97,2.108993183,14.21139756
48161,2.12,356666.0,1571.89,3.097904899,14.89315655
48162,1.41,247777.0,847.81,3.077697938,15.88996752
48163,2.68,154160.0,2258.16,1.116146217,14.05914248
48164,1.58,272751.0,3047.82,1.359724691,16.00534747
48165,1.35,390289.0,2514.97,3.257028359,15.37231786
48166,2.55,163863.0,1978.41,2.959750613,15.51494366
48167,0.27,168880.0,1692.11,2.466639273,15.17255054
48168,2.46,157755.0,802.76,2.924593098,14.25333937
48169,3.03,368797.0,1942.79,4.174334144,12.01799015
48170,0.51,364799.0,1955.74,1.940093993,16.28175049
48171,2.09,273537.0,1487.64,1.872321515,15.75449915
48172,0.49,177174.0,2123.63,0.85413215,15.72150734
48173,2.02,168972.0,1290.05,4.571782865,16.24654782
48174,2.28,145573.0,675.17,1.685324972,13.58248552
48175,1.29,368444.0,2147.47,1.698682815,13.41948513
48176,2.58,378613.0,1908.96,4.019520763,13.44814046
48177,1.12,379118.0,1019.99,1.873808436,16.34743967
48178,1.29,352213.0,1501.49,1.797594074,15.17240289
48179,2.17,401119.0,1829.04,2.765465939,15.86187441
48180,2.45,379423.0,2165.57,1.821738476,16.64344161
48181,2.42,140658.0,2315.01,3.994616197,16.39189792
48182,1.11,248493.0,1856.87,2.336220268,13.55501942
48183,1.21,382350.0,2114.04,1.996973736,13.74932849
48184,2.22,143142.0,726.64,1.709190582,15.1174514
48185,1.78,164255.0,1734.31,2.240583398,16.5498398
48186,1.67,148148.0,1323.96,1.458140982,16.65892133
48187,2.33,375436.0,1507.65,1.886960138,16.53257839
48188,2.1,141817.0,1692.35,3.826670116,13.31244081
48189,0.83,279744.0,1901.24,2.617057452,11.92585269
48190,1.1,359471.0,923.06,1.912120137,15.79181958
48191,1.95,269618.0,2035.2,1.801713604,13.81908467
48192,0.39,247916.0,1843.13,1.59972931,15.17509735
48193,0.47,365090.0,1391.77,1.974266715,16.17357056
48194,1.07,375634.0,1552.94,1.285458848,15.69080788
48195,2.5,330203.0,1182.96,3.257609121,12.02833228
48196,0.97,394810.0,2442.14,1.563677215,15.33790626
48197,0.96,391141.0,2434.53,2.76182941,14.98897744
48198,1.47,368545.0,2222.5,1.399172483,13.85793743
48199,1.67,145866.0,1860.81,2.521479807,15.44499655
48200,2.39,235978.0,1962.29,1.54818788,15.58599082
48201,1.71,137473.0,1769.74,1.797443151,16.63888653
48202,1.94,389115.0,1940.71,0.288653286,13.54538918
48203,0.82,153988.0,955.04,1.361804609,15.17028559
48204,0.42,274320.0,1647.39,2.802952812,15.20650005
48205,0.55,365904.0,2145.18,2.272761616,15.92142047
48206,0.32,170012.0,2192.73,4.93924406,12.94475358
48207,1.65,149647.0,1896.02,1.945920032,15.30889635
48208,0.1,386769.0,2296.15,1.974804335,15.12922048
48209,1.47,258101.0,806.03,1.30906804,15.99717539
48210,1.65,381376.0,1854.16,1.683345019,15.21773601
48211,2.93,356834.0,642.08,1.473984104,15.20603105
48212,2.0,127931.0,2004.69,0.935802205,15.05559114
48213,2.77,358082.0,743.77,3.892104707,16.32493013
48214,1.65,356803.0,758.62,0.780958102,14.60480691
48215,0.3,153323.0,2267.6,2.491154654,16.42326449
48216,1.22,374613.0,1438.65,4.508111469,15.10155659
48217,1.83,128135.0,2611.53,1.716880751,15.81448095
48218,1.13,150164.0,1993.49,3.888880921,13.30891512
48219,1.07,371192.0,1806.3,0.698822799,14.93501196
48220,2.26,261519.0,1169.98,1.627926381,16.01941063
48221,2.0,167370.0,639.77,3.115842107,16.78483731
48222,1.68,140900.0,1215.35,3.095553977,15.94372273
48223,0.76,383991.0,1755.11,1.856028561,16.26874689
48224,0.46,379676.0,1860.04,1.59294533,15.50914254
48225,1.88,363807.0,698.95,1.521651278,15.07647415
48226,2.61,157781.0,1833.69,0.034373728,13.58517984
48227,1.02,123145.0,1567.63,2.10883846,17.23412885
48228,1.69,358662.0,2286.0,1.943687514,15.40660036
48229,2.14,353085.0,1798.42,1.586135499,13.44544778
48230,2.06,401119.0,2239.82,1.006548591,16.09790241
48231,1.65,351770.0,2556.56,1.284542415,12.62661478
48232,1.15,400014.0,1861.55,2.341021102,16.92188748
48233,2.12,356041.0,957.57,1.10541543,13.43173311
48234,0.41,243195.0,2091.89,1.192222657,15.74731982
48235,0.54,142043.0,1333.78,2.744523215,17.73027397
48236,2.57,371332.0,1847.46,2.355666803,16.12372452
48237,1.02,135048.0,1882.97,1.585838915,13.25214392
48238,1.47,371074.0,2128.92,0.835603637,13.32477712
48239,1.36,163927.0,2432.77,1.13413131,14.44155398
48240,2.11,374084.0,1913.48,1.472190347,12.83593802
48241,0.81,366693.0,1411.07,4.373486542,16.89330254
48242,2.85,246508.0,2246.52,1.452966918,13.10049746
48243,1.83,342512.0,889.07,3.046283213,14.29979677
48244,2.12,251384.0,1801.76,1.620915985,14.11810205
48245,1.89,375491.0,987.46,1.71581137,13.27087259
48246,1.06,133986.0,1793.58,2.233785203,13.54620757
48247,2.09,374179.0,1827.05,2.488331268,15.91134789
48248,2.06,371630.0,1858.9,2.832386369,16.82722549
48249,1.17,384861.0,2389.58,1.834266805,15.8735824
48250,1.42,145246.0,2320.13,2.941554996,15.54525628
48251,2.22,354367.0,1834.27,0.195395307,15.3935203
48252,1.85,134392.0,1669.92,1.591436873,15.19380774
48253,1.89,362679.0,2131.32,3.03913073,13.68286259
48254,2.84,247397.0,2279.34,1.778649095,15.27402186
48255,1.09,376311.0,2470.0,1.745811615,15.24551468
48256,1.59,143650.0,1084.85,2.716691819,15.18843964
48257,1.03,153259.0,1940.68,3.153454457,16.3111703
48258,1.11,122603.0,2402.98,2.490947033,15.90055892
48259,1.21,371858.0,1820.12,3.595902138,15.35473088
48260,1.53,152463.0,1330.51,2.799424334,15.89457641
48261,1.19,374792.0,1630.98,-0.326393035,14.5268235
48262,2.34,281004.0,1780.61,1.180752972,14.07583048
48263,1.15,398842.0,1754.62,1.688580179,17.29219957
48264,1.03,397998.0,1238.89,0.900816929,12.78947011
48265,1.83,373748.0,1208.8,2.210796886,15.59465892
48266,0.29,152682.0,985.96,2.102867396,16.14447079
48267,1.97,164525.0,1054.89,1.98178185,15.39712384
48268,2.44,137993.0,1287.44,2.839592333,15.46994222
48269,0.87,362519.0,890.35,1.853310025,15.95684484
48270,0.53,238013.0,1837.04,2.037395631,15.45087555
48271,1.29,387344.0,924.17,2.869863951,16.98492398
48272,1.39,139847.0,1902.28,2.918608109,14.04270605
48273,1.84,262253.0,1965.26,0.760268367,14.56391108
48274,1.63,133769.0,1915.16,1.35045059,14.88824368
48275,1.15,138962.0,1804.05,0.87096797,15.07839989
48276,1.2,370857.0,1797.95,1.698553989,15.60777016
48277,1.83,134238.0,2291.22,1.795059374,15.55574109
48278,2.62,260572.0,820.22,1.643145965,15.01823708
48279,2.41,351449.0,1847.99,1.476664916,14.25488919
48280,1.93,388066.0,1893.83,3.294405974,13.28115796
48281,0.71,252298.0,1240.68,2.688927648,15.66667316
48282,1.56,156958.0,2524.89,0.998540047,15.40198336
48283,1.9,369756.0,1809.48,1.380420396,15.03169718
48284,0.86,139939.0,2226.56,2.698733954,14.0564472
48285,1.18,368815.0,1450.85,1.734758153,17.60268729
48286,1.11,359820.0,2236.53,3.500445706,14.30921544
48287,0.13,147111.0,2548.82,1.115762306,12.02016104
48288,1.25,386930.0,1820.04,1.60917597,13.52908302
48289,1.87,354932.0,855.06,1.597066065,15.25598162
48290,0.89,398253.0,2084.3,4.14939672,17.73027397
48291,1.18,165882.0,1720.75,1.863498471,12.15726722
48292,2.14,368292.0,841.66,2.210157665,16.84761524
48293,0.85,357170.0,2245.3,1.432260239,15.00456258
48294,0.56,273888.0,3047.82,1.213991901,16.78427539
48295,1.27,230064.0,1117.01,2.299637229,14.32206611
48296,0.41,148435.0,2315.84,1.742834848,15.54051271
48297,1.13,368302.0,2410.56,2.713097369,15.9788333
48298,1.56,370887.0,2313.03,2.453641703,15.86375371
48299,2.1,184426.0,1812.28,3.223374927,17.39000236
48300,1.94,377177.0,1812.83,4.388158485,14.05386459
48301,1.29,389352.0,1976.83,2.409321319,15.40429918
48302,2.15,373301.0,1777.62,3.454380989,14.93338519
48303,1.18,388280.0,1955.77,3.990884315,16.47651056
48304,1.59,372296.0,2219.78,0.98878164,12.89785886
48305,1.75,360931.0,2359.73,2.222645685,16.2196866
48306,1.47,358734.0,1075.63,1.409294727,17.09628744
48307,0.87,370333.0,1847.0,0.968880108,13.37515923
48308,1.03,359588.0,2316.13,2.31281838,16.05858088
48309,2.12,366342.0,1940.87,3.136346017,13.14331215
48310,2.41,254672.0,902.38,1.679809134,16.53094947
48311,1.21,234609.0,1908.39,3.771890828,15.76348342
48312,2.89,130185.0,2157.53,2.358781875,15.57154018
48313,1.63,354436.0,761.65,1.308025833,12.32309689
48314,1.14,358884.0,2560.67,0.605537023,15.27632083
48315,1.4,364012.0,2220.66,0.963674611,13.55807214
48316,0.91,372513.0,1773.23,2.306030019,17.01833999
48317,0.87,378745.0,2180.17,2.341881426,14.19991223
48318,1.2,372222.0,1627.97,4.358730083,12.1735028
48319,3.02,375280.0,2041.99,2.246445403,15.406052
48320,1.56,139915.0,1873.56,1.747414374,16.04536465
48321,0.97,392021.0,1915.86,3.033042174,15.77580992
48322,2.24,125332.0,1599.21,2.087753089,13.79692582
48323,1.0,359378.0,2503.24,2.854728002,13.10949889
48324,2.8,169112.0,2015.74,3.825806832,13.94628065
48325,2.15,356551.0,798.28,3.732380599,15.75911266
48326,2.19,139659.0,869.15,2.437750655,12.68207483
48327,1.58,366987.0,838.7,2.488560834,12.57801143
48328,0.0,387145.0,2436.9,3.01171943,14.71688829
48329,1.37,130849.0,915.1,2.441961249,14.12927623
48330,1.59,132556.0,1834.33,1.38222341,14.47997561
48331,1.18,165937.0,1991.55,2.070776725,14.22460071
48332,2.16,133239.0,906.95,2.066602474,15.95132509
48333,1.23,389382.0,1907.84,1.043155958,17.73027397
48334,0.54,159744.0,1575.28,1.852573267,15.19999632
48335,2.94,380007.0,1075.76,0.956842131,13.37134729
48336,1.7,396121.0,1110.54,1.531047535,16.76320972
48337,1.82,259723.0,1792.04,0.785619473,15.81027115
48338,1.81,390879.0,1245.33,0.976148853,16.36997916
48339,1.81,133850.0,1915.8,1.110806833,15.64390645
48340,1.67,239769.0,771.88,3.119977417,14.87785758
48341,0.99,169510.0,2461.31,1.534227784,15.97519432
48342,0.26,173980.0,808.39,2.118573515,15.29487937
48343,1.32,245558.0,1876.05,1.340277686,16.46964575
48344,0.95,375133.0,1786.41,2.857771749,15.647336
48345,2.62,368937.0,1263.85,1.468237843,15.52843596
48346,1.0,154234.0,2525.2,0.96410061,15.2206346
48347,1.44,278904.0,1611.68,4.93924406,16.54874394
48348,0.46,153791.0,1668.83,2.645510648,15.59381018
48349,3.57,371611.0,2075.38,1.716517029,15.50003727
48350,0.54,126460.0,1959.44,2.640114079,13.45123821
48351,1.63,374849.0,1221.28,1.73328961,15.75161566
48352,1.14,117836.0,2351.9,1.166381699,15.05564738
48353,1.87,133565.0,1785.57,1.766120529,13.86193314
48354,1.33,383913.0,1694.03,1.882941545,15.8823799
48355,1.45,130756.0,1477.75,2.815472223,14.04002085
48356,1.21,124097.0,2304.66,3.613747017,15.89963905
48357,1.09,274637.0,1681.07,1.616641968,15.53078112
48358,0.96,358386.0,1982.47,2.136021864,13.14083453
48359,1.29,154179.0,1728.42,4.22293485,12.87272141
48360,2.46,262354.0,1112.83,2.103312028,15.66111094
48361,1.02,355006.0,906.9,1.439890575,15.39972198
48362,1.06,151312.0,1002.22,-0.255746537,15.60545512
48363,2.22,357635.0,1879.8,1.209955449,15.54885984
48364,1.14,153807.0,1442.75,3.82942907,15.58105292
48365,1.1,138168.0,1748.94,4.070720739,16.4172443
48366,1.23,142124.0,1776.51,2.768720964,12.96569563
48367,1.01,158715.0,810.35,2.00248573,15.04122975
48368,1.41,389685.0,1573.88,2.88144731,17.41495633
48369,1.07,135990.0,2299.71,1.771635298,14.09287009
48370,2.36,362512.0,1306.12,1.565017088,15.22800748
48371,1.81,358258.0,2189.96,1.127408685,15.17734428
48372,0.24,380169.0,1475.96,3.727120582,14.62107425
48373,0.98,253656.0,1830.39,1.40086775,15.93500475
48374,0.7,163560.0,904.71,1.539548885,15.7874579
48375,0.89,165565.0,586.86,2.19522494,15.30247182
48376,1.66,370592.0,1232.49,2.945158958,15.318391
48377,1.4,250695.0,1979.28,1.687226485,13.16650154
48378,1.27,267467.0,2140.56,1.814251496,13.78483924
48379,0.75,140513.0,2209.25,2.294092867,12.65782207
48380,0.17,254914.0,2473.92,2.158938804,12.74435711
48381,1.78,244400.0,1817.67,1.658968496,16.70079546
48382,1.81,147510.0,1845.41,0.844868042,16.58011438
48383,0.78,266493.0,1987.56,1.483278034,14.76188117
48384,1.0,144647.0,1746.36,2.480601437,16.20096562
48385,0.44,143083.0,1830.91,2.576869045,15.45872952
48386,1.27,401119.0,1333.04,1.256757241,16.5930917
48387,0.48,381479.0,2006.04,1.410965101,15.25382615
48388,1.3,376842.0,1791.9,2.047032312,13.70880612
48389,2.33,258289.0,1689.84,4.260479606,16.61397101
48390,1.57,379252.0,980.66,2.358580148,16.03036138
48391,2.24,373363.0,2359.23,2.350631876,15.68536162
48392,0.75,369613.0,2194.03,2.454722888,17.47172657
48393,0.82,350865.0,2324.55,2.24991208,15.57884819
48394,3.53,129879.0,1136.08,1.878081021,13.22717192
48395,2.17,356577.0,1670.45,1.857132923,12.78091036
48396,1.59,146864.0,2975.49,1.054878228,14.060645
48397,1.67,364752.0,1891.56,1.999266664,13.70495288
48398,0.97,342460.0,1516.45,4.384457794,16.04464867
48399,1.05,394911.0,689.12,1.323158423,15.86328959
48400,0.92,249668.0,1976.13,2.986546399,13.26795182
48401,2.41,359019.0,1849.92,4.045892986,16.61342752
48402,2.37,154704.0,755.67,1.394075758,14.92738431
48403,1.19,140113.0,1318.47,1.590400051,16.97123401
48404,1.83,258696.0,2273.24,4.369697852,16.56916571
48405,1.57,150835.0,586.86,1.924224934,16.02011062
48406,0.52,390443.0,2279.4,1.375432639,13.1218097
48407,1.36,147124.0,2258.75,2.657213815,13.98658799
48408,0.85,369969.0,2726.88,3.455967721,15.52334611
48409,1.5,389760.0,1863.8,3.451597155,16.75511298
48410,1.88,358255.0,611.69,1.602871335,13.73302981
48411,1.13,384943.0,2066.35,4.368105854,13.91151113
48412,0.61,255240.0,1867.54,1.93979077,15.76598242
48413,1.38,381102.0,1655.0,0.733855942,15.01613347
48414,2.53,342506.0,1677.29,1.371644585,15.30690035
48415,1.8,389009.0,1475.92,0.087066932,15.67379091
48416,1.3,117200.0,1904.01,3.561089838,15.71234087
48417,1.59,169200.0,1630.68,2.088440935,16.32136121
48418,5.54,383447.0,897.18,2.5317495,14.78937457
48419,0.86,256752.0,1871.57,4.039960664,15.23282735
48420,0.54,377814.0,1831.52,1.428374057,15.49473822
48421,0.36,380393.0,1948.03,0.038424211,16.5909209
48422,1.54,366003.0,1901.78,2.280987074,15.9217322
48423,2.1,272912.0,2460.12,1.524120188,12.9835161
48424,1.66,265244.0,835.43,4.089670789,13.77915188
48425,0.22,356515.0,1946.73,3.714574506,16.28716695
48426,1.78,361976.0,2408.92,2.06404528,13.89824536
48427,1.32,158479.0,1706.14,0.463180336,15.3410903
48428,2.52,367928.0,1890.75,0.941031176,15.71850353
48429,1.79,365098.0,797.32,1.877061643,15.53021973
48430,1.57,237817.0,850.15,2.659697601,16.89690335
48431,1.51,276307.0,1099.38,3.889950758,17.68434113
48432,0.27,376562.0,1431.18,3.073323767,15.61551684
48433,1.08,393079.0,2400.66,1.586208237,13.66372823
48434,0.68,395328.0,1734.91,2.940507296,13.69479745
48435,0.95,381845.0,1744.2,1.990687918,15.60805126
48436,0.72,153749.0,850.94,4.301615453,15.13413543
48437,1.58,343357.0,1715.37,3.109513407,15.29455868
48438,1.62,359653.0,2047.88,3.982010144,16.01034821
48439,1.99,354136.0,2087.06,1.46115834,15.3584291
48440,0.98,139725.0,840.86,3.155226656,15.43787625
48441,1.26,268542.0,1991.9,1.973978499,16.64481884
48442,0.44,364742.0,1921.89,1.331385114,16.25343808
48443,0.93,378191.0,2997.52,3.027343368,14.93522935
48444,2.23,240244.0,2520.54,1.61631804,12.82433357
48445,1.35,362404.0,1786.57,3.476847026,15.45484074
48446,1.86,355278.0,1142.81,1.56877792,17.73027397
48447,1.9,252082.0,1940.02,2.326599401,16.29346477
48448,1.22,366450.0,2226.32,2.959032057,17.38427757
48449,1.43,361982.0,2789.23,1.614179612,15.8018125
48450,1.82,262690.0,1015.31,2.528396659,15.97485447
48451,0.61,166375.0,699.23,2.956820885,16.69660176
48452,1.69,364143.0,892.87,2.074085444,13.72209599
48453,0.45,353973.0,1873.13,2.58789438,12.964705
48454,1.65,351813.0,2354.28,1.075687097,13.41500254
48455,1.27,243577.0,1778.54,0.045113898,13.58931969
48456,0.27,257587.0,1913.77,3.155764122,16.18723966
48457,3.16,148723.0,1732.97,1.695200935,13.19647129
48458,1.36,371523.0,1293.37,-0.049605528,13.3040187
48459,0.37,273583.0,2286.79,3.184133893,16.82475092
48460,1.53,379264.0,779.61,4.93924406,13.69929239
48461,2.62,130655.0,1386.9,-0.039928388,15.84606184
48462,0.16,137214.0,2453.87,3.331448853,16.44109138
48463,1.68,146670.0,2246.4,3.439493541,13.97596199
48464,1.74,138789.0,2291.04,2.969350747,14.19853019
48465,1.46,269465.0,1921.72,4.84027093,14.10973128
48466,1.1,137654.0,1838.88,3.47396481,16.11054184
48467,0.0,151253.0,2155.78,4.361630764,15.95632081
48468,0.79,389876.0,1776.37,3.147365274,14.41417895
48469,2.11,245231.0,2613.47,0.186397256,15.80778483
48470,1.61,363942.0,2000.71,2.476043931,15.29099718
48471,1.86,156441.0,1979.85,3.972826166,14.47451618
48472,2.01,254677.0,1023.25,1.493847976,13.92084574
48473,2.27,359673.0,1640.99,0.898074091,12.20544752
48474,1.52,140278.0,2282.8,1.522452495,13.6288391
48475,1.13,137257.0,1995.48,3.26429628,12.03158505
48476,1.95,253830.0,2064.98,3.584965126,12.7193428
48477,2.37,363095.0,2580.67,0.697894213,13.55442312
48478,0.71,245892.0,1923.78,1.109622508,15.10592233
48479,1.02,245061.0,848.48,2.098494346,15.09127455
48480,1.99,143995.0,1803.06,2.24249885,16.99297812
48481,1.28,364755.0,3047.82,2.387382286,16.61266688
48482,1.3,366212.0,1896.36,1.019735541,15.29067362
48483,1.02,386168.0,1806.17,1.909213886,15.78419685
48484,1.93,359719.0,1296.13,1.593471873,15.88202316
48485,1.86,382457.0,1805.25,2.303795004,17.48830837
48486,0.66,159325.0,1879.67,1.076652915,15.48012525
48487,1.41,136619.0,2122.8,1.5795559,13.40059753
48488,1.03,139342.0,1393.35,1.226363621,16.30289911
48489,1.24,382707.0,1130.72,1.537166991,13.13304793
48490,1.45,349135.0,1857.62,-0.215511198,15.58280572
48491,1.45,149976.0,1280.0,1.892200202,15.63923978
48492,2.14,376402.0,1372.43,1.406774583,16.08508305
48493,0.74,373684.0,1932.1,1.772052211,16.44339214
48494,1.08,149738.0,1355.96,3.36784534,15.2209983
48495,1.26,154779.0,1780.02,0.851733993,12.9250968
48496,1.95,376519.0,895.85,2.106789041,13.09119342
48497,0.5,382470.0,1179.49,1.296530634,14.35976748
48498,2.42,237707.0,2224.6,2.994878518,15.39326922
48499,0.89,355808.0,1662.94,3.024136814,14.54606981
48500,1.57,370347.0,1111.8,1.653164153,15.88961278
48501,1.37,121928.0,2409.37,2.998801609,15.42835019
48502,0.96,370112.0,1904.75,1.72983014,16.16360097
48503,2.28,366107.0,1374.47,2.229827472,17.43461551
48504,4.27,248851.0,1380.24,1.867517612,13.35415822
48505,2.42,144029.0,794.71,1.09527475,15.72328733
48506,0.9,382525.0,750.15,1.999947778,15.58049715
48507,2.01,392742.0,1379.55,1.7935888,15.53938609
48508,2.22,382953.0,1991.51,4.418080128,15.60663849
48509,1.96,150017.0,2087.24,2.252734888,15.10258929
48510,0.57,122200.0,2136.92,3.38246974,12.1436708
48511,0.85,387581.0,1931.91,1.318943035,15.48468186
48512,1.06,281166.0,977.6,3.805828036,15.15267142
48513,0.53,378138.0,1831.42,1.3232356,13.16018295
48514,1.41,369691.0,1741.82,2.170129552,16.36942928
48515,1.38,134967.0,2462.23,1.621101713,15.7932191
48516,1.96,345357.0,733.35,0.698691845,15.52469983
48517,1.25,384112.0,1967.11,3.637149588,15.54358405
48518,1.45,273043.0,1535.94,0.515781891,14.23400879
48519,0.65,267779.0,1868.79,2.82170829,16.54353832
48520,2.19,400037.0,1608.38,3.847476953,13.53383942
48521,2.58,371940.0,1960.73,2.97443085,15.82778487
48522,1.04,376281.0,2226.39,2.190168443,13.00891854
48523,1.22,251437.0,620.54,1.011631701,13.97206077
48524,1.79,351991.0,2020.73,-0.022308713,15.43848114
48525,0.98,364733.0,2233.91,3.406980486,16.18578429
48526,1.55,359204.0,1752.55,0.292984859,15.74483549
48527,2.21,222054.0,2274.66,3.341636193,16.39902272
48528,1.28,401119.0,1835.71,1.617505991,15.40706208
48529,1.02,117568.0,1893.16,1.883718287,15.30362433
48530,1.58,271296.0,1916.97,1.625575811,13.57923175
48531,1.6,145834.0,1038.94,1.669125185,15.54515842
48532,2.02,370461.0,1824.17,1.38015807,15.65744447
48533,1.79,372309.0,1786.89,2.11920006,15.61853706
48534,1.62,121134.0,2605.3,2.048891558,14.88210538
48535,2.18,150042.0,1395.11,2.085139078,14.4906242
48536,0.32,268589.0,1902.19,4.336293551,14.55619264
48537,1.25,151350.0,785.81,3.456300316,15.9637126
48538,1.19,394049.0,1792.61,2.235871924,13.88047167
48539,1.32,164020.0,1374.35,3.711116113,17.40852348
48540,0.36,386862.0,1039.6,2.913878392,15.92839617
48541,0.33,234324.0,1482.01,1.288017569,16.56768582
48542,0.58,240338.0,1812.69,1.306163923,17.73027397
48543,0.96,365872.0,860.5,-0.326393035,13.50439718
48544,1.21,376103.0,1861.97,4.013645613,15.46921621
48545,0.86,160619.0,1481.96,2.289095107,15.4039263
48546,0.75,137244.0,2798.92,0.750772388,13.33042817
48547,1.97,368398.0,1814.94,2.695664661,16.61211277
48548,0.65,370793.0,1850.09,3.821960328,15.15507768
48549,1.11,345512.0,2435.05,1.00894445,13.46140893
48550,1.19,372529.0,2503.13,2.36074496,16.67758987
48551,1.95,247935.0,1736.31,1.497375764,11.37275354
48552,1.24,144300.0,1885.38,1.353694864,15.73564671
48553,1.24,150108.0,1795.75,2.451006584,14.85490863
48554,1.27,353026.0,1915.21,2.857029252,15.48915454
48555,1.36,145559.0,1972.23,1.968206047,13.56823033
48556,0.98,380954.0,1736.46,4.448889632,16.78708972
48557,1.87,364861.0,2961.51,1.545620886,15.82477508
48558,0.95,154440.0,2046.09,2.906902534,13.96039742
48559,1.53,365332.0,1547.31,2.09857591,16.18196778
48560,1.42,160251.0,1561.1,2.915786944,12.65903492
48561,1.05,167867.0,2248.89,0.739213059,15.97720818
48562,0.97,381067.0,860.5,0.485192819,15.80843465
48563,1.99,247740.0,1892.89,1.551424963,15.29475493
48564,1.56,365348.0,977.39,1.973085652,15.19314634
48565,0.0,251739.0,2031.4,4.93924406,14.74841896
48566,1.36,334344.0,2385.08,2.788723631,15.63811518
48567,0.88,354968.0,2135.63,2.0559932,15.75584319
48568,0.55,268615.0,1955.09,2.128452412,15.13035723
48569,1.21,343687.0,2460.4,0.936932341,15.74160502
48570,2.21,370977.0,586.86,4.196576715,13.09729693
48571,1.07,374222.0,586.86,1.93525036,16.01697414
48572,0.67,388581.0,2403.26,1.304758428,16.01683989
48573,1.56,363915.0,789.45,1.340290494,14.13447938
48574,1.73,343068.0,709.56,2.774932926,15.64190417
48575,1.46,143670.0,1797.27,1.569266645,13.9478436
48576,1.02,389749.0,1973.16,1.534930631,13.75675104
48577,0.45,262380.0,1814.22,3.689832589,15.07508098
48578,2.17,380869.0,965.04,3.428375806,16.05130679
48579,1.51,357120.0,1460.19,2.991012247,15.47896823
48580,1.93,355427.0,1729.47,2.57794555,16.33644199
48581,1.12,380230.0,875.56,2.627478323,16.29518285
48582,5.14,358084.0,1886.16,1.385471097,15.18176425
48583,2.11,365949.0,1330.49,1.690231625,17.37616844
48584,2.68,355036.0,1892.1,1.029418673,14.72874938
48585,1.62,128921.0,1922.2,0.887207249,14.06521516
48586,1.89,126477.0,675.69,1.82920149,12.05359715
48587,1.22,367105.0,2391.15,1.753915961,16.14718068
48588,1.74,152530.0,1428.69,4.053189243,16.19756772
48589,1.74,381253.0,2082.52,2.448717591,14.98251461
48590,2.1,362518.0,2442.74,2.763031104,14.23403458
48591,3.04,157931.0,1944.49,1.629988559,15.61530562
48592,1.86,353172.0,1508.65,1.890439776,13.99111013
48593,0.9,250631.0,916.03,1.273336643,13.87688957
48594,1.97,352080.0,751.78,2.374648933,14.5082974
48595,1.4,341604.0,1928.45,2.81170683,14.93136081
48596,0.43,393891.0,1131.55,2.020624012,13.80307237
48597,0.62,351099.0,1885.58,1.546079851,17.02856769
48598,1.52,382263.0,1834.63,1.28757159,16.46358453
48599,1.6,131718.0,1854.6,1.258316984,16.57273203
48600,2.4,377888.0,1811.88,2.072415556,13.57251554
48601,2.83,280259.0,2446.45,1.286862348,16.07809309
48602,1.77,260480.0,1707.2,1.033443478,13.51378645
48603,4.8,383676.0,2251.63,4.595448017,13.55388306
48604,1.56,269675.0,2091.9,0.572170155,16.90126874
48605,1.02,267778.0,1806.24,3.051335002,15.75775099
48606,0.95,372630.0,871.18,0.008080474,12.84563547
48607,1.85,360293.0,1547.78,1.873527936,13.99723617
48608,1.68,147487.0,2508.08,2.154567787,16.85003403
48609,1.5,378637.0,2334.66,2.183039144,15.97209305
48610,0.79,161466.0,2151.26,2.004717598,15.95774524
48611,1.92,370133.0,2401.96,1.948029333,14.64216831
48612,1.87,133110.0,1777.0,3.260889304,15.60054008
48613,0.32,258587.0,1938.12,3.85187561,16.84996641
48614,5.31,357785.0,2363.31,2.737308998,13.86078383
48615,0.37,381365.0,891.31,1.991219943,15.38622589
48616,2.08,351194.0,1841.32,1.79516363,16.25913649
48617,2.12,347818.0,1709.62,2.594804851,13.62231733
48618,0.99,141768.0,1237.98,2.011231155,14.19153959
48619,1.34,238875.0,716.51,4.659192091,15.74278511
48620,1.38,382716.0,1796.14,0.493785707,15.0827537
48621,1.1,382587.0,1951.8,3.302120331,13.77384938
48622,1.21,257175.0,1766.18,1.228580735,16.31497328
48623,1.74,134944.0,1131.2,2.898259896,16.98736308
48624,1.76,350164.0,1312.77,3.683018408,15.38491526
48625,1.32,129298.0,1230.65,4.169096044,14.49999038
48626,2.43,260112.0,646.75,1.998079651,15.51313896
48627,1.96,140815.0,1471.18,0.829806318,15.90736993
48628,1.68,373141.0,1085.79,1.979211491,15.88900227
48629,1.77,244292.0,1707.69,2.017665957,15.51880722
48630,0.81,161368.0,2381.52,1.771224969,15.85237527
48631,2.07,146760.0,1843.11,3.989328354,12.38758871
48632,1.0,137169.0,1884.38,2.195402976,12.73309858
48633,1.2,173115.0,996.07,1.043630025,14.81548765
48634,1.94,133892.0,1586.13,1.629346965,14.55953316
48635,2.21,137322.0,860.74,1.283504678,15.49014321
48636,2.99,341052.0,1901.92,1.740958954,16.80738349
48637,1.54,382836.0,859.55,2.47713275,13.21716215
48638,1.48,368542.0,1535.42,2.070310558,15.20726539
48639,1.66,358450.0,1356.01,0.229093277,14.29720885
48640,1.8,258806.0,1967.55,0.289814093,14.26986518
48641,1.69,363121.0,1802.54,3.197704031,16.39009336
48642,1.76,366473.0,1687.57,1.571562052,15.88918226
48643,1.91,354911.0,2377.9,4.865394105,16.51836236
48644,1.13,247735.0,1836.18,-0.070822744,14.04588965
48645,1.25,364915.0,2256.22,4.408280766,16.02094927
48646,0.53,384657.0,1846.56,1.988517508,16.02572716
48647,0.85,369499.0,1601.77,2.903899806,15.61016784
48648,1.66,127713.0,1362.9,2.497463226,15.06771565
48649,2.27,331195.0,1835.94,0.796145257,13.14266341
48650,1.51,357299.0,1849.24,2.894158566,15.5454921
48651,2.33,391138.0,1666.76,2.139029162,14.46196143
48652,1.05,256530.0,1449.05,2.990132277,14.15581533
48653,1.01,262320.0,1472.18,1.794959272,16.47454235
48654,1.73,269752.0,989.48,1.594133025,17.2738126
48655,2.05,351981.0,1093.81,2.808964124,16.76642315
48656,1.31,349870.0,1984.9,1.653048629,15.44084915
48657,1.47,267802.0,1503.23,1.821810089,13.86410404
48658,2.58,351007.0,1792.89,2.095921498,13.92782716
48659,1.73,156853.0,965.19,4.026434497,16.15129167
48660,1.89,368447.0,1246.5,1.492210973,13.71760639
48661,2.01,350018.0,1073.27,1.193937082,14.80136971
48662,0.18,133663.0,1629.68,4.184400717,15.43127701
48663,0.47,125357.0,1776.97,1.700517064,13.02359044
48664,2.03,133433.0,1274.58,1.698266228,15.802465
48665,1.13,258532.0,1330.04,0.224991228,13.02776836
48666,0.97,251413.0,938.46,1.121157089,13.75365243
48667,2.09,147884.0,1098.59,4.086182325,14.02805592
48668,1.03,126220.0,1832.97,0.675175318,14.97744232
48669,1.44,365026.0,1733.01,1.43515619,15.05488576
48670,1.3,361405.0,1791.03,1.636266505,15.7716689
48671,0.31,375022.0,1983.87,1.469325476,15.76143225
48672,1.81,262037.0,2267.63,0.643332182,13.71258353
48673,0.79,247078.0,2254.47,3.568348208,15.97336573
48674,1.22,362558.0,1909.11,2.729854304,17.43426715
48675,1.75,393971.0,1411.63,3.3098168,15.81493009
48676,0.68,356944.0,2246.22,1.876501254,14.57202819
48677,1.64,382593.0,1091.44,1.054625564,17.24913601
48678,2.23,361247.0,1289.55,2.824347212,15.93848329
48679,0.08,159923.0,2160.87,2.906302939,12.55995129
48680,1.46,140104.0,2529.79,1.312522528,15.66453097
48681,1.55,387293.0,2142.57,2.062861191,16.31123756
48682,1.16,139663.0,721.27,1.748254118,15.49443401
48683,0.81,340438.0,1640.62,4.548612688,16.62411402
48684,0.86,163106.0,1742.83,1.412667953,17.04414075
48685,1.0,342148.0,951.67,2.155942636,14.18875797
48686,0.97,383115.0,2293.85,3.116276064,14.06893566
48687,1.04,250982.0,1512.81,1.860353168,13.96848211
48688,0.57,256770.0,1053.0,1.787809709,15.28451617
48689,0.74,375522.0,1847.56,2.073636619,14.03488596
48690,0.34,169753.0,2144.86,1.231690172,13.5161846
48691,0.72,395300.0,2352.06,2.565280751,15.29183303
48692,1.8,253404.0,1792.49,0.702956116,14.83701834
48693,0.65,377955.0,2478.27,1.965045481,13.89881888
48694,1.1,391172.0,665.41,2.563027999,13.3457579
48695,1.37,156242.0,2175.93,0.302899273,14.2473449
48696,2.09,155504.0,1820.38,2.661893635,15.25517662
48697,1.91,161158.0,1830.61,4.079639946,15.80093942
48698,1.37,388035.0,2533.99,1.367833108,15.88511427
48699,0.88,368504.0,845.33,3.352875119,15.47029207
48700,1.8,143873.0,1724.6,2.94321655,15.53478596
48701,0.89,376001.0,2306.45,3.543006126,13.21572564
48702,1.86,370396.0,882.53,2.855893688,13.45558322
48703,2.7,231250.0,1537.46,2.116991143,13.17113597
48704,1.19,379235.0,1849.36,3.059523711,17.03365135
48705,1.15,372773.0,1730.31,1.418691654,16.39915203
48706,1.47,141218.0,814.19,1.742510497,15.3702834
48707,2.31,401119.0,1869.04,1.69407537,16.17349158
48708,1.53,365243.0,1858.58,1.876563401,15.92346652
48709,0.39,136295.0,1321.22,4.643790449,15.14773065
48710,1.17,267297.0,2549.76,1.63355024,15.34800163
48711,0.74,339836.0,1737.83,2.773854623,15.44084366
48712,0.09,372345.0,2156.9,3.713966229,14.27083267
48713,1.13,371602.0,1952.68,0.84798579,13.7162058
48714,2.33,395748.0,2627.01,0.897456942,14.71227151
48715,2.27,262241.0,903.96,1.687840675,14.49224826
48716,1.32,242404.0,1778.51,2.665371527,15.88891001
48717,2.22,150294.0,1888.69,2.617829097,15.6190165
48718,1.8,381204.0,1905.06,1.419766384,16.64741129
48719,1.79,122187.0,892.21,2.625789754,15.75931131
48720,2.51,140479.0,1346.67,1.993956309,13.49196352
48721,2.37,136065.0,701.2,2.934835828,15.23790228
48722,1.32,354548.0,2303.82,4.255041447,15.9120871
48723,2.2,353107.0,1121.79,0.071605969,13.82377891
48724,1.46,384028.0,1593.64,2.051453202,14.87484271
48725,1.55,370149.0,604.76,1.925886694,15.45067159
48726,2.16,141044.0,1496.86,3.371571017,13.76735738
48727,0.7,357073.0,2133.81,1.136235214,15.56773071
48728,0.8,140159.0,1499.57,3.590523842,14.44374923
48729,1.64,174345.0,2498.12,0.146687307,16.155195
48730,1.34,262323.0,719.7,3.72653085,16.15438136
48731,2.44,329324.0,1344.83,2.081831154,13.39349398
48732,2.13,388310.0,1808.28,0.981831005,15.37216017
48733,0.13,256578.0,1239.95,3.680004805,17.72314676
48734,1.01,346891.0,616.71,1.523675307,14.94238014
48735,1.09,343998.0,649.16,3.044318193,14.95045632
48736,0.49,372353.0,1958.57,1.129053266,14.62136739
48737,1.48,366299.0,1328.91,3.39675163,15.07342088
48738,2.41,378220.0,748.52,0.981525988,15.90584127
48739,0.46,384364.0,2128.61,1.632169395,15.10306556
48740,1.16,149770.0,714.71,1.55766652,16.08640743
48741,2.7,265860.0,894.91,3.033722225,16.074544
48742,1.54,139198.0,1295.82,1.534909629,14.57108015
48743,1.72,152621.0,1849.15,2.522171156,16.99371532
48744,1.91,144777.0,1815.44,0.011355555,15.04009061
48745,1.97,176888.0,742.9,2.025437639,16.02695444
48746,2.03,157610.0,1846.95,1.296996267,15.57419748
48747,1.19,248249.0,923.23,1.883703983,15.68765336
48748,2.61,272598.0,1889.97,1.4331054,14.85344584
48749,1.26,114947.0,1844.98,0.84661489,13.45083937
48750,2.91,128589.0,2131.99,2.577145878,15.7913283
48751,0.68,382820.0,1586.95,4.545082294,15.85705442
48752,2.06,358775.0,1331.42,2.052870298,14.69749871
48753,1.9,377437.0,1562.31,0.118976224,12.93898663
48754,0.22,136515.0,1925.06,1.858986186,15.88710285
48755,1.16,141142.0,1768.5,3.899605336,14.75556908
48756,1.8,182255.0,1891.52,2.069434179,15.52411499
48757,1.92,259078.0,1963.01,2.892576561,16.39005735
48758,2.26,377238.0,2236.28,2.150744843,15.57291135
48759,1.07,351210.0,1902.34,0.975274161,13.35375297
48760,1.82,161708.0,2424.53,-0.326393035,15.09401034
48761,1.62,164125.0,2633.25,1.589321694,15.90613448
48762,0.87,133464.0,1811.69,1.152769233,15.6973457
48763,1.99,148302.0,1830.75,1.549181541,14.65834154
48764,4.58,384706.0,1689.71,0.673333014,15.43308461
48765,0.34,155566.0,1267.93,2.010627331,13.44789703
48766,1.45,375758.0,879.25,2.558555901,15.79929739
48767,1.87,377255.0,2206.28,1.175808829,14.94371197
48768,0.75,345566.0,2196.68,1.940335367,15.86940674
48769,0.78,367602.0,606.8,2.420764945,15.64613246
48770,0.92,383545.0,1476.59,2.028823824,15.0187719
48771,1.56,161979.0,2286.66,2.969622306,16.3062228
48772,2.99,254587.0,828.63,4.65280473,14.84405418
48773,1.35,339152.0,1395.8,1.495825214,14.78797646
48774,1.37,261740.0,1804.55,1.282541132,17.29809044
48775,1.1,134621.0,1608.2,2.880828441,14.3147795
48776,2.11,237819.0,1215.26,0.410568234,16.01795578
48777,2.1,361553.0,1750.99,3.249210502,13.91519793
48778,1.05,355715.0,1891.2,1.017436874,11.40769728
48779,1.31,354379.0,1877.71,0.241861713,17.0512625
48780,0.68,357901.0,886.43,0.50959243,15.02589855
48781,0.84,267430.0,1469.53,2.274087521,15.76372555
48782,2.03,132155.0,1818.11,4.186816285,15.70579565
48783,4.35,364968.0,877.86,1.400085012,15.45927747
48784,1.48,379688.0,2015.92,2.51487491,15.8187089
48785,1.89,252701.0,1875.94,2.8429765,14.01910756
48786,1.88,374938.0,1885.09,1.987712713,16.23270252
48787,1.57,367981.0,874.99,1.579658873,14.6216455
48788,0.8,155685.0,1798.85,1.71686883,15.79693266
48789,0.69,391330.0,1907.21,2.004129148,17.32239636
48790,1.25,350725.0,1226.4,1.802858258,15.36493454
48791,1.99,134200.0,1825.1,1.469253927,14.8952265
48792,1.8,357899.0,2505.88,1.694460906,13.69372075
48793,0.26,359290.0,1635.77,1.471078583,16.0645835
48794,2.19,349137.0,1877.12,2.035646922,16.55351779
48795,0.9,371476.0,1022.29,1.339401107,13.94389653
48796,1.19,260826.0,1591.39,2.892992237,16.44317401
48797,1.07,249626.0,2408.15,1.196447307,15.63962578
48798,1.36,388907.0,1353.35,0.996151324,15.88455427
48799,0.7,233478.0,2120.36,1.898562393,13.44595006
48800,1.67,352188.0,1263.24,1.224393492,13.61095571
48801,1.53,134442.0,862.04,1.52403975,14.4696864
48802,2.12,262550.0,1836.18,2.015836348,16.7153089
48803,1.32,362123.0,2442.22,1.611644849,14.20888784
48804,1.36,165061.0,1838.62,2.121571844,13.78940423
48805,0.86,373578.0,1166.05,0.815981131,16.09190492
48806,0.97,354615.0,2441.0,2.083825265,15.30341828
48807,0.29,274420.0,1897.56,2.034952409,15.49934147
48808,1.92,139066.0,2211.49,1.276997536,14.6855212
48809,1.54,141305.0,1931.45,1.45321776,15.57680754
48810,0.21,350963.0,1711.45,1.652145313,13.62657238
48811,0.94,378531.0,2048.32,2.023710737,15.72204209
48812,0.34,130109.0,2277.27,1.351925064,13.78677311
48813,1.83,365270.0,1412.26,2.362764943,14.01530629
48814,1.12,138273.0,2586.64,1.566216109,15.28994276
48815,0.01,156617.0,2092.66,2.455034403,15.39024456
48816,1.87,143811.0,1489.2,1.256364191,13.60525457
48817,1.75,361045.0,2304.86,0.927913472,15.65483696
48818,2.19,157202.0,1098.31,1.089332051,15.58479471
48819,0.76,131215.0,2575.18,1.248596021,12.94840698
48820,0.92,382452.0,681.94,2.309605403,12.22257961
48821,1.95,381735.0,1343.97,1.353256987,16.44384764
48822,1.39,358722.0,871.17,2.577659053,14.96052704
48823,2.09,256556.0,1667.22,1.617221925,16.71917443
48824,1.05,353503.0,1932.98,3.270455885,15.20567364
48825,1.24,150320.0,2517.54,0.713760146,15.91002396
48826,2.39,338773.0,1336.84,0.871330097,14.62742009
48827,1.88,363912.0,2788.96,3.515298305,12.63097913
48828,0.48,360377.0,2868.73,1.705636887,16.07108533
48829,0.91,376662.0,1796.2,1.183350333,14.99582695
48830,1.53,157648.0,1957.75,3.514380408,17.581484
48831,1.01,231195.0,1895.11,0.891727188,16.35189112
48832,2.45,241415.0,930.69,1.439972916,14.03948012
48833,0.15,384811.0,1436.22,1.879131294,17.26462766
48834,0.99,383743.0,1563.89,2.657828066,16.35698279
48835,2.45,401119.0,1674.45,1.196157981,16.79786336
48836,1.48,163246.0,1887.33,1.065073618,15.94344821
48837,1.9,247050.0,1268.2,1.449001839,15.69153361
48838,1.25,377633.0,1161.22,2.142638725,16.16007659
48839,1.95,382298.0,2147.12,0.852938746,16.29497396
48840,2.7,275161.0,2467.62,1.685697436,17.64731961
48841,1.44,361469.0,1301.54,3.762232241,16.32968136
48842,1.38,354139.0,1293.55,2.051950556,11.44779655
48843,1.38,146601.0,2422.23,3.429691684,14.16746368
48844,2.15,134687.0,2292.38,2.906868498,12.97791202
48845,2.0,134030.0,1922.17,2.278514026,13.73820942
48846,1.55,148647.0,1858.71,2.008146547,15.94390647
48847,2.25,371818.0,1468.42,1.952419419,15.52707623
48848,1.47,265001.0,1350.56,1.305863838,17.12954286
48849,2.28,139857.0,586.86,3.428420935,15.40573232
48850,1.74,267645.0,1900.93,1.919924235,16.06665441
48851,1.01,248157.0,2530.28,1.613338333,15.65440113
48852,0.86,380302.0,2068.85,3.200191592,14.85352321
48853,1.94,135922.0,1460.57,0.654662598,15.29425279
48854,0.69,353073.0,1964.31,3.857015928,13.91641715
48855,1.36,393324.0,1814.97,1.896808526,15.79630024
48856,4.06,139886.0,1702.81,3.956286115,14.49137821
48857,0.71,386063.0,2249.1,2.416625042,17.12565725
48858,0.82,367828.0,1691.06,0.090951029,16.09015616
48859,0.94,344886.0,1273.69,1.552451406,14.85502516
48860,2.95,381924.0,1046.9,3.077905877,14.59068594
48861,2.33,393016.0,1509.04,1.363428618,13.97661241
48862,1.57,138815.0,1811.34,3.302629451,14.15071406
48863,1.23,362533.0,2380.24,0.971243003,13.76606804
48864,1.71,354189.0,2360.36,0.960911806,15.45174724
48865,2.36,150210.0,2162.11,2.725453561,13.84450988
48866,1.4,270712.0,1777.35,1.568653113,15.47049988
48867,2.02,145667.0,1634.42,0.270462554,15.09806191
48868,1.78,119347.0,1879.8,1.238685916,13.24967849
48869,1.74,361911.0,784.21,1.239854334,15.17421231
48870,2.4,243999.0,954.4,1.888190212,12.79552248
48871,2.1,365406.0,799.74,1.234094981,15.54111362
48872,1.76,359669.0,1558.6,2.307015711,13.81738401
48873,0.46,355447.0,777.62,3.020225578,16.17256893
48874,2.68,264712.0,2411.74,2.838147381,16.02554183
48875,0.38,270482.0,1938.23,3.825848219,15.80395395
48876,2.3,261749.0,2018.56,3.110462346,16.56024692
48877,2.38,365617.0,1760.59,0.141023307,13.17008893
48878,1.18,265385.0,609.61,3.565676363,16.8234715
48879,1.5,359470.0,1043.7,3.723870933,16.41116451
48880,1.59,354771.0,1751.67,1.448467186,15.55901232
48881,0.75,362607.0,1852.81,2.542577237,15.92788188
48882,0.34,156643.0,1604.16,3.589289559,16.38065875
48883,0.23,157024.0,2305.54,2.281393567,13.71167533
48884,0.65,385991.0,2173.6,0.749470898,13.58047931
48885,0.85,357713.0,2416.76,1.36748832,16.01937167
48886,2.1,158074.0,781.52,-0.19331171,12.47694573
48887,1.84,266214.0,1357.91,1.990135237,14.82648831
48888,2.39,371170.0,1211.22,1.042080818,13.55691745
48889,1.19,143563.0,1883.23,1.219812933,16.03342036
48890,3.19,359508.0,2367.69,2.577274453,15.11737323
48891,2.05,157759.0,1921.57,2.584034614,13.91431963
48892,0.26,372967.0,2235.66,2.419865405,15.99640121
48893,1.47,353908.0,2366.61,2.115850693,16.66671392
48894,2.44,238959.0,937.62,2.296103704,14.75265617
48895,2.78,146504.0,1244.52,2.000443517,16.83516326
48896,0.48,350917.0,1313.84,1.101123616,15.41595746
48897,2.9,131133.0,1935.99,-0.326393035,15.6332627
48898,1.36,134634.0,1514.64,3.655545294,16.34092795
48899,1.2,255553.0,1588.16,1.95387554,15.74255441
48900,1.82,380360.0,1466.95,1.238407704,14.98366567
48901,0.97,366414.0,2016.68,0.424022816,13.9774787
48902,1.53,271230.0,1444.04,1.740946372,16.3888537
48903,1.58,353085.0,2313.08,1.252261609,15.50403998
48904,1.97,361644.0,1901.02,3.883869067,14.18540474
48905,0.77,383810.0,1787.27,0.732618596,16.60038704
48906,1.89,361721.0,654.9,1.10004706,15.39158293
48907,2.05,380088.0,3047.82,1.85070773,12.03499599
48908,0.76,367442.0,2439.29,2.179075624,15.80000685
48909,1.26,149120.0,1987.86,1.715245931,16.48233658
48910,1.18,165297.0,1403.44,0.906960441,14.83522731
48911,1.78,376747.0,1815.87,1.575873775,15.41929511
48912,1.79,122629.0,1304.0,0.899805681,13.92826988
48913,1.86,285065.0,2326.34,1.907867049,13.90380304
48914,0.95,257405.0,1661.8,3.746029954,17.05931981
48915,0.53,388047.0,1995.11,1.50149326,14.3635774
48916,0.8,158387.0,2483.82,1.567576864,16.63879547
48917,1.56,137800.0,1025.95,0.968023423,13.95868185
48918,1.39,139058.0,1850.49,0.101868054,16.31746136
48919,1.52,136285.0,802.97,1.801195437,15.82135663
48920,1.14,181750.0,1514.82,1.509926395,16.35304137
48921,0.66,376006.0,951.89,2.014444743,13.08467699
48922,1.56,384960.0,1069.96,2.679353503,15.40060513
48923,0.96,371137.0,1967.95,4.505138381,15.85291364
48924,1.44,360225.0,2267.21,1.588829847,16.29288449
48925,2.7,366295.0,2037.01,3.65840912,12.25588779
48926,2.38,340535.0,892.72,1.73394701,13.46375734
48927,1.27,134667.0,1929.57,1.008096942,14.61974683
48928,1.24,261382.0,2486.7,1.557944777,15.20568569
48929,0.98,385550.0,1764.88,4.087405353,16.26583279
48930,1.72,368298.0,2213.44,1.735669648,14.04379909
48931,2.24,139643.0,1862.72,2.626646652,15.61881074
48932,1.46,385693.0,1467.02,1.684019824,15.48457371
48933,1.28,262176.0,1515.65,2.082495483,16.72198929
48934,1.32,257257.0,822.32,0.973023904,15.68471502
48935,0.77,164149.0,2110.93,3.400037069,15.88275179
48936,0.78,386531.0,1885.33,4.015092343,15.82054846
48937,1.84,367776.0,1793.82,1.455680584,15.2282883
48938,1.81,390585.0,876.66,3.108194995,15.74545304
48939,1.64,384565.0,1555.48,2.058099142,12.61188409
48940,0.54,350193.0,2273.11,1.400217799,16.52694785
48941,1.33,137662.0,2365.35,1.613601993,16.20961231
48942,1.35,353921.0,1836.26,2.889760521,16.82136739
48943,0.71,132501.0,1847.32,1.201201279,15.03633448
48944,2.14,264328.0,2169.83,4.004215335,16.57411894
48945,0.94,167056.0,2534.66,2.689917847,13.66564813
48946,0.98,368383.0,1875.41,1.931542266,15.77949922
48947,1.17,349975.0,1412.57,3.445948674,15.90345466
48948,1.76,362403.0,1880.72,1.634222722,17.02434541
48949,1.59,258533.0,1241.37,1.287413582,15.43647853
48950,0.66,352641.0,680.25,3.31762515,16.2277344
48951,0.98,244764.0,1864.65,3.288966619,17.20551289
48952,2.12,358043.0,1924.8,2.283513838,16.38244615
48953,1.82,356315.0,1825.07,1.050483942,15.1097926
48954,2.31,271311.0,1190.61,1.148602563,15.86594947
48955,0.21,376605.0,705.3,0.888914204,14.99168046
48956,0.63,259067.0,2427.66,2.970304755,15.40518554
48957,0.87,378038.0,1989.59,1.798716253,16.12079048
48958,1.2,363422.0,1940.16,2.834400289,13.63002009
48959,2.22,134428.0,1214.11,0.860450077,15.40674572
48960,1.38,155483.0,1888.6,3.021911379,17.73027397
48961,1.49,368418.0,1390.28,1.256831336,15.74142604
48962,1.84,247450.0,1942.73,4.102987198,15.89033517
48963,0.68,397609.0,2130.07,-0.326393035,13.98885927
48964,1.79,349156.0,1779.66,1.715494767,15.54251658
48965,0.77,369893.0,2187.23,3.464839896,14.56686785
48966,0.83,387077.0,2490.58,1.751600106,16.75072252
48967,2.02,228101.0,667.68,1.245267649,14.94421266
48968,1.03,372372.0,2172.42,1.974661189,16.40723016
48969,2.18,363741.0,1658.35,1.452036162,15.35195528
48970,2.35,358979.0,1512.91,2.593087358,11.82882602
48971,1.12,174385.0,1502.02,0.839600864,13.98346229
48972,0.99,362684.0,1841.58,1.88114415,16.70401483
48973,1.89,394138.0,2465.92,4.099143634,15.70015724
48974,0.39,258133.0,1803.36,2.554615701,14.97201335
48975,0.06,123108.0,2305.46,2.772950573,16.05885176
48976,0.95,274679.0,1514.82,2.54586331,16.92866602
48977,1.42,339123.0,1294.05,1.641094456,15.75572241
48978,0.45,365787.0,2047.34,0.763373454,13.21074418
48979,1.47,353007.0,1787.63,1.318431112,14.61942381
48980,0.76,282527.0,1890.18,0.702358184,14.74573073
48981,2.09,369293.0,2174.94,2.282454728,14.99545527
48982,1.48,266400.0,2453.76,2.845223877,13.19273554
48983,1.86,239015.0,2302.04,1.381890266,16.00901553
48984,1.96,376424.0,914.65,1.356392151,17.73027397
48985,1.41,150709.0,1318.6,2.6034108,13.78684039
48986,0.21,157638.0,1764.84,2.045088258,15.67917013
48987,1.47,141701.0,1910.56,1.8566029,15.17083237
48988,2.37,371116.0,942.45,3.715822775,13.81886172
48989,3.75,366980.0,798.37,1.188123428,13.76896606
48990,1.07,366042.0,1801.1,4.314667183,15.73768983
48991,0.88,348387.0,2187.59,2.636804483,16.90715907
48992,0.0,281933.0,1995.87,1.803518949,16.04676862
48993,0.74,114947.0,2487.83,1.264548408,15.38465844
48994,1.42,368345.0,2067.4,1.422454425,15.548581
48995,2.01,135690.0,1874.67,1.305244098,13.44866349
48996,1.84,373298.0,1551.55,1.470920374,13.20291982
48997,0.41,256718.0,1609.24,1.958794058,16.30553506
48998,2.2,234053.0,586.86,2.522107192,15.91394474
48999,1.56,393801.0,669.65,2.55862277,15.02091656
49000,2.34,236545.0,1183.46,1.861989179,14.10777719
49001,0.92,369780.0,1914.79,1.352518927,15.76795848
49002,0.58,255555.0,1942.83,1.963161302,16.59164409
49003,0.81,352297.0,878.35,3.640980804,13.68157754
49004,2.03,256282.0,1735.03,1.05483647,15.45259502
49005,2.04,168067.0,1857.16,2.591445727,13.64966172
49006,1.92,388820.0,1600.11,1.703315192,13.6112797
49007,0.81,374504.0,1863.33,2.402051679,15.58655179
49008,2.47,243944.0,2587.81,2.275576047,13.81492654
49009,1.09,269505.0,927.81,2.204675898,15.79923845
49010,2.51,355752.0,1018.08,1.177805402,14.05143004
49011,1.45,148785.0,2377.82,3.655910861,14.01397444
49012,1.9,142915.0,2434.25,0.774599451,15.0824476
49013,1.55,380059.0,2265.37,2.071590962,12.86908924
49014,2.14,128512.0,811.95,1.985900809,15.55360687
49015,1.29,363490.0,1500.9,0.316695867,13.09860198
49016,1.34,356855.0,1601.4,1.176208326,16.73705449
49017,2.69,375755.0,715.77,0.749025089,15.92635299
49018,1.7,167543.0,877.26,1.796894742,16.38981532
49019,2.12,167282.0,1405.81,2.485642791,15.94572911
49020,2.67,258620.0,2535.57,1.542939032,13.39303785
49021,2.33,272586.0,1380.23,1.608836911,15.9312784
49022,2.35,278979.0,1392.13,1.479841935,16.35184853
49023,0.53,392922.0,1578.44,4.316490719,13.74638685
49024,1.7,146709.0,2175.43,3.586256693,15.37240369
49025,1.81,170840.0,829.35,2.003372715,15.18010661
49026,2.14,368172.0,634.5,4.60348514,16.36535215
49027,1.01,280290.0,1954.04,2.45271721,15.00465686
49028,1.37,152703.0,708.71,1.642242788,17.23823507
49029,2.02,357871.0,1269.03,1.887249423,15.26925574
49030,0.48,373644.0,1592.31,2.715908818,16.93431291
49031,1.15,265575.0,1907.03,3.907760603,17.7272057
49032,1.7,365446.0,2206.93,4.195004662,13.13025081
49033,1.9,146702.0,1738.92,2.55302397,16.0007091
49034,2.12,251331.0,807.46,1.431660773,15.8897682
49035,0.78,256226.0,1789.68,0.152861231,17.18972049
49036,2.58,246981.0,2226.53,0.976865516,15.25047582
49037,2.08,236989.0,2322.33,3.254115864,17.37181601
49038,1.72,380413.0,2303.04,1.66621094,15.80433869
49039,1.0,147741.0,978.01,2.12752409,15.48997387
49040,0.73,369250.0,2336.41,1.530523742,16.79279864
49041,2.77,149362.0,2259.11,0.14893928,12.66030532
49042,1.05,135237.0,2039.18,1.928221715,13.6201376
49043,1.7,282899.0,2004.28,1.255519016,15.94623135
49044,2.77,374070.0,1834.84,2.933182359,15.57192069
49045,1.15,165145.0,1902.32,2.79072784,12.16808138
49046,0.2,267084.0,916.14,0.486243353,15.02663444
49047,0.86,342311.0,2332.91,3.653765512,16.41895568
49048,1.82,382034.0,1892.66,2.678203193,15.96425526
49049,0.59,175110.0,2123.96,2.083996453,15.79494145
49050,1.98,159185.0,2563.15,2.462156681,17.35076756
49051,1.55,161174.0,881.77,1.863940658,13.81428014
49052,2.18,248323.0,2063.32,1.71590597,15.55315691
49053,1.53,399944.0,1375.62,2.836121528,12.79798354
49054,1.24,151687.0,2190.41,1.463566182,15.34895687
49055,1.48,354743.0,1887.63,-0.073747724,11.96162454
49056,0.88,367415.0,1948.78,1.466636171,16.2016259
49057,2.18,173947.0,1969.9,3.512320576,15.92444396
49058,1.3,133456.0,2275.88,2.953658466,13.55419857
49059,0.8,150919.0,1508.38,0.958280676,16.36183369
49060,2.03,357550.0,1424.9,1.676475719,16.62868393
49061,2.36,372760.0,1386.23,2.846480035,15.11649974
49062,1.53,150916.0,1754.66,1.653211727,14.78087649
49063,0.02,139264.0,1825.65,0.997996577,16.84395963
49064,1.55,367407.0,1843.42,1.856145537,14.9439225
49065,2.53,151018.0,1892.77,4.178913071,15.42122421
49066,1.93,353230.0,1009.22,2.846804691,16.40508218
49067,1.15,357008.0,2364.96,1.135042042,15.21055416
49068,2.19,138987.0,1521.88,1.141412971,16.29397069
49069,1.87,261878.0,1412.69,1.755636938,12.99423767
49070,1.25,167804.0,1806.47,1.939921466,14.67301928
49071,2.0,380056.0,1119.48,2.868163794,15.85180541
49072,0.72,378830.0,2350.71,0.95303952,15.32400675
49073,2.38,235844.0,1824.2,1.702837086,17.04542257
49074,2.15,168474.0,1812.24,2.602714259,16.25592671
49075,1.52,372905.0,1712.13,3.035864861,15.07749313
49076,1.84,165883.0,1972.45,1.475654543,14.54935756
49077,1.66,270410.0,1842.99,0.894023348,15.58619888
49078,0.67,239855.0,791.68,2.314817656,12.56454544
49079,2.46,379922.0,887.05,1.589083217,12.96359988
49080,1.35,156420.0,2424.07,2.025461896,15.13904171
49081,1.68,361384.0,2468.45,0.410563004,14.91992064
49082,0.94,242989.0,1046.48,1.382436806,14.95347311
49083,2.09,369133.0,1768.92,0.861752215,14.38685042
49084,2.29,167168.0,1892.62,1.672784388,16.45058384
49085,1.82,168369.0,1411.89,2.214027003,16.84088061
49086,0.56,260511.0,1961.67,1.571845946,16.35356045
49087,1.75,379576.0,797.62,4.701892067,15.35856444
49088,2.39,262369.0,2363.75,1.517504721,13.40636495
49089,1.6,149202.0,1935.4,2.063725516,15.52173982
49090,1.03,371219.0,977.26,3.957894176,16.05110071
49091,0.68,355006.0,1839.76,1.990990624,15.5106984
49092,0.6,268226.0,2297.36,3.347544124,15.3333406
49093,1.43,134627.0,1954.77,1.438442468,15.23909236
49094,0.2,123687.0,1643.47,2.137435835,14.59664558
49095,1.99,358806.0,1478.56,2.067232279,15.13447894
49096,1.76,363379.0,2360.83,4.095348455,11.2583727
49097,1.56,154348.0,1746.88,0.589869991,15.39067626
49098,0.14,384842.0,1889.92,3.601236208,16.81603393
49099,1.51,150018.0,1940.45,4.015193649,15.61272636
49100,2.27,395942.0,1046.05,3.921922683,16.28422029
49101,0.86,377438.0,2360.33,1.181789087,14.81820894
49102,1.85,171269.0,1837.61,2.823662273,14.26789044
49103,1.43,374610.0,1791.61,0.565491686,15.34945893
49104,1.36,369776.0,827.45,1.5402437,15.50796759
49105,1.54,391516.0,1891.74,2.979990177,16.22513446
49106,1.92,148107.0,1872.27,2.021516231,14.02797126
49107,1.53,172434.0,1782.91,0.764933969,14.9242291
49108,1.52,264247.0,1821.98,0.718879433,16.55698515
49109,2.71,273973.0,1004.69,0.508181967,15.8172805
49110,1.87,155517.0,1413.67,4.925393599,14.97991172
49111,0.69,345826.0,2243.12,3.030650123,13.59792301
49112,2.82,117186.0,1717.11,1.298306871,15.61313648
49113,0.22,145811.0,1802.42,3.618091199,15.54691456
49114,1.23,345978.0,732.51,1.390951201,17.26632043
49115,0.38,366363.0,1500.39,4.008083891,15.30149606
49116,0.93,360630.0,1451.85,1.990173064,15.89373583
49117,1.99,138207.0,2254.68,1.846009436,15.15145021
49118,1.03,251191.0,2326.91,2.188390143,15.03393851
49119,1.82,153298.0,1820.28,1.142934661,12.61042843
49120,1.04,143054.0,769.61,2.555220644,16.7852835
49121,0.93,373688.0,1592.19,2.910103121,12.71357175
49122,1.97,268507.0,1901.64,1.991316014,16.3073727
49123,0.93,144786.0,687.77,3.681140246,14.7188333
49124,1.0,165989.0,749.09,1.282960204,15.22935789
49125,1.9,366802.0,821.94,4.390047082,17.57106919
49126,1.72,155406.0,2404.17,2.313648388,13.49431638
49127,4.2,117635.0,1196.26,2.806450056,14.73059658
49128,1.3,372837.0,1838.42,0.572207006,17.43219517
49129,1.51,248269.0,2427.81,0.169870893,16.14595434
49130,2.61,373888.0,1786.14,1.005682295,14.90273537
49131,0.28,258835.0,1801.41,1.587407011,13.66592876
49132,2.19,359847.0,2465.62,0.658196987,15.51168352
49133,1.88,378367.0,1714.64,1.867453359,16.54991331
49134,1.06,358699.0,1861.01,2.156404242,13.68568174
49135,1.43,153518.0,1787.55,1.375249854,15.58123894
49136,1.77,143703.0,1197.58,3.180425612,14.73797113
49137,1.2,166635.0,1513.17,2.338565946,15.4441641
49138,1.52,280837.0,1206.79,0.930478331,15.98758226
49139,0.97,365163.0,1782.69,1.480910657,15.23396259
49140,1.38,244217.0,1199.07,1.676345631,15.69573745
49141,1.42,399042.0,1718.43,2.136585447,13.57310163
49142,1.8,245706.0,924.42,1.229360667,15.78644488
49143,0.99,286579.0,2304.31,2.116617889,16.25031682
49144,1.55,350741.0,604.25,2.350875766,15.73568643
49145,1.93,354540.0,2514.52,1.233153822,14.19793937
49146,1.82,347972.0,2765.28,0.809868118,15.68166961
49147,1.17,145889.0,1833.82,1.950330719,14.76686559
49148,0.99,158250.0,2480.44,1.110139543,15.42612893
49149,1.06,331161.0,2386.83,2.527478318,14.59746613
49150,2.35,348111.0,1893.75,2.218093149,15.40465577
49151,0.06,171877.0,1831.11,1.529968209,15.7365218
49152,1.18,247793.0,2210.52,0.881976002,13.24346597
49153,2.71,137678.0,1012.27,0.893467349,12.81520767
49154,1.09,383939.0,1916.19,3.635415779,13.5343734
49155,3.09,166512.0,1874.4,3.98748877,16.10597393
49156,1.2,264131.0,2455.56,1.724028816,13.17345336
49157,1.85,358615.0,2284.17,2.724462681,15.92066256
49158,1.84,131994.0,1685.5,1.533845658,15.30973664
49159,2.46,373414.0,1675.96,2.665932318,15.84755158
49160,2.15,122982.0,2230.19,4.071293928,14.1077096
49161,2.56,370364.0,1765.46,1.82043685,15.11877966
49162,1.75,361777.0,1868.16,1.073442627,14.78064238
49163,1.23,151152.0,1979.3,4.074828642,16.29203906
49164,0.81,248597.0,2213.62,-0.125790886,15.67672768
49165,0.27,241336.0,1843.22,3.285278874,15.36439534
49166,1.58,360186.0,2102.68,-0.137157197,15.60456025
49167,2.96,152010.0,2057.58,3.081786438,17.73027397
49168,1.86,159678.0,1360.29,1.512309625,17.4470655
49169,1.38,162590.0,2306.33,2.085992596,16.72849393
49170,1.07,159829.0,2534.71,3.292188019,15.35683829
49171,1.94,149187.0,1033.97,0.929720163,15.75937219
49172,0.92,363358.0,1661.15,2.018649529,15.36620657
49173,1.2,143977.0,1895.0,1.998567185,16.16261835
49174,1.89,165634.0,1069.04,1.143308738,14.88486421
49175,0.75,351736.0,2354.09,1.225063657,12.06033207
49176,1.69,152389.0,2170.09,2.127541355,13.52542705
49177,1.45,128163.0,1966.45,1.103994264,15.9372647
49178,2.8,368867.0,1836.54,0.975367658,14.9080521
49179,1.34,242955.0,639.88,0.765489076,16.48604939
49180,2.36,388515.0,1871.75,1.847712076,16.29754674
49181,1.62,359786.0,1024.09,0.96860444,15.75810648
49182,1.12,368732.0,2602.88,2.123420335,15.4816611
49183,1.16,371741.0,1883.24,1.140903177,15.75920447
49184,1.9,346116.0,1653.48,2.445118092,16.75242885
49185,2.11,258419.0,2216.14,2.991157155,14.77595608
49186,1.86,381351.0,768.53,1.697558911,15.0531008
49187,1.01,356614.0,1872.16,3.66552083,14.50658019
49188,1.4,356879.0,1232.44,1.266216483,15.50008151
49189,1.61,349389.0,1210.18,2.059162699,12.65015061
49190,0.56,267330.0,2320.9,1.251027736,15.73114891
49191,0.88,373096.0,1776.31,1.570858924,15.07938245
49192,1.57,247074.0,1132.8,2.567002158,17.36943783
49193,0.76,372034.0,2250.76,2.691935468,16.5830432
49194,0.85,339800.0,1769.49,1.313931808,15.72612754
49195,2.69,361875.0,1566.57,3.754220001,15.91424628
49196,1.26,350004.0,684.6,2.329153495,15.48845048
49197,0.07,137788.0,1758.9,4.681851885,13.88046552
49198,1.12,374745.0,646.16,2.729234415,16.75711011
49199,1.27,135690.0,1817.96,1.943961259,15.39653774
49200,1.09,267392.0,1886.05,1.991036579,15.21465089
49201,1.05,366728.0,839.65,1.167914462,15.34195737
49202,1.52,253924.0,781.98,1.5089651,15.71646355
49203,1.12,382723.0,2173.25,2.915111013,15.50974337
49204,1.38,158992.0,1903.38,2.220380109,15.94823098
49205,1.71,375843.0,946.06,3.177804009,15.91634995
49206,2.54,129465.0,1141.67,-0.164864571,14.86286668
49207,0.38,134388.0,1585.65,0.577131214,15.99235092
49208,0.65,164477.0,2074.56,4.137633718,16.28230166
49209,1.75,275358.0,2003.82,4.030187385,16.45850982
49210,1.76,366630.0,1767.85,1.835414582,16.04117255
49211,1.62,249428.0,1544.19,2.261199254,14.13750019
49212,1.5,258499.0,1989.88,0.96647085,16.62729041
49213,1.93,369132.0,1891.82,3.425976682,15.85550102
49214,1.59,375707.0,2382.44,3.543165894,14.89405415
49215,0.76,163644.0,806.45,1.741521863,17.04815255
49216,0.83,262610.0,656.2,2.549668303,14.62868778
49217,0.23,353537.0,1923.38,2.997895147,15.76351003
49218,1.14,364887.0,2295.83,1.336212388,14.07718191
49219,2.16,142976.0,2909.45,1.20002893,16.05600982
49220,0.98,352304.0,1849.35,3.034148466,15.08939129
49221,1.03,368155.0,1874.55,4.542335328,16.40965638
49222,2.45,154725.0,2271.76,2.150703482,15.37188211
49223,2.37,124141.0,1857.31,2.549752421,15.71905304
49224,2.14,152911.0,1812.41,3.29499366,14.81054833
49225,0.67,386189.0,2009.9,0.9717217,13.56857096
49226,1.6,373244.0,1115.36,2.920947759,13.83705792
49227,1.17,385414.0,2320.92,2.8070425,13.37823551
49228,1.53,365829.0,1310.46,0.681607382,12.64050161
49229,1.68,371202.0,1816.86,1.990749821,15.1798642
49230,0.65,142136.0,2614.11,4.868780669,14.20275552
49231,1.25,369297.0,1950.07,1.42292721,16.38265558
49232,0.57,379426.0,2228.93,1.97271518,15.15652454
49233,1.67,245775.0,1749.31,1.161287874,14.53374258
49234,0.48,371682.0,1595.08,2.770602059,16.14454439
49235,1.32,257223.0,1638.95,1.333746616,16.42984171
49236,0.17,160855.0,776.58,0.573725343,16.51174888
49237,1.97,262687.0,1842.68,4.116105354,14.10398998
49238,0.95,387687.0,1323.68,1.801735552,17.15691871
49239,1.0,246628.0,1214.06,1.663711341,13.78483653
49240,1.47,352407.0,1346.22,1.666826804,11.98533458
49241,1.75,140288.0,1193.6,2.91125043,16.11370696
49242,0.68,377543.0,1556.21,2.788969515,15.51373674
49243,1.81,246269.0,1754.57,1.248747006,16.36930235
49244,0.87,138729.0,1281.2,2.196076363,16.24867153
49245,0.66,277885.0,1915.56,2.170786054,14.282306
49246,2.06,145466.0,1137.32,4.39429979,15.7950305
49247,1.64,370984.0,2011.57,2.304541663,15.42888196
49248,2.05,258039.0,1129.79,3.755200203,15.80549764
49249,2.16,366469.0,2428.68,3.581635539,17.10515865
49250,1.14,151138.0,2070.23,2.047918208,14.12166611
49251,1.09,384588.0,2039.31,2.110818023,15.40602106
49252,1.36,363897.0,936.7,2.617076173,13.62053707
49253,1.56,382111.0,2503.94,1.982816216,14.24015527
49254,2.21,262983.0,1289.22,1.208577544,14.99015192
49255,2.39,375102.0,1995.24,1.627140232,15.62709716
49256,1.97,382977.0,2403.68,0.635629998,15.4819205
49257,1.79,363483.0,830.5,3.710748525,15.18517188
49258,1.78,374638.0,1747.5,1.80027976,15.36941328
49259,1.72,372232.0,2110.2,1.290350296,15.92621816
49260,0.9,395052.0,1659.38,2.466674491,14.99184219
49261,1.68,152221.0,1603.92,2.176670907,15.20672032
49262,0.69,118991.0,1751.47,2.602174845,16.0368355
49263,0.5,360292.0,641.59,0.986600313,15.0569475
49264,1.03,273269.0,2354.31,0.263625131,15.99174157
49265,2.61,339560.0,1436.22,0.739761604,13.60754771
49266,2.62,253667.0,2392.81,3.205937013,15.57431942
49267,1.82,159002.0,1122.58,1.84720182,17.56786228
49268,1.79,354448.0,2512.09,1.760103135,13.91619317
49269,1.76,371561.0,667.2,0.955315367,14.13626085
49270,1.57,140468.0,1351.19,3.505536689,12.28653232
49271,0.71,237791.0,1832.81,1.841382653,13.21081169
49272,1.95,170445.0,1810.31,3.643409574,17.12655301
49273,2.31,268071.0,2408.78,2.223195225,14.73788119
49274,2.12,348451.0,1881.14,1.417168812,12.15054845
49275,2.63,397351.0,2508.92,1.073008558,15.50613887
49276,2.32,123852.0,1024.88,1.238919272,15.49996755
49277,2.39,136562.0,1445.21,2.210479559,13.43456049
49278,2.12,159254.0,765.46,1.823529136,15.62233733
49279,0.61,346299.0,2412.12,2.200042707,15.21144624
49280,1.28,366822.0,1782.36,2.315188198,11.99548256
49281,1.36,381804.0,984.01,4.831998241,15.63487633
49282,1.5,388952.0,1846.44,2.033029284,13.18637673
49283,1.62,137689.0,960.36,0.648446999,15.694923
49284,1.18,148767.0,1922.37,1.806351235,14.27198431
49285,1.72,134160.0,990.68,1.870968912,15.85221969
49286,2.56,235606.0,2059.45,-0.326393035,16.70609177
49287,0.89,123163.0,1810.7,1.43463879,16.18353467
49288,1.69,153852.0,1909.26,1.303971826,17.34236219
49289,1.05,370162.0,848.15,2.807810471,15.3169912
49290,1.02,368239.0,1290.86,2.169043055,16.26708993
49291,2.28,372356.0,1891.09,1.487100084,15.66487269
49292,1.78,366217.0,1932.47,0.810610315,13.4415011
49293,1.2,131442.0,689.4,1.818682658,13.98638418
49294,0.85,392588.0,2233.46,1.250560922,12.52978693
49295,1.71,364782.0,1834.23,4.108347628,17.557178
49296,1.76,150584.0,984.86,4.486469802,13.79623544
49297,1.11,371477.0,1542.89,1.088247615,15.50213141
49298,1.15,142246.0,2151.71,0.391012734,13.96905014
49299,2.09,267245.0,1869.1,0.838647973,14.07889563
49300,2.56,393887.0,2250.63,1.747002686,16.55447777
49301,1.43,348673.0,1755.96,1.848157176,13.29057253
49302,2.08,265400.0,1588.59,1.84306236,15.86183957
49303,0.91,135234.0,1906.19,1.975060412,15.623798
49304,2.17,142734.0,1321.26,2.585974951,15.39878009
49305,1.74,376371.0,1417.06,2.000410307,15.65962349
49306,0.96,358948.0,2009.95,1.925164729,15.64807354
49307,4.06,381129.0,2470.86,1.336314234,15.73078821
49308,1.57,249877.0,1215.04,1.943001746,13.43813329
49309,2.8,147836.0,2479.87,3.755784442,16.83557371
49310,1.77,348340.0,1852.02,3.001250923,15.36924264
49311,1.67,171055.0,784.51,1.069408937,15.31595525
49312,2.53,283047.0,2321.91,1.178376886,13.63310693
49313,1.17,367127.0,1837.51,1.963265682,15.11890719
49314,2.38,139169.0,1270.23,3.399352987,17.00523722
49315,1.44,338464.0,1769.89,0.663660747,16.12391684
49316,0.97,230233.0,1906.55,1.711857942,14.99141097
49317,2.03,371800.0,2311.04,2.75768705,16.74258869
49318,2.84,231210.0,2306.54,1.107009101,15.42075511
49319,0.41,383964.0,1959.97,2.232359466,13.85144852
49320,0.59,260949.0,2467.08,2.347214769,15.748824
49321,1.47,352978.0,1621.03,1.687263721,16.34957885
49322,0.8,261353.0,2330.9,1.955091697,16.61670477
49323,0.99,257518.0,1923.09,1.768142962,15.66727442
49324,0.75,171165.0,1909.39,2.866511634,14.29771534
49325,2.04,267225.0,1839.21,1.39981755,16.13661532
49326,1.62,381195.0,1982.43,3.510507483,14.09201336
49327,1.79,365525.0,1888.13,3.635697885,15.3488892
49328,2.41,349897.0,2207.6,4.123199901,15.0431792
49329,1.75,361699.0,2288.47,1.910412256,11.5889072
49330,1.47,154808.0,1427.94,1.696804606,13.57821947
49331,1.86,363730.0,1575.63,-0.242859825,15.8248468
49332,0.32,250563.0,2297.35,1.711458576,15.63191558
49333,1.73,144503.0,1760.77,2.312419821,13.84670649
49334,1.74,133434.0,915.1,1.235298176,16.94842978
49335,1.36,268411.0,1398.19,1.839896365,16.0277229
49336,1.78,145762.0,2052.08,3.591199934,16.59849373
49337,2.09,375013.0,1964.44,3.474346255,15.23755077
49338,1.45,155247.0,2054.37,1.204957884,13.41298641
49339,1.19,363408.0,1222.96,1.842873527,16.28866174
49340,0.61,376534.0,1832.32,2.946053745,16.35996834
49341,2.08,352110.0,784.08,2.158897017,14.93547598
49342,1.88,142573.0,1812.14,3.451596411,16.3047395
49343,1.81,347758.0,1411.51,4.404443228,16.51479001
49344,2.74,267180.0,697.07,0.871838491,15.65065989
49345,2.28,154389.0,1122.01,3.157870895,16.2818849
49346,1.94,247387.0,1890.17,3.064191478,17.47476074
49347,1.23,144495.0,1731.23,2.761359921,13.520421
49348,2.6,128007.0,1389.24,-0.02118309,15.7267975
49349,1.95,357653.0,2396.28,0.600525473,15.50984382
49350,1.08,359396.0,1153.38,1.161403628,16.01995635
49351,1.98,272307.0,1697.59,1.486925969,15.6791217
49352,1.58,364493.0,1764.1,1.848175869,16.05592561
49353,0.5,255673.0,1786.1,1.443046634,16.15428979
49354,2.15,392546.0,696.57,1.271563459,13.79347227
49355,1.71,391702.0,1847.41,0.174634634,13.62545221
49356,0.54,378140.0,2049.44,1.4583935,16.08528209
49357,2.34,383252.0,1031.39,2.336001743,15.04588886
49358,1.79,168463.0,1300.37,4.263287147,15.67954903
49359,2.39,371685.0,1819.2,2.076478789,13.29040394
49360,1.54,367538.0,1799.4,1.702057826,15.07269515
49361,3.22,158144.0,1701.73,4.078732876,14.96692763
49362,1.63,375276.0,1732.62,0.701044762,15.02452357
49363,1.56,392204.0,1912.28,4.064762808,16.40584224
49364,2.81,401119.0,1794.43,1.357926056,16.5393511
49365,2.01,259657.0,2243.57,3.767344061,15.97978762
49366,1.61,117154.0,719.58,4.273047027,15.69398654
49367,1.07,147709.0,2209.84,2.201043679,15.06086861
49368,1.27,244850.0,2399.77,1.499655903,14.69379674
49369,2.26,384159.0,1681.4,1.637594385,13.06029011
49370,0.84,146132.0,2219.37,4.880040199,11.69167344
49371,1.95,340110.0,807.67,1.921729502,13.6961935
49372,0.62,372862.0,1742.24,3.065219549,13.21496804
49373,0.97,134796.0,1774.67,3.729956523,15.11704561
49374,1.68,401119.0,724.02,2.047678279,16.25112865
49375,1.15,179126.0,1500.94,1.684230912,14.07488732
49376,2.42,329636.0,1041.61,4.574919157,15.0012155
49377,0.97,152761.0,1778.65,-0.220456437,17.73027397
49378,0.0,145845.0,1868.96,4.251021003,13.51887515
49379,2.45,392721.0,1062.55,1.461251788,16.75573895
49380,0.41,364577.0,1322.0,2.760065892,12.53471866
49381,1.97,144613.0,2190.75,1.641268519,15.54956025
49382,1.88,384578.0,1931.7,1.901407037,12.41995466
49383,1.21,273336.0,1600.17,1.03051532,15.96759344
49384,2.36,372511.0,1349.68,2.317630683,15.06718735
49385,0.25,153459.0,1463.21,1.61406138,16.40687642
49386,1.07,131276.0,2422.65,1.338356301,14.77729925
49387,1.27,381701.0,3047.82,1.308383749,14.82365229
49388,1.03,347996.0,598.33,2.172931503,16.50412392
49389,2.91,375866.0,1715.33,3.077922699,15.80842853
49390,0.71,375276.0,1052.66,1.731295894,15.55062866
49391,1.37,373641.0,2681.13,1.012903683,15.58416864
49392,2.48,389587.0,1730.69,2.514640194,15.92175733
49393,1.18,273518.0,2153.58,1.45938543,13.99708439
49394,0.77,377996.0,652.92,0.983147643,14.53597136
49395,1.35,249273.0,1681.92,1.620684501,16.5128866
49396,1.29,285193.0,1712.4,0.304767649,16.90559001
49397,1.4,121698.0,1900.31,1.781557136,14.3148216
49398,1.53,256732.0,2145.27,2.309746888,13.71556313
49399,0.9,339077.0,948.3,2.486892431,15.53155402
49400,1.44,132764.0,716.35,1.451772789,15.10532763
49401,1.63,153131.0,1867.78,0.980680838,12.72819777
49402,1.38,245724.0,1136.38,1.782311951,15.25766937
49403,1.23,151534.0,1823.11,1.395631428,16.77303861
49404,2.64,114947.0,2227.0,3.60956052,13.28480632
49405,1.65,252487.0,847.09,1.538205911,15.0435276
49406,1.22,261248.0,2427.58,1.537457538,14.92099756
49407,1.16,354836.0,1890.01,0.910310931,16.0365122
49408,1.37,367934.0,1668.67,4.613654537,15.61321104
49409,1.36,161707.0,1767.87,4.074021186,15.15878692
49410,0.0,375318.0,1330.81,4.576470693,16.21315744
49411,1.9,247569.0,1291.36,1.041805197,15.30842586
49412,2.2,261444.0,2161.86,2.656099121,16.73800015
49413,1.72,245096.0,1843.85,2.367536723,15.45290621
49414,0.62,164493.0,1972.65,1.934483218,16.03980002
49415,0.94,367719.0,1059.45,1.225754108,14.47347263
49416,1.87,355054.0,1780.59,1.243204694,16.10463698
49417,0.73,136021.0,2018.69,1.819799063,15.51334814
49418,2.25,139496.0,1867.83,2.218562916,16.0420777
49419,1.54,397256.0,923.84,0.605827801,15.77969216
49420,1.51,170827.0,658.77,2.383909867,14.82463711
49421,1.22,372754.0,2324.58,4.130615734,15.43067073
49422,1.04,381961.0,2419.0,1.904878804,16.45412382
49423,1.7,391876.0,1562.48,2.020242319,16.07453855
49424,1.99,149598.0,807.05,1.973572912,16.03113178
49425,0.75,392192.0,1297.69,1.602733824,15.91116247
49426,0.0,274053.0,1881.19,2.798768323,16.80534429
49427,1.79,357404.0,1879.22,1.996742401,14.82894941
49428,2.42,129720.0,1321.98,4.08067949,12.05667289
49429,1.23,257784.0,2430.43,1.440256514,15.54719715
49430,1.43,358953.0,1883.03,4.93924406,16.55439675
49431,0.0,353921.0,1816.59,3.239706542,15.41224744
49432,1.37,377939.0,1888.66,1.627419385,14.36587626
49433,2.47,155297.0,2487.97,1.469558107,14.53259971
49434,1.14,257992.0,2370.41,2.648837544,16.26045311
49435,1.37,151204.0,2403.92,2.182330608,16.63305123
49436,1.07,376359.0,1887.22,4.339124702,11.78931996
49437,1.06,164006.0,1724.07,1.544638667,15.58138667
49438,0.85,190194.0,1350.99,2.43769438,16.16261356
49439,1.18,357659.0,2103.8,1.081218148,13.41101021
49440,1.86,379253.0,1463.45,0.826538332,15.95555014
49441,1.94,358727.0,2562.74,2.305619379,13.92223168
49442,1.67,348374.0,1757.59,3.204591566,16.15641358
49443,2.47,258151.0,761.82,1.768143009,12.50223518
49444,1.83,171120.0,965.93,1.878990614,15.98611019
49445,1.32,146483.0,1892.94,3.367258899,16.04767073
49446,2.48,374740.0,2175.36,1.567109883,16.94571104
49447,2.42,268051.0,1552.18,1.02683922,16.32358051
49448,1.8,391406.0,1865.88,1.909254073,15.25992495
49449,1.84,380014.0,1106.69,1.046640853,15.09128405
49450,0.93,148364.0,1879.3,1.522206143,15.93873754
49451,1.3,153518.0,1080.15,1.071424925,15.95522839
49452,1.21,379296.0,824.68,3.868262507,16.50199309
49453,1.32,153320.0,2818.95,1.883951901,16.35567131
49454,1.02,142157.0,1844.73,1.665048128,14.99838057
49455,2.12,142396.0,1201.11,1.500204759,15.1878348
49456,2.84,373853.0,2537.64,0.937093288,14.44398325
49457,3.01,372134.0,728.11,-0.326393035,12.05049417
49458,0.87,391160.0,1897.92,3.873096632,17.53877093
49459,1.18,375345.0,1535.17,1.657300349,15.81340168
49460,0.48,136387.0,2486.14,2.363108822,16.3300631
49461,1.43,242520.0,1681.15,3.543281368,16.04472945
49462,1.76,384047.0,2126.23,2.464414493,14.98808638
49463,0.75,160342.0,1778.67,-0.012706656,14.21154924
49464,2.06,145826.0,1134.47,3.377175341,16.39905247
49465,2.1,131868.0,1776.64,1.30296535,15.29083584
49466,2.8,137981.0,2041.11,0.949864371,17.1586612
49467,1.21,375900.0,1933.78,2.029838827,15.37660435
49468,0.64,140925.0,1546.57,2.80200471,14.21388442
49469,0.32,367529.0,1967.48,-0.076975785,13.18079448
49470,1.78,365152.0,2464.12,1.335192826,15.15444948
49471,1.92,147323.0,2372.68,2.144048266,11.33723153
49472,3.66,142256.0,1868.46,0.890464813,14.48600209
49473,1.15,144370.0,2324.98,2.902187193,14.63797746
49474,1.33,247170.0,1889.16,2.060378832,16.65883387
49475,1.66,381377.0,1560.64,3.720878307,14.11865705
49476,2.77,284202.0,2415.74,1.420816447,14.54639869
49477,1.86,358307.0,919.55,1.477472047,15.61940444
49478,1.37,230613.0,2403.31,0.817109279,16.72255029
49479,1.47,241980.0,1336.49,2.717995668,16.06242936
49480,2.69,135580.0,946.75,1.247667294,15.16597015
49481,1.55,350005.0,1406.33,0.743022927,15.70509613
49482,1.59,379150.0,964.58,1.44122133,14.67092596
49483,2.08,369844.0,1916.35,1.318696971,16.65528796
49484,2.34,249840.0,586.86,3.006078452,15.63418039
49485,0.77,190007.0,1536.14,3.223779551,15.94104148
49486,1.39,362941.0,1933.83,1.698855446,13.34575859
49487,1.88,241165.0,839.74,1.275914475,14.85470417
49488,1.12,156225.0,1744.29,1.558959706,13.23424131
49489,2.58,114947.0,1911.69,1.936375422,14.78740312
49490,2.24,386885.0,1342.45,1.864190879,12.28097101
49491,0.72,149434.0,586.86,2.094870151,16.09325088
49492,0.29,154958.0,2561.96,2.247343177,13.92759063
49493,2.5,343071.0,732.45,1.208288137,15.27101222
49494,1.23,256944.0,1737.22,4.038290257,16.06883384
49495,1.03,375024.0,1943.61,1.718489951,16.18259614
49496,0.94,178884.0,2552.88,2.966189622,16.35881065
49497,2.16,364040.0,1796.18,2.089179781,12.84461968
49498,0.01,379166.0,1601.9,3.014542479,13.87502971
49499,2.18,348374.0,1987.48,2.436058604,14.98923817
49500,1.71,132671.0,806.7,2.01838653,15.05268604
49501,0.31,160028.0,1315.08,2.941050352,15.04648838
49502,0.69,376588.0,3037.24,1.480911189,15.69226859
49503,0.61,371713.0,1332.1,2.110532691,16.0269914
49504,1.48,386804.0,1182.51,3.51079056,15.78188036
49505,1.81,363062.0,2165.23,0.308304702,13.32122861
49506,1.08,247755.0,1845.7,1.166637034,17.57578592
49507,2.22,370721.0,774.6,2.419746726,13.42571559
49508,2.96,270838.0,889.44,1.019856721,16.16907013
49509,2.17,249322.0,1210.67,-0.133194636,14.28436052
49510,2.02,270387.0,2135.88,3.250819365,17.23616272
49511,1.23,392717.0,1756.57,1.538829269,15.22430023
49512,2.3,128849.0,1681.89,1.190620977,16.14576273
49513,0.65,387446.0,1933.49,2.336912631,14.1736908
49514,1.51,134403.0,986.12,4.696709771,13.37344144
49515,0.83,268242.0,2661.05,1.783941773,14.25667108
49516,0.92,342062.0,2210.24,1.848774352,13.88523275
49517,1.72,368188.0,1552.91,1.988348492,14.14714412
49518,1.53,260538.0,2109.97,2.865623605,13.61595704
49519,1.21,378164.0,966.18,1.764855438,15.143518
49520,2.32,263536.0,1877.02,2.050807766,15.39023062
49521,2.08,367284.0,1197.38,2.348310085,12.26213025
49522,1.79,264948.0,2471.53,2.067710727,15.69501982
49523,0.81,382416.0,1606.07,0.396014915,16.01556366
49524,2.37,282659.0,1712.77,1.01304891,14.54124765
49525,1.75,244423.0,1362.12,0.803689476,15.50827507
49526,1.97,376578.0,1772.65,3.63263666,12.9739334
49527,2.76,368636.0,2196.64,0.434204311,16.00472271
49528,0.08,273218.0,1743.85,3.809746972,16.91555359
49529,1.5,277644.0,2199.49,0.776360896,15.33444562
49530,0.0,172840.0,1939.76,3.604389847,16.80212478
49531,1.19,367888.0,2399.85,1.050802032,16.49386509
49532,1.89,150997.0,2557.24,2.346794834,14.55976686
49533,2.17,363354.0,1824.34,1.129259968,14.74908884
49534,0.23,261122.0,777.26,1.378598573,12.25946031
49535,0.63,373800.0,2246.34,2.639625505,14.66191717
49536,1.32,360000.0,1320.14,2.277884903,15.98415012
49537,1.7,153723.0,1885.5,4.93924406,16.76826023
49538,1.2,169390.0,2326.99,1.500789263,16.13159769
49539,1.36,127385.0,761.26,3.412057559,13.17343278
49540,0.53,250661.0,2480.61,0.489121379,16.56555355
49541,1.01,365785.0,2014.39,1.455898549,14.95634416
49542,3.0,357602.0,1818.2,4.466493678,15.77530118
49543,2.04,351383.0,1418.71,1.090193543,15.68383541
49544,1.22,376795.0,1603.8,3.337111243,11.86145412
49545,2.06,261007.0,1893.64,1.764540977,16.04996872
49546,1.97,355993.0,1975.89,0.980293091,17.44387924
49547,2.1,353352.0,1455.15,2.545659063,15.53629182
49548,2.22,385105.0,2260.33,2.78822122,15.16846278
49549,0.74,360853.0,2897.47,1.674902126,16.25452234
49550,0.62,386618.0,1957.64,4.021826417,15.4422729
49551,1.79,252712.0,2483.65,1.057306091,15.46035307
49552,2.09,154333.0,1417.87,4.432140104,14.03878956
49553,0.85,163254.0,1964.43,0.448147178,12.29315587
49554,1.31,134086.0,2338.82,2.597271511,15.86690546
49555,1.24,350640.0,1346.98,2.781244131,14.97756297
49556,1.76,124723.0,1767.77,1.422871982,15.65675572
49557,1.38,255265.0,1680.74,1.498708534,14.72824781
49558,2.53,153074.0,1769.19,2.382787117,16.83339304
49559,1.18,365392.0,2175.18,2.292663436,16.03001767
49560,0.86,280455.0,2743.2,3.787226368,15.38471039
49561,0.44,166179.0,1544.6,1.300851276,15.37883613
49562,1.41,353748.0,2357.63,2.487029803,13.26680149
49563,1.51,280010.0,1248.39,3.541895935,15.90022058
49564,0.94,365401.0,1691.45,4.071105712,16.32774443
49565,2.45,381164.0,2685.86,2.775239312,16.22404106
49566,1.12,271808.0,2509.49,1.586885223,17.37781432
49567,1.81,373481.0,2662.54,3.564370264,14.71079316
49568,0.76,138490.0,750.28,3.056620305,13.03123933
49569,1.03,130424.0,1754.61,2.968322346,15.71617917
49570,0.57,249318.0,1990.64,3.121080324,14.86659297
49571,1.7,114947.0,1414.21,1.822483342,13.22134109
49572,2.34,399805.0,1315.9,3.665243923,16.43247987
49573,0.93,160748.0,2488.62,1.293957893,15.84539276
49574,1.18,373668.0,658.38,1.265595828,15.85458778
49575,1.27,280398.0,2252.32,4.106427827,15.53036484
49576,2.01,348730.0,763.46,1.018104072,14.38687823
49577,0.66,260673.0,1439.5,1.401157201,16.14431082
49578,1.2,270555.0,979.67,0.036783051,16.41542674
49579,0.65,148844.0,1676.37,1.936468987,13.81453459
49580,2.57,366709.0,2007.36,1.275360985,15.93751864
49581,1.87,237184.0,1633.09,1.339699132,13.75311062
49582,1.59,369246.0,1111.48,2.175533556,15.77265167
49583,1.71,381475.0,2138.99,3.262866858,15.66396733
49584,1.69,262208.0,1930.05,1.196133943,16.43608656
49585,1.41,256108.0,793.43,1.880304545,16.3452614
49586,1.56,267681.0,1773.75,0.611336407,16.15044167
49587,1.91,245756.0,946.64,1.776527968,13.64574539
49588,0.68,355841.0,1837.7,-0.227830316,15.35504919
49589,1.14,263069.0,1344.45,2.278697638,14.35899689
49590,1.37,260829.0,1797.33,1.599538638,14.90230569
49591,1.46,257438.0,1756.94,3.07216877,14.81222846
49592,1.29,394032.0,1656.62,2.028993484,16.250013
49593,2.07,341069.0,1156.99,1.620562413,15.22166044
49594,3.1,171312.0,2100.53,2.023252054,15.61094095
49595,2.46,373734.0,1919.65,1.48516786,15.43391086
49596,2.16,354849.0,2296.94,1.534322892,15.66387559
49597,1.2,143302.0,1297.23,1.741659863,15.47903946
49598,1.84,261735.0,1727.58,3.420414481,14.59363977
49599,1.61,348352.0,1789.31,1.329051853,14.6543248
49600,1.79,361546.0,1759.3,0.400857892,14.15874915
49601,0.92,361105.0,1862.68,1.705363398,15.98703511
49602,1.45,150073.0,851.41,2.661903101,14.25873021
49603,2.14,381265.0,1975.67,0.711352953,15.25214474
49604,1.7,359611.0,1914.76,-0.122270505,14.91719079
49605,1.33,362297.0,1521.18,1.306926181,15.14053104
49606,0.7,378952.0,1950.98,2.640232889,14.28000256
49607,1.87,276011.0,1930.47,1.669581163,16.44824954
49608,1.92,130529.0,933.78,1.55982849,17.26644706
49609,1.32,381798.0,1205.51,0.345706636,15.48119488
49610,0.91,255711.0,1908.87,3.694417646,15.84910751
49611,0.93,141107.0,1938.41,1.361417359,15.15281721
49612,0.55,381648.0,665.12,2.069363648,15.56554954
49613,1.89,118414.0,2306.38,1.08327968,14.73428181
49614,2.3,374104.0,894.14,1.528396369,16.10732071
49615,2.06,142016.0,1349.96,1.005614698,13.74656061
49616,2.49,276359.0,1842.72,1.662389202,16.0372053
49617,1.9,378221.0,968.41,1.708103028,14.68228178
49618,1.47,364536.0,1212.86,2.065243538,15.83019837
49619,1.88,352176.0,958.39,2.003845919,15.15549773
49620,1.66,157898.0,733.03,2.330057798,16.08732685
49621,1.17,346475.0,1402.49,-0.096781303,15.18626434
49622,1.8,268295.0,1869.05,2.830412952,17.11031364
49623,1.63,156501.0,1595.96,2.40256876,14.84915825
49624,2.03,141217.0,1844.51,0.833370838,16.25155793
49625,1.74,144732.0,1673.84,3.826925322,15.13849323
49626,1.16,221277.0,1811.6,2.311776193,12.25566031
49627,2.47,389875.0,1059.92,4.747411647,16.10940201
49628,0.93,161482.0,1021.85,1.52506959,12.1419723
49629,1.94,385239.0,856.0,1.876145664,16.14542327
49630,1.4,144128.0,2212.29,1.396803541,13.32884006
49631,2.23,154060.0,586.86,2.608874777,15.35409707
49632,2.09,358650.0,2297.38,2.559038268,15.31812455
49633,1.54,373455.0,1254.56,3.973990297,15.94251385
49634,2.17,365838.0,1338.89,3.976611527,15.67949062
49635,2.11,349531.0,1516.25,3.821977445,16.9627717
49636,2.4,265626.0,1504.5,1.545675001,17.73027397
49637,0.87,256129.0,1354.17,0.761879362,17.35738226
49638,3.0,169125.0,1421.86,3.593898937,15.84184907
49639,1.31,368057.0,817.52,1.378226118,14.91444567
49640,2.02,371457.0,1813.42,0.243963888,12.64242902
49641,1.69,363895.0,699.66,2.79034865,14.10669144
49642,1.0,364013.0,1886.0,1.617081838,16.38170656
49643,2.39,350429.0,1773.76,4.253879462,16.06027161
49644,1.94,382001.0,1855.41,2.145483596,15.75184156
49645,1.38,341846.0,1818.77,3.811889476,13.43126117
49646,1.49,345209.0,663.07,1.854617768,14.65504394
49647,0.98,146395.0,592.75,2.231218317,16.31648519
49648,0.79,379119.0,1741.42,2.897663113,15.60615183
49649,1.63,361238.0,1325.66,2.511268142,16.1484241
49650,1.59,149682.0,2142.42,1.682449217,15.4142384
49651,0.99,367045.0,1753.3,1.888107101,15.57720232
49652,0.98,390995.0,2526.81,1.225297867,15.56002743
49653,1.25,374649.0,1930.22,2.37744552,16.80410906
49654,1.51,365126.0,1713.08,1.905263736,15.43919793
49655,1.95,245045.0,2283.55,1.833681135,15.80617013
49656,5.59,136815.0,1045.88,3.142067292,15.33551695
49657,1.25,375201.0,2633.63,4.509496314,16.11524055
49658,1.82,153194.0,1834.63,1.461765036,16.3341321
49659,1.81,357257.0,1398.42,2.027433297,15.89168956
49660,1.6,268681.0,1876.51,1.565872824,14.78779056
49661,2.49,157659.0,1606.5,2.111605105,13.86338434
49662,2.98,261230.0,1746.52,1.138956017,15.40090381
49663,0.74,343425.0,662.9,3.873208382,12.65913806
49664,1.96,373785.0,2557.0,1.5623924,15.41369
49665,1.08,266609.0,1367.73,3.818397691,16.33678063
49666,1.21,134488.0,1568.53,2.200515675,15.90770048
49667,1.06,274343.0,2192.9,1.382498527,15.50532263
49668,0.13,366376.0,2604.11,1.379007371,15.84333844
49669,1.84,385298.0,1907.94,3.92307376,16.5054792
49670,1.95,366634.0,1955.1,1.6832645,14.62800432
49671,1.35,383972.0,642.4,1.087501695,15.99017468
49672,2.35,269294.0,1714.38,1.688200773,12.65826912
49673,0.85,355018.0,2058.11,1.335759277,13.40641872
49674,1.26,390230.0,1820.99,1.239320708,16.19080584
49675,1.96,255824.0,1665.64,1.85395985,15.64192209
49676,0.87,371804.0,1833.89,2.442616116,15.86556505
49677,0.99,145227.0,998.01,1.211801726,16.83634352
49678,1.57,374979.0,1186.8,1.933482293,13.94248813
49679,2.72,367714.0,1934.96,1.002854849,16.61983908
49680,1.58,370630.0,1938.29,1.129417275,16.19608308
49681,1.24,366927.0,2517.29,2.431847016,16.04319562
49682,1.92,363847.0,1300.85,1.333507945,15.84691753
49683,1.03,183938.0,1908.47,1.664971649,15.59915087
49684,6.5,352361.0,1360.63,2.038548142,16.1236688
49685,0.64,382761.0,1563.33,0.189341915,14.85979743
49686,1.63,264521.0,2306.8,1.606022681,16.10925052
49687,0.98,235720.0,2197.51,4.373145987,15.41651803
49688,1.47,368740.0,2640.4,1.39500602,15.14302663
49689,0.61,389095.0,991.12,2.414753939,14.85649687
49690,1.31,143926.0,1348.27,1.450241044,15.70600131
49691,1.34,266188.0,969.29,4.552466753,16.69219417
49692,0.87,391238.0,1358.5,2.459454817,15.2491501
49693,1.3,387402.0,1917.92,1.976486946,16.30119966
49694,0.46,278919.0,1358.51,1.81265012,15.97514816
49695,1.67,387875.0,1857.09,2.703611071,15.94722632
49696,0.9,398372.0,1476.29,1.807668494,15.6723958
49697,1.85,379830.0,2566.96,0.977067581,13.43256005
49698,2.51,270239.0,698.05,1.322035625,16.08365463
49699,1.27,377441.0,925.1,1.720217205,16.12402907
49700,1.0,376527.0,1736.17,1.421373146,14.44879999
49701,1.78,153845.0,857.28,1.196985897,15.70857502
49702,0.43,379726.0,2403.07,1.769481095,15.82745686
49703,0.01,382969.0,1159.26,1.281195328,15.15538045
49704,1.67,384646.0,2418.24,1.862105466,12.71643156
49705,0.62,389826.0,1873.79,3.195713214,15.32898728
49706,0.44,353178.0,1675.8,1.7771318,14.12413657
49707,0.0,244773.0,1848.46,0.861972575,15.32959982
49708,1.05,144996.0,1929.58,2.304556344,17.571254
49709,0.96,142851.0,1428.34,3.054474568,17.00984806
49710,1.03,139739.0,1775.81,3.92342277,16.04584003
49711,1.52,385199.0,878.01,1.354685695,15.07190716
49712,1.02,383319.0,1743.1,2.343257811,15.25393025
49713,1.07,133322.0,1721.98,3.530162293,16.75952479
49714,1.52,268318.0,777.23,4.048311174,15.60731595
49715,1.28,378760.0,1406.76,3.059256719,15.94336978
49716,1.67,386453.0,1668.14,2.716211434,15.90509733
49717,2.08,349323.0,997.52,0.06877216,14.45671916
49718,2.14,269653.0,782.35,3.432948588,15.32371797
49719,1.98,148493.0,2412.32,4.652663249,15.44169436
49720,0.97,362839.0,1886.85,1.21017201,15.45052462
49721,1.82,251255.0,2163.36,4.433492682,15.34879685
49722,0.94,348449.0,2013.1,1.520905176,13.81171997
49723,0.93,244006.0,1095.87,0.965564591,14.91778095
49724,2.03,255139.0,1476.08,2.334953364,16.42129968
49725,2.2,153348.0,1841.14,3.132934689,15.74843415
49726,2.03,157312.0,1072.0,4.117965212,12.58162054
49727,0.61,363335.0,2406.88,0.747886603,15.6805518
49728,1.85,389723.0,1875.36,1.629527932,16.34980536
49729,0.54,150727.0,1929.08,1.680426112,17.20835416
49730,1.48,267465.0,2025.29,1.406341043,16.10470896
49731,1.23,251696.0,1585.24,1.21805273,14.11341466
49732,1.56,135145.0,1344.61,2.743780897,16.26790995
49733,2.15,150477.0,2646.6,2.299528072,13.71827313
49734,0.51,285379.0,2584.92,2.001319564,15.81059383
49735,1.41,376869.0,1002.67,1.350776399,16.59238815
49736,1.1,362354.0,2330.66,2.186602119,13.80066178
49737,5.23,376250.0,2165.0,1.264593746,15.64838419
49738,1.0,376072.0,1132.78,2.290884726,17.23616937
49739,2.22,169281.0,831.15,1.893515441,16.06451525
49740,1.41,271329.0,2165.45,2.730658241,15.86033217
49741,0.75,359441.0,2015.22,0.371694548,13.68794734
49742,1.88,264860.0,1552.39,4.622767571,11.61408636
49743,0.97,354670.0,1640.2,1.74478958,15.55062594
49744,1.93,365039.0,1525.81,2.42063354,13.01552082
49745,1.51,159490.0,1920.02,3.098430428,15.76319597
49746,1.06,260951.0,2652.99,4.672834522,16.21762015
49747,0.73,372885.0,2232.03,2.882315116,16.65719675
49748,1.85,346209.0,917.36,4.280994818,15.33875229
49749,0.56,369367.0,1943.48,2.108170046,12.77761629
49750,1.41,247408.0,2550.9,2.04582401,16.73273816
49751,0.44,397029.0,1925.2,2.011856794,16.08706823
49752,0.27,378990.0,770.09,2.796608868,16.1158111
49753,2.4,127250.0,2681.06,3.98461838,14.88765509
49754,0.47,393748.0,1325.76,3.769457151,15.5990845
49755,1.78,136255.0,2201.9,2.869403438,16.97786555
49756,0.45,151839.0,1854.2,1.572682218,15.14956457
49757,1.23,360742.0,2111.46,3.345699765,16.55896781
49758,1.28,360992.0,1773.82,-0.326393035,12.5433049
49759,2.37,141869.0,1317.02,1.763975419,16.41011127
49760,1.76,349294.0,1606.04,2.554409692,14.11643364
49761,1.27,355049.0,1900.85,1.824344829,13.04199035
49762,1.58,134039.0,1210.86,-0.063627296,14.5261508
49763,0.89,351988.0,1286.44,2.080208043,15.00132903
49764,1.03,154732.0,1830.6,2.213109326,15.54212528
49765,2.0,241353.0,1802.52,1.368565733,16.07523934
49766,1.22,348220.0,877.79,2.648221984,15.3133514
49767,1.06,360673.0,2231.63,2.073695988,14.21964946
49768,0.6,271040.0,1798.44,1.410171876,16.54508643
49769,2.21,152604.0,2358.13,2.43861735,15.08825578
49770,1.28,390817.0,2645.74,1.189656786,15.18080593
49771,2.38,128276.0,1217.78,1.577760883,14.27943792
49772,1.87,128110.0,2134.42,1.116690064,14.76958558
49773,1.6,158131.0,1818.0,1.269558066,14.74158058
49774,2.02,242992.0,1811.63,1.37416097,13.91528749
49775,1.45,364285.0,672.44,1.041158334,14.58818739
49776,1.88,389217.0,1795.94,2.404734461,17.32110075
49777,2.25,363150.0,1952.64,2.327964986,15.66572586
49778,1.98,158594.0,2477.68,3.52671207,12.42922169
49779,2.97,141857.0,1772.01,1.764189848,16.55651931
49780,0.73,260201.0,1412.51,4.780277116,15.46478488
49781,1.62,151020.0,2309.32,1.954840368,14.66011702
49782,1.51,365395.0,1331.48,1.656335408,14.90110672
49783,1.78,276566.0,950.21,3.434736337,15.80144693
49784,2.12,148757.0,2135.3,0.685892772,15.13935477
49785,2.02,397166.0,1598.55,3.504230255,13.35741123
49786,2.69,370773.0,1653.01,3.027604928,15.91651411
49787,1.34,260508.0,1918.39,1.934746725,15.43230898
49788,1.45,368800.0,2223.24,1.064393495,13.22020826
49789,1.51,388898.0,2535.72,4.193533321,15.25912611
49790,1.94,142725.0,1757.55,2.022700405,15.44695772
49791,1.34,368321.0,710.78,2.553984655,13.89424485
49792,0.7,400177.0,1549.87,1.267113569,17.26270345
49793,2.83,275736.0,1732.98,1.92585164,16.12129077
49794,1.45,129015.0,1862.62,3.114519484,17.69737496
49795,2.1,368578.0,2005.55,0.698978166,15.86109755
49796,1.39,143321.0,1897.46,1.761801203,14.73969166
49797,0.95,133510.0,2076.76,3.071611977,15.73434808
49798,2.16,148043.0,1985.67,2.990320076,13.73634085
49799,1.0,349891.0,2512.72,4.796641015,16.24396536
49800,0.85,374008.0,2101.86,2.054128872,15.92174661
49801,1.6,354283.0,1455.58,1.381609845,13.36666361
49802,1.2,261191.0,2496.59,3.080346785,15.49252246
49803,1.88,135911.0,2533.88,1.825944713,14.07397851
49804,0.95,122122.0,879.11,2.471502165,15.61400199
49805,2.05,359680.0,1562.88,3.736689089,15.4406208
49806,1.12,353793.0,2224.33,0.966655166,16.3654029
49807,0.89,401119.0,786.42,2.194482065,15.3386358
49808,2.52,360356.0,1022.7,1.760133936,13.30468123
49809,1.72,261240.0,1944.46,3.365996305,13.44323658
49810,1.9,257456.0,1800.23,2.258399542,13.05187303
49811,2.35,276435.0,2156.24,2.532895662,15.01060708
49812,2.32,275990.0,1890.73,1.922764888,16.04617843
49813,1.54,139535.0,586.86,1.711295951,15.89668534
49814,1.55,153713.0,1511.75,1.753571273,14.51583926
49815,0.33,371773.0,2577.83,2.443537862,14.00665393
49816,2.07,369867.0,1777.65,3.506404217,16.80932359
49817,1.39,161886.0,1963.33,3.44131166,15.03488802
49818,1.45,253185.0,2261.44,4.791989311,13.4306847
49819,0.71,383138.0,1578.33,1.653202963,15.25095167
49820,0.01,360155.0,1913.97,1.795097495,15.70697378
49821,2.18,357019.0,2250.97,3.447550576,13.09967733
49822,2.54,391590.0,861.41,0.017561152,15.30077277
49823,2.18,359381.0,1834.74,2.010902713,16.00523442
49824,1.56,266740.0,1893.07,2.406332033,16.92941582
49825,2.67,240634.0,1840.19,1.524914865,15.50507562
49826,1.57,365487.0,2065.39,2.12314766,15.78905088
49827,5.5,142338.0,1714.08,1.641248192,15.18936621
49828,0.83,158974.0,1513.59,3.18759389,13.99526347
49829,2.38,133005.0,2443.77,2.677926552,16.14338514
49830,0.09,377149.0,849.71,2.82846626,15.81614104
49831,1.76,261867.0,1141.32,2.767206307,17.13753278
49832,1.44,374700.0,1157.48,1.413715149,11.3654085
49833,0.88,157107.0,1760.68,2.515676694,15.42612176
49834,1.34,393437.0,1878.52,1.956727744,14.80581006
49835,0.17,365424.0,2439.34,2.432476685,16.51732242
49836,1.42,128516.0,2255.29,1.696529818,15.33875314
49837,1.88,377929.0,970.56,1.914185373,14.03788505
49838,1.33,373399.0,2313.64,1.376871945,14.96682993
49839,3.92,261782.0,884.08,2.007561959,15.01001542
49840,1.65,350130.0,1205.54,1.938224683,16.49379445
49841,1.74,173085.0,1809.42,3.123962492,12.53771907
49842,2.26,153596.0,2583.86,1.788719939,13.26070718
49843,1.23,256317.0,2012.23,2.248654609,13.12802198
49844,1.05,148809.0,2298.81,2.946034234,13.6703743
49845,1.24,134695.0,1316.58,1.737227338,11.64363461
49846,1.69,388494.0,2310.07,2.762197164,13.74744567
49847,0.71,261378.0,2445.32,2.141553233,13.50367767
49848,1.5,369988.0,1274.2,1.388411544,17.0516107
49849,1.76,372687.0,2486.73,1.734560106,15.84111822
49850,1.3,357455.0,2266.04,1.966375323,17.00879096
49851,1.99,263209.0,1588.56,1.900768595,16.60819517
49852,1.45,382338.0,1859.2,1.954084769,16.18599022
49853,2.3,148653.0,1841.43,2.879627012,15.11211743
49854,1.66,364481.0,1059.28,3.712344971,13.16384489
49855,0.72,364272.0,1794.56,1.005735644,13.36557425
49856,2.0,253893.0,1680.7,4.039765429,16.39365754
49857,1.26,259107.0,1877.33,4.51337598,15.99738738
49858,0.96,362799.0,1873.75,2.940311495,15.1718598
49859,1.29,368950.0,860.44,1.401114658,15.75240661
49860,1.57,397709.0,1715.41,4.007558164,13.14504012
49861,1.54,258154.0,1752.54,3.209814752,15.77630629
49862,1.17,365796.0,2210.42,4.240692117,15.12064397
49863,1.45,371808.0,2038.49,2.060778674,15.47858264
49864,0.84,147282.0,1711.46,1.808875416,14.99366836
49865,0.78,146670.0,1562.7,3.496026003,15.62279398
49866,2.78,244132.0,2138.91,1.365212022,15.31017654
49867,0.72,249872.0,2478.42,3.501492417,11.35218037
49868,1.38,116191.0,2440.33,0.654308547,17.09708461
49869,1.33,256932.0,2287.09,1.408725935,16.35234945
49870,1.0,391584.0,1228.75,3.887758311,15.42903758
49871,1.95,381764.0,1854.1,1.321810504,11.75686015
49872,1.49,377985.0,1842.88,3.318750961,16.11692643
49873,2.57,145241.0,2323.67,2.177033936,11.63490555
49874,1.34,151975.0,1189.91,1.145079373,17.43432974
49875,1.66,175602.0,1404.5,3.08554582,17.28153388
49876,1.2,386236.0,1287.87,1.652802864,17.19578357
49877,0.46,381349.0,904.88,2.551724069,15.23341601
49878,1.25,269687.0,1756.22,1.54464186,11.7421438
49879,1.9,247855.0,2115.67,2.432457562,13.48472824
49880,1.81,160151.0,914.53,0.050416583,13.45022504
49881,2.63,240228.0,1749.57,2.129932383,15.37266383
49882,1.82,373079.0,1767.79,1.899116123,15.95089355
49883,0.66,360317.0,1967.25,0.562132622,12.34433539
49884,1.93,123347.0,2287.07,2.439195469,15.73671638
49885,2.35,343035.0,1041.01,2.109109313,16.18305512
49886,0.44,149508.0,1860.08,3.934416982,15.70714819
49887,1.34,144659.0,1781.53,2.355278445,14.35463331
49888,1.89,170084.0,1277.78,4.021429293,16.03848618
49889,1.55,383581.0,1796.81,1.79630271,15.11286637
49890,1.26,246228.0,1837.01,1.092076015,16.57348414
49891,1.88,272193.0,1021.75,1.550550224,14.81398902
49892,2.19,376399.0,2486.49,3.499879309,15.69065112
49893,1.41,371137.0,1933.51,2.48189378,14.27589296
49894,2.04,251790.0,1614.25,1.274351224,13.544453
49895,0.81,250864.0,1908.16,2.893935394,13.91127384
49896,1.05,168013.0,1243.8,1.864968776,16.34167306
49897,1.08,234561.0,1841.21,2.91165174,14.93530861
49898,0.36,373143.0,1937.18,1.525750855,16.28197766
49899,0.89,355085.0,1803.33,1.46418102,16.64487059
49900,1.97,391638.0,2583.69,4.146505769,14.91422154
49901,2.48,246576.0,1875.14,1.347626865,13.93395206
49902,1.07,155002.0,1331.07,2.240425239,15.83682484
49903,2.22,254353.0,965.15,2.200875795,14.93967795
49904,1.35,161937.0,1819.09,1.814232044,14.61551466
49905,1.63,380290.0,2206.77,4.286295162,16.49811633
49906,1.28,375410.0,1061.13,2.455759003,15.64071965
49907,1.44,141777.0,1878.04,4.294179785,14.48902718
49908,2.19,134743.0,1036.42,4.226480791,14.94976275
49909,0.57,361010.0,2345.82,1.582570839,15.1886036
49910,2.48,170847.0,2275.44,3.315346232,12.57985482
49911,2.45,335296.0,1853.53,1.789849496,16.33309706
49912,1.09,254399.0,1484.52,0.891168641,14.93627523
49913,1.14,119896.0,1108.89,1.960194408,13.28639633
49914,1.74,374925.0,1946.69,1.473462392,16.48092832
49915,1.48,241235.0,770.54,4.93924406,14.56500041
49916,1.46,246601.0,1476.75,3.175732318,15.77465289
49917,0.66,157626.0,1694.02,1.607858824,14.85028249
49918,2.18,365732.0,1717.07,0.83121473,13.62220712
49919,2.67,334658.0,1560.87,1.450757286,13.3388807
49920,1.6,157557.0,2422.3,1.770919195,17.67713923
49921,1.91,374713.0,2784.66,1.70332613,15.22703523
49922,1.39,387284.0,2276.18,2.933030916,15.31488236
49923,1.03,134177.0,989.55,1.876790325,16.06420468
49924,0.32,342319.0,2110.39,0.67296913,14.61395644
49925,2.14,374424.0,1404.32,1.619326822,13.73399213
49926,1.53,276081.0,2330.85,1.944587768,15.56446259
49927,0.67,367838.0,1021.97,1.569886343,15.44981146
49928,1.73,114947.0,1879.45,1.946960304,12.84043656
49929,1.08,266177.0,1298.37,1.535595352,16.44842279
49930,2.09,399489.0,770.2,3.320685883,14.19248579
49931,1.8,139994.0,1390.14,3.004276739,15.84915608
49932,0.8,268839.0,1766.19,1.066328135,13.64681308
49933,0.66,398311.0,1458.65,1.587147075,15.60232058
49934,1.56,363625.0,1759.05,3.393756377,17.71361752
49935,1.6,386264.0,1894.4,4.368765215,12.83884852
49936,2.15,380174.0,978.14,2.150250752,17.73027397
49937,2.33,347004.0,1615.59,3.416894772,12.13248188
49938,2.14,148205.0,2329.0,3.707244626,13.47828477
49939,1.22,389319.0,1386.09,0.686598622,14.72375095
49940,1.31,372572.0,2416.57,0.774079359,16.13852139
49941,0.28,377561.0,2285.26,1.721813146,12.76556687
49942,2.19,162596.0,1912.92,3.590214328,13.84616465
49943,1.1,357981.0,1853.09,0.992450606,16.71250614
49944,1.56,251252.0,630.97,1.901640125,14.43049288
49945,2.16,382079.0,1893.83,0.556598613,14.66383587
49946,1.39,385219.0,2529.91,1.039678084,15.20190919
49947,1.22,164271.0,1388.08,0.873174433,13.60652905
49948,1.3,383705.0,1880.46,1.684508241,14.89890695
49949,2.15,272551.0,756.71,1.788548828,13.87511779
49950,2.11,148241.0,2069.35,1.377322685,16.57540775
49951,1.89,371081.0,1740.06,1.793923334,12.37928464
49952,1.32,139783.0,1600.49,0.606691708,15.31358492
49953,1.16,248008.0,2396.55,1.47350479,14.93197739
49954,1.74,370401.0,2394.19,1.973211172,13.36983373
49955,1.49,366123.0,899.8,1.927877523,15.24039981
49956,1.71,380591.0,1756.43,1.895482106,15.329397
49957,1.8,267060.0,1002.82,2.725226543,15.80463798
49958,1.81,148007.0,2180.95,1.772699454,15.90845532
49959,1.32,366373.0,1986.09,1.243518795,17.42817679
49960,4.1,279180.0,1218.51,1.74517831,13.22099351
49961,0.32,377616.0,677.27,1.499438564,12.70294732
49962,1.83,243748.0,1493.39,3.823727786,15.19730052
49963,2.22,386980.0,1807.93,1.731560024,13.43763893
49964,1.84,146851.0,1340.75,1.916406676,15.83395961
49965,0.73,396206.0,2248.44,2.235232677,16.48460678
49966,1.36,275696.0,1832.78,0.586646141,13.49816548
49967,1.24,360679.0,1911.4,1.335482517,15.87630859
49968,0.82,393674.0,1864.81,1.366850388,15.53756284
49969,0.94,139834.0,772.84,3.437096664,16.20901682
49970,0.16,156294.0,1563.87,1.957876428,15.38169457
49971,0.63,362031.0,1822.81,4.333965113,16.96811458
49972,1.86,348237.0,1320.53,0.73502084,17.23899716
49973,0.86,379724.0,1286.56,1.520814653,14.09895202
49974,1.19,238369.0,1357.76,1.688385531,15.74281563
49975,0.86,360330.0,2048.22,3.652038828,14.74605049
49976,2.41,365113.0,1799.29,4.520704613,13.59773496
49977,1.7,344564.0,1097.68,1.838972072,15.66340742
49978,1.64,145943.0,1765.12,1.559542423,15.28289386
49979,1.74,351728.0,2900.81,3.392157984,14.58647045
49980,1.5,273366.0,2016.01,2.095716892,13.79883825
49981,1.45,377551.0,922.17,0.463455843,11.99012874
49982,1.03,389443.0,1341.67,1.628091097,13.95390072
49983,1.71,367986.0,1450.01,2.607797337,16.40452046
49984,3.29,135218.0,1994.06,1.575324509,14.02980725
49985,1.43,278039.0,1926.72,2.57735857,15.67412508
49986,1.61,272336.0,739.61,1.290014198,17.73027397
49987,0.51,161760.0,1764.94,1.170478316,13.75447319
49988,0.24,374874.0,648.6,1.257307473,15.18819617
49989,1.03,144094.0,1731.41,2.21439035,16.37006446
49990,0.75,223045.0,2274.78,0.496592271,13.64341361
49991,2.28,253187.0,1863.14,1.633926019,16.20763902
49992,2.5,247141.0,1880.16,2.263703332,13.96202533
49993,1.95,160224.0,637.91,3.769524063,16.84295611
49994,1.06,349726.0,2482.02,1.101818115,15.44646958
49995,1.37,242542.0,1823.14,1.739476541,15.62330526
49996,1.49,155464.0,1817.96,1.53438023,15.41609707
49997,0.58,246491.0,738.64,2.348101746,16.11581689
49998,2.15,362033.0,1526.39,0.926891192,12.9581404
49999,1.26,277986.0,2228.17,2.08479138,14.28178833
