,Yield (tons/acre),Total Radiation (W/m^2),Total Rainfall (mm),Avg Min Temp (C),Avg Max Temp (C)
0,2,143991.0,807.18,3.152411912,16.05532941
1,2,354961.0,1719.3,1.37076593,14.5928547
2,1,270007.0,1605.22,4.781380279,17.307841
3,1,281847.0,1975.33,3.910605405,16.94529664
4,1,376437.0,2515.18,3.092808845,15.80414385
5,2,379755.0,2677.54,3.136770554,15.75345735
6,1,360522.0,2342.1,1.477852817,12.99125276
7,1,361339.0,1812.68,1.904247344,13.82344553
8,2,363227.0,2006.84,2.825205643,15.84078636
9,2,356086.0,2814.8,3.127927469,15.36013101
10,1,262846.0,1430.97,4.230250899,16.59051314
11,1,387263.0,1980.08,3.676727564,16.67738725
12,3,128777.0,632.29,1.855174423,15.19415124
13,1,247783.0,1358.92,2.712775268,15.49816826
14,2,143632.0,1385.02,3.392929225,16.36587326
15,2,370060.0,1871.09,1.370576431,13.09214874
16,1,379361.0,1908.08,2.149071263,14.24876165
17,1,152977.0,1402.87,4.017245961,17.25883892
18,1,383413.0,1839.95,3.236322275,15.78360417
19,1,242236.0,1776.16,2.061278774,13.72456501
20,1,363549.0,2276.8,2.190478637,13.83016039
21,1,154730.0,757.72,3.794441028,16.87669076
22,2,258918.0,1623.4,3.168243331,14.71865202
23,2,134617.0,901.49,1.655306667,13.54959554
24,1,157125.0,653.29,3.524930044,16.41178545
25,2,120765.0,817.5,1.582731491,13.43218787
26,0,171595.0,1103.69,3.071156621,15.99151464
27,1,255223.0,1843.2,2.890632118,15.4071097
28,1,371419.0,1788.92,1.412315027,13.36598085
29,2,354579.0,1802.01,1.580240673,13.24394398
30,2,376569.0,2224.1,3.213649379,15.7098985
31,1,356541.0,1805.43,1.207716696,12.1697444
32,1,249312.0,1655.97,2.910408249,14.21055463
33,1,359241.0,1972.4,1.687236121,14.12032291
34,1,269697.0,1783.33,3.834933194,16.4742715
35,2,242536.0,1312.72,1.715236185,14.25049109
36,2,141874.0,756.43,4.132662891,16.77553328
37,3,114947.0,1703.01,1.34912325,12.91744359
38,1,360731.0,1805.28,2.251456478,15.40681083
39,1,268800.0,1930.08,3.007806327,15.50483816
40,2,116142.0,1480.41,2.10428514,13.49841247
41,1,247178.0,1296.95,1.412014025,12.73610193
42,1,149447.0,624.66,2.902925629,16.0375208
43,1,149579.0,796.63,3.523296617,15.68514973
44,1,359684.0,1831.16,2.208147589,15.02386339
45,1,350337.0,1794.79,1.571407029,13.45969108
46,1,280316.0,1739.03,4.154277349,15.97281673
47,1,142983.0,852.56,3.828471712,17.40848063
48,2,244138.0,1685.73,2.417714601,15.30655682
49,2,357898.0,1805.82,2.765651033,15.37452675
50,2,369632.0,2148.5,2.998044457,15.79288869
51,2,246247.0,1625.43,2.851760826,15.53783249
52,1,264950.0,1734.12,3.246414494,16.33031096
53,1,186256.0,1243.8,3.883347913,15.94239659
54,1,265486.0,1872.63,1.701770091,14.50825039
55,1,264259.0,1590.77,3.606444794,15.87267739
56,2,241579.0,985.63,1.677226381,13.92479566
57,2,120917.0,661.07,2.386682604,13.76611196
58,2,253671.0,1406.67,1.968816914,14.3134566
59,1,368980.0,2010.91,3.755013812,16.30063445
60,2,373491.0,1817.91,2.095459204,15.61487874
61,1,163986.0,663.76,3.29325228,16.69529902
62,1,134739.0,1194.76,2.742367508,14.82115982
63,2,150508.0,1089.7,3.759616765,16.67806078
64,2,343528.0,1819.09,1.218339859,12.39858362
65,2,366797.0,2150.77,2.902367257,15.3415758
66,1,164092.0,1287.44,4.230304129,17.04493911
67,2,238210.0,1634.05,0.538578296,13.15129394
68,1,360713.0,1775.08,1.002845479,12.70378324
69,1,275010.0,1678.39,3.724912443,16.29660137
70,2,145745.0,628.56,4.395829276,16.01437271
71,1,146908.0,867.73,3.699947303,16.47581854
72,2,268437.0,2334.81,3.277971573,15.78840724
73,2,244892.0,1763.34,2.813901956,15.19972421
74,1,278124.0,1871.33,3.770061694,17.56760737
75,1,153497.0,764.39,3.346362293,16.41148554
76,1,347797.0,1828.6,2.27984115,14.47007191
77,1,208217.0,1456.5,3.869038251,16.84607086
78,2,122515.0,697.44,1.881312244,13.13422667
79,2,257801.0,1427.31,3.202534454,15.53049799
80,2,387101.0,3047.82,2.921567191,15.01564632
81,2,159144.0,925.59,3.671992522,16.4617962
82,1,133046.0,642.42,2.157909993,15.75658465
83,1,379914.0,2096.02,3.522244334,16.2705578
84,1,137168.0,680.08,2.78734665,15.42990549
85,1,271136.0,2685.01,3.930245132,16.21058104
86,1,264978.0,1858.27,3.662805442,16.22048236
87,2,357822.0,2151.41,1.431064148,12.86576544
88,0,154382.0,722.16,3.059996582,16.60299705
89,1,261562.0,1924.97,1.556385913,13.35265238
90,1,375894.0,2237.71,2.320520556,15.07021334
91,1,258238.0,1480.58,3.170106355,15.68989347
92,1,122923.0,683.45,2.163782253,15.15216785
93,1,137429.0,966.46,1.788548279,14.46648933
94,2,160875.0,825.28,3.7145198,16.3443954
95,2,137472.0,586.86,2.706534332,15.40912266
96,0,186688.0,687.33,4.884009314,16.6476964
97,1,270331.0,1731.9,3.715836185,16.09330427
98,1,373445.0,2357.14,1.860995403,12.81437145
99,2,241416.0,1174.87,1.308037704,12.91829739
100,1,152036.0,1005.17,3.543919213,16.25160741
101,1,135234.0,1148.95,2.390534206,15.08436131
102,2,256565.0,1771.9,1.659758644,15.25161557
103,1,371926.0,1902.2,2.108551586,14.09918427
104,1,192188.0,813.23,3.507685622,17.11856362
105,2,254118.0,1795.15,3.13143429,15.47244288
106,1,124683.0,1293.22,3.139417119,16.62633425
107,2,125874.0,773.17,2.190096571,15.46422127
108,3,114947.0,1356.39,2.014441228,13.33559243
109,1,151364.0,1108.7,2.770959718,16.46736616
110,1,152402.0,728.34,3.46926401,17.32758536
111,1,372875.0,1808.56,2.724229415,15.44959108
112,2,246821.0,1320.85,2.204138616,15.50846507
113,1,376720.0,2355.65,2.806713342,15.85707043
114,1,288226.0,2269.63,3.890851966,16.89506221
115,1,248573.0,1791.8,1.823895882,15.17308517
116,3,374938.0,2432.52,2.953613394,15.62718035
117,2,249895.0,1540.74,1.952527228,15.0874717
118,1,367377.0,1787.38,1.237172921,14.07496399
119,2,232371.0,1486.01,2.029297298,13.37943889
120,2,245912.0,1469.01,1.526632674,13.31636686
121,2,236019.0,1217.24,1.836801998,14.73208669
122,1,143971.0,974.57,3.706107726,16.16819913
123,1,146894.0,637.08,1.944305515,16.55023048
124,2,236787.0,1034.62,1.333023364,13.1410732
125,1,371307.0,2403.26,2.132808988,13.42966633
126,2,367633.0,2482.47,1.903897542,14.95883327
127,1,135069.0,862.95,2.954017055,16.00630119
128,2,359459.0,1831.26,1.00970023,12.94945313
129,2,255341.0,1426.0,2.626393804,14.67174887
130,1,381977.0,2579.13,2.90173131,15.42915423
131,2,128135.0,813.12,3.091546999,16.27924706
132,2,346946.0,1568.82,0.386936008,13.13945285
133,1,367619.0,2246.95,1.349436053,13.59018848
134,2,383068.0,2333.51,2.882473599,15.54269604
135,1,142443.0,866.46,3.656836094,16.6508622
136,1,165062.0,1475.47,4.93924406,17.40630374
137,1,363558.0,1949.32,1.457872117,13.67139457
138,2,357382.0,1883.11,1.548814031,12.28657791
139,1,141506.0,657.52,2.649576549,15.62288011
140,1,359612.0,1870.35,1.383298063,13.21257784
141,1,388791.0,1857.41,3.158266432,16.38106038
142,3,256028.0,1833.35,3.93054576,16.09402137
143,1,160207.0,1003.38,3.251495182,16.32030284
144,1,115140.0,1524.04,2.990622731,16.25182828
145,1,154898.0,822.79,4.392684963,16.55216502
146,1,161511.0,1346.2,4.93924406,17.30268504
147,1,238193.0,1441.65,0.880242941,13.07092587
148,2,135149.0,1328.19,2.892750223,16.35328677
149,1,381390.0,2261.62,3.324954662,15.91866368
150,2,347517.0,1965.42,1.510877481,12.78096383
151,3,114947.0,671.53,1.352325999,13.03317409
152,2,364064.0,2288.65,3.064822987,15.3480602
153,2,254538.0,1799.47,3.873456608,17.09897717
154,1,120104.0,688.59,0.838400809,12.30191456
155,1,376675.0,2532.66,3.042526941,16.01054396
156,1,254939.0,1802.1,3.08162862,15.57997966
157,1,259573.0,1892.76,2.954472124,15.4834956
158,1,375483.0,2437.71,1.817236857,14.4595858
159,1,375269.0,1896.87,1.910602194,13.73812518
160,2,372619.0,2214.59,1.903641739,13.38188883
161,2,256965.0,1377.37,1.771094837,14.99495588
162,1,126737.0,993.81,1.728530541,15.00707019
163,2,231757.0,1557.83,0.784206995,12.34314485
164,3,242106.0,1852.06,3.156984781,15.17494068
165,2,244305.0,1335.48,1.944113857,13.69391904
166,1,184538.0,859.86,3.883384064,16.69335906
167,1,269358.0,1797.48,2.902138075,15.4672804
168,2,261182.0,1903.52,3.277498507,16.1640187
169,1,371149.0,1848.88,2.060891792,15.19040059
170,2,246799.0,1502.85,2.262387195,13.96539249
171,1,148704.0,1453.79,3.879191359,17.17125811
172,2,346216.0,1842.93,0.840667247,12.03841011
173,1,252825.0,1528.8,2.176334357,13.67753931
174,2,142419.0,1172.32,3.264732651,15.82386077
175,2,347486.0,1556.8,2.328341179,15.15063904
176,2,124108.0,691.06,1.558384473,13.13090134
177,2,371640.0,1884.82,0.974772634,13.85390642
178,1,165561.0,1589.25,3.941454535,15.95056081
179,2,140702.0,1719.96,2.301598985,15.16019294
180,1,265621.0,1511.1,3.99866917,16.92067712
181,1,257871.0,1635.93,1.4575916,13.51680694
182,1,122497.0,782.56,1.559897378,13.85881044
183,1,266979.0,1303.92,2.334266179,16.00248092
184,1,368614.0,1861.24,2.178509967,13.81819563
185,3,126277.0,849.04,2.535662908,14.00449569
186,0,131095.0,1022.88,2.29708595,13.79004071
187,1,150111.0,654.29,2.790629026,15.66458648
188,2,245167.0,1791.13,3.944240578,16.04572551
189,1,274414.0,1912.28,3.308748052,16.95452254
190,2,149412.0,1345.77,3.496724597,15.86145075
191,1,270103.0,1821.66,3.543547143,16.34293131
192,1,122759.0,1036.01,1.53663549,13.90418403
193,2,129027.0,1644.19,2.422758787,15.05196402
194,0,373221.0,1974.64,2.518271894,15.51915454
195,2,121965.0,1023.66,0.748645421,13.02773611
196,1,378195.0,2201.24,3.665963066,16.44354623
197,2,154983.0,1357.78,4.071076692,16.3376859
198,2,346300.0,2012.71,1.41988,13.00997851
199,1,269389.0,1970.65,3.864520715,16.55702818
200,2,146825.0,1149.78,3.136920867,16.68933737
201,1,355656.0,1744.64,0.642899852,11.61974158
202,1,376487.0,2337.65,1.58102156,13.67138812
203,2,377334.0,2544.02,3.064078467,15.27422972
204,2,121019.0,879.99,1.895162635,15.17696385
205,1,252672.0,1494.32,3.387501985,15.66907784
206,1,148384.0,745.24,3.076424426,16.49421037
207,1,142510.0,1817.96,3.044991821,15.74103179
208,2,145090.0,1044.6,3.631145615,16.37000818
209,2,156675.0,1251.36,3.605521124,16.62672453
210,3,134105.0,794.82,2.614725677,15.91473043
211,1,155664.0,908.67,3.034327743,17.07130866
212,3,130788.0,890.18,1.997487126,13.65761215
213,1,367261.0,1860.07,0.591823226,13.43238677
214,2,261639.0,1673.12,2.962074057,14.07662017
215,0,275164.0,1812.64,3.604477356,17.10923652
216,2,136564.0,1709.23,2.944047855,13.68414492
217,1,276773.0,1888.23,3.631612647,16.53535928
218,1,270671.0,1953.61,3.289113081,16.62041806
219,1,266382.0,1810.82,3.852921186,16.2565728
220,2,359940.0,2222.04,2.315222657,13.81155548
221,2,346042.0,1804.99,1.388418226,12.63955058
222,2,134951.0,818.3,1.473256867,13.79346479
223,1,278528.0,1957.98,3.565708109,16.90556281
224,1,135926.0,1052.39,2.911745883,16.79197798
225,1,122005.0,1131.78,1.841514209,14.0385407
226,1,114947.0,1142.28,2.237315354,13.8776438
227,2,256945.0,1400.98,1.631008933,13.8376096
228,2,261542.0,1823.74,3.794661172,16.33671992
229,0,253875.0,1255.11,3.180481229,15.29132581
230,1,142349.0,977.0,3.086757616,15.80929559
231,1,138177.0,586.86,3.045601771,16.41323267
232,3,244054.0,1603.0,3.414982057,15.76441575
233,2,134121.0,1008.55,3.240844452,16.02958042
234,2,159161.0,725.5,3.922511899,16.37747334
235,2,354234.0,2417.68,-0.326393035,11.76666034
236,2,133380.0,887.9,3.191141676,15.79146392
237,1,372179.0,2301.94,3.891303282,16.19443995
238,2,130378.0,776.97,2.501372444,14.31353619
239,1,153886.0,1234.54,4.707631648,16.97665007
240,1,157526.0,1118.5,4.596159628,17.09403874
241,1,252825.0,1741.37,2.94730471,15.3204233
242,1,352944.0,2189.15,0.460554621,12.03668979
243,1,374261.0,2165.93,2.407496454,13.56932861
244,1,159152.0,1538.32,3.667912144,16.53469708
245,1,270926.0,1883.51,3.651090609,16.54663038
246,1,233725.0,1376.2,1.108554555,13.20417618
247,2,246488.0,1663.83,1.858233419,13.75640873
248,2,366622.0,2890.85,1.702804282,13.01620782
249,3,239949.0,1706.42,2.183672983,15.19435603
250,2,386878.0,2458.55,3.097008683,15.76223428
251,2,354165.0,2223.22,1.491927233,12.78678149
252,1,378653.0,2297.3,1.915630437,14.22608566
253,1,262964.0,1947.61,1.90030579,13.61905208
254,1,140165.0,628.23,2.314910793,15.25935244
255,1,250675.0,1358.27,3.146493253,15.26197672
256,2,267978.0,1991.76,3.852253706,17.06415105
257,2,226458.0,1581.77,2.328880718,14.90271803
258,2,254263.0,1743.71,3.070172892,15.06118092
259,1,249985.0,1352.15,1.235076411,13.00641486
260,2,153691.0,785.91,4.162618315,16.55444805
261,1,371706.0,2527.03,0.517259703,12.94073625
262,2,369328.0,2542.87,1.583021258,13.79017165
263,2,378350.0,2659.48,2.315321431,15.10642564
264,1,152566.0,718.67,3.652288005,16.70799303
265,2,163712.0,1411.39,3.19021542,15.87457177
266,2,136086.0,999.8,3.13665358,15.79988277
267,1,355152.0,2053.93,1.849216519,13.61035208
268,1,365560.0,1961.08,2.014977812,13.66563482
269,0,270475.0,1530.35,1.990911316,14.37764185
270,1,377164.0,1870.06,1.871711146,14.54776673
271,1,202431.0,1302.85,3.866388622,16.32261371
272,0,282991.0,1890.26,3.927882013,16.89032266
273,2,139133.0,971.14,3.698225432,16.72073137
274,1,257013.0,1507.33,3.714054385,16.33058062
275,1,260250.0,1804.54,3.346322328,15.93655392
276,3,236260.0,1268.08,1.462900401,14.00149404
277,0,378204.0,1912.85,1.570096231,13.33496458
278,1,162146.0,953.16,3.712784157,16.96471678
279,2,135531.0,979.19,3.034932734,15.57564635
280,2,379166.0,2137.02,2.896248055,15.74372007
281,1,156205.0,970.45,3.58473251,16.43798411
282,2,245691.0,1296.65,0.955214124,13.07440372
283,2,130620.0,1080.76,2.921976729,15.17128657
284,1,145572.0,1708.47,1.178635572,13.56123887
285,2,350846.0,2316.87,1.216075612,12.97521042
286,1,257974.0,1861.97,1.786726437,13.65098392
287,1,152759.0,586.86,3.063914313,15.74108575
288,2,126215.0,837.62,1.421190862,12.09158009
289,1,358728.0,2273.05,1.600417267,13.44838431
290,2,240561.0,1395.34,1.555228164,13.31471106
291,2,371548.0,2215.89,1.542025534,13.36779078
292,2,247746.0,1396.73,2.569651083,14.99207004
293,1,375302.0,1960.69,1.225604869,15.22823134
294,2,233201.0,1628.11,1.189069044,12.74663263
295,1,241768.0,1749.4,2.096236326,15.71951796
296,2,363427.0,2258.29,2.47065236,15.02701008
297,1,278285.0,2286.12,2.576630612,15.36648951
298,1,261813.0,1930.09,4.505942629,16.45556442
299,2,127479.0,617.08,2.817746535,15.43242069
300,1,358668.0,2354.17,-0.210869871,11.89646273
301,1,401119.0,2781.66,4.127903933,16.23737807
302,1,358775.0,1970.5,1.486968888,12.89451496
303,1,274556.0,1430.48,3.207795518,15.94223971
304,2,372507.0,1901.03,0.767001827,13.42871532
305,2,344401.0,1819.6,1.785188065,12.92530899
306,1,360338.0,2128.43,1.69825172,13.64643343
307,1,359844.0,1867.99,1.763371623,14.30449241
308,1,374743.0,2162.84,3.134485122,15.7569578
309,2,151387.0,1358.98,4.63267675,16.70570518
310,1,374920.0,2296.53,2.665158954,14.81969815
311,2,253524.0,1837.18,3.534925008,16.10964692
312,1,257878.0,1523.81,1.505362185,13.62850044
313,2,143301.0,936.35,3.742720369,17.38722627
314,2,361089.0,1992.3,1.377611499,13.20287464
315,1,258562.0,1430.2,1.779790275,14.05359425
316,2,259602.0,1889.26,3.950461397,16.19055117
317,1,139821.0,1151.56,2.654065543,15.31225842
318,1,148047.0,669.46,3.880293529,16.95254612
319,2,252793.0,1287.57,3.595981405,14.4631779
320,1,266038.0,1862.55,3.644728852,15.84956175
321,1,285149.0,1632.12,3.650639641,16.32387621
322,2,251502.0,1854.35,2.839445941,15.47493428
323,2,362080.0,2199.99,1.722959343,13.40194059
324,2,151572.0,977.55,3.574680579,15.91462338
325,1,252463.0,1817.54,2.137770712,15.1733292
326,3,151271.0,1481.59,3.294643785,16.00740147
327,2,263750.0,1553.8,3.384122777,15.47962177
328,1,371238.0,1787.97,1.920162785,15.64125494
329,1,161373.0,1329.31,3.511140233,16.62993131
330,2,348044.0,1616.22,1.380967649,14.56515972
331,1,139860.0,1273.83,2.902101857,16.34676524
332,1,159564.0,1254.4,2.952342727,15.90184011
333,2,122924.0,991.49,2.255005112,13.91371798
334,1,395079.0,2404.0,3.373039974,16.61275683
335,2,132003.0,1097.97,4.078010359,16.69600851
336,1,151694.0,660.24,2.85349889,16.27850853
337,2,261380.0,1970.86,3.798792798,16.30491895
338,2,354958.0,2151.32,0.921118869,12.54987737
339,2,364318.0,1724.87,1.260007199,12.79404531
340,2,126397.0,1011.07,0.879066395,12.92732172
341,2,375865.0,2740.31,3.135969154,15.69386292
342,2,351213.0,1779.4,0.899371684,12.40061424
343,2,237756.0,1473.42,1.047631695,13.20891834
344,1,159801.0,1154.09,3.771415378,15.73474098
345,2,144099.0,1272.25,3.817191539,16.28134307
346,2,146947.0,1459.59,2.977274355,15.91726893
347,1,371187.0,2223.79,1.076356066,13.1166194
348,2,350173.0,1915.2,1.501886577,13.50016589
349,2,373084.0,2495.56,3.212945161,15.53308447
350,1,381041.0,2437.78,3.643905441,16.24624069
351,2,258270.0,1828.05,3.64883891,16.26079829
352,1,251313.0,1217.58,1.746206744,15.48206956
353,1,366698.0,2307.27,1.670429785,13.84452798
354,2,125563.0,1317.44,3.073760883,16.01142047
355,2,365655.0,1967.19,2.959216448,15.52248498
356,1,138511.0,1303.01,3.766603715,17.62386908
357,2,363386.0,2411.44,2.308999861,15.2510516
358,2,345366.0,1772.84,0.960517972,11.56040623
359,2,120948.0,1741.99,2.107488151,13.50409852
360,2,241000.0,1592.96,1.197965282,13.31106144
361,1,146108.0,1035.9,3.437807281,16.50360354
362,1,154353.0,586.86,3.038579532,16.08094959
363,1,260857.0,1862.88,3.744894259,16.21842005
364,2,347936.0,1844.18,1.435805832,12.69215279
365,2,148001.0,934.2,3.21039098,15.81481881
366,2,135306.0,964.21,2.968690948,15.57112727
367,2,146580.0,1028.35,4.147988288,16.35078714
368,1,257826.0,1352.6,4.036637854,17.10159917
369,2,229864.0,1219.59,1.036307016,12.59783055
370,1,379651.0,2426.98,3.616460806,16.42337633
371,1,384815.0,2004.78,1.95987461,13.74763773
372,1,363763.0,1970.84,2.378351694,15.76250883
373,3,370510.0,2525.68,2.51640373,14.61546323
374,1,269512.0,1710.25,3.928285794,16.4262095
375,1,146341.0,736.81,3.706965257,16.69452204
376,1,146316.0,1447.22,3.065553694,15.95826352
377,3,132324.0,1079.46,1.880306464,13.31023481
378,2,249189.0,1523.81,2.815376894,13.97371402
379,2,358661.0,2326.73,2.679029286,14.9206151
380,0,379801.0,1856.18,3.824628515,16.42815118
381,1,140862.0,764.77,3.008467707,16.87709862
382,2,364340.0,2361.79,1.136203898,13.03879342
383,1,114947.0,1014.99,1.94259309,13.5884249
384,2,140818.0,945.94,3.870954762,16.05436896
385,0,384656.0,2412.13,3.484853776,17.18476228
386,2,263501.0,1494.55,3.326431486,15.58881894
387,2,263791.0,2234.47,3.619974571,16.02030863
388,1,251214.0,1620.34,2.566098904,15.03530013
389,2,373733.0,2323.89,2.932482927,15.1987255
390,1,377509.0,2346.63,3.783047484,16.19945203
391,1,246858.0,1768.79,2.389195399,15.45845264
392,1,152469.0,1180.27,3.099510568,16.6002157
393,1,261844.0,1603.78,3.084438246,15.5025525
394,1,361523.0,1998.64,0.585089047,13.09869676
395,1,128230.0,748.46,1.484115141,14.94232865
396,0,388885.0,1845.02,3.689907241,15.72756013
397,1,157403.0,1723.17,3.569771166,16.15468856
398,1,388347.0,2075.59,3.761565485,16.44279449
399,2,365389.0,2346.47,3.055947243,15.68728625
400,2,223778.0,1693.13,2.12000247,13.44570424
401,1,237070.0,1245.32,1.721243028,13.25531301
402,1,350069.0,2174.89,1.339013179,13.37267474
403,2,362082.0,1853.96,0.646660768,13.18079928
404,1,285994.0,1945.17,3.493687829,16.69817478
405,1,121402.0,915.37,2.234349837,14.80767384
406,1,264356.0,1849.34,3.861710292,17.00503816
407,1,370601.0,1968.43,1.782120329,13.82565556
408,1,384983.0,2342.73,3.395058661,16.79403242
409,1,370427.0,2073.98,2.518645421,14.49844074
410,0,279192.0,1990.51,3.90551044,17.37628632
411,1,157407.0,1274.54,3.549254399,16.7032151
412,2,249815.0,1224.61,3.081725765,15.98911686
413,1,361955.0,2027.57,2.02455665,13.25461638
414,1,369418.0,1906.14,3.247210491,15.55411421
415,2,241061.0,1806.49,2.217990216,13.07778691
416,1,387626.0,2413.38,3.068516929,16.8250179
417,2,370938.0,2193.13,3.009953149,15.9729046
418,1,260032.0,1789.21,3.635915159,15.84133135
419,1,238503.0,1405.17,0.759814777,12.68998795
420,1,265555.0,1704.38,3.282005367,15.89127159
421,3,242797.0,1527.33,1.325779602,13.29394276
422,3,361502.0,2435.99,2.914585014,15.11978202
423,1,367059.0,1879.58,1.208383705,12.55181755
424,2,134224.0,943.21,2.431902054,15.53378787
425,1,266540.0,1781.13,3.397444463,14.43484626
426,1,268974.0,1574.21,2.994573955,15.48465229
427,1,131152.0,1011.52,2.081832562,15.21821395
428,2,357510.0,1869.14,1.715276137,13.47537187
429,2,250035.0,1256.28,2.703930593,15.31898211
430,2,149579.0,862.17,1.67681691,13.98439456
431,1,371588.0,2321.65,1.673415354,14.02941457
432,1,254626.0,1487.27,2.927441855,15.28175761
433,1,264805.0,1268.9,1.702465508,13.99597583
434,2,350937.0,2309.55,1.723426815,12.79706509
435,2,125410.0,1405.12,2.343036094,14.84357846
436,1,157232.0,880.31,2.812766529,16.280026
437,2,352744.0,1809.33,0.94003915,13.88089368
438,1,246019.0,1426.44,2.175678741,13.64009756
439,1,246266.0,1218.64,1.420869219,13.22350449
440,2,152548.0,1026.7,3.841307438,16.057075
441,2,250974.0,1856.74,3.517783511,16.08693828
442,2,137052.0,959.91,1.789087739,13.69058554
443,2,116307.0,642.28,1.503072715,13.81521348
444,2,237134.0,1811.77,1.149021436,13.56449089
445,2,333228.0,1845.37,1.963192694,12.46296645
446,1,275141.0,1771.19,3.56117115,16.07358502
447,2,375802.0,1886.73,3.491311209,15.44885266
448,1,134120.0,1411.01,3.065281742,16.10254743
449,2,138422.0,684.92,2.731722006,16.13798838
450,1,368969.0,2073.79,2.575992966,15.40923539
451,1,370837.0,2516.25,0.40640252,12.12869172
452,1,155304.0,788.76,3.858162449,16.93784549
453,1,263090.0,1430.78,1.122976956,13.87641905
454,1,400385.0,2141.37,3.978314381,16.8417437
455,1,390282.0,2385.45,3.44224218,16.61919899
456,1,370558.0,1932.16,3.195455888,16.12665059
457,2,263210.0,1175.79,2.594031563,15.8247389
458,0,383334.0,1837.99,3.414104363,15.98606453
459,2,365315.0,2412.9,1.373851981,15.44927351
460,2,354844.0,1965.5,1.111973443,14.3451728
461,1,160271.0,803.14,3.424662094,16.95459417
462,1,368292.0,2066.58,3.608058117,16.5200842
463,1,130768.0,1734.48,1.870477689,13.77539666
464,1,159942.0,907.99,3.515605528,16.83035749
465,2,249078.0,1159.24,1.415813533,14.62092878
466,1,247214.0,1496.81,1.959815114,13.67857995
467,1,379688.0,2236.7,2.253094747,15.46524218
468,1,376087.0,1910.21,3.086579779,16.4089074
469,1,365011.0,1784.92,1.319766207,13.13210797
470,2,245612.0,1845.18,1.587208626,13.72457625
471,0,389756.0,1858.75,3.522269617,16.2135122
472,1,272361.0,2519.25,3.558109059,16.25194478
473,2,140150.0,928.71,3.452482451,16.49853985
474,2,144960.0,1015.72,3.02281268,16.92049018
475,1,232924.0,824.45,2.140489927,14.05142738
476,1,360128.0,1917.55,0.94477913,12.70873783
477,2,337233.0,1921.75,1.253918839,12.84375898
478,1,145979.0,710.08,3.138292947,15.87415012
479,2,349816.0,1987.67,1.552544124,13.03971562
480,2,159288.0,912.2,3.744741867,16.0590846
481,1,262437.0,1783.59,4.055630773,16.39147341
482,3,246151.0,1913.06,3.024998676,14.60801179
483,1,130637.0,1092.63,1.458156401,13.08985715
484,2,125485.0,660.51,1.290794485,13.3424112
485,2,235070.0,1109.67,2.030528191,13.0131606
486,1,124801.0,1068.33,1.341991127,13.2886581
487,2,114947.0,934.68,2.246497796,13.07253091
488,1,371857.0,2369.53,3.44885615,15.69803829
489,1,366882.0,1770.67,1.635207222,13.13732412
490,1,154735.0,1016.37,3.308330199,16.41548733
491,1,144987.0,887.66,3.345612354,16.65616098
492,1,142390.0,1135.34,2.960047391,16.44136993
493,2,244976.0,1913.07,2.70337578,15.24193891
494,1,254153.0,1636.65,3.00743736,14.39950781
495,1,169139.0,728.08,3.719729728,16.83392291
496,1,248027.0,1766.13,2.939768731,15.77371117
497,2,263762.0,1809.45,3.151813998,15.79399919
498,3,344063.0,2005.99,0.318068418,13.46468829
499,1,254417.0,1496.92,0.261666874,12.47744209
500,3,334696.0,1435.82,1.039745604,13.0778934
501,1,268732.0,1828.08,3.660361641,16.17467769
502,1,133727.0,1500.49,2.493332196,15.83806712
503,1,129041.0,586.86,2.098641067,15.04708089
504,1,263134.0,1867.83,3.762833815,16.62024876
505,1,142225.0,1125.58,3.612340527,16.53818598
506,2,243233.0,1793.67,2.802538399,13.84333263
507,1,350536.0,1957.39,0.953548474,12.93441704
508,1,388093.0,2482.53,3.234598951,16.18591262
509,1,362299.0,2184.99,1.388109962,13.74860462
510,2,261321.0,1974.89,3.503737413,16.43000955
511,2,138361.0,1624.71,2.856808416,16.25967972
512,1,386251.0,2792.35,3.737158071,15.28849375
513,0,385555.0,1892.2,2.430716717,15.73986205
514,1,354002.0,2193.2,1.148391243,13.55510386
515,2,370325.0,2463.97,2.55111247,15.64975712
516,2,362862.0,2028.59,1.608429999,13.55626737
517,3,356399.0,2408.04,3.24997256,15.51204354
518,1,153361.0,1239.39,3.848654879,16.54833193
519,2,232813.0,1669.49,1.934563167,13.82663622
520,1,161515.0,1489.4,3.775562251,16.92172224
521,1,270544.0,1867.01,4.112671775,15.78828271
522,1,255882.0,1468.24,0.983599516,13.29477806
523,2,376423.0,2327.42,2.324211285,15.22184356
524,1,369273.0,1900.89,2.820403672,14.95350892
525,2,354741.0,2566.47,0.611803829,12.62444905
526,2,238742.0,1137.98,1.676846473,13.56315528
527,1,155893.0,904.56,4.038718194,16.68363789
528,1,121542.0,1420.38,3.060273687,16.61360796
529,2,244322.0,1238.73,1.677027376,13.471055
530,2,348645.0,1762.64,0.731093891,13.46742142
531,2,254319.0,1749.96,2.926201393,15.55341698
532,1,253543.0,1411.61,2.7661712,14.84346373
533,1,134734.0,1481.18,2.763698582,13.74742893
534,1,379879.0,2544.1,2.995237356,15.54234985
535,1,355409.0,1747.27,2.709809039,13.50262827
536,2,140264.0,694.03,2.406037978,15.78964705
537,1,369375.0,1856.79,2.339659629,14.38809802
538,1,152263.0,1422.16,3.905445612,16.29060582
539,1,159551.0,1214.41,3.643816397,16.91701905
540,3,114947.0,851.24,0.87797466,12.86353067
541,3,119777.0,942.34,2.368900711,15.28030459
542,2,135324.0,832.63,1.670175442,13.02467563
543,1,386218.0,2408.16,3.82301388,16.46636114
544,2,366070.0,2236.38,3.126430188,15.64851023
545,2,356508.0,2045.57,1.279089889,13.30801394
546,1,253211.0,1752.65,2.787488524,15.58694033
547,1,142626.0,858.74,3.525763088,16.31980926
548,1,250552.0,1256.05,2.08616744,14.54363556
549,2,363800.0,2370.05,1.635119865,13.82721064
550,2,256638.0,1871.28,3.588929583,15.89442877
551,2,255708.0,1539.87,3.669024087,15.82265296
552,1,135405.0,812.38,3.805439223,16.46647839
553,1,270199.0,1789.66,3.501973927,16.36264823
554,1,239091.0,1627.02,1.851457364,13.69577643
555,1,259038.0,1464.02,2.429853,15.75047331
556,2,137211.0,1127.66,3.832960878,15.67916447
557,1,394724.0,2629.7,3.874158401,16.451082
558,2,279414.0,1984.82,3.395653011,16.26796295
559,0,168154.0,1267.38,3.961295739,17.73027397
560,2,146095.0,1260.53,3.711246132,16.35478064
561,2,358452.0,2297.31,2.239916071,14.76680095
562,2,241878.0,1477.4,2.322066944,15.61288644
563,2,130240.0,586.86,1.874754669,15.25130755
564,1,130201.0,785.17,3.026408901,15.49686382
565,1,260024.0,1872.21,3.471574343,16.18994266
566,2,361436.0,1857.8,1.029791053,14.46387496
567,2,343371.0,1807.84,1.119588039,13.42817843
568,0,204227.0,831.95,3.640320075,16.73989979
569,0,245476.0,1213.64,1.495049978,13.28333195
570,1,269198.0,1841.72,3.134455645,15.7172052
571,1,369032.0,1784.8,2.23184677,13.5132201
572,2,242638.0,1371.43,0.993029313,13.40006324
573,1,147986.0,1141.12,3.062129665,16.13291197
574,1,148519.0,1126.71,3.089287327,15.71943567
575,2,236059.0,1410.08,0.892332865,11.97932888
576,1,258772.0,1461.19,3.040549274,16.06567681
577,3,350281.0,1789.72,2.876901224,15.03536955
578,1,273090.0,1757.1,3.743336971,16.79774945
579,1,163766.0,1361.76,4.009198313,16.2844115
580,1,155914.0,1411.03,3.580383433,16.27852303
581,1,142199.0,1052.78,2.912274672,15.62961758
582,2,149990.0,892.96,3.659991936,16.66157381
583,2,243046.0,1516.93,3.030365511,15.42108344
584,2,149086.0,676.24,3.756540501,16.06082125
585,2,148506.0,1194.96,3.265991286,16.14402585
586,2,356973.0,2277.32,2.969087605,15.55402744
587,1,248738.0,1862.46,1.274160814,12.74949021
588,1,133152.0,1022.39,2.996048866,14.23503301
589,1,362941.0,2263.48,2.234244251,13.15363671
590,1,375387.0,1990.15,1.336058105,12.89695613
591,3,349746.0,2215.41,2.296359419,14.89916785
592,1,379809.0,1950.13,1.436973335,14.15079791
593,2,153929.0,1554.26,3.419918537,16.00217679
594,1,166610.0,1458.05,4.091869898,17.06603079
595,1,256937.0,1867.74,3.815030955,15.75837324
596,2,352127.0,1766.32,1.233461458,12.98699837
597,0,378819.0,2105.9,3.722121922,16.0013982
598,1,128792.0,692.23,1.563946667,13.46449078
599,2,148429.0,1211.25,3.85917334,16.19866588
600,3,238449.0,1805.78,2.818453568,15.27157747
601,0,275544.0,1827.4,4.183432239,16.38064893
602,2,264813.0,1998.63,3.977918974,16.46106435
603,1,243091.0,1817.52,1.37517829,15.2997292
604,1,348086.0,1828.9,1.380471127,12.47797665
605,1,152729.0,824.79,3.451614539,16.55406223
606,1,364517.0,1764.57,0.965160079,12.96723425
607,1,255156.0,1785.27,3.683397317,16.01039551
608,1,136570.0,851.04,1.93254872,13.84256632
609,2,365887.0,1763.61,2.030655867,15.10709376
610,0,168424.0,1192.14,3.522527101,16.72700255
611,1,234776.0,1537.21,1.602520494,13.66275231
612,2,366732.0,2366.26,1.505650621,12.98241086
613,1,272641.0,1898.15,4.059559056,16.11814699
614,1,139660.0,653.98,2.541908315,14.37382233
615,1,368036.0,2271.39,2.848836652,15.46963066
616,1,362998.0,1857.52,1.367799712,12.63964698
617,1,114947.0,1237.07,2.351711595,15.65099122
618,1,260710.0,1803.85,3.436987367,16.37470301
619,2,244498.0,1206.39,2.571841453,15.17380943
620,2,127725.0,1634.79,2.445435334,15.32946204
621,2,125060.0,799.24,2.255942281,14.32872359
622,2,243701.0,1815.45,2.150624398,13.59512041
623,2,353299.0,1822.64,1.712162269,13.23771153
624,1,254429.0,1842.97,2.910667216,15.86466228
625,0,156090.0,586.86,2.981041869,16.86872757
626,1,143927.0,896.0,3.295059085,17.11386317
627,2,129305.0,1565.94,2.788502226,15.89163055
628,1,233104.0,1264.63,1.406946621,13.44238146
629,1,355664.0,2217.12,1.725479568,13.672222
630,2,124438.0,706.24,1.745051556,13.88953258
631,2,121833.0,916.98,1.084400299,13.47283254
632,1,266773.0,1894.95,3.689587602,15.8860277
633,2,372627.0,2376.08,3.146469649,16.4957318
634,2,117185.0,794.16,2.643872695,15.56078108
635,2,135622.0,745.55,3.655466628,16.46531562
636,2,130982.0,939.31,2.169592123,15.76671053
637,1,248890.0,1154.07,2.742509259,14.48140198
638,2,118988.0,659.42,1.749224829,13.83041957
639,2,361540.0,1829.49,2.775085492,14.14853474
640,2,354287.0,2210.86,1.598996121,13.50707966
641,2,240702.0,1408.05,0.910998524,13.22934533
642,2,248789.0,1093.27,2.700242136,14.35308997
643,3,366347.0,2949.74,1.767949972,15.21491956
644,1,373497.0,1930.74,1.548805987,12.94211263
645,2,243417.0,1323.8,1.274855109,14.53334241
646,3,143272.0,1275.19,3.690809386,16.30877373
647,1,246049.0,1532.32,2.298156402,14.02765318
648,2,142342.0,926.94,4.434102851,16.85041122
649,1,254432.0,1770.57,1.898417647,15.20020388
650,1,379495.0,2109.66,3.451340705,16.69735206
651,1,242397.0,1786.67,2.087969338,14.24533601
652,2,134509.0,1040.84,3.046315427,15.99672412
653,3,354964.0,2332.62,1.82767482,13.35049033
654,2,240056.0,1875.63,0.205302168,13.0652353
655,2,132404.0,836.98,2.206301621,15.18536439
656,2,370585.0,2375.29,2.484231086,15.66442582
657,1,258424.0,1717.46,3.405396016,16.34707658
658,2,374672.0,2233.22,2.379120232,15.63686332
659,1,372444.0,2231.03,1.461505513,13.67771187
660,2,341691.0,1859.14,1.686995691,13.23079401
661,1,265264.0,1822.95,4.024177574,16.64212722
662,1,379091.0,1905.44,2.598431448,14.29332311
663,1,357238.0,1902.79,1.079134834,13.49242908
664,1,154728.0,762.62,3.646577286,16.35711057
665,1,366499.0,2267.02,1.371540651,12.30241024
666,1,377842.0,2428.76,2.332473496,15.14890958
667,1,243445.0,1288.42,1.645615322,13.86156205
668,1,152771.0,1043.16,3.793592221,16.12967694
669,2,123508.0,1615.24,3.235577515,15.62742249
670,0,388838.0,2419.92,3.63218448,16.39814949
671,2,241212.0,1418.35,1.772356835,13.50686629
672,3,134049.0,1110.41,2.928974289,15.25177964
673,2,360605.0,2214.74,2.105653017,15.13454085
674,3,122124.0,885.92,1.238549019,13.79117013
675,2,132272.0,1801.36,3.145865709,15.73721182
676,1,262438.0,1763.68,2.042253035,14.18235692
677,1,155522.0,1317.73,3.954205781,16.65361129
678,2,262674.0,1492.88,2.24464146,14.56939999
679,1,375135.0,2226.7,3.589157375,16.40788074
680,1,359326.0,1813.06,2.563481649,15.91508185
681,1,171063.0,804.24,3.816739002,16.68352659
682,2,262189.0,1465.85,4.129039101,15.97476323
683,2,153860.0,784.76,3.565848641,16.5423656
684,2,243375.0,1273.72,0.087843802,12.41857925
685,2,250875.0,1354.35,1.260186434,13.71756582
686,1,253374.0,1760.07,1.094856532,13.42069416
687,1,249490.0,1654.05,1.747624069,13.78141637
688,2,148420.0,1193.16,4.693494787,16.57259175
689,2,234599.0,1303.21,1.189160063,12.87799484
690,2,238978.0,1512.14,1.0940987,14.3774147
691,2,240852.0,1358.52,1.72800128,13.00744723
692,1,284301.0,1810.16,3.89862277,16.97896653
693,1,362288.0,1860.49,1.625857016,13.6505246
694,2,246556.0,1361.52,2.649449016,15.15147863
695,1,359062.0,2226.9,0.7594509,11.96092069
696,1,362496.0,2056.01,1.960239479,14.0981304
697,2,246813.0,1349.56,2.748380196,14.71946017
698,2,250467.0,1815.25,2.106695274,15.27825866
699,3,354334.0,1800.35,1.559380739,13.38459841
700,0,269351.0,1777.06,3.534075201,15.97597307
701,2,350170.0,1848.55,1.760294415,15.1141994
702,2,346731.0,1675.48,1.553015189,13.58668429
703,1,250343.0,1257.91,3.480076174,15.99947268
704,1,149376.0,859.6,3.688765132,16.75254216
705,2,246658.0,1852.97,3.019297357,15.82511844
706,2,137326.0,909.28,3.074474683,15.20171796
707,2,249966.0,1310.86,1.211290097,13.78253379
708,1,123404.0,1455.93,3.594052541,16.84262186
709,3,344350.0,2280.39,1.971230542,13.67186673
710,3,137618.0,809.49,2.859155153,15.40009951
711,1,261699.0,1867.76,3.00356746,15.14039016
712,1,288761.0,1967.44,3.933244222,16.89632001
713,1,254212.0,1466.43,3.549384172,15.70266931
714,1,366612.0,2256.16,1.283957909,15.40782172
715,2,244914.0,1791.92,2.193794884,14.93168058
716,1,379590.0,2168.51,3.579865486,16.11444802
717,3,361122.0,2300.4,2.323477291,15.11423128
718,1,151850.0,1122.89,3.777495203,16.6885111
719,2,259909.0,1516.49,3.818803616,16.2112826
720,2,356244.0,1289.02,0.977548754,11.79280414
721,1,143287.0,891.74,3.018341522,15.69771398
722,2,364206.0,2025.43,1.98146388,13.34417999
723,1,365352.0,2015.48,1.370951613,12.58399363
724,1,382302.0,2442.89,3.13928684,15.88929599
725,1,385070.0,1884.56,3.690040088,16.27159825
726,1,248773.0,1787.31,2.997724734,15.52935922
727,1,251150.0,2000.01,2.898906905,14.68325331
728,1,358339.0,1875.52,0.911800308,13.05200919
729,0,173893.0,982.91,3.785278052,17.68443369
730,3,240098.0,1246.82,2.085100516,14.46724576
731,2,121408.0,1396.09,2.930172191,16.36073859
732,0,151149.0,901.06,4.069577963,16.43700418
733,0,160652.0,825.81,3.479805114,17.13278206
734,2,141711.0,1590.87,2.832318705,14.41743805
735,1,361032.0,1837.4,1.352141886,13.33603102
736,1,254982.0,1454.1,1.641839012,13.20110448
737,2,345112.0,1697.57,0.974366171,12.32272314
738,1,255849.0,1457.15,2.539101952,14.22471393
739,1,352988.0,1778.92,0.873991721,12.31475634
740,2,257505.0,1578.62,1.210730547,15.94989635
741,1,355718.0,2224.03,1.074102484,12.77973756
742,2,250653.0,1487.73,2.18961868,15.27992637
743,1,358675.0,1942.72,2.138767005,15.13579288
744,2,256277.0,1395.38,1.34537441,13.9301659
745,2,355382.0,2152.91,0.963239794,12.82419187
746,1,263904.0,1815.03,3.613541644,16.21985662
747,2,362550.0,1865.42,1.421487775,13.4201365
748,0,256958.0,1204.35,1.830332422,15.14319829
749,2,240822.0,1195.76,2.856186606,15.30278742
750,2,252547.0,1533.66,3.052089546,16.06406629
751,3,351682.0,1836.32,1.50793379,14.9878245
752,2,362613.0,2291.66,1.397354746,13.90762023
753,2,137171.0,880.37,3.756018456,16.11869877
754,3,117696.0,743.79,2.123981691,13.31355988
755,1,187963.0,914.19,3.678366065,16.3326168
756,1,134843.0,827.37,1.919873375,13.78206693
757,1,373438.0,1789.7,2.440881316,15.37432593
758,1,266062.0,1888.05,3.858734325,16.94688572
759,1,265048.0,1784.45,3.422074843,15.70586088
760,3,125642.0,910.57,2.118373791,14.06816278
761,1,374216.0,1838.3,1.482445793,14.04055995
762,1,123468.0,778.62,2.700411976,14.61563803
763,2,156024.0,1056.33,3.808051454,16.58696439
764,1,368594.0,1983.87,1.913251799,13.64579506
765,2,233928.0,1487.14,0.608575804,12.92198939
766,1,174761.0,1387.74,3.918413726,17.12416966
767,0,261114.0,1880.95,3.868448608,16.4693845
768,1,280814.0,1994.21,3.627830231,16.72994782
769,1,380589.0,2341.77,1.917599818,14.02207292
770,1,176657.0,961.44,3.61717694,16.73274946
771,1,180887.0,1082.61,3.736035929,17.22360096
772,1,360257.0,1994.95,1.270565487,13.30268274
773,1,170277.0,1118.93,3.673118239,17.04984085
774,1,262681.0,1888.02,1.74571734,14.10956773
775,2,355114.0,2095.22,2.289359829,13.87185448
776,2,245666.0,1442.19,2.446085573,15.41781091
777,2,122140.0,1286.44,1.454635396,15.92730702
778,1,386098.0,2135.5,3.487870965,16.00745023
779,2,262573.0,1839.44,2.970880034,15.60295169
780,1,130585.0,814.41,2.070090151,13.7661807
781,1,374018.0,1864.51,3.733125523,16.01003753
782,2,249051.0,1554.65,0.452049225,12.78513515
783,1,172313.0,1456.12,3.596235059,16.5904398
784,3,229186.0,1538.36,0.896852003,12.87003466
785,2,140860.0,1070.6,2.964205011,15.25195248
786,1,262065.0,1570.95,3.970818364,16.35292718
787,2,355300.0,2198.16,1.708289134,13.45398044
788,2,133730.0,631.91,2.474930898,13.88725198
789,2,147039.0,759.63,2.801603251,14.19473589
790,2,138922.0,629.68,2.094064288,15.30400249
791,1,255771.0,1345.34,3.012545245,15.64063265
792,2,263068.0,1868.85,3.895833973,16.77918228
793,2,246906.0,1357.13,0.991296507,12.75991302
794,1,190538.0,1096.18,3.366596193,16.73678607
795,1,384590.0,2269.01,3.590563634,16.01859884
796,1,283394.0,1951.29,3.567803211,17.26350382
797,1,367239.0,2084.6,2.456814,15.66501553
798,1,152728.0,1006.22,3.860941628,16.25822714
799,1,257386.0,1550.7,3.033500585,16.06671064
800,1,147564.0,844.28,3.812946243,17.0969896
801,1,153065.0,959.75,3.668138011,15.4510706
802,2,136131.0,1375.73,3.57700238,15.12751754
803,2,149090.0,1617.93,3.710328418,16.45562893
804,2,357195.0,2120.24,0.698465755,12.71988975
805,2,255150.0,1881.38,2.907056318,15.96180677
806,2,364478.0,1652.91,1.633208298,14.80670482
807,1,376395.0,2565.82,1.741170131,14.95343307
808,1,180810.0,759.53,3.521087693,16.41636117
809,1,264255.0,1904.58,3.589855276,16.46151089
810,2,231119.0,1063.87,1.799361822,13.46896758
811,2,128295.0,960.13,2.70128105,14.59551529
812,2,142435.0,885.18,4.294659061,16.55164076
813,1,368928.0,2098.59,1.730641539,14.86448558
814,1,251737.0,1438.13,3.710746717,16.17808591
815,2,157237.0,920.43,3.668691478,16.53335244
816,2,246237.0,1723.24,2.252176639,15.70835114
817,2,262192.0,1248.2,3.967110536,16.55135209
818,1,363833.0,1984.62,1.564736712,13.30732471
819,2,355853.0,1774.57,0.701380435,13.07083041
820,1,268860.0,1876.83,3.651202667,16.49182423
821,1,369059.0,2497.12,2.454174969,15.37988315
822,3,135097.0,1067.95,3.730173656,16.81036594
823,1,233252.0,1516.5,0.892486923,12.99314108
824,1,356099.0,1835.61,1.815519367,13.30943383
825,2,140353.0,1425.79,3.910967471,15.86410952
826,1,181813.0,757.25,3.605776216,16.50960022
827,2,372047.0,2112.1,2.40008432,15.23794727
828,2,237214.0,1668.06,1.567487235,13.34624933
829,2,356200.0,1894.64,1.656618738,15.36004872
830,2,351058.0,2272.19,0.929693396,12.0596866
831,2,237973.0,1234.84,0.150292668,12.89325902
832,1,359133.0,2081.91,1.957565539,13.55254511
833,1,260242.0,1343.96,3.590329201,16.57330891
834,2,141418.0,799.25,2.888481311,15.6252103
835,2,257915.0,1741.07,3.956852858,16.14930963
836,1,248624.0,1386.13,2.193634482,15.31457998
837,1,260013.0,1366.43,3.295691364,15.84899288
838,2,250317.0,1347.52,1.527706578,13.77006749
839,3,140524.0,900.71,3.724656141,15.82513226
840,2,249392.0,1540.18,1.208551279,13.19972256
841,0,265599.0,1946.14,3.823897126,16.37345447
842,2,356161.0,1896.41,1.526042432,13.26598722
843,1,363725.0,1970.37,2.581557184,15.53918497
844,2,129336.0,808.2,1.564728928,13.92826215
845,1,366442.0,1741.61,1.70147948,13.64191857
846,2,252326.0,1706.3,2.499993533,15.17079886
847,1,288190.0,2423.8,3.456911202,16.77323803
848,3,131248.0,857.02,2.134425172,15.41271903
849,1,114947.0,1021.31,1.928771551,15.64994871
850,2,358426.0,2333.33,1.55261952,13.52423933
851,1,130135.0,713.55,2.474277548,15.78282009
852,1,391611.0,2940.43,3.540616201,16.72797659
853,2,356733.0,1836.12,1.469288789,14.94625342
854,1,160129.0,1420.18,3.812789869,16.99093911
855,2,384130.0,2478.41,1.73466921,15.64320558
856,1,131766.0,901.69,2.786484888,14.12504677
857,2,255494.0,1174.81,2.916367289,15.32692477
858,1,261904.0,1904.12,3.522398113,16.00649389
859,2,365520.0,2258.29,3.496307003,16.06603257
860,2,392251.0,2841.36,3.223994789,15.4335202
861,1,352503.0,1858.34,2.113789776,15.32415026
862,1,273163.0,1882.91,3.301787957,16.27419762
863,1,166621.0,1172.62,3.665742967,16.68142688
864,2,250778.0,1901.77,2.977801523,15.54515673
865,3,350871.0,2271.52,2.980376688,15.00664928
866,1,267577.0,1434.41,3.429133303,16.894136
867,1,384419.0,2200.43,3.33236712,15.81585341
868,1,144575.0,722.9,4.18164566,16.71053824
869,2,119103.0,640.06,1.738711553,13.33238114
870,1,145950.0,947.16,4.005293472,16.82982073
871,1,362873.0,1689.8,2.972597753,15.62826111
872,1,149689.0,748.39,3.342839289,16.16222019
873,1,149218.0,1195.93,3.03544574,17.59674892
874,3,359455.0,1889.52,2.018948536,14.58157825
875,1,136236.0,799.97,2.099749953,15.65467784
876,2,358001.0,2469.66,1.234664535,13.25138911
877,1,397621.0,2068.32,3.553423781,16.46066651
878,2,250523.0,1414.89,1.38252837,15.17972472
879,2,239983.0,1733.79,1.6667552,14.5312673
880,2,145658.0,820.94,3.188598467,16.96393924
881,1,143762.0,762.54,3.601438571,16.52974338
882,1,131262.0,833.4,1.349634568,12.84148532
883,2,123018.0,777.96,0.014415157,13.89651487
884,2,146713.0,627.25,3.101110424,16.02024104
885,1,357527.0,2301.22,0.061285375,11.2583727
886,2,255687.0,1797.02,3.390113989,15.93897605
887,1,381439.0,2786.43,3.273615438,16.09560299
888,3,349650.0,1852.96,0.997142492,13.28062287
889,2,350832.0,2388.28,1.924775794,13.7839683
890,2,242602.0,1167.04,2.850809972,13.62511046
891,1,184216.0,955.28,3.589675943,17.01896634
892,0,267881.0,1901.42,3.824369172,16.53012373
893,1,140033.0,682.38,2.329749122,15.46709637
894,1,247838.0,1500.38,2.21538406,15.22443838
895,1,114947.0,1472.54,2.036867864,15.1990938
896,2,135002.0,944.37,2.760518047,15.60913701
897,1,241081.0,1344.81,1.586156061,13.710443
898,1,155234.0,856.22,3.749817482,16.70487883
899,1,264201.0,1856.88,3.886839247,16.37578719
900,1,137047.0,750.45,3.140167669,15.69095136
901,2,245019.0,1427.68,2.029385813,13.8281919
902,1,369519.0,2237.96,3.235844655,16.18166196
903,2,358983.0,1861.55,2.246155024,15.29890373
904,3,119432.0,824.24,1.769661819,13.00889925
905,2,358368.0,2257.52,2.302701187,13.19807919
906,1,249647.0,1820.92,3.557351,15.49823148
907,1,133248.0,723.16,1.033478109,13.46040522
908,1,253357.0,1277.74,1.349325881,13.88127987
909,1,170815.0,790.62,4.704652604,17.72342538
910,2,133224.0,810.33,2.734087759,15.5409636
911,1,378159.0,2006.78,2.209577567,15.39997971
912,2,357520.0,1790.71,0.940627783,12.86414656
913,2,126692.0,1113.98,3.891868907,16.09475488
914,2,138276.0,818.12,4.240710284,16.51078422
915,1,370239.0,2216.28,1.527462888,13.14333258
916,1,171261.0,1200.97,3.773816194,16.75820158
917,1,236956.0,1271.88,1.470758289,13.46304961
918,2,346970.0,2090.65,0.729673595,13.13803062
919,1,370751.0,2058.99,1.258678999,13.20756415
920,1,376912.0,1933.72,1.908162397,15.29492295
921,1,275675.0,1862.36,3.559129123,16.50967562
922,1,273825.0,1935.73,4.537907676,16.32460898
923,1,245542.0,992.24,1.259290756,11.82291303
924,1,367548.0,2141.37,2.908120748,15.86736517
925,1,156054.0,1186.51,3.73606387,16.09496103
926,1,365723.0,1880.65,2.383483318,14.24400609
927,1,270201.0,1827.87,3.636584224,16.17680448
928,2,243345.0,1278.96,1.660084532,13.2668808
929,1,266983.0,2079.99,3.644978103,16.50781795
930,3,122689.0,1605.2,1.477940686,14.21522462
931,1,247014.0,1410.69,0.470335024,13.64426925
932,2,244993.0,1814.82,0.850999023,12.45984229
933,1,253200.0,1342.07,2.134620548,13.98258859
934,0,152710.0,1035.11,3.520146019,15.9841526
935,2,139034.0,949.56,3.037821314,15.43733394
936,2,239458.0,1313.44,0.812918382,13.63052016
937,1,165496.0,1061.93,3.821088611,17.44472699
938,2,347094.0,1712.34,0.675740237,11.97945475
939,1,366344.0,2057.84,1.133480229,13.55202717
940,1,179439.0,1484.68,4.018604927,16.32873526
941,1,266554.0,1858.42,1.636229323,15.40774753
942,1,126981.0,874.08,1.789708301,12.69116077
943,3,352649.0,2175.31,1.934324566,13.51005287
944,1,172664.0,1150.49,3.910154519,16.78184616
945,1,384966.0,1934.88,3.436023655,16.31976252
946,1,264120.0,1869.57,3.692726808,16.56337497
947,2,253564.0,1588.36,3.138728073,14.44951833
948,3,236013.0,1763.89,2.989772061,15.10868297
949,1,267937.0,1831.1,3.776925513,15.83607337
950,2,233825.0,1177.39,1.324034909,12.57730772
951,3,243997.0,1495.93,2.405618838,14.44940053
952,2,142726.0,662.63,2.931627182,15.37510773
953,1,261122.0,999.38,2.746460293,15.34915583
954,1,253878.0,1625.82,2.31521162,16.08190845
955,3,354359.0,1487.88,2.706786845,14.63400559
956,3,240216.0,1743.76,1.60362774,13.63810404
957,1,157607.0,722.53,2.881284948,15.65413755
958,1,156146.0,844.84,3.59461603,16.45399656
959,1,247870.0,1510.0,2.235290139,15.9552601
960,3,342898.0,2227.51,1.662834262,12.71636813
961,2,240374.0,1425.75,0.332719797,11.70496968
962,3,240345.0,1433.11,1.27603443,13.79309231
963,3,358016.0,2249.03,2.016254569,13.43715035
964,1,258196.0,1787.7,3.587184513,15.95182001
965,2,117159.0,785.81,0.711417633,13.32066022
966,2,245248.0,1339.82,1.413951562,13.58305254
967,2,145900.0,771.11,3.787216275,16.5014649
968,1,136208.0,649.37,2.823953271,16.10770256
969,1,356947.0,2204.41,1.816491561,12.61887896
970,1,270674.0,2393.77,3.914092301,16.62443237
971,2,257198.0,1789.48,3.573484535,15.57763661
972,1,261982.0,1729.54,1.580693378,13.82150695
973,1,160556.0,805.21,3.700132845,16.36331515
974,2,369050.0,2390.62,2.408789216,15.52943361
975,1,125311.0,704.9,1.390197065,13.1107483
976,2,242032.0,1703.32,2.249008805,15.30443393
977,0,390879.0,1883.34,3.848671188,16.75127846
978,2,374598.0,1659.32,1.853412878,15.42551493
979,0,151431.0,861.51,3.670250105,16.5815598
980,1,260005.0,1856.81,2.983117959,15.64396451
981,2,229134.0,1831.91,1.936997093,13.23451995
982,1,244363.0,1816.22,2.011465491,15.34901329
983,2,159817.0,1354.77,3.866657211,16.9081993
984,1,372769.0,2111.59,1.684143178,15.27270994
985,2,358005.0,1959.64,1.920008109,13.43438602
986,2,339024.0,1902.05,0.357023066,13.12047497
987,3,360123.0,2430.26,2.110513677,13.87656605
988,1,146416.0,926.82,3.683920733,16.73624301
989,2,370621.0,1882.83,1.440139907,14.7768057
990,3,239423.0,1646.42,1.559395338,12.8809561
991,1,149280.0,1121.42,2.829215822,14.53910243
992,0,278459.0,1868.48,3.713092003,16.7736129
993,2,259560.0,1841.2,1.434950898,13.77392564
994,1,363735.0,2017.96,1.300645242,12.95996354
995,1,268120.0,1886.35,3.502935819,16.17394876
996,3,359140.0,2431.97,2.592335348,15.2960132
997,1,281847.0,2578.84,3.545857584,16.36230547
998,1,271788.0,1877.66,3.750986269,16.15452703
999,1,268198.0,1533.03,4.187192541,16.46838344
1000,1,244002.0,1616.94,1.552074358,14.10024154
1001,2,247530.0,1361.34,2.069432761,14.4813347
1002,0,372975.0,2406.0,1.452703844,14.13069083
1003,1,137174.0,776.08,2.971398571,15.2197215
1004,2,236886.0,1144.09,0.94340018,14.24505947
1005,1,140518.0,1534.91,3.64135582,16.91188098
1006,1,362842.0,1700.27,1.087966022,12.52510621
1007,2,142221.0,1542.49,3.00473176,15.89638294
1008,1,375399.0,2535.01,3.686097278,16.0817169
1009,1,250368.0,1696.87,2.843550519,15.32093074
1010,1,150543.0,951.41,4.002191676,16.13577415
1011,1,154677.0,801.88,3.568108139,15.88318751
1012,1,267079.0,1894.23,3.483384925,16.48358478
1013,1,373122.0,1846.25,3.459135543,16.31997712
1014,1,271016.0,1913.25,3.626219236,16.76812609
1015,0,279593.0,1573.86,4.01353252,16.52709625
1016,2,138539.0,1172.45,4.067045778,15.97155184
1017,2,244591.0,1292.28,2.236791666,15.45739702
1018,1,375176.0,2202.76,3.120308577,15.66924694
1019,1,120762.0,965.28,1.876642779,15.32846896
1020,1,260182.0,1868.61,3.022426552,15.75602712
1021,1,154978.0,914.0,3.794822777,17.3936103
1022,2,239383.0,1206.55,1.125794277,13.06814174
1023,1,364239.0,2464.06,2.356116539,15.46476989
1024,1,147616.0,1646.02,3.550837099,17.15540435
1025,1,358966.0,2180.2,2.933959001,15.67117473
1026,1,251727.0,1506.78,1.911959576,14.01943178
1027,1,136675.0,798.79,0.516716084,11.93819172
1028,3,340837.0,1778.31,1.916485975,13.60183724
1029,2,140217.0,1079.22,3.746447414,15.82631919
1030,2,372413.0,2297.38,3.009140595,15.6768391
1031,2,249366.0,1792.76,2.897302202,15.15960741
1032,0,272482.0,2340.08,3.705902849,15.57620117
1033,3,118111.0,1061.28,2.521534604,15.01041991
1034,2,361966.0,1813.51,2.180769903,15.08142212
1035,1,369044.0,2300.45,3.115024928,15.91775884
1036,2,366897.0,1842.42,2.40165039,14.41647084
1037,1,265834.0,1840.94,3.56591692,16.41702911
1038,2,143389.0,995.99,3.466376616,16.8661789
1039,2,267548.0,1786.16,3.82086229,16.14332378
1040,2,128794.0,864.96,1.664953334,13.63639105
1041,1,256063.0,1828.35,3.248727618,15.40671322
1042,2,139338.0,1708.12,3.78385983,16.27717935
1043,1,366725.0,1791.7,1.55714715,13.93643165
1044,1,136298.0,945.3,3.680698387,15.79928943
1045,1,359339.0,1873.4,2.012892651,13.20142005
1046,1,362831.0,1876.33,1.787183059,13.37823324
1047,1,247986.0,1212.11,1.548942312,13.18370206
1048,2,377839.0,2380.49,3.317642177,16.17747593
1049,1,259797.0,1790.52,3.541148203,16.43632961
1050,1,382548.0,2024.8,3.572685444,17.07115582
1051,1,365441.0,2161.82,1.039271522,13.18037712
1052,1,168008.0,955.14,3.36806065,16.6435756
1053,3,123691.0,1022.47,2.952565029,14.25682888
1054,1,348173.0,1867.83,0.714261537,12.43887241
1055,3,224219.0,1608.32,1.654686597,13.4943094
1056,2,249785.0,1422.97,3.362007392,14.44068093
1057,1,172214.0,1408.23,3.697229068,17.2916436
1058,2,245368.0,1323.06,1.845140015,13.22080347
1059,2,143652.0,1300.64,4.197171788,16.2476401
1060,1,147955.0,706.68,3.037055348,16.85689089
1061,1,245866.0,1347.39,0.862907888,12.98394042
1062,1,166142.0,1250.64,3.416815532,16.38054081
1063,2,254113.0,1889.79,1.644778166,15.68793111
1064,2,126757.0,1185.9,1.892308325,14.32556549
1065,2,145491.0,776.73,3.093125657,16.25113488
1066,2,243934.0,1289.1,2.213149522,14.45943321
1067,1,154910.0,779.74,4.064215028,17.28299172
1068,1,257097.0,1524.08,1.699244491,14.09665336
1069,2,374871.0,2383.72,3.729985944,15.8372557
1070,2,255241.0,1780.12,2.88298127,14.08590884
1071,2,251800.0,1650.17,2.951851394,14.04233909
1072,3,243456.0,1568.14,2.974317946,16.10223611
1073,1,264363.0,1367.42,2.787701656,16.36533168
1074,2,373690.0,2325.53,1.842833526,14.58510638
1075,1,271528.0,1750.27,3.547563266,16.05865498
1076,2,133681.0,1235.82,2.72113928,16.09213893
1077,1,357338.0,1626.66,1.896674758,13.70381601
1078,1,180775.0,1330.81,3.740193781,17.02168402
1079,2,227307.0,1301.79,1.950376528,13.52272574
1080,2,122642.0,1079.06,3.022725125,15.82305323
1081,2,357930.0,1874.15,1.838748314,12.87174172
1082,1,135350.0,850.67,3.427715813,16.36267012
1083,0,377911.0,2141.88,3.590371912,16.22929757
1084,1,350087.0,1629.86,0.167061483,13.24402327
1085,1,151933.0,1189.07,4.320495343,16.4601527
1086,1,267607.0,1530.39,3.495209759,15.91670248
1087,2,367364.0,2086.68,1.386438199,13.2059533
1088,2,143999.0,1236.98,3.220127562,16.44094919
1089,2,243613.0,1259.75,2.074581417,14.12674145
1090,1,276956.0,1892.42,3.844932176,16.16487456
1091,0,267648.0,1862.93,3.599364163,15.76590983
1092,1,248153.0,1368.85,2.017023357,15.33151041
1093,1,258450.0,1750.2,3.073164724,14.35712866
1094,2,343495.0,1743.57,1.162038837,12.91407513
1095,1,154377.0,809.35,3.690337949,16.63007516
1096,2,245032.0,1299.07,1.137150996,12.81257813
1097,1,138687.0,915.01,3.596694372,16.31398387
1098,1,173852.0,894.78,3.940478232,16.96713981
1099,1,165783.0,1337.09,4.341158306,16.90457807
1100,2,264912.0,1922.8,4.738567868,16.55298958
1101,1,364404.0,2109.85,2.368870943,16.07903173
1102,1,249502.0,1833.71,3.197129342,15.8085944
1103,1,380425.0,1900.03,2.950716542,15.91488938
1104,2,275447.0,1889.6,4.224587642,16.44161646
1105,3,363850.0,2154.5,2.284827748,15.76377876
1106,1,361193.0,1712.78,2.057221826,15.39914779
1107,0,248720.0,1341.0,0.929880827,13.48157158
1108,2,354257.0,1868.54,1.923274016,14.03618675
1109,2,357785.0,1806.42,1.71781685,13.81742584
1110,1,373544.0,1765.44,3.779624258,15.84924333
1111,1,207166.0,670.29,3.251908218,17.37389412
1112,1,146764.0,799.58,3.087143606,15.67047498
1113,1,124310.0,696.37,1.614808076,13.50633761
1114,1,234155.0,1223.29,1.021876261,13.75523844
1115,2,132084.0,981.12,2.687820475,15.49216062
1116,2,132700.0,1504.67,3.71414862,16.28541451
1117,2,252168.0,1305.33,2.736473335,15.71267581
1118,1,152997.0,1175.45,2.94021223,16.12795895
1119,2,133140.0,834.85,3.028663009,15.58447378
1120,1,117087.0,981.55,1.973757986,14.06243019
1121,2,357794.0,1841.08,2.822114308,15.36416366
1122,2,239671.0,1734.22,1.429528612,13.14771167
1123,1,262319.0,1789.1,3.501089507,16.49303136
1124,2,247712.0,1866.51,3.015642426,15.20654596
1125,1,242671.0,1236.53,1.433092943,12.97330196
1126,1,144536.0,1426.96,3.557427833,17.33933391
1127,1,130559.0,757.87,1.767626054,14.41726179
1128,1,155378.0,1341.49,3.745306728,17.1110191
1129,1,202249.0,705.47,3.918571707,17.51500795
1130,2,243215.0,1368.74,1.16399066,13.14235767
1131,1,188193.0,696.89,3.743632022,16.05860394
1132,1,128203.0,856.53,2.066827513,14.10754196
1133,2,138998.0,1578.92,3.747554772,16.03287228
1134,1,227143.0,860.33,0.613765805,12.87630776
1135,2,262006.0,1739.02,3.499346587,15.62189253
1136,2,156492.0,1075.82,4.356153598,16.62720892
1137,1,159107.0,738.51,3.02588729,17.32937403
1138,2,244899.0,1379.18,1.520122725,14.58789404
1139,1,363239.0,1881.16,1.416000361,12.56219864
1140,1,256969.0,1456.79,1.349616954,13.99789053
1141,0,269631.0,1298.1,3.009691479,14.39420006
1142,1,374019.0,2156.61,3.58174872,16.20885277
1143,1,150716.0,779.35,3.30528095,17.07442821
1144,2,130974.0,884.33,2.950191363,16.18159406
1145,1,146063.0,1520.38,3.895164622,16.93396536
1146,2,344737.0,1783.57,1.038548957,12.77267887
1147,2,135184.0,865.7,2.866762417,16.07588601
1148,1,258466.0,1696.46,3.347371359,16.41753365
1149,2,140548.0,896.34,4.284186663,16.43438573
1150,1,267520.0,1819.83,4.09603127,16.04172322
1151,2,346672.0,1930.36,1.088695071,13.56303504
1152,2,243310.0,1449.65,0.846619899,14.40379575
1153,0,156059.0,928.6,3.402168508,16.47577903
1154,1,375285.0,1888.29,2.886481415,15.68044095
1155,2,250566.0,1926.98,3.087241928,16.01380985
1156,1,157269.0,1040.74,4.03443454,15.96381727
1157,1,154764.0,1039.77,3.890454359,16.33533735
1158,2,364315.0,2441.52,1.619941208,13.24937436
1159,1,162616.0,877.7,3.757027343,16.50684885
1160,1,384995.0,1968.88,3.775210248,16.22515634
1161,3,139398.0,1776.05,3.821351333,16.27326545
1162,1,258743.0,1597.72,2.990063817,15.74798031
1163,2,352224.0,1824.52,0.601566388,12.14213064
1164,2,138003.0,1025.26,2.731874585,14.79745024
1165,1,249856.0,1796.92,1.944343405,13.89427537
1166,1,269292.0,1601.13,2.003226003,14.29778273
1167,2,371372.0,2275.41,2.061902278,13.73598348
1168,1,372219.0,1883.85,1.60318439,15.3148448
1169,2,245956.0,1480.44,0.344111149,12.9156045
1170,1,369241.0,1888.74,1.61143335,13.96218165
1171,2,258188.0,1369.0,3.424469437,15.2201222
1172,1,265619.0,1759.68,3.71006358,15.7311137
1173,1,146949.0,847.64,2.907353196,15.42311079
1174,1,269806.0,1711.06,4.170305514,16.68224089
1175,3,239155.0,1367.12,1.923052994,13.12756282
1176,2,126331.0,766.64,1.190353163,13.12312537
1177,0,145349.0,648.85,2.976446824,15.02925673
1178,1,285226.0,1900.36,4.154302531,17.32109526
1179,1,130810.0,586.86,2.009387218,15.09287179
1180,0,379449.0,1837.2,3.205544991,15.91232682
1181,1,123422.0,611.71,0.350053349,12.49615517
1182,0,126247.0,751.94,0.937107415,13.44520885
1183,1,256673.0,1836.39,3.79147004,15.79602639
1184,2,352203.0,1876.12,2.278253574,14.15645485
1185,1,146556.0,1178.04,4.039218186,16.60214037
1186,2,114947.0,1470.33,2.358769708,14.44573046
1187,1,133933.0,1451.58,2.764609224,13.70760669
1188,1,373578.0,2178.29,2.553925955,15.48901253
1189,1,159725.0,1531.51,4.93924406,16.91885487
1190,2,361723.0,2103.8,2.14047564,13.83013039
1191,1,372898.0,1859.37,1.472190796,13.8381495
1192,2,124060.0,608.85,2.148870708,14.85126301
1193,1,378771.0,2098.01,3.496682081,16.07945082
1194,1,140376.0,771.0,2.690485177,15.82297939
1195,1,161844.0,1302.84,3.088124943,16.2856797
1196,1,257885.0,1665.38,1.88404949,14.71086692
1197,1,248489.0,1449.42,0.941199201,13.30790935
1198,1,146388.0,841.9,3.065254495,16.00574365
1199,2,258823.0,1795.78,3.742844349,16.01030483
1200,2,341209.0,1667.79,0.795599386,13.03092893
1201,2,351495.0,1847.56,1.395443449,13.66471127
1202,2,137044.0,1013.45,2.742264134,15.3846054
1203,2,346830.0,2492.85,1.747496209,12.69017141
1204,2,256872.0,1765.75,2.814637484,15.52657739
1205,1,250659.0,867.03,1.748092284,13.58166935
1206,1,152558.0,873.21,3.508190733,14.50003348
1207,1,353550.0,1791.82,1.714276518,12.88410504
1208,2,243264.0,1212.73,2.171687684,14.92964656
1209,2,346150.0,2112.18,1.609062037,13.26408453
1210,1,175895.0,1617.27,3.544964802,17.24688856
1211,4,348664.0,2558.16,1.908883581,15.27073731
1212,1,139713.0,708.63,3.843760695,16.3772209
1213,1,284374.0,1751.01,3.736279281,16.36275852
1214,2,164123.0,1356.69,4.228016681,16.73534507
1215,1,361757.0,2350.26,3.209715865,15.50434935
1216,2,265867.0,1912.31,3.128336906,15.41058658
1217,3,242501.0,926.25,2.090589681,13.40084019
1218,1,350808.0,1826.16,0.516824333,12.75405833
1219,2,140089.0,777.59,3.04157077,15.84898124
1220,1,371502.0,1864.22,3.624786456,15.88818808
1221,1,157162.0,1405.82,3.596388764,17.15597307
1222,2,154574.0,1194.68,4.197361227,16.27111769
1223,1,373052.0,1928.76,2.218022144,14.30536582
1224,2,135896.0,932.23,2.696853141,15.23304331
1225,1,204440.0,761.68,3.712760236,17.00649829
1226,2,357947.0,1704.66,1.158119563,13.65252526
1227,2,251367.0,1624.11,3.562174805,15.85069279
1228,1,140736.0,755.07,2.985195004,16.31703059
1229,2,249851.0,1593.76,3.156094531,16.09798097
1230,1,134261.0,864.15,3.002143375,14.43991581
1231,1,362814.0,1754.83,1.631653504,13.65061621
1232,1,130918.0,828.92,1.310470143,12.66720071
1233,1,248374.0,1339.73,1.558542125,13.31082897
1234,0,377385.0,1914.18,1.870254762,13.99025909
1235,2,252447.0,1325.26,3.679766501,16.07235804
1236,1,259141.0,1580.4,3.35666936,16.21042241
1237,2,133177.0,941.61,2.908665671,15.51967574
1238,1,275729.0,1860.46,3.499732554,15.76813943
1239,1,365437.0,1885.69,1.909993537,13.43007726
1240,2,366525.0,1995.71,1.486628355,13.16124585
1241,1,144084.0,940.45,2.981163672,15.77225036
1242,2,246855.0,1323.57,2.878850028,14.61154158
1243,2,260997.0,1701.34,2.934318254,15.23701894
1244,1,259661.0,1769.82,3.366053108,15.8186422
1245,2,254984.0,1684.08,3.984233516,16.15805454
1246,1,346120.0,2013.94,1.535227438,12.25477986
1247,0,251285.0,1311.53,1.777667984,13.25984307
1248,1,141533.0,1020.54,3.475308507,16.17574234
1249,2,367616.0,2563.8,3.078633159,15.75737977
1250,2,239760.0,1487.42,1.60648363,12.88390834
1251,1,247112.0,1114.33,1.479648772,14.01695543
1252,1,273809.0,1901.34,3.682733694,16.52001035
1253,2,238449.0,1594.75,0.808033574,13.03630294
1254,0,173566.0,988.38,3.620197037,15.93033621
1255,3,116071.0,871.81,1.40058599,13.47297251
1256,2,234980.0,1446.89,2.442669618,13.72728777
1257,1,168268.0,922.26,3.846204256,16.74705466
1258,2,247377.0,1294.38,2.600063388,13.94430085
1259,1,277517.0,2630.75,4.077904278,16.24831827
1260,2,147332.0,1346.43,4.422013305,16.44733153
1261,1,164248.0,1165.18,4.730694763,17.01322165
1262,1,177956.0,956.35,3.436300626,16.76244596
1263,2,358377.0,1574.38,2.958702065,15.03102844
1264,1,378950.0,1958.38,1.722117948,13.88602982
1265,2,145314.0,1337.69,3.907805824,15.79104631
1266,2,250563.0,1248.06,2.996560812,15.3316455
1267,1,363710.0,2132.97,2.027281918,15.21553162
1268,1,164328.0,1324.61,3.736201584,16.4343617
1269,1,162286.0,1248.82,3.468773584,16.69753776
1270,3,363321.0,2348.17,1.74986619,15.3954003
1271,1,369172.0,1565.81,1.908587866,13.38387575
1272,2,364009.0,2395.6,3.146939992,15.34562093
1273,2,365638.0,1925.02,3.168274199,15.46132194
1274,3,359508.0,2342.89,1.619088922,13.5094608
1275,2,148948.0,808.08,3.541903653,17.033807
1276,1,384810.0,2028.45,3.492596778,16.1931506
1277,1,259720.0,1784.5,3.520877048,15.8549378
1278,2,249767.0,1883.92,3.997158373,16.07128233
1279,2,245828.0,1592.54,1.742529232,13.72570489
1280,1,260577.0,1458.25,1.453027736,13.47829696
1281,1,267342.0,1887.38,3.891149937,17.157196
1282,1,145759.0,885.34,3.99110944,15.76091578
1283,2,244348.0,1715.82,2.388241508,14.85148081
1284,2,379590.0,2895.58,3.03028888,15.51887028
1285,1,161099.0,896.29,3.821724799,16.77784457
1286,1,246605.0,1686.67,1.668172254,13.50961998
1287,2,252340.0,1547.52,1.658157693,13.47533019
1288,0,197597.0,1595.86,3.83654576,17.27114881
1289,2,347858.0,2135.45,1.72575293,13.91943847
1290,1,246827.0,1335.2,2.51530353,13.90657409
1291,2,131286.0,748.39,1.529939469,12.7507657
1292,2,246138.0,1434.75,2.281048376,15.42198914
1293,2,243127.0,1838.12,2.189356998,14.83191617
1294,1,125141.0,777.58,2.677841818,15.70766553
1295,2,136075.0,951.24,1.058714871,13.41226083
1296,2,254852.0,1755.42,1.752685676,13.7395019
1297,1,240623.0,1268.37,1.803158091,13.3606168
1298,1,266531.0,1878.21,3.082004732,16.03308181
1299,1,266453.0,1525.53,3.088620428,15.75052521
1300,1,156672.0,865.95,3.888188083,16.36115832
1301,1,362691.0,2167.99,1.165334518,12.60430229
1302,2,123671.0,586.86,1.478316303,14.12921767
1303,2,356098.0,2534.14,2.70689708,15.22357027
1304,1,167269.0,738.13,3.312877513,16.50912003
1305,2,119180.0,838.62,3.066369289,15.14194393
1306,2,121363.0,741.64,2.2350749,14.05608953
1307,2,238237.0,1303.79,1.75829761,13.46397714
1308,2,129957.0,818.25,1.665849217,13.69740877
1309,1,147274.0,763.4,3.835204963,16.08518721
1310,2,368799.0,2127.97,1.726709114,13.75803138
1311,0,159445.0,1314.03,2.818398068,16.14045371
1312,2,367107.0,1946.05,1.844225928,13.81747135
1313,2,266259.0,1866.31,3.814293966,15.85994223
1314,2,117525.0,1419.98,1.455487085,13.36809414
1315,2,232090.0,1243.26,1.827070413,13.32330205
1316,1,175643.0,1178.09,3.897702795,16.70125424
1317,2,375418.0,3023.0,2.978941421,15.61074224
1318,0,378684.0,2054.72,2.254594934,15.67687931
1319,3,132702.0,1175.25,3.127428212,14.53209641
1320,2,360240.0,2004.71,1.716350115,13.47768564
1321,2,137968.0,763.97,3.019712565,15.54532688
1322,1,127551.0,1461.04,2.64309804,15.69015285
1323,1,127410.0,832.67,3.100607121,16.59712967
1324,1,277017.0,2045.02,4.686850421,16.78895959
1325,2,357038.0,2168.58,2.385547498,14.001651
1326,1,265381.0,1816.88,4.057534009,16.7106373
1327,1,274782.0,1389.74,4.302165679,16.83542383
1328,2,367777.0,2255.91,3.106520478,15.83911919
1329,2,143950.0,977.99,1.984370722,16.14369096
1330,1,161446.0,1479.57,3.802731379,16.81962642
1331,2,147297.0,1509.53,2.991809627,15.09393045
1332,1,134845.0,891.56,2.826270194,16.46247004
1333,1,255810.0,1453.76,2.378539651,14.11993866
1334,2,231479.0,954.64,1.625406193,12.24235036
1335,2,121478.0,785.87,2.280029382,15.56298649
1336,1,189050.0,841.13,3.734544901,17.27345832
1337,2,114947.0,1003.49,2.444941291,14.51784154
1338,1,387859.0,2604.48,3.593618035,16.15594325
1339,1,147573.0,722.85,2.581386069,15.68724752
1340,2,372228.0,2302.4,2.539414724,15.27289099
1341,2,119473.0,1347.53,2.760090842,16.28886388
1342,2,123899.0,1451.88,1.988490804,15.31753751
1343,2,246829.0,1301.7,1.446822787,13.52647301
1344,1,395008.0,2208.19,3.65904798,16.53216943
1345,1,371668.0,2398.26,0.83192198,12.74058082
1346,1,163058.0,798.35,3.691743294,16.78359134
1347,2,241642.0,1816.74,2.5899592,15.02055059
1348,1,367712.0,2063.44,3.401653398,16.36713209
1349,1,176315.0,1325.84,3.938686662,17.15589375
1350,1,179655.0,757.99,3.667019215,16.82045898
1351,1,242162.0,1096.46,2.026834864,15.06146643
1352,2,240349.0,1517.5,1.667935878,14.51745061
1353,1,371077.0,2237.25,1.75493013,14.78812655
1354,3,134194.0,870.89,2.805607652,13.49767939
1355,2,142310.0,1284.67,3.790712417,16.20979452
1356,2,148374.0,889.29,3.253161308,15.68469467
1357,1,250524.0,1764.38,2.767250508,15.19466176
1358,1,364151.0,1829.07,2.234225185,13.81245965
1359,1,263131.0,1789.17,2.134018624,15.56481758
1360,2,119483.0,1290.27,2.803484945,16.08292406
1361,4,348655.0,2900.5,2.175309515,15.1464375
1362,2,350706.0,1665.44,1.960065491,13.01333486
1363,1,149989.0,866.92,4.456547598,16.75524839
1364,1,142414.0,824.14,3.155892053,16.80129718
1365,2,144179.0,1059.03,3.023073559,15.31055999
1366,2,249922.0,1676.78,3.220775594,15.65416527
1367,1,256128.0,1138.81,2.085403499,15.61667992
1368,1,146002.0,1718.82,3.755688863,17.03619309
1369,2,234371.0,1682.7,1.890802035,13.48187611
1370,1,154209.0,1210.85,4.38514185,16.33760027
1371,2,349384.0,2181.5,0.982539942,14.11785268
1372,1,138799.0,1148.26,2.9540506,15.52739267
1373,2,250393.0,1824.3,2.260849814,15.56641566
1374,1,134429.0,1137.37,2.786314087,16.37140059
1375,2,282572.0,2249.37,3.801262022,16.80621502
1376,1,139496.0,827.34,4.174959666,16.46962034
1377,1,265443.0,1755.54,3.577892243,16.34165871
1378,3,242507.0,1324.55,0.793657013,14.68233948
1379,2,138706.0,716.77,2.320353275,15.29577769
1380,1,166062.0,1456.35,4.7167109,16.64924221
1381,1,173437.0,892.96,3.096919824,16.17272376
1382,1,360880.0,1848.93,2.00269243,13.553845
1383,1,271505.0,1897.26,3.85471142,16.24675463
1384,1,260004.0,1371.38,3.740068272,16.40925384
1385,1,382557.0,2097.47,3.650099496,16.79272738
1386,2,374362.0,1940.99,3.521635123,16.0841288
1387,1,381242.0,2280.62,3.450810596,16.73867929
1388,1,252816.0,1531.85,2.034370479,15.15704271
1389,2,119093.0,916.78,2.514563877,14.21626748
1390,2,363058.0,2014.5,1.28058601,13.87513567
1391,2,154828.0,1415.89,4.16737649,16.70927729
1392,1,139019.0,858.34,2.363491348,15.08855366
1393,3,128965.0,931.91,1.329328996,14.90653872
1394,1,380861.0,2353.25,3.034181079,15.42349716
1395,1,255883.0,1700.66,2.988471408,15.88912577
1396,1,384725.0,1955.56,4.260885135,16.69354354
1397,2,115439.0,835.61,1.872529499,13.47501298
1398,2,235343.0,1763.08,1.773270195,13.27681516
1399,1,263661.0,1867.07,3.132186229,14.10383538
1400,1,376662.0,2339.2,1.759781988,13.90694756
1401,1,252946.0,1500.12,2.918649707,15.38741497
1402,1,150427.0,961.07,3.690220583,16.45997764
1403,2,263115.0,1632.11,2.986877201,14.70478218
1404,2,368432.0,2210.22,3.655639399,16.07519153
1405,2,126798.0,778.93,1.737740413,13.74405532
1406,1,262580.0,2328.39,4.112848827,16.51047597
1407,0,151967.0,939.38,3.042000326,16.12017653
1408,1,251485.0,1508.64,1.860428916,13.50879187
1409,2,350796.0,1757.01,1.913800729,13.46772991
1410,2,342102.0,2107.75,0.361172238,14.12150638
1411,2,127339.0,941.8,2.632837678,15.36031164
1412,1,137747.0,912.47,2.453372839,15.52440928
1413,3,114947.0,817.1,3.0571042,15.47218533
1414,1,377330.0,1740.55,1.834647894,15.33574206
1415,1,175946.0,586.86,3.792532603,17.09847094
1416,1,136667.0,1422.83,2.188339044,14.11484249
1417,1,270777.0,1892.19,3.757329396,16.1021698
1418,2,144847.0,654.69,3.016693002,15.74716686
1419,1,258080.0,1811.87,3.898724982,16.06495702
1420,2,124530.0,992.03,2.826847417,15.56083827
1421,1,266257.0,1790.04,3.931660291,16.21758386
1422,2,240980.0,1309.26,2.430156408,13.96177088
1423,2,130769.0,889.72,3.491493762,16.67970955
1424,2,366422.0,2136.11,1.617896346,13.85927191
1425,0,173117.0,932.9,3.088348262,16.65289055
1426,1,158228.0,1165.82,3.828494738,16.51457248
1427,1,372339.0,2125.27,0.609266845,14.5927482
1428,1,273731.0,1795.68,4.135433637,16.86639439
1429,2,245203.0,1505.01,2.128455983,15.29850813
1430,1,368787.0,2126.65,1.986063551,15.40594593
1431,2,242648.0,1287.16,1.740723189,13.80936588
1432,2,364955.0,1899.99,2.956925188,15.13544558
1433,2,245988.0,1180.51,2.325771618,15.22748805
1434,1,258111.0,1756.32,3.727740087,15.90278311
1435,2,131179.0,1568.42,1.656262961,13.56206518
1436,1,270097.0,2158.78,3.863847463,16.48779976
1437,2,224888.0,1200.75,1.897826526,13.78672666
1438,1,373305.0,1937.48,2.982655868,14.35797597
1439,1,387331.0,2535.07,1.925928769,13.84365498
1440,1,150211.0,1025.27,3.678731697,16.64129568
1441,1,132486.0,679.17,1.038989145,12.55413789
1442,2,144266.0,659.28,2.899615777,14.95307612
1443,2,130755.0,963.47,3.005395689,15.59529357
1444,0,132390.0,639.08,1.968584004,13.83266704
1445,1,129636.0,931.13,1.830664396,13.55073452
1446,1,260760.0,1241.3,2.920706496,14.34502466
1447,1,374863.0,2439.14,2.042632743,13.42414218
1448,1,366650.0,1841.37,2.606041357,15.68873184
1449,1,162583.0,917.84,3.619427895,17.0826247
1450,1,361884.0,2457.3,1.8180936,13.68657266
1451,1,152290.0,902.2,3.058709886,15.38520951
1452,1,152402.0,891.24,3.776349226,16.31662885
1453,1,365948.0,2120.66,2.546498212,15.5489541
1454,1,251335.0,1408.84,2.085321972,15.90796424
1455,2,253266.0,1738.49,3.189835543,15.27304885
1456,1,392379.0,2333.29,3.519798591,16.43507936
1457,1,249714.0,1695.43,1.698099124,13.92573553
1458,1,341187.0,1816.79,1.020751292,12.84926259
1459,2,248019.0,1750.76,2.5500147,15.44820722
1460,2,243078.0,1317.98,1.298295896,13.82474228
1461,1,261787.0,1873.94,3.804176416,16.50368764
1462,1,269771.0,1747.04,3.57555505,16.44846235
1463,1,145318.0,621.71,1.999008914,15.86189178
1464,1,152354.0,1004.54,3.526869483,16.61110849
1465,1,241438.0,918.72,1.77090228,13.50100299
1466,2,242093.0,1834.88,1.948172967,13.87240525
1467,3,131384.0,764.42,2.862329355,15.1360008
1468,0,165745.0,958.37,4.93924406,17.73027397
1469,1,240082.0,1654.8,1.92549883,13.63580269
1470,2,144441.0,1088.66,3.145647411,15.85289544
1471,2,239439.0,1116.47,1.981687132,15.28727043
1472,1,374255.0,2136.57,3.23507133,16.01939654
1473,2,359016.0,2345.8,1.673039531,13.70108584
1474,2,266579.0,1893.98,3.106808257,15.15691196
1475,2,134189.0,1670.73,3.044859578,16.01870514
1476,2,259947.0,1855.12,3.793555903,15.78430005
1477,3,123575.0,1529.66,1.728089952,13.69445855
1478,3,232802.0,1539.8,1.459529786,13.8174643
1479,2,366685.0,1986.13,2.906911129,15.58781043
1480,1,134341.0,960.33,2.98905225,15.82537883
1481,1,130458.0,911.06,2.621227879,15.14137531
1482,1,241708.0,1654.88,1.370943421,12.4264984
1483,2,363639.0,2488.24,3.041975648,15.33315909
1484,1,153989.0,1250.98,3.734593253,16.02536706
1485,0,254427.0,1791.4,3.57696257,15.64064164
1486,1,269484.0,1698.08,3.77650439,17.12469106
1487,1,369567.0,2272.91,1.752837008,13.12884998
1488,1,373754.0,1923.8,3.047993233,15.94001098
1489,1,178551.0,1516.44,3.935795946,17.11454384
1490,1,349461.0,2054.86,0.817388738,12.77048771
1491,2,250426.0,1833.54,1.5955691,13.72185277
1492,1,261086.0,1442.94,2.420204046,14.69332107
1493,2,143343.0,1358.79,2.907806825,15.27973788
1494,1,361898.0,1756.47,1.460114443,13.76021528
1495,2,355919.0,2049.7,1.961420792,13.71076975
1496,1,130855.0,861.3,1.658675133,13.77453197
1497,2,259848.0,1723.62,2.62305824,15.65219734
1498,2,151551.0,820.95,4.247638594,16.05007064
1499,3,121711.0,844.1,1.677495317,14.60404391
1500,2,363340.0,2551.03,1.525664974,12.92038619
1501,1,255489.0,1708.57,1.638595018,13.2382342
1502,1,237774.0,1368.04,2.099636387,13.61904895
1503,2,256487.0,1881.42,3.599637898,15.57756705
1504,1,372988.0,1781.7,2.053143266,14.09920296
1505,1,152281.0,739.36,2.843331807,15.75059638
1506,1,371719.0,2281.47,1.749485843,13.83952818
1507,1,388250.0,2366.21,3.508891307,16.05098857
1508,1,272209.0,1838.1,3.486420481,16.50766218
1509,2,366379.0,1902.19,2.226585016,15.30342302
1510,2,134464.0,811.37,3.326558338,15.55387317
1511,2,168208.0,1262.86,3.914233909,17.05662586
1512,1,382403.0,1921.86,3.206632319,16.24201408
1513,0,129920.0,586.86,1.751787988,13.23069415
1514,2,249491.0,1294.49,2.955253668,15.0622907
1515,3,231837.0,1330.06,1.002788839,11.97143577
1516,1,260599.0,1624.36,3.589344868,16.37965743
1517,3,344854.0,2641.27,1.360076325,13.30754375
1518,1,134086.0,752.3,2.976323515,15.97246973
1519,1,274254.0,1915.79,3.35090477,16.16917425
1520,1,167578.0,1339.5,3.683431597,16.77931255
1521,2,251784.0,1472.72,0.465024357,13.23568838
1522,1,114947.0,586.86,1.70551034,13.43948441
1523,2,123215.0,823.12,0.577366385,12.14338607
1524,1,115351.0,1161.41,2.045625126,15.81941309
1525,1,154208.0,1267.54,3.752525078,16.71794502
1526,2,242278.0,1276.32,2.002994904,15.37109874
1527,2,124743.0,1105.63,3.661959541,17.26278732
1528,2,354200.0,2117.09,1.474376386,14.97955827
1529,1,364700.0,1801.85,1.525679318,13.69551485
1530,2,240665.0,1319.77,0.98090561,12.98161751
1531,1,374306.0,1820.83,1.640361492,15.04904342
1532,1,251667.0,1534.23,2.762491763,15.47000128
1533,1,155312.0,1068.43,3.503427696,16.3949633
1534,1,370624.0,2099.73,3.764168932,16.43093545
1535,2,144906.0,874.5,3.264653323,15.87178889
1536,0,366584.0,1880.81,1.448177326,15.12295618
1537,1,144830.0,826.37,3.360485473,16.03342858
1538,2,343054.0,1666.09,1.953416448,13.34823307
1539,2,135866.0,999.83,3.158260349,15.56791727
1540,2,127774.0,621.81,1.827706638,15.69169932
1541,0,255135.0,1775.97,2.947756446,16.28953235
1542,1,247256.0,1778.74,1.694077264,13.79559733
1543,2,158118.0,1462.76,3.862514509,16.5008327
1544,2,133343.0,1258.3,1.790070971,14.80112686
1545,2,242787.0,1334.99,1.550844041,14.35515507
1546,1,139549.0,1210.2,2.374167948,15.97050609
1547,1,371759.0,2344.02,0.517999445,12.84710007
1548,1,151784.0,892.67,4.58203486,16.9698251
1549,1,155010.0,780.27,3.746229706,16.3649223
1550,1,258546.0,1750.91,3.28922397,16.35133469
1551,3,114959.0,628.43,1.693836731,13.55307697
1552,1,366073.0,1793.82,2.371887921,14.00066226
1553,2,252505.0,1459.19,2.658375866,15.63665263
1554,2,148455.0,932.05,3.732709246,15.84779517
1555,2,184275.0,704.37,3.702676546,16.81293973
1556,1,358570.0,1822.14,2.892231973,15.33889971
1557,1,261193.0,1351.05,1.485174062,14.41059362
1558,1,166891.0,1219.2,4.924667842,17.19653017
1559,0,258974.0,1447.61,2.573697218,15.94842938
1560,2,370565.0,1653.25,2.673793842,15.23205821
1561,1,145244.0,1059.1,3.497820009,16.79206722
1562,2,247873.0,1427.51,3.216089525,15.26155738
1563,1,379164.0,2296.68,3.588035812,16.03004519
1564,2,248440.0,1202.83,1.876862136,13.90158058
1565,2,251515.0,1898.26,2.79304118,15.45494575
1566,0,377366.0,2241.32,3.570157378,16.12190362
1567,1,397642.0,2985.36,4.004572969,17.14628196
1568,1,347538.0,1929.03,0.17870784,12.9347301
1569,0,380871.0,1995.43,3.579365111,15.53473421
1570,1,377041.0,2421.78,2.651432821,15.51019561
1571,1,261704.0,1849.07,3.84067318,16.74624655
1572,2,145608.0,1781.87,3.137120716,15.18559481
1573,1,161176.0,1307.85,3.467100723,17.31565078
1574,1,258526.0,1842.35,2.989899707,15.15497041
1575,3,130127.0,965.38,1.591231028,15.30673631
1576,2,154027.0,905.84,2.98422701,15.86120182
1577,1,363701.0,2459.09,3.028198497,15.63822776
1578,4,339089.0,2395.77,1.813965979,13.40472031
1579,2,155552.0,1384.72,4.057750603,15.80327053
1580,1,354627.0,2238.64,1.319543261,13.26822194
1581,0,360807.0,1774.39,2.356559849,13.59626374
1582,1,380610.0,1828.29,3.42964637,15.89091613
1583,1,356739.0,1913.45,1.635565113,13.58614028
1584,3,251605.0,1761.71,1.831007518,14.99683998
1585,0,295151.0,2900.94,3.83062611,17.34654543
1586,1,143516.0,787.37,2.802093368,15.28465935
1587,2,341630.0,1778.87,0.683119526,11.66270072
1588,1,160701.0,1230.36,3.914774865,16.46320737
1589,1,248530.0,1814.08,1.094820224,14.20298762
1590,1,247710.0,1076.24,1.743557777,13.06495437
1591,1,150945.0,1145.17,3.780873532,16.46032944
1592,1,271885.0,1961.09,3.72630865,15.78915297
1593,2,366649.0,2038.83,2.420170395,15.67862691
1594,1,379880.0,2200.27,2.443115654,16.1191854
1595,1,372997.0,2160.16,2.097876936,15.46987504
1596,1,251743.0,1227.01,2.971251889,15.87190248
1597,1,138230.0,639.42,2.159329506,15.33336197
1598,2,259931.0,1697.71,3.664808908,14.73811289
1599,1,354316.0,1866.24,0.745530667,12.90693028
1600,2,247843.0,1815.14,1.93069558,13.81411246
1601,1,154452.0,858.88,3.791041814,16.69035392
1602,1,388072.0,2545.84,3.753971149,16.92206213
1603,1,148297.0,771.66,2.765178757,16.03225514
1604,1,358962.0,1724.29,1.815205822,13.46305154
1605,2,246763.0,1577.57,1.590633122,13.61985723
1606,1,366388.0,1789.71,2.706033321,14.01744291
1607,1,173477.0,1289.02,3.917126707,17.65102559
1608,2,154959.0,1186.6,3.515495295,15.82961942
1609,0,153062.0,1044.85,3.530810541,15.87352908
1610,2,138050.0,1263.49,2.912175369,15.74590571
1611,1,246087.0,1637.87,1.3028208,13.52446262
1612,1,383326.0,2285.63,3.697391687,16.11614438
1613,2,351264.0,1868.59,1.957568583,14.84978379
1614,1,246526.0,1798.14,1.109141435,12.52558126
1615,1,180170.0,655.47,3.830374019,16.32787198
1616,1,150674.0,935.65,3.833326321,15.99470092
1617,2,240243.0,1423.19,2.188515091,15.31253274
1618,1,261036.0,1804.91,2.901196926,15.4126377
1619,1,275241.0,2243.21,3.549551297,16.45593051
1620,2,135246.0,734.96,1.04889425,13.21722443
1621,1,149705.0,884.79,3.436879364,16.68011382
1622,2,361406.0,2188.02,1.820165946,13.49229191
1623,2,252727.0,1693.42,3.000545243,15.69252269
1624,1,156320.0,784.11,3.256505428,16.38677844
1625,1,381242.0,2431.91,2.099484749,15.26927578
1626,1,150904.0,1092.59,3.703698498,16.6194537
1627,1,253486.0,1446.81,1.489482853,13.43167842
1628,2,368388.0,2337.61,2.051648293,15.23081801
1629,1,368849.0,2171.04,3.421103388,16.54307408
1630,2,352193.0,2337.37,1.322101463,12.74733657
1631,2,252037.0,1794.93,1.904929198,15.22247253
1632,2,366053.0,2217.27,1.227015048,12.11419245
1633,1,147998.0,1012.75,3.096939335,15.87456857
1634,1,369756.0,2341.1,2.877736677,15.24073007
1635,1,364867.0,2198.37,1.367064579,13.20713953
1636,1,158473.0,1674.38,3.576880958,16.51184493
1637,1,262992.0,2136.86,3.217512268,15.74777584
1638,2,352276.0,2108.57,1.648190416,13.34764807
1639,2,350236.0,1879.54,1.123537022,13.85907395
1640,2,119408.0,1499.37,0.870289205,12.84325467
1641,1,167656.0,1796.35,3.578158433,17.01211694
1642,1,256125.0,1892.55,3.66295743,16.17787319
1643,2,159772.0,1083.28,3.432480953,16.65075258
1644,2,342141.0,1868.97,0.685356303,12.11617695
1645,0,165140.0,1123.82,3.692669511,16.1527691
1646,2,142198.0,1070.46,1.697056854,14.06487624
1647,1,375423.0,2337.3,2.682161991,15.09222954
1648,2,242202.0,1753.27,2.860324274,15.47528318
1649,2,114947.0,1268.27,2.220209818,16.22917578
1650,1,375489.0,1886.32,2.916205942,15.255404
1651,1,244167.0,1297.37,1.227082354,12.96566692
1652,1,161806.0,877.78,3.704931858,16.8106851
1653,2,163641.0,1740.48,3.358217415,16.24207521
1654,1,258322.0,1788.92,3.665876962,16.10353998
1655,1,277004.0,1745.42,3.821216227,16.67225266
1656,1,278471.0,1882.44,3.644523907,17.25931398
1657,2,252465.0,1799.5,2.485300053,14.49664371
1658,1,240222.0,1385.76,1.255556979,13.24142938
1659,2,362038.0,1969.66,1.724800441,13.70857814
1660,1,360080.0,1777.68,1.873054862,15.50196872
1661,1,141720.0,939.3,2.679867131,16.086946
1662,2,365461.0,1947.52,2.826733835,15.00101444
1663,2,132473.0,801.23,1.615400761,13.78573909
1664,2,154348.0,1236.31,3.527479223,16.37948387
1665,2,262339.0,1815.81,3.778518011,16.00909799
1666,2,277934.0,1970.25,3.396798081,16.43395097
1667,1,265828.0,1437.88,3.575557254,16.36602624
1668,1,157887.0,832.27,4.521876619,16.6698113
1669,1,258771.0,1802.12,3.451546542,16.81151724
1670,2,352420.0,1583.94,2.197618571,13.78064951
1671,1,271959.0,1804.65,3.756043406,16.02701659
1672,2,367391.0,2282.87,3.50479039,16.33956387
1673,0,269695.0,1272.81,3.497310365,14.86331003
1674,2,365671.0,2213.7,1.385930334,12.24426325
1675,0,250915.0,1217.66,1.449172521,12.69530699
1676,2,131032.0,929.91,2.813310275,15.48169568
1677,2,142667.0,1540.96,2.954057219,15.44337789
1678,1,264447.0,1721.27,3.955081418,16.37856204
1679,1,155423.0,1133.18,3.646967872,16.87445496
1680,1,276633.0,1605.85,3.865765971,16.74401543
1681,2,151776.0,1162.82,3.88781654,15.74634444
1682,1,397689.0,3007.05,3.981399864,16.2726548
1683,1,261354.0,1868.29,3.648133216,16.19252679
1684,1,268414.0,1730.86,3.230519709,16.39776306
1685,2,256395.0,1504.71,2.789582708,13.83329635
1686,0,176421.0,1362.44,3.766239803,16.53135685
1687,1,364322.0,1785.01,1.748417415,13.8783775
1688,1,140058.0,1084.73,2.949964109,16.06683982
1689,1,381391.0,1934.27,3.032915262,16.08047743
1690,2,252284.0,1826.15,1.820321274,13.33193532
1691,1,264376.0,1736.56,3.634931989,15.93953497
1692,1,371130.0,2280.71,3.03446296,15.65647091
1693,1,165247.0,987.22,3.648649193,17.11305809
1694,0,159263.0,675.81,2.599354399,16.39261995
1695,1,145192.0,1136.81,2.482950839,15.94671709
1696,1,164788.0,857.1,3.881621725,16.25570871
1697,2,272416.0,2370.34,3.446055667,17.15124277
1698,2,127942.0,810.84,1.180501553,13.48700338
1699,1,252954.0,1721.43,0.701675132,13.4811902
1700,1,256651.0,1302.65,3.618558553,15.77684332
1701,2,258372.0,1695.04,1.529929201,14.08454443
1702,1,255351.0,1074.51,1.172999424,14.3391281
1703,1,168897.0,1822.4,3.687275332,15.82207462
1704,1,163813.0,1184.31,3.554406402,16.41500139
1705,2,114947.0,1452.21,2.759876851,16.1990453
1706,0,383548.0,2692.99,3.577033044,16.36570272
1707,1,264507.0,1512.98,1.555519634,14.30139786
1708,1,143952.0,886.3,3.246223049,16.70627256
1709,1,146767.0,893.32,1.605917902,14.00100294
1710,1,377171.0,1924.85,2.217232515,15.92878365
1711,1,134358.0,716.26,1.603876032,13.83126268
1712,2,251583.0,1722.27,2.696049059,15.13813843
1713,2,253700.0,1858.26,3.482627616,16.05577395
1714,1,366637.0,1921.44,1.51882624,13.28832319
1715,2,131301.0,903.78,1.655457837,15.14000901
1716,1,266329.0,1697.72,3.556918035,15.6786039
1717,2,369189.0,2550.54,1.336272956,13.07710624
1718,1,249861.0,1764.12,1.461175972,14.44122622
1719,1,392653.0,2309.8,3.424965377,16.36335197
1720,1,244309.0,1731.47,1.61844796,14.93163938
1721,3,239095.0,1705.79,2.387830131,14.92269264
1722,2,357743.0,2019.3,2.269094677,13.59959936
1723,2,359604.0,1625.35,1.840246732,13.57582445
1724,0,254117.0,1930.55,2.862121923,15.48551411
1725,1,254702.0,1357.36,2.457433568,15.71643979
1726,1,354512.0,2223.26,1.593422813,12.75877968
1727,2,127322.0,750.25,2.132849186,15.19023051
1728,1,137032.0,854.49,1.850550162,13.77791066
1729,2,144826.0,991.63,3.801460554,16.32192305
1730,1,366227.0,2220.85,2.012648369,13.97830509
1731,1,248612.0,1728.78,1.579214577,13.24255011
1732,1,184307.0,843.51,3.379630133,16.69314132
1733,2,241850.0,1286.21,0.977068089,14.06713347
1734,1,129292.0,844.38,2.57534575,16.38080785
1735,1,144124.0,1740.34,3.374539512,15.98663859
1736,1,367062.0,1779.42,3.754102952,16.01610631
1737,1,149620.0,800.41,3.047219538,16.31894154
1738,2,129484.0,1772.01,2.939012076,15.65909079
1739,2,358951.0,1917.85,1.320736773,13.77976276
1740,1,146355.0,627.68,2.315129743,15.24816814
1741,1,361572.0,1846.09,2.018592359,15.59188307
1742,1,147423.0,1086.72,3.756484151,16.28103679
1743,1,374023.0,1812.55,0.93620302,13.33075799
1744,3,349266.0,2331.27,1.147021471,13.27031299
1745,1,375616.0,1887.07,3.46436982,15.90072114
1746,1,262622.0,1889.06,4.213939161,16.4958462
1747,0,245547.0,1243.02,2.007438247,13.79000181
1748,2,342665.0,2292.54,0.87694848,12.10182883
1749,2,258174.0,1960.44,3.573186217,16.07807215
1750,1,147991.0,1066.38,4.864354706,17.12730259
1751,2,148121.0,1085.85,3.748048438,16.71607074
1752,2,255512.0,1843.05,3.302911869,15.56566837
1753,2,246065.0,1780.21,3.419702781,15.51468207
1754,1,366606.0,1914.56,3.30471471,15.53587263
1755,1,133309.0,769.56,2.195796393,13.83199444
1756,2,255661.0,1837.61,3.603412036,16.12395719
1757,2,129210.0,1070.32,1.631718708,13.60383223
1758,1,256175.0,1847.76,3.513618547,16.19296568
1759,2,359414.0,1847.58,0.32887391,12.37036232
1760,2,359293.0,2170.54,1.372355693,13.2817591
1761,2,129324.0,882.43,2.62890593,14.33686148
1762,2,241085.0,1254.24,1.186133286,13.62876824
1763,1,355930.0,1759.45,1.071494545,13.31084162
1764,1,251154.0,1718.26,2.959752901,15.62396966
1765,2,127987.0,797.1,2.942339544,15.57321443
1766,1,275159.0,1765.73,4.079202543,17.24720295
1767,2,120771.0,884.48,1.171928265,13.28999812
1768,2,118896.0,1485.78,3.930361223,16.99555822
1769,3,348079.0,1948.96,1.445799534,13.36386635
1770,2,230378.0,1201.21,1.38472245,13.34578769
1771,1,266810.0,1849.0,3.655762574,15.8656259
1772,1,275127.0,1850.08,4.649182536,17.08344594
1773,3,347017.0,2216.1,2.021969025,13.28711808
1774,2,248023.0,1457.39,1.947383739,14.9151196
1775,1,154712.0,919.96,4.555242951,16.5338021
1776,1,254319.0,1879.96,3.726597051,15.88109895
1777,1,190945.0,843.7,3.852966226,17.73027397
1778,2,150894.0,1342.12,3.984190753,16.06226168
1779,2,384235.0,2529.49,1.680614517,13.60339951
1780,1,364058.0,1848.71,0.156980819,12.63534526
1781,2,138059.0,1622.21,3.151149626,15.86724474
1782,1,367090.0,2317.19,1.007064417,13.51521674
1783,2,340200.0,1819.82,1.85823306,13.14080556
1784,1,152590.0,1257.75,3.63527449,16.15905547
1785,3,245300.0,1507.06,2.062354187,15.10209531
1786,1,155968.0,934.52,3.684378345,16.96053873
1787,1,357668.0,2194.46,1.683608007,11.8636563
1788,2,246491.0,1415.48,2.921700479,15.56114027
1789,2,374619.0,2643.25,1.818883713,13.20800924
1790,1,177869.0,854.82,3.929789899,16.93452703
1791,1,114947.0,1376.88,2.283937087,13.80498873
1792,1,373060.0,2271.56,3.41667004,16.37837489
1793,1,132205.0,770.23,1.590138937,13.83155074
1794,1,257039.0,1207.03,3.64077349,15.95371054
1795,1,166258.0,1393.3,3.826287239,16.74570046
1796,1,119953.0,774.73,1.201531742,12.90773606
1797,1,165443.0,762.01,3.11990518,16.62125034
1798,1,133881.0,610.38,1.582777981,13.50500075
1799,2,237934.0,1316.87,0.714160644,13.41289957
1800,3,117391.0,721.75,1.550413331,15.37120564
1801,1,161044.0,1404.19,4.901961413,17.48577113
1802,2,374219.0,2254.56,1.552133177,15.46861246
1803,0,386184.0,1821.3,3.389425077,16.78756785
1804,1,146255.0,1777.31,3.488999613,16.00350192
1805,1,373912.0,2115.65,2.299481105,15.70388808
1806,1,278787.0,2122.99,3.625335252,15.93499814
1807,2,129652.0,956.52,2.822836834,14.95252613
1808,1,138080.0,624.55,1.896688903,15.125063
1809,2,350630.0,1801.81,1.632574484,13.49750593
1810,2,161509.0,1621.18,3.767685364,16.56334896
1811,1,133444.0,730.72,2.954253333,16.04768681
1812,1,250874.0,1792.62,3.724196456,15.57302231
1813,0,140957.0,865.22,2.293841911,15.67778115
1814,2,127681.0,850.64,1.739232521,14.11692075
1815,1,357561.0,1764.69,1.575050068,13.60417211
1816,2,131258.0,1571.18,1.608021668,13.86793731
1817,2,370340.0,2862.4,2.815952478,15.33049414
1818,2,352813.0,1776.65,0.927294319,13.13158347
1819,1,256434.0,1720.45,3.607758272,15.4716695
1820,1,260092.0,1837.51,3.72064166,17.25839009
1821,1,141983.0,1151.03,2.618794822,16.16619622
1822,2,356904.0,1857.36,1.650088228,13.55081782
1823,2,267077.0,2653.7,3.644612346,15.85899063
1824,2,358822.0,2485.03,2.163141183,13.8190771
1825,1,386954.0,2470.64,3.830439344,16.47748839
1826,2,277158.0,1929.27,3.661278959,16.82188543
1827,1,359131.0,1850.86,1.795983383,13.9509088
1828,3,238682.0,1234.45,2.005216416,14.45901264
1829,3,123471.0,883.07,2.155691734,14.93956008
1830,2,341884.0,1930.22,0.830606156,13.0261135
1831,2,247367.0,1768.64,3.062554188,15.27940273
1832,0,360395.0,1978.91,0.43145534,12.83585006
1833,1,361438.0,1689.57,1.035053868,13.38727984
1834,2,362497.0,2316.17,2.306231498,13.86409265
1835,3,154186.0,1361.38,3.629121162,15.62169495
1836,1,176465.0,999.12,3.826839372,15.86588182
1837,1,149551.0,645.59,2.998277828,15.85749293
1838,1,358578.0,1844.48,1.660190241,12.8414369
1839,2,377502.0,2622.21,2.390337102,15.07229615
1840,2,235358.0,1237.94,2.233775745,14.91938769
1841,3,237490.0,1420.84,2.740187036,15.04894433
1842,1,154626.0,931.55,3.209920806,16.28517497
1843,1,391284.0,2366.23,3.669336411,16.0706169
1844,3,131912.0,1519.2,3.021082193,14.28573405
1845,3,114947.0,1117.97,2.645051056,16.05738126
1846,0,189349.0,652.77,3.41131573,16.52336622
1847,3,231960.0,1402.65,1.907931848,13.47700874
1848,1,182242.0,706.44,4.036395399,16.0776541
1849,3,344218.0,1892.92,2.474348621,13.54389047
1850,1,383972.0,1940.76,1.985952857,15.56356228
1851,1,157052.0,1205.72,4.753841625,17.29783939
1852,2,360109.0,1850.22,2.483004508,15.4377074
1853,3,348237.0,2107.59,0.988894373,12.93665414
1854,2,350620.0,2330.66,1.739332548,13.36543502
1855,1,359987.0,1891.08,1.199205091,13.15903421
1856,1,371668.0,2351.66,2.257367925,14.01046926
1857,2,126097.0,1074.22,2.917160678,15.24224644
1858,1,356868.0,2167.09,0.886559202,12.15675609
1859,2,136291.0,888.63,2.782338274,15.26294924
1860,2,130503.0,721.27,2.713628367,15.65112694
1861,1,255944.0,1763.89,3.149057473,15.86492147
1862,1,164811.0,1964.13,3.767679913,17.03797934
1863,1,258630.0,1532.28,1.887116037,15.10551164
1864,1,180236.0,1049.02,3.875027652,17.02719647
1865,3,352486.0,1483.94,1.55631989,15.00283002
1866,1,116356.0,1292.31,2.924882822,16.42570954
1867,1,351287.0,2331.37,1.511966539,12.5615571
1868,2,354120.0,1645.43,1.753417364,13.05182403
1869,2,124466.0,1006.12,2.617520081,15.15889226
1870,2,140919.0,949.64,3.835594203,16.75739546
1871,1,128624.0,1011.53,1.423995331,13.71692315
1872,2,372035.0,1910.07,2.280883402,15.29911663
1873,2,234362.0,1221.88,2.286943177,13.47975087
1874,1,285936.0,2075.97,3.833546564,16.66686539
1875,1,389605.0,2715.34,3.648061949,16.61604904
1876,2,369435.0,2193.19,1.615383197,13.75484975
1877,1,143940.0,1091.93,3.308492177,16.91439818
1878,2,250760.0,1912.09,3.18503156,15.66651402
1879,1,126287.0,759.64,2.763581489,15.07123792
1880,2,161780.0,729.98,3.258945784,16.75875384
1881,1,161392.0,1166.01,4.93924406,17.54671606
1882,2,345007.0,1761.77,1.369232375,13.67034239
1883,2,250597.0,1828.33,2.008546184,14.94914757
1884,1,160485.0,674.43,3.485774273,16.37378799
1885,2,250512.0,1749.34,3.848322733,15.84195025
1886,1,379731.0,2384.38,2.217158837,15.88662999
1887,2,240851.0,1829.83,0.219576894,13.10908318
1888,1,157216.0,1793.37,3.478806188,16.00960122
1889,2,368133.0,2000.21,1.992572032,13.38025355
1890,2,152118.0,1374.01,3.590343013,16.43453524
1891,2,273757.0,1858.41,4.056999977,16.17228938
1892,1,257392.0,1812.11,3.734539897,16.28438566
1893,1,157165.0,800.75,3.989036016,16.04848573
1894,2,129134.0,1606.71,3.335972509,16.20058341
1895,1,135162.0,634.81,2.100351049,15.79785955
1896,1,357380.0,1959.48,2.11998009,15.15065307
1897,1,142187.0,699.78,2.961990137,15.71511827
1898,2,242237.0,1808.4,0.559725607,12.03268402
1899,2,356813.0,2017.81,1.847316599,13.10499983
1900,1,370776.0,1850.66,1.63492249,13.6658769
1901,2,241198.0,1159.44,1.586311553,14.05437836
1902,1,374240.0,2183.3,1.513812663,12.88286727
1903,3,336564.0,2174.02,1.625768122,12.74045263
1904,1,157935.0,839.32,4.740525518,17.73027397
1905,1,366219.0,2398.17,2.988850429,15.53078126
1906,2,270213.0,1875.05,3.744602143,17.52301391
1907,1,261836.0,1833.99,3.790323698,16.48123177
1908,1,382875.0,2255.72,1.800682153,16.12313632
1909,2,255128.0,1460.22,2.447898351,14.10976874
1910,1,249830.0,1397.74,3.488946699,16.3539975
1911,1,247049.0,1443.98,1.905786334,15.1600519
1912,2,369657.0,2510.36,1.191442378,13.25993459
1913,1,364428.0,1913.42,1.819986964,13.80791306
1914,2,149549.0,984.93,3.609367207,15.55849098
1915,2,382223.0,2737.13,2.538333899,15.29985992
1916,1,148392.0,958.4,3.019766523,15.69886078
1917,1,142859.0,812.74,2.963936412,15.9609425
1918,2,367150.0,2265.87,1.969620995,15.0539107
1919,1,249696.0,1519.35,3.886131405,16.19150237
1920,2,360089.0,1974.86,1.337058125,13.05473711
1921,1,371672.0,2522.89,1.121088564,12.69563195
1922,1,257265.0,1285.25,1.497772648,13.99365703
1923,1,177127.0,1479.57,3.590953947,17.04859224
1924,1,245148.0,1820.21,1.753633806,14.11236791
1925,1,163561.0,1422.84,4.93924406,16.76840568
1926,1,366879.0,1992.99,1.523292151,12.39036718
1927,1,265540.0,1778.72,3.252176668,16.53937352
1928,2,358199.0,1910.39,1.078890266,13.39575291
1929,1,147128.0,1258.92,4.034294048,17.54692412
1930,1,137695.0,1440.85,3.832441808,16.98581428
1931,2,126496.0,789.17,2.408957852,15.033487
1932,2,374842.0,2538.41,3.070598246,15.55373912
1933,1,136131.0,774.5,2.170075653,13.81467153
1934,2,255785.0,1404.79,1.897346842,15.39069454
1935,2,138454.0,803.23,3.066239291,15.76597333
1936,1,353825.0,2295.82,0.913145082,12.411914
1937,2,128984.0,656.38,1.959743065,14.19332511
1938,2,251054.0,1535.01,3.62129937,15.58226624
1939,0,139448.0,1617.16,2.920979609,15.71345539
1940,2,360628.0,2002.94,1.646332051,13.30663709
1941,1,378267.0,2462.45,1.145646913,13.36788166
1942,1,272028.0,1830.78,3.542123692,16.77431521
1943,1,232178.0,1149.45,0.985535557,13.34341639
1944,1,384909.0,2555.28,3.662032368,16.46932276
1945,1,268367.0,1784.35,3.752787079,15.57141578
1946,2,364420.0,2077.81,1.19798777,13.53038962
1947,1,389975.0,2344.4,3.095710544,15.98434292
1948,2,235044.0,998.35,0.84012779,12.87474314
1949,2,134981.0,839.3,3.005991446,15.98162556
1950,1,247669.0,974.97,2.347091071,13.80260572
1951,2,126327.0,1600.05,1.985085166,15.22802533
1952,0,154531.0,1847.59,3.895852938,16.92961947
1953,2,157342.0,754.46,2.503623527,16.50501646
1954,2,252734.0,1330.82,1.462323684,14.39860397
1955,4,119467.0,905.63,1.87220832,15.38275721
1956,1,360538.0,1833.92,1.947555678,13.64346926
1957,2,241041.0,1284.69,2.12318438,15.04049945
1958,1,377577.0,1805.7,3.563788523,15.69144836
1959,1,242012.0,1672.25,2.365498471,14.0590862
1960,1,246170.0,1394.05,0.763470505,13.0727972
1961,2,369740.0,2180.95,3.285151872,15.54469881
1962,1,290939.0,2005.92,4.095285887,16.58510339
1963,2,114947.0,1196.5,2.202706502,13.54796024
1964,1,180502.0,945.83,3.841811333,16.62003215
1965,2,143334.0,1362.17,3.584460286,16.09465996
1966,1,150891.0,646.61,3.793286366,16.78841917
1967,1,141368.0,1027.9,2.894160184,15.48288578
1968,2,358817.0,1863.28,2.05418192,14.23169751
1969,1,375035.0,2247.76,3.522107463,16.98958761
1970,1,257665.0,1701.43,1.782495721,14.0468992
1971,2,143942.0,955.35,3.718001561,16.88129574
1972,1,386079.0,1991.1,3.062453827,15.79968645
1973,1,148454.0,1367.68,3.824534889,16.87589587
1974,1,373511.0,1857.26,2.648348831,15.84882564
1975,2,259297.0,2285.93,3.311944025,15.80118833
1976,1,372012.0,1842.66,3.656516181,15.64469725
1977,1,367187.0,1904.77,2.983250279,15.91323635
1978,2,133659.0,901.73,3.705138338,16.17124461
1979,1,244460.0,1242.35,0.917171808,12.52413437
1980,2,349023.0,2230.38,1.979038776,14.77721006
1981,1,377068.0,2028.05,2.219769471,14.94986726
1982,1,278378.0,1869.4,3.625405256,16.14652861
1983,1,260212.0,1734.61,3.454835021,15.8107492
1984,1,205994.0,806.7,3.683383956,16.96663286
1985,4,235193.0,1395.85,2.26045933,13.35048378
1986,1,257185.0,1721.89,3.389070436,15.02376754
1987,1,363525.0,2405.6,1.864340851,15.43088911
1988,2,149151.0,850.41,4.1344713,16.07453687
1989,2,370020.0,2167.58,1.966850221,15.39226471
1990,1,136670.0,717.3,1.830707185,14.32038084
1991,0,248168.0,1237.28,1.447405612,13.77241135
1992,2,351846.0,2162.0,0.99057897,12.36492693
1993,2,254135.0,1843.78,3.685997631,16.43785537
1994,1,253762.0,1362.8,3.320154702,15.52991102
1995,1,395522.0,2042.59,3.559108843,16.83388355
1996,1,359446.0,1933.21,0.902341998,13.12954431
1997,1,373078.0,1796.11,2.989996377,15.57506771
1998,1,171042.0,1424.93,3.791449545,16.87272336
1999,2,135585.0,794.94,3.897273668,16.51012099
2000,2,372954.0,1927.82,2.830101096,14.91756252
2001,2,241852.0,1352.54,2.085961727,13.67944339
2002,1,169901.0,1790.14,4.684191752,16.54529151
2003,2,361222.0,1888.77,1.753929682,13.93260631
2004,1,362110.0,1739.71,3.081167683,15.64829677
2005,2,114947.0,1093.72,1.781262682,14.98859982
2006,2,351594.0,1857.85,2.01890028,13.62233515
2007,1,148310.0,976.4,2.840324205,16.33628993
2008,2,383345.0,2634.38,3.003446108,15.68164073
2009,1,138016.0,991.86,3.845057029,16.14419786
2010,1,263511.0,1906.56,3.531376926,15.7644621
2011,1,376950.0,1945.6,1.419972505,14.18247814
2012,1,132307.0,737.48,0.893525724,13.65366648
2013,1,138596.0,1344.09,3.154347103,16.37195694
2014,3,252553.0,1551.44,2.629159311,14.3173894
2015,3,338299.0,1749.2,2.892066463,13.79173571
2016,2,138256.0,1691.25,3.700572454,16.31824525
2017,0,162449.0,749.93,3.830264239,16.50048263
2018,2,246016.0,1716.67,1.440975602,14.61835972
2019,2,248663.0,1790.43,2.308987593,15.2572117
2020,2,367724.0,1950.71,1.810262513,13.63366322
2021,1,388160.0,1932.48,1.164907021,13.95117888
2022,0,250692.0,1066.13,2.126148702,15.06236137
2023,2,143644.0,1157.33,3.951705117,16.39434846
2024,1,153079.0,749.76,3.728036874,16.80701259
2025,2,123294.0,1456.22,2.956314356,16.25092601
2026,1,136620.0,970.61,1.036626339,13.4319404
2027,1,355317.0,2157.98,2.205448239,13.16814548
2028,2,260558.0,1911.07,2.869501983,14.25599842
2029,1,252813.0,1725.7,3.746236783,15.97015295
2030,2,376849.0,2141.16,3.656984968,16.65249839
2031,1,363930.0,1928.25,2.378470816,15.55960128
2032,1,267086.0,1777.32,3.737634583,15.78376299
2033,2,382067.0,2507.63,3.581385091,15.62710522
2034,2,384994.0,1964.17,3.563722116,15.93184211
2035,2,270859.0,1914.32,3.530984114,16.82115733
2036,2,259224.0,1833.59,3.057067596,15.70857765
2037,1,279227.0,1902.43,3.788367402,16.61654503
2038,2,352894.0,2069.72,2.244726381,14.28824377
2039,1,244806.0,1519.16,0.284750867,13.27850655
2040,2,129952.0,697.24,1.870855166,14.85995593
2041,2,375260.0,2582.84,3.373977738,16.63420865
2042,2,352856.0,1905.83,1.418720374,12.85659951
2043,1,151701.0,719.99,3.995054599,17.00010876
2044,2,131823.0,1397.82,2.623649929,15.87840238
2045,1,354171.0,1920.71,1.178217361,12.98110242
2046,3,372889.0,2276.36,2.110773621,15.07624433
2047,1,391384.0,2341.91,3.693862743,16.49126389
2048,1,154157.0,1512.48,3.649825172,16.31333357
2049,1,166690.0,980.01,3.940459459,16.62342306
2050,2,356528.0,2343.83,2.559580896,15.11909251
2051,1,262307.0,1410.28,3.751606425,16.17738625
2052,2,153574.0,757.98,4.060515027,16.67814984
2053,2,237684.0,1620.64,0.605304323,12.05715018
2054,1,165573.0,819.43,3.558082253,17.39720671
2055,1,390067.0,2819.34,2.561180651,15.3460456
2056,1,132894.0,837.69,1.606052125,13.11192091
2057,4,233780.0,1351.64,1.699434661,13.32772555
2058,1,136435.0,770.18,2.522009427,15.12466956
2059,1,131215.0,790.36,2.095321573,14.01571501
2060,1,267525.0,2004.62,2.984826447,15.58466614
2061,2,375080.0,2349.18,2.166675662,15.33147772
2062,1,367781.0,1892.25,2.634797999,15.36637922
2063,1,143631.0,1568.04,3.619692125,16.06479351
2064,1,389185.0,2577.52,3.072039241,15.52897517
2065,3,223347.0,1435.38,0.725382585,12.78891269
2066,1,242000.0,1343.93,0.686523867,12.94161562
2067,1,163425.0,1202.21,3.622247554,17.11813639
2068,2,259296.0,1424.31,2.742498738,15.48735043
2069,1,161123.0,1055.72,3.983184943,16.92414277
2070,0,154712.0,922.64,3.850840664,16.40306766
2071,1,389694.0,2286.82,3.530397366,16.90130082
2072,1,132757.0,1462.66,3.018552881,16.15823081
2073,2,352602.0,2210.97,0.289942185,13.02064783
2074,2,360806.0,2602.4,1.002399602,12.63870881
2075,2,148381.0,676.77,3.04671876,16.21126657
2076,1,259876.0,1767.5,3.748959135,15.97087445
2077,2,130278.0,782.5,2.990731871,15.57693277
2078,1,246900.0,1724.05,1.219898045,13.29271482
2079,2,354280.0,2247.17,0.776881099,12.30000465
2080,1,141240.0,586.86,2.321145147,15.51194223
2081,3,257749.0,1656.26,4.065167931,15.43978079
2082,1,368844.0,1857.8,2.271706302,16.11118173
2083,2,129253.0,964.95,2.793626592,14.4193262
2084,2,357325.0,2138.7,1.972853559,15.20899364
2085,1,252016.0,1735.83,2.834156354,15.53444844
2086,0,139106.0,1622.44,3.848781752,17.53837001
2087,3,129766.0,1576.33,3.19189356,15.51210325
2088,2,262762.0,1551.91,3.307452193,15.71369228
2089,0,391366.0,2458.97,3.92520629,16.54447592
2090,1,374217.0,1717.96,3.411974385,16.01298616
2091,1,372008.0,2290.14,3.50933197,16.00053955
2092,2,247989.0,1756.59,2.985166516,15.70308477
2093,2,357884.0,1920.42,2.273028103,14.5068718
2094,2,233830.0,1273.78,1.983490872,12.97805548
2095,1,211671.0,1332.67,3.813127875,16.70870417
2096,1,143061.0,864.4,1.447918772,13.13454406
2097,1,243677.0,1266.0,1.710325025,15.26188407
2098,2,328024.0,1972.54,1.244726821,12.88009558
2099,1,280884.0,1859.13,3.445303198,16.43181776
2100,1,158239.0,853.95,3.6960367,16.23643915
2101,0,159725.0,698.62,3.628637626,15.91650786
2102,1,241917.0,1606.28,2.800027005,15.62377931
2103,2,365729.0,2249.28,1.54328652,13.86822092
2104,2,358506.0,1949.62,1.943694916,14.00582052
2105,1,246387.0,1507.25,2.669921069,15.64939088
2106,2,225272.0,1374.71,0.812450456,12.28627338
2107,2,255374.0,1790.87,3.926213194,15.56608596
2108,1,365526.0,2408.14,1.979028079,13.28234628
2109,1,251782.0,1298.25,1.932476415,14.26745512
2110,2,360624.0,1963.36,2.124635948,15.2039934
2111,2,273371.0,1987.25,3.774179702,16.84551012
2112,1,260638.0,1797.22,3.300977108,16.1958635
2113,2,119788.0,800.74,2.501442232,15.28054627
2114,1,254211.0,1728.19,3.930952983,16.5945387
2115,2,134593.0,835.79,2.888819031,15.7223557
2116,1,129388.0,658.67,0.984743621,14.32544918
2117,2,347628.0,1960.89,0.996416035,12.66083072
2118,1,166246.0,1902.82,3.779548093,17.20853746
2119,1,163049.0,1222.27,3.720621795,16.64600795
2120,0,143832.0,799.76,3.198562629,15.87319842
2121,2,230394.0,797.14,1.327218499,13.06507859
2122,1,138079.0,699.11,1.206421082,13.75941487
2123,2,352934.0,1685.12,3.116901948,15.27924933
2124,3,348209.0,1841.42,2.454776336,15.37002401
2125,1,265864.0,1948.7,3.788602569,16.940845
2126,2,155130.0,1587.68,3.862890687,15.67553453
2127,1,143830.0,644.81,3.589502962,16.59763936
2128,3,241345.0,961.69,2.784906656,15.04558668
2129,1,244340.0,1445.46,1.94915483,14.74081886
2130,1,250803.0,1376.23,1.661710161,13.74913303
2131,2,360094.0,1812.28,1.47495523,13.60513051
2132,1,366353.0,1851.32,1.463603941,13.52316916
2133,1,353940.0,2139.34,1.427676292,13.34875241
2134,1,238676.0,1355.45,0.3078198,13.30811619
2135,2,262163.0,1375.09,3.562589014,15.87307847
2136,2,351492.0,1853.23,0.181186151,12.75720766
2137,1,247592.0,1131.71,2.706911694,14.37417934
2138,1,156739.0,1336.13,3.25161632,15.62663601
2139,2,227840.0,1466.25,-0.326393035,11.8820319
2140,1,361425.0,2276.71,2.696043055,15.64878558
2141,2,160715.0,751.86,3.784533616,16.96997335
2142,1,259812.0,1538.82,2.362421476,14.88496257
2143,1,248529.0,1356.29,0.83183113,13.82097706
2144,2,252487.0,1843.67,2.344889352,14.19752583
2145,1,375557.0,2234.82,1.945680916,13.74162241
2146,1,365555.0,1725.71,1.500324069,13.46404428
2147,1,143900.0,1718.2,3.205114681,15.94654028
2148,1,159008.0,1088.1,3.655160552,16.23877607
2149,2,350476.0,1925.27,1.598741803,12.87544841
2150,1,141014.0,918.97,2.970373908,15.74840605
2151,1,149370.0,1062.08,3.670039381,16.42915026
2152,1,141311.0,791.18,2.725656502,15.12420268
2153,1,168006.0,1712.37,3.489431662,16.50109972
2154,1,243150.0,1369.3,1.019186482,14.23920454
2155,1,379385.0,2287.92,3.359126294,16.36708387
2156,1,151345.0,881.18,2.95629536,14.17363485
2157,1,150614.0,1423.82,3.566276032,16.92850711
2158,2,339755.0,1708.56,1.176122024,13.03287001
2159,2,359961.0,1790.11,0.832691185,12.8629322
2160,3,118200.0,897.72,1.809311863,13.64716812
2161,2,150076.0,1328.15,3.512082273,16.53459805
2162,1,253277.0,1642.98,1.635408387,13.44049349
2163,2,237259.0,1814.21,3.051824486,15.3707101
2164,2,136487.0,978.25,3.063579726,15.58716879
2165,2,126790.0,663.7,1.794644133,15.21565039
2166,1,262579.0,1832.43,3.027361958,15.93004399
2167,1,148625.0,912.9,4.719108618,17.25754924
2168,2,242570.0,1469.01,1.763944333,14.57165705
2169,2,359170.0,2541.03,3.215729811,15.57039743
2170,2,357479.0,2229.8,1.822144571,13.45670313
2171,1,364956.0,1850.63,1.743560952,15.2078501
2172,2,345935.0,1806.55,1.137068569,13.38920029
2173,1,261838.0,1485.59,3.709186986,16.69906134
2174,2,262117.0,1323.35,2.930309374,15.71506529
2175,1,258551.0,1145.02,4.009211677,16.74458729
2176,2,352976.0,1797.39,2.238103452,15.25382525
2177,1,240941.0,1358.36,2.496334202,15.66107075
2178,2,126738.0,701.68,1.071519055,13.72242941
2179,1,153469.0,751.29,3.957483196,16.2679832
2180,1,355889.0,1877.02,0.481433864,13.34649024
2181,2,365679.0,1841.8,3.238058334,15.85626248
2182,1,374814.0,2184.39,3.45297556,16.13039427
2183,2,257525.0,1644.65,3.130867618,15.30335197
2184,1,374811.0,2284.63,1.908199137,14.50120131
2185,1,263741.0,1883.05,3.435334584,16.03454818
2186,1,378361.0,2297.51,2.754827596,15.55809629
2187,1,255856.0,1186.38,2.063987036,15.58862856
2188,1,155273.0,1138.31,3.353594189,16.27457074
2189,0,384904.0,2053.8,3.524891375,16.39351585
2190,2,247138.0,1842.77,1.219383241,13.55984356
2191,2,343431.0,1879.88,1.639514815,13.3350541
2192,1,245994.0,1735.29,1.655698262,14.93353455
2193,1,240697.0,1333.77,2.788098395,15.81781809
2194,2,148466.0,1092.33,3.645185284,16.56497748
2195,1,148017.0,722.36,3.548827437,16.94811168
2196,1,384108.0,2385.19,3.660258638,14.50510556
2197,1,137509.0,821.66,1.518550907,13.57439062
2198,1,391274.0,2039.37,3.736622752,15.44250529
2199,2,226221.0,1852.59,1.696266228,12.8965451
2200,0,373530.0,2444.19,2.604673251,15.16312411
2201,1,131089.0,720.45,2.723776132,15.69581204
2202,1,361699.0,1768.92,0.997036618,13.24363691
2203,2,261917.0,2183.06,4.051072253,16.01050008
2204,1,252610.0,1387.77,2.165980585,14.04083931
2205,1,273810.0,1822.62,3.197458991,16.4427249
2206,3,114947.0,908.08,1.292026949,12.37522766
2207,2,258713.0,1914.5,3.319454663,15.6719359
2208,1,136132.0,908.52,2.939988558,16.11270832
2209,1,165611.0,926.09,3.74773884,17.26507283
2210,3,357198.0,1909.46,2.741698835,14.7603626
2211,2,253653.0,1928.58,1.77656952,15.23143987
2212,2,124878.0,1170.22,2.187627196,14.48217551
2213,1,159774.0,1368.68,3.651563865,16.34029343
2214,2,149076.0,1480.07,3.109870847,15.70664365
2215,3,374984.0,2197.95,1.740573484,15.58272533
2216,1,242998.0,1326.83,1.615093332,14.17645174
2217,1,362754.0,1890.68,1.374349184,13.84344206
2218,2,146655.0,1538.9,3.692179689,16.72966087
2219,1,238741.0,1538.51,1.485929245,13.62022355
2220,0,380391.0,1853.9,2.406851054,15.55139054
2221,1,263738.0,1825.45,3.354002246,16.06902191
2222,2,131596.0,774.39,2.855164806,15.87484859
2223,2,140087.0,1361.61,3.393818569,15.73408188
2224,2,357469.0,2321.21,1.943662367,14.82510348
2225,1,138603.0,634.07,1.884644221,14.06527405
2226,0,259740.0,1045.63,1.890268143,13.51985535
2227,1,387013.0,1936.12,3.779238638,16.15493077
2228,1,277733.0,1884.29,4.390544397,16.74400233
2229,1,379581.0,2424.79,3.029298493,16.47766999
2230,1,133158.0,1800.59,1.516588221,12.84479927
2231,1,371736.0,2022.19,2.392074924,15.89294557
2232,2,249536.0,1842.94,2.120798376,14.43118182
2233,1,250048.0,1365.42,3.064004513,15.65177779
2234,1,360605.0,1901.88,2.491830512,14.01714713
2235,1,250574.0,1394.24,1.684067838,15.45159053
2236,1,363680.0,1889.03,1.720011333,13.62368889
2237,1,271399.0,1869.76,3.907393643,15.32182874
2238,2,358422.0,1858.46,2.044836461,13.27347902
2239,2,136882.0,1004.6,1.154331545,13.59836644
2240,1,245614.0,1394.81,0.726844494,13.23642525
2241,2,247667.0,1748.2,2.885700909,15.94995075
2242,2,145488.0,1506.04,3.561454744,16.57751723
2243,1,136687.0,968.09,3.18185227,15.88935561
2244,1,260034.0,1313.7,4.067425014,16.72268748
2245,1,379378.0,1915.85,3.245235779,15.54436435
2246,2,260502.0,1876.27,3.373316831,15.66452701
2247,1,125026.0,817.16,2.803318963,15.61717018
2248,2,365228.0,2103.99,2.985658921,15.64401674
2249,1,252269.0,1604.98,2.11142853,15.67995907
2250,1,252684.0,1882.04,3.314840081,15.47847661
2251,2,246437.0,1837.63,1.936756479,14.81598143
2252,2,139075.0,772.5,1.628449256,13.99998161
2253,1,247037.0,1198.15,2.438165126,15.52937383
2254,1,354917.0,1815.23,2.192261577,13.3676122
2255,2,365648.0,1828.26,1.780918207,13.91350816
2256,1,141422.0,755.8,3.771170487,16.39583558
2257,2,127204.0,778.85,1.347132753,13.71250802
2258,2,374232.0,2263.75,2.311622714,14.30802941
2259,1,259356.0,1505.26,3.810252252,17.28861388
2260,0,157033.0,1191.47,2.96851336,16.15349636
2261,1,276390.0,1623.07,3.542034256,16.6325151
2262,1,165115.0,1542.19,3.754707305,16.63530723
2263,2,120813.0,1351.84,1.39153956,13.47071246
2264,2,351083.0,2150.59,1.3040359,12.55648435
2265,1,261012.0,1641.23,3.71823689,16.0568043
2266,1,263912.0,1417.67,3.926270299,16.69040087
2267,1,160042.0,1101.89,3.746469576,16.83286359
2268,1,365079.0,1822.32,1.939111755,13.89852496
2269,2,237806.0,1667.42,0.920193143,13.62225886
2270,1,119823.0,713.23,1.404074068,12.86979111
2271,1,176375.0,936.79,4.620590474,17.45737432
2272,2,159039.0,1120.03,3.592153514,16.42171538
2273,2,121900.0,1130.83,1.943966667,15.95730767
2274,1,250342.0,1535.83,1.455028289,12.98032036
2275,1,265945.0,1942.68,3.867904574,16.36408014
2276,1,263440.0,1853.16,3.766144748,16.40404726
2277,2,158082.0,1306.75,3.899985956,17.27130861
2278,2,245928.0,1501.85,1.269916421,13.16527176
2279,2,235901.0,1775.94,1.458851868,13.12736394
2280,1,140398.0,586.86,2.912401126,16.11438681
2281,1,133061.0,810.73,1.695728613,13.72041856
2282,1,271595.0,1823.19,3.830985171,16.89469627
2283,1,268056.0,1863.86,3.407360261,16.26666796
2284,2,136920.0,1430.78,1.898418216,15.44354707
2285,2,246882.0,1038.79,2.373985437,14.98953951
2286,1,136267.0,1392.82,3.673617599,16.49367917
2287,2,129859.0,827.32,2.255295981,15.44930224
2288,2,224285.0,1263.15,1.506255354,11.95405179
2289,2,239102.0,1156.53,2.760080311,15.37483835
2290,1,145866.0,586.86,2.205130203,15.94302181
2291,1,268202.0,1967.02,3.780325352,16.10062246
2292,1,270386.0,1951.65,3.399465517,16.13642154
2293,1,137967.0,1085.9,1.25316893,13.38238409
2294,1,148420.0,978.57,4.034419871,16.61136716
2295,1,262843.0,1510.27,3.057622463,15.75493148
2296,2,346073.0,1971.69,2.323443865,15.17616553
2297,1,138785.0,1041.68,2.314857063,14.49797134
2298,2,347900.0,1795.55,0.708460613,13.4708223
2299,2,158208.0,1275.94,3.856160611,16.46109954
2300,2,137146.0,818.84,1.772300906,13.67397225
2301,3,130872.0,794.87,2.256303293,15.81226774
2302,1,362300.0,1857.53,3.126536834,15.75669391
2303,1,130647.0,695.93,1.39926614,13.32937475
2304,1,354069.0,1751.34,1.765402697,13.12119614
2305,1,374860.0,2568.53,3.453743792,16.14981927
2306,1,128565.0,856.97,2.630660919,14.39209605
2307,2,144081.0,1067.03,3.584496636,16.48738269
2308,3,261097.0,2328.64,3.024942932,15.87724562
2309,1,171158.0,699.03,4.054766154,16.2302651
2310,1,250219.0,1240.38,0.860277014,13.25216928
2311,2,344929.0,1778.61,1.258785149,12.59403248
2312,2,247596.0,1500.73,3.07016074,15.41587823
2313,1,373913.0,2085.68,1.571918732,13.0269063
2314,2,144040.0,975.88,3.040127749,16.34779052
2315,1,237889.0,1300.4,0.353857546,12.94720239
2316,1,353155.0,2301.77,2.203473751,13.74025433
2317,2,117182.0,785.77,1.838906027,13.17089614
2318,1,261027.0,1210.2,3.469231537,16.11448053
2319,2,118886.0,1572.89,3.322532912,15.65329485
2320,1,130270.0,807.47,2.982460105,16.25509778
2321,1,148520.0,961.97,3.714972926,16.12358131
2322,1,155781.0,843.97,3.534897802,16.97507944
2323,1,372870.0,1771.13,1.572428088,13.34453309
2324,1,154970.0,1127.3,3.274811265,16.17111912
2325,2,363188.0,2315.06,1.740348625,13.94642603
2326,2,266377.0,1877.38,3.680796132,16.48682854
2327,0,266915.0,1925.85,3.910770156,16.52256634
2328,2,116537.0,792.67,2.600468849,14.14614593
2329,2,261740.0,1279.85,2.476448118,15.77344508
2330,2,251367.0,1818.29,3.814201513,16.89000257
2331,1,142860.0,734.64,3.39787133,15.73449444
2332,2,351160.0,1474.88,1.066532486,12.62270211
2333,1,264575.0,1732.71,3.931555666,16.59792038
2334,1,165758.0,1412.39,4.009529143,16.19335476
2335,2,138992.0,1211.27,2.916436954,14.79264032
2336,2,130361.0,593.73,2.147672753,15.1781063
2337,1,389096.0,2280.75,3.402185154,15.99435061
2338,2,135120.0,1022.04,1.976144403,15.14213934
2339,2,261031.0,1540.07,3.187798157,15.88222144
2340,1,385714.0,1968.35,3.443046347,15.06535621
2341,2,379915.0,2565.28,2.526007443,15.4004317
2342,1,158434.0,671.21,3.424401667,15.97753571
2343,0,140412.0,717.67,1.26835738,14.98640972
2344,2,239254.0,1811.52,1.186275015,13.49012902
2345,2,127357.0,870.01,2.748272772,15.39775153
2346,1,146368.0,779.04,2.841675434,15.48053368
2347,1,238903.0,808.34,1.982058751,13.35309711
2348,1,209745.0,785.6,3.795020564,17.35669272
2349,2,235765.0,1504.41,0.575239246,12.34096447
2350,1,375341.0,1765.27,1.756290582,14.00784135
2351,2,352112.0,1640.73,1.147330302,13.52665111
2352,2,263789.0,1912.82,3.12237576,16.36554774
2353,3,358263.0,2252.64,1.721265452,15.26679808
2354,2,140091.0,1058.97,2.852074852,15.5331877
2355,2,244037.0,1892.22,2.452040759,15.45222485
2356,2,124253.0,829.49,1.228713752,12.08392128
2357,2,234309.0,1190.29,1.832205006,13.69531571
2358,2,339418.0,1778.88,1.116791583,13.52250189
2359,1,359362.0,2148.93,1.466956445,13.5812356
2360,1,254191.0,1784.64,3.745646481,16.29804059
2361,1,254301.0,1385.03,1.410924942,14.03326642
2362,2,346932.0,1947.29,1.192804555,13.17662124
2363,2,238189.0,1754.17,0.905918058,13.20101567
2364,1,381547.0,2615.36,2.182122699,15.83153506
2365,1,169872.0,1122.77,3.880894895,17.73027397
2366,1,276548.0,1413.79,4.058371856,16.64914318
2367,2,254317.0,1871.39,3.02590353,15.34634499
2368,2,130884.0,853.36,2.914832508,15.85242304
2369,1,365618.0,1807.6,1.141691186,13.28393026
2370,2,128003.0,987.07,3.067716998,15.46268248
2371,2,267628.0,1919.88,3.356814604,15.52222162
2372,2,135296.0,902.67,2.537542343,14.8791093
2373,1,357071.0,1785.32,1.254212131,14.13555384
2374,3,374981.0,2274.99,3.185871767,16.08889341
2375,1,147905.0,748.99,3.184481992,16.46913275
2376,2,357634.0,1702.92,1.752114505,13.55609619
2377,2,360297.0,2193.85,0.838840132,11.82596415
2378,1,367769.0,2253.25,2.982733162,15.1573229
2379,3,120319.0,703.3,1.55771146,13.41789411
2380,1,244130.0,1261.79,1.934637418,13.5111018
2381,2,241316.0,1254.13,0.838055924,13.05833978
2382,2,248161.0,1330.56,1.702657224,14.84471396
2383,1,146997.0,1113.28,2.67979652,16.46915283
2384,1,147091.0,1534.27,3.49471218,16.17231534
2385,1,143031.0,722.39,2.592777327,16.22931179
2386,1,356721.0,2262.91,0.922023059,12.42215778
2387,2,244533.0,1539.74,2.55834229,14.69183593
2388,2,328601.0,1615.11,1.694059607,12.65876612
2389,2,138278.0,1605.02,3.065377608,15.15570043
2390,2,357436.0,1874.4,2.585144611,15.01688213
2391,2,141305.0,987.73,3.830039439,15.67375536
2392,1,245770.0,1596.58,1.139009342,13.17512603
2393,1,349549.0,1839.73,-0.295768535,11.54906282
2394,1,239512.0,965.34,1.411476538,12.54791904
2395,2,357631.0,2693.64,3.242690141,15.50717627
2396,1,275731.0,1297.89,3.720783489,16.58309689
2397,1,258694.0,1897.12,2.300012787,15.20771327
2398,2,114947.0,1520.0,2.496141471,16.11065531
2399,1,373807.0,2314.67,3.474640538,15.56152253
2400,1,252832.0,1526.37,2.205753926,13.49744542
2401,1,259947.0,1840.93,1.577289072,13.73379094
2402,2,247363.0,1495.77,1.927138002,13.94382362
2403,1,258802.0,1823.58,1.835211242,13.52083875
2404,1,364319.0,1807.08,1.257059461,13.65914886
2405,1,372298.0,1873.43,3.741090539,16.76487424
2406,1,386905.0,2685.69,3.53428482,16.18317923
2407,1,168663.0,1809.74,3.578612194,17.42074563
2408,1,382740.0,2606.1,3.508638414,16.37795954
2409,1,244875.0,1319.34,1.195507726,14.7813548
2410,1,266770.0,1902.65,3.518344883,16.43327513
2411,1,153217.0,813.92,3.509168915,16.64654419
2412,1,261198.0,1702.03,2.960553275,15.39584248
2413,1,362594.0,2270.14,1.494720927,12.35658738
2414,2,385523.0,2619.1,3.011509903,15.82734877
2415,3,132380.0,858.69,2.558190173,15.36513779
2416,1,360398.0,2556.98,0.766282438,11.46003402
2417,1,147231.0,1293.55,3.524963749,15.65238032
2418,1,166653.0,1367.03,3.844406257,17.08882847
2419,2,135196.0,921.73,3.132539425,16.05546424
2420,1,388810.0,1797.75,3.521575995,16.36991975
2421,1,366240.0,2264.13,1.079158681,12.6770463
2422,1,263768.0,1535.98,1.684201741,13.95604154
2423,1,246733.0,1698.1,1.876863492,14.01835029
2424,1,381491.0,2041.29,3.902180386,16.55267721
2425,1,114947.0,1073.25,1.334256584,16.19082319
2426,1,126632.0,716.87,2.063533286,13.74451077
2427,1,377545.0,1993.97,2.082564205,15.22124282
2428,1,152713.0,1722.81,3.638666831,16.34089305
2429,0,385635.0,2224.88,3.076975661,15.93715518
2430,2,265799.0,1907.77,3.821472576,16.3586117
2431,2,153642.0,1212.7,3.83115564,15.85661248
2432,2,370301.0,2048.0,3.464392371,15.78760419
2433,2,355217.0,1812.92,1.26416254,13.22564167
2434,1,147413.0,745.55,2.950967035,16.2412805
2435,2,138861.0,825.24,3.060261488,15.62013633
2436,1,166021.0,1136.75,3.558789109,16.89914609
2437,1,373514.0,2351.29,3.03596047,15.6335333
2438,2,365376.0,2480.13,1.762035326,15.22279937
2439,2,126431.0,1568.21,3.809276445,16.01134699
2440,2,337181.0,1884.75,1.231314227,12.95294102
2441,2,136493.0,1168.31,3.342057211,16.30018729
2442,1,267710.0,2183.59,3.747226571,15.68752073
2443,1,142594.0,603.85,2.74179932,15.96638341
2444,2,245986.0,1719.43,1.450596966,13.34812675
2445,1,170059.0,1351.81,4.020524615,15.8147543
2446,1,362545.0,1978.13,1.057342355,12.56332204
2447,2,243317.0,1739.52,1.157398122,13.15448979
2448,1,379672.0,2447.33,2.104244158,13.57299739
2449,1,243702.0,1335.83,2.062873497,15.10889358
2450,2,132076.0,1435.23,3.723063734,16.50719968
2451,1,371300.0,2374.28,2.565298131,15.50216515
2452,2,240827.0,1317.14,1.259444801,13.67448616
2453,1,133970.0,586.86,1.642279884,13.85609758
2454,1,263995.0,1041.46,2.838460922,13.82756428
2455,2,159346.0,1134.93,3.505979629,16.53128202
2456,3,347201.0,1809.08,1.339663644,13.45819819
2457,1,143765.0,942.97,2.018658344,14.08552294
2458,2,242058.0,1132.65,1.999342146,15.1389827
2459,0,373654.0,1951.56,1.646313155,13.27631436
2460,1,259512.0,1814.68,3.450877566,16.01098491
2461,1,251296.0,1442.73,2.104674269,14.00892135
2462,1,364900.0,1802.28,1.496436935,13.43022084
2463,2,243594.0,885.78,1.779807924,13.72798541
2464,1,265474.0,1548.19,3.698747988,15.86751833
2465,1,163352.0,1030.5,3.556246919,16.98501008
2466,1,127822.0,827.26,1.385184604,14.85029725
2467,1,251942.0,899.47,2.118935546,14.93151214
2468,2,351746.0,1956.56,0.429068143,14.10743065
2469,1,353821.0,1870.88,0.501517365,13.02093749
2470,2,147145.0,810.36,2.921233343,15.82944344
2471,1,287044.0,1858.47,4.00945441,16.91776869
2472,2,240714.0,1209.76,0.294492185,13.01270671
2473,1,256441.0,1390.79,3.616108312,14.8550421
2474,1,148599.0,1780.67,3.569269995,15.89608151
2475,2,161509.0,877.19,3.807675559,16.12257055
2476,2,127331.0,1144.83,2.080918372,15.75896036
2477,1,168979.0,1499.92,3.547401858,16.61617998
2478,1,360634.0,1864.42,0.363609889,11.75859957
2479,2,346708.0,1794.54,1.560009022,13.07954096
2480,2,354732.0,1877.89,1.631242354,13.28295691
2481,2,335594.0,1793.76,0.907215545,13.58323679
2482,1,366112.0,2453.64,0.675994416,11.93184109
2483,1,361087.0,1751.63,1.084058013,13.30319916
2484,2,264360.0,1911.4,3.652723541,16.31162918
2485,2,126979.0,1044.94,0.826240235,13.94481347
2486,3,119419.0,761.34,2.507394363,14.75778349
2487,1,122967.0,1193.1,2.153705168,16.12839908
2488,1,157804.0,1253.95,4.672357507,16.92638962
2489,1,136958.0,737.18,2.168710277,14.79866665
2490,3,145954.0,1005.18,4.005760238,16.48368709
2491,2,378881.0,1713.64,3.894586159,16.10848122
2492,3,134576.0,891.49,2.99854381,15.07354033
2493,2,114947.0,963.96,2.034701995,15.53340375
2494,1,252954.0,1257.57,0.360136279,12.48970115
2495,1,171852.0,861.35,4.55050562,17.58562891
2496,1,371204.0,1801.43,1.777372948,13.5576096
2497,1,159306.0,1241.14,3.674706899,16.8613973
2498,2,251304.0,1788.26,3.637409205,15.89450322
2499,1,247455.0,1302.74,2.055699278,14.55394102
2500,1,382314.0,2309.38,3.426726448,16.22152196
2501,2,242580.0,1388.23,2.027363302,15.46296299
2502,2,151270.0,976.3,4.793834587,17.48637275
2503,0,398771.0,1881.78,3.66812964,16.63304647
2504,1,169081.0,871.02,4.492628498,16.93675225
2505,2,240321.0,1238.88,0.679486537,13.34946372
2506,1,132635.0,602.07,1.733740861,15.45867561
2507,2,135551.0,860.3,3.808451363,16.20417805
2508,1,205448.0,1290.87,4.93924406,17.44853257
2509,1,264097.0,1793.24,3.665791705,16.88778464
2510,2,360652.0,2078.56,1.322734223,12.73182587
2511,1,373234.0,2311.51,2.479976983,15.49522748
2512,2,367271.0,1862.52,2.871365311,15.5368025
2513,1,248744.0,1792.28,1.3136288,12.95672292
2514,1,159255.0,1127.68,3.761028537,17.30473172
2515,2,133881.0,1499.64,2.914400245,15.98224139
2516,3,222077.0,823.38,1.157952857,12.44456743
2517,1,367888.0,2182.62,1.544120574,15.34332237
2518,1,141573.0,1125.62,2.578072197,16.4660833
2519,1,239412.0,1429.5,1.393823067,13.08569782
2520,2,266019.0,2011.93,4.047691554,16.24626862
2521,1,263320.0,1593.22,1.703646432,13.61460845
2522,1,257984.0,1363.34,2.818778567,15.34688776
2523,1,250023.0,1289.42,2.083448159,15.23343105
2524,1,137650.0,700.97,1.930560313,14.34731087
2525,1,250612.0,1834.44,1.795849547,15.17222463
2526,1,134753.0,1173.32,3.889764798,15.71242188
2527,1,369409.0,1958.25,1.521677833,12.63220027
2528,1,136374.0,1312.38,2.953702999,17.33688407
2529,1,142431.0,991.03,2.465879349,14.30068935
2530,1,165817.0,711.5,3.744224905,15.86161276
2531,1,152900.0,835.2,3.994885886,16.78991072
2532,1,134623.0,972.51,3.011551806,15.93573092
2533,2,342279.0,1940.63,0.344310008,12.8350539
2534,1,260797.0,1602.66,2.530451961,15.48513841
2535,2,255977.0,1736.75,2.826475382,15.29298944
2536,1,364441.0,1756.92,1.216551163,14.51877632
2537,2,148867.0,1408.94,3.571373993,17.03076257
2538,2,243900.0,1352.69,1.486981925,13.65572619
2539,2,114947.0,1370.94,2.669660127,14.77779828
2540,1,278202.0,1895.79,3.70100022,17.03849354
2541,2,255253.0,1802.84,3.031367094,16.02500615
2542,1,370449.0,1861.31,3.71650124,15.98823826
2543,1,261079.0,1701.48,2.212996126,15.34360904
2544,1,379609.0,1999.29,2.974105444,15.97378764
2545,2,368536.0,2408.78,3.090004118,15.68388726
2546,1,380790.0,2214.36,1.895608962,15.25794169
2547,0,143778.0,1065.33,2.966979124,16.27047839
2548,1,114947.0,652.74,1.544008339,12.97712778
2549,1,123231.0,586.86,1.376831251,13.85700688
2550,2,119989.0,1487.83,1.075992273,13.35912921
2551,2,142078.0,791.36,1.919236708,15.36291046
2552,2,262866.0,1751.47,1.665429501,13.33895029
2553,2,357321.0,2274.78,2.902889019,15.47122697
2554,1,364983.0,1779.31,1.518183247,13.81852334
2555,3,120508.0,1004.49,2.083471544,13.88043192
2556,2,356985.0,2153.93,0.968028672,13.96938624
2557,3,350959.0,2300.97,2.958039577,15.39318986
2558,1,157547.0,759.06,3.850835211,16.12295544
2559,1,370477.0,1904.76,3.469410875,15.59416049
2560,2,361827.0,2059.51,1.982420909,15.44056869
2561,2,128504.0,894.95,2.665307114,15.45673185
2562,1,356039.0,1911.72,1.716781215,13.12657172
2563,2,353338.0,2139.54,1.247132774,13.12290685
2564,1,272043.0,1713.7,3.800547605,16.67870347
2565,1,170669.0,1354.72,4.069594373,17.7003721
2566,1,363841.0,2242.87,2.924568618,15.24420141
2567,1,361815.0,2482.36,2.61931188,14.18720125
2568,1,176647.0,1324.69,3.29178481,16.51356506
2569,2,350770.0,2651.25,0.286918043,11.94738998
2570,1,385565.0,1848.53,3.854405503,16.06999841
2571,2,236200.0,1256.0,1.736788542,14.48868774
2572,2,242064.0,1433.55,0.682873701,12.33705493
2573,2,248987.0,1842.28,2.045785478,15.45002043
2574,1,250092.0,1730.92,3.426678985,15.98410641
2575,2,244378.0,1418.61,1.870396779,13.48570861
2576,2,259119.0,1447.95,1.75209611,14.23284072
2577,0,243336.0,1082.63,1.341016664,13.11833512
2578,2,147153.0,977.95,3.454176224,15.93817992
2579,2,144704.0,664.81,3.600714097,15.52675018
2580,1,242245.0,1262.59,1.935729705,14.9693577
2581,2,370248.0,2406.34,2.9319169,15.69692426
2582,1,379200.0,1827.25,3.655919142,16.75786615
2583,2,369372.0,2329.03,3.04881105,15.09163265
2584,2,117655.0,1492.24,3.045765016,17.27390998
2585,1,151336.0,1604.11,4.189246626,16.24924233
2586,2,259755.0,1731.01,1.469447693,14.01262109
2587,2,145727.0,1191.35,2.88213519,15.51956055
2588,2,129806.0,731.5,3.113945436,15.9677319
2589,1,361206.0,1726.26,1.005385114,12.82863823
2590,1,359833.0,1599.31,1.613715389,13.54777791
2591,0,282443.0,1858.44,3.733062973,17.51632949
2592,1,262507.0,1319.6,3.217762183,16.19292036
2593,1,377791.0,2210.14,4.158529114,15.98771188
2594,2,250684.0,1692.16,2.535734273,14.93825827
2595,2,376817.0,1925.81,1.745113001,15.3438026
2596,1,254979.0,1322.0,3.48946931,15.99695521
2597,1,355956.0,1548.63,1.240821367,12.47832964
2598,2,348991.0,1907.73,0.869260753,13.47642051
2599,1,173701.0,1805.36,3.640935829,16.50939327
2600,2,252909.0,1832.48,2.438755703,15.67786755
2601,1,241918.0,1303.04,2.760868393,15.1502057
2602,1,135129.0,830.49,2.028140888,14.37732621
2603,1,370936.0,1958.43,3.437837778,16.41312523
2604,2,361086.0,1872.57,1.360680793,12.43241253
2605,1,143096.0,586.86,3.016162538,16.22414735
2606,1,387936.0,2417.06,3.061443209,16.08496724
2607,1,274176.0,1782.53,4.625337831,16.7737577
2608,0,154217.0,758.37,3.535698761,16.92857314
2609,2,358796.0,1880.49,2.08664893,13.59100687
2610,2,377018.0,2634.21,3.615305681,15.9946443
2611,2,337829.0,1939.39,2.127943095,13.51727738
2612,2,242216.0,1508.91,1.366475751,13.31165627
2613,2,350813.0,1981.57,0.885287331,13.40553912
2614,1,387021.0,2079.46,2.865530861,15.43942875
2615,1,371516.0,2251.24,3.162538536,15.45735742
2616,3,359056.0,1750.31,3.144964829,16.14908022
2617,2,236481.0,1539.1,1.620805366,14.40393212
2618,1,356543.0,2198.49,0.44311373,13.24300737
2619,1,255197.0,1188.22,1.938367742,14.27038735
2620,2,253905.0,1475.64,1.45530282,13.82979887
2621,2,141219.0,1183.01,3.626607531,16.88749991
2622,2,390392.0,2783.98,3.136203295,15.59856969
2623,3,354610.0,2348.34,0.658409281,12.60459592
2624,2,257649.0,1977.17,3.779103165,15.82832666
2625,2,253061.0,1851.08,2.756658854,15.11437513
2626,1,114947.0,1282.29,1.896658622,13.89496561
2627,1,270815.0,1477.06,4.191781444,16.14573948
2628,2,132230.0,1124.24,3.108473965,15.8952012
2629,1,370395.0,2082.36,2.990388677,15.64058839
2630,1,115692.0,734.49,1.459319823,12.97217156
2631,2,240919.0,1727.37,2.93582014,15.42660094
2632,1,361628.0,1932.44,1.030151887,12.76068499
2633,2,262677.0,1752.91,3.803466986,16.26041717
2634,1,367500.0,2200.19,1.638765481,12.90520537
2635,1,138083.0,662.03,2.78006615,16.26967231
2636,1,155330.0,739.71,3.738607059,16.52182311
2637,1,253686.0,1293.57,1.680033076,13.25238216
2638,1,162282.0,919.52,4.773452683,17.05913676
2639,1,124586.0,1322.57,3.038608279,16.48844638
2640,1,376993.0,1964.96,2.801304248,14.40429414
2641,1,254436.0,1217.8,3.678632838,15.92944427
2642,1,124126.0,586.86,1.722840844,13.838526
2643,2,251114.0,1871.79,3.823815604,15.86637593
2644,1,166994.0,1124.05,3.443737692,17.15791562
2645,2,267300.0,1803.24,3.632940543,16.55768734
2646,2,124487.0,1443.54,2.934808668,15.80039275
2647,1,148311.0,1062.13,3.644895977,15.58305143
2648,2,136026.0,1813.5,3.763739985,15.90939972
2649,2,246385.0,1287.92,1.633939068,13.32373154
2650,3,120726.0,1057.15,1.470722655,13.09947227
2651,0,167210.0,742.93,3.852388601,15.99100224
2652,1,371616.0,2408.31,2.13961607,15.04114614
2653,1,374958.0,1804.32,1.574835216,13.44594382
2654,2,237469.0,1566.92,2.33373699,15.14998098
2655,1,373675.0,2059.31,3.598335274,15.94527536
2656,1,244575.0,1238.15,2.876145965,15.75923575
2657,1,248321.0,1410.73,2.505000813,14.8627983
2658,2,247604.0,1684.28,2.549078607,15.41897008
2659,1,247213.0,1737.4,2.09113174,15.34440486
2660,2,369068.0,1849.69,2.954847649,14.24875594
2661,2,251428.0,1773.55,1.08771031,13.9292747
2662,1,275660.0,1846.94,3.722094623,16.51604776
2663,1,375638.0,2329.73,3.922804133,16.14800759
2664,2,251517.0,1427.03,3.788658504,15.3476862
2665,1,381545.0,2167.77,2.432853995,14.69743424
2666,2,245984.0,1698.64,1.291180532,13.772249
2667,2,262856.0,1296.34,3.733692383,16.34666828
2668,1,155907.0,890.17,2.209156242,16.25653433
2669,2,242858.0,1542.88,2.282538761,14.57259767
2670,2,251339.0,1858.47,2.323912144,15.38725977
2671,2,141751.0,891.57,3.218449865,15.39588227
2672,2,239652.0,1642.81,1.48883057,13.26717894
2673,2,247777.0,1737.28,2.06309039,15.23873413
2674,1,144727.0,762.33,2.864895774,15.19634972
2675,1,141755.0,890.88,3.647742427,14.76676137
2676,2,367948.0,2287.01,2.657981709,15.30498062
2677,1,128848.0,763.8,2.822264962,14.4747989
2678,1,144604.0,782.92,3.103386025,16.09290784
2679,1,141904.0,956.66,3.582775951,16.67035767
2680,2,249856.0,1650.92,3.086743509,15.48190742
2681,1,363620.0,1902.8,1.894834946,13.38579468
2682,2,352379.0,1958.27,1.217362221,13.17386192
2683,2,266683.0,1954.7,3.211551166,16.15957836
2684,2,257603.0,1885.94,3.896954877,15.8475864
2685,2,147042.0,846.51,3.837656701,15.85564568
2686,0,164467.0,900.6,3.503291244,17.13621236
2687,3,372488.0,2534.18,3.097778744,15.48737747
2688,2,373280.0,2221.64,1.774254994,13.77207858
2689,2,334160.0,1721.76,0.626623231,11.41100255
2690,1,149224.0,839.95,3.890447906,17.38567277
2691,3,342022.0,1819.79,1.413460178,13.51690731
2692,1,262290.0,1845.95,3.29125893,16.06931421
2693,1,372564.0,2457.07,3.162583061,15.47087883
2694,1,124623.0,766.72,1.073896025,12.99416196
2695,1,159545.0,1502.41,3.616968929,16.5035766
2696,1,259617.0,1912.01,3.797107399,16.50878341
2697,1,132812.0,838.96,2.70916897,13.94128948
2698,1,174036.0,807.22,3.809419356,16.8960555
2699,1,149954.0,769.38,4.193988099,16.21134953
2700,1,256852.0,1211.44,2.785699336,15.71375553
2701,1,381757.0,2393.99,1.446139946,15.28068615
2702,1,376652.0,2479.64,3.177390611,16.04383607
2703,3,365855.0,2469.17,1.898009778,13.87689194
2704,1,367714.0,1880.28,2.571125992,15.27032351
2705,2,248290.0,964.87,2.09159403,14.80138865
2706,1,154381.0,1079.08,2.983960756,13.87894412
2707,1,140807.0,645.28,2.892869526,15.73770609
2708,1,383567.0,1806.7,2.089953778,15.45730447
2709,2,267284.0,1590.48,3.926298588,15.97014744
2710,2,134523.0,802.72,2.171387726,15.23826114
2711,2,157310.0,880.98,3.893518985,16.21449291
2712,1,350743.0,1914.08,1.882241788,13.59872616
2713,2,232218.0,1367.55,1.99170194,15.05525901
2714,2,344949.0,1823.16,1.348883892,13.1088224
2715,1,137970.0,1284.65,1.629271531,13.81860962
2716,2,156361.0,1381.92,3.509410367,16.54166717
2717,2,130894.0,1034.61,2.422299783,14.69080124
2718,1,366233.0,1889.03,2.757094398,15.6048635
2719,1,265361.0,1932.22,4.38891687,16.55168962
2720,1,361190.0,1744.74,1.359037104,13.29797279
2721,1,168297.0,1349.85,3.841059439,16.87008397
2722,1,374280.0,2204.03,2.139709891,15.2014721
2723,2,130916.0,854.89,1.718253433,13.688963
2724,2,115088.0,737.79,2.29022193,13.91142098
2725,1,364972.0,2093.71,1.819775984,12.90801667
2726,1,149825.0,739.36,3.843930159,15.82878018
2727,3,116087.0,655.69,2.01787793,14.89344658
2728,2,367458.0,2869.71,3.166126602,15.32606828
2729,0,157007.0,717.45,2.905873761,16.22504082
2730,1,377705.0,2290.17,2.194734332,14.10449131
2731,2,257666.0,2006.83,3.706297142,15.93638427
2732,0,141738.0,840.71,2.353112993,16.25146796
2733,2,350709.0,1964.75,1.195629942,11.78562253
2734,2,121829.0,1116.72,1.774509528,12.63206435
2735,2,369810.0,2382.92,1.980313652,15.01536891
2736,1,137374.0,723.66,3.106378579,15.5153077
2737,0,242389.0,1361.52,0.251701564,13.25472434
2738,1,262537.0,1568.42,3.013542285,15.89837662
2739,2,360792.0,2528.61,1.618063212,13.42698528
2740,1,128811.0,745.53,1.71806379,13.86834043
2741,2,374419.0,2451.21,3.118805004,15.47231992
2742,0,369010.0,2445.39,1.374226992,13.04973133
2743,1,374202.0,2390.23,1.621162284,13.72602985
2744,2,240961.0,1414.85,2.754371658,15.04171841
2745,1,114947.0,586.86,1.94737182,13.3577538
2746,1,366277.0,1806.89,3.421544816,14.39304103
2747,2,145358.0,991.97,3.723430167,15.45776256
2748,1,152971.0,1115.65,3.80761174,16.49391721
2749,1,137936.0,1021.71,2.385710032,15.69496453
2750,1,255367.0,1349.81,3.221313209,16.20396109
2751,0,280221.0,2295.25,2.070842789,14.93660606
2752,1,251129.0,1793.28,1.904355078,13.11100188
2753,1,377368.0,2459.68,2.134635975,14.30262388
2754,2,360473.0,1988.43,2.135205547,15.17051754
2755,2,149214.0,1741.36,3.589886447,16.70937354
2756,1,245463.0,1273.09,2.392820169,15.43866803
2757,3,114947.0,1212.54,1.823567897,15.55996074
2758,1,265901.0,1869.05,3.096074542,16.12770547
2759,2,132347.0,906.51,2.743145277,15.69912703
2760,2,370527.0,2497.71,2.995619804,15.32392678
2761,2,142782.0,916.6,3.613912521,15.73012133
2762,2,380597.0,2006.69,3.251724183,15.76805625
2763,3,114947.0,1273.16,2.534355113,15.94027324
2764,1,248052.0,1130.84,1.592711723,13.65611225
2765,2,121341.0,1100.98,2.323353112,14.15664107
2766,1,389817.0,2534.08,2.066346953,14.74553717
2767,1,360421.0,1886.95,1.914037193,12.98047527
2768,2,135366.0,759.72,3.235421171,16.44642421
2769,1,263011.0,1459.69,3.924439197,15.92601004
2770,2,134986.0,804.36,2.148278646,15.08314944
2771,0,168620.0,1274.64,4.82721102,17.73027397
2772,1,360073.0,2014.45,1.90765676,13.87516084
2773,0,140665.0,707.88,1.187717642,13.23036745
2774,2,355277.0,1824.82,1.512110891,13.30030678
2775,2,249510.0,1407.66,2.393806993,15.20261314
2776,1,363246.0,2415.67,0.600591031,12.45081877
2777,1,264227.0,1797.48,4.338562463,16.6005243
2778,1,365887.0,1782.94,1.498484406,13.79680658
2779,2,129496.0,1072.56,2.317595739,15.5478637
2780,2,136273.0,797.56,1.991191664,14.09204914
2781,2,120703.0,876.36,3.025237262,14.85301702
2782,1,143199.0,685.41,3.020853534,16.29211422
2783,2,144182.0,974.23,3.514929572,15.80096422
2784,2,128222.0,1620.53,2.489754028,15.68799411
2785,2,147338.0,1094.95,3.090371531,16.38897982
2786,2,256348.0,1844.61,1.846090224,15.60383033
2787,1,158166.0,942.37,4.511726574,17.19846273
2788,1,138906.0,1087.02,3.039285559,15.44225207
2789,1,160467.0,724.66,3.74897818,16.80968121
2790,1,233219.0,836.74,2.872640542,15.62514035
2791,1,243268.0,1393.61,2.677925215,15.98819592
2792,1,139484.0,745.97,2.352079096,14.16524851
2793,2,130581.0,693.03,2.986168827,15.42280402
2794,2,360551.0,1934.61,3.406987546,15.55403337
2795,2,140241.0,836.32,2.037105069,15.35743475
2796,1,151200.0,1372.28,3.619533689,16.25877333
2797,1,134184.0,954.0,2.113612132,15.26786798
2798,2,123809.0,618.19,2.597984129,15.46017662
2799,1,177992.0,691.03,3.192542347,16.9363759
2800,1,243477.0,1452.08,-0.326393035,11.9009505
2801,1,365981.0,2569.97,0.57725982,12.91138646
2802,1,145827.0,994.61,3.712811289,16.22519442
2803,3,345845.0,2306.58,1.172925707,13.1639101
2804,1,147550.0,796.58,2.935181345,16.269462
2805,1,154927.0,1240.88,3.901479747,16.67930974
2806,1,369354.0,1858.22,1.810063038,13.225411
2807,3,354562.0,1837.96,2.412464131,14.95307332
2808,1,175076.0,918.09,3.711244076,17.30028045
2809,1,147827.0,819.26,3.589901164,16.73016404
2810,2,339326.0,1874.22,1.865271183,12.21273959
2811,2,261757.0,1795.97,3.31478308,16.21064075
2812,1,166443.0,781.85,4.266050481,17.73027397
2813,1,141814.0,639.85,2.308046565,15.28271592
2814,1,178509.0,662.62,3.001440293,16.20918221
2815,2,363581.0,2463.07,1.886810848,14.69562399
2816,1,257842.0,1857.28,3.454666743,16.13666675
2817,2,252736.0,1754.4,3.724124187,16.2211116
2818,2,124120.0,1042.26,1.863013643,16.4230548
2819,1,379860.0,2220.39,2.970589648,15.754822
2820,2,271203.0,2513.92,2.780747577,15.18552395
2821,3,352461.0,1880.51,1.36300749,13.33598447
2822,1,277547.0,1806.9,3.385512815,16.22792841
2823,1,135142.0,699.22,1.824116929,15.3628547
2824,4,369158.0,2334.17,2.209824549,15.14806492
2825,1,384262.0,2290.99,3.006256225,14.54325689
2826,1,359880.0,1892.41,1.482356665,13.44083522
2827,1,276500.0,1907.05,3.621381054,16.77384146
2828,2,121324.0,674.29,1.952561126,14.21768071
2829,1,258290.0,1920.2,3.944977088,15.98606492
2830,1,258523.0,1816.85,3.240193925,15.73629984
2831,3,114947.0,727.92,2.095215287,13.02582957
2832,1,165788.0,1208.77,2.890987323,16.8714942
2833,2,133714.0,1009.29,1.510712515,13.46176477
2834,1,247751.0,1704.25,1.546506277,15.23993307
2835,1,365947.0,1866.02,3.803102847,16.55130613
2836,1,149412.0,839.1,3.685105071,16.29559256
2837,1,252936.0,1543.0,1.439755671,13.46956517
2838,2,365598.0,1751.07,2.045182313,14.71995929
2839,3,344187.0,1662.56,0.245292207,12.64710538
2840,3,132928.0,914.79,2.800481012,13.7481779
2841,1,245130.0,1278.86,2.069539633,13.45344703
2842,2,368656.0,2349.44,1.755318034,14.77793314
2843,1,132857.0,687.42,2.365034473,15.69469781
2844,1,375736.0,2300.38,1.98447048,13.9188896
2845,1,144669.0,844.85,3.341880166,16.20548178
2846,2,160467.0,1770.12,3.708107184,15.43493674
2847,2,148685.0,907.49,2.239748794,14.70254461
2848,1,137548.0,826.34,3.049781396,16.31039656
2849,3,236781.0,1475.57,1.706417015,13.49693697
2850,1,251420.0,1650.01,0.615367013,12.61265346
2851,1,127299.0,801.05,1.160704638,13.47163581
2852,1,281521.0,1952.79,3.650251911,17.06790122
2853,2,349730.0,1923.39,1.168741024,13.12031455
2854,2,251864.0,1571.01,2.22332086,14.99741628
2855,1,347505.0,1808.44,0.865658875,12.74273068
2856,3,144248.0,1140.1,2.917434572,15.28151741
2857,1,359481.0,2099.61,1.117248014,12.80413857
2858,2,238560.0,1422.86,1.780761099,13.79425
2859,1,358267.0,1850.71,0.757799153,12.53386588
2860,2,235276.0,892.8,0.791667899,12.21652805
2861,0,276851.0,1816.97,3.689249128,16.20629749
2862,2,348337.0,1695.27,1.796250711,13.81920694
2863,1,146018.0,726.58,3.840840823,17.11358371
2864,3,354003.0,1937.99,1.465749174,12.98811187
2865,1,247407.0,1368.65,3.635783072,16.34713856
2866,3,239864.0,1598.18,1.410660646,13.6242666
2867,2,133602.0,837.09,3.554338918,16.36884574
2868,2,349014.0,1880.67,1.932835872,13.28675087
2869,2,359664.0,1956.84,2.36051434,13.91465355
2870,2,146539.0,1119.73,3.035588792,15.78087549
2871,1,366870.0,2291.27,1.779310851,13.12537814
2872,3,243285.0,1051.59,1.803702525,13.4682618
2873,2,357481.0,1774.48,0.203767685,12.27245783
2874,1,130843.0,803.15,1.634892386,12.43212251
2875,2,358874.0,2135.27,2.561677936,15.09681764
2876,2,245975.0,1738.34,2.270016135,15.1975657
2877,2,155777.0,1860.66,3.467240018,16.82821921
2878,1,365924.0,1908.78,0.607981909,12.21752003
2879,2,339935.0,1751.68,1.378846627,13.20459029
2880,1,153164.0,735.0,3.486140352,16.89117427
2881,0,263905.0,1065.73,1.715860611,14.22305905
2882,1,156252.0,916.04,3.618417094,16.30278949
2883,2,130060.0,864.87,1.445189251,13.93339641
2884,2,355829.0,1763.77,1.727937418,15.21984198
2885,1,246837.0,1679.13,3.752658525,15.73098668
2886,1,359155.0,2045.78,1.79149877,13.1045968
2887,1,260404.0,1236.51,1.53966821,14.07762787
2888,1,269100.0,1495.62,1.624551022,15.32231592
2889,1,263965.0,1779.9,2.899921915,14.72503738
2890,1,129316.0,708.87,1.947426505,13.80962712
2891,1,371137.0,1872.63,1.465842421,13.62398008
2892,1,386510.0,2783.08,3.161797086,15.57130195
2893,1,274213.0,2341.18,3.905614761,16.50754928
2894,1,147329.0,1548.01,2.798250441,14.04919835
2895,2,261072.0,1383.17,2.986971577,15.3722914
2896,3,138869.0,804.16,3.652816172,15.1926692
2897,2,234675.0,1311.09,1.436482169,13.25354904
2898,1,361938.0,2283.96,1.745642885,13.05995877
2899,3,363365.0,1852.1,1.813117667,14.60388454
2900,2,347599.0,1792.74,1.357919905,13.66592947
2901,1,377698.0,2571.83,2.865329989,15.66853444
2902,1,192538.0,699.22,4.93924406,17.52360642
2903,3,142572.0,828.25,4.39930224,17.09384706
2904,1,151632.0,1062.56,3.544176959,16.34418669
2905,1,147570.0,988.17,3.462168734,16.56659483
2906,2,259924.0,2519.89,3.218997084,15.76044536
2907,1,168050.0,1020.25,3.927017897,17.73027397
2908,1,150739.0,1144.96,3.792728448,16.29552006
2909,0,147741.0,873.38,1.799009359,15.57428983
2910,1,153708.0,1189.69,3.694228912,16.11870144
2911,1,342722.0,1905.68,0.717809981,11.69504329
2912,1,244776.0,1256.52,2.323222909,15.26645029
2913,1,357065.0,1751.92,2.45966625,15.4047438
2914,2,145508.0,1517.92,3.732726325,16.22274422
2915,2,235032.0,1728.08,2.074838351,13.79417497
2916,3,114947.0,1359.71,2.311772858,15.39482791
2917,2,349037.0,1782.09,1.357946133,13.41719926
2918,2,115713.0,952.41,1.330464036,13.1057171
2919,2,130285.0,1553.89,2.035616,15.4018802
2920,2,257909.0,1835.53,3.471509651,15.77594102
2921,1,263435.0,1869.78,3.642957561,16.1172453
2922,2,136793.0,586.86,1.83997364,15.04927233
2923,0,144952.0,704.21,3.020159733,15.36032404
2924,1,249602.0,911.48,0.890091586,13.83093864
2925,1,363685.0,1815.09,2.110236933,13.83267791
2926,3,348589.0,1841.58,0.612273641,13.30004259
2927,1,359905.0,1778.28,1.519773956,13.37653829
2928,0,364029.0,1773.24,1.971206156,13.70605996
2929,1,162524.0,1220.43,3.790243021,17.07549599
2930,1,253614.0,1778.47,0.971603274,13.80927152
2931,2,358949.0,1982.13,1.712366826,13.26382209
2932,1,134666.0,775.21,0.285707125,12.82179576
2933,1,255081.0,1474.46,3.784821178,16.04461351
2934,2,358653.0,1845.06,2.63405694,15.72012629
2935,2,236076.0,1815.03,2.310119091,14.98461867
2936,1,386421.0,2509.82,3.007705726,15.58941894
2937,1,146469.0,702.86,3.022113715,16.69474316
2938,1,265154.0,1713.36,3.433379491,15.90628149
2939,1,384435.0,2606.35,3.503918679,16.26618129
2940,1,252297.0,1350.09,2.494240317,14.72836068
2941,2,244024.0,1332.87,1.049478368,12.7852294
2942,3,123592.0,1169.72,2.879408002,15.96558338
2943,1,163305.0,1521.5,3.708503299,16.74140318
2944,1,281211.0,1564.18,4.001636571,16.20012464
2945,1,126707.0,794.58,1.240726274,12.28323063
2946,1,261209.0,1725.17,3.802207532,16.31537571
2947,1,119547.0,1158.36,1.766391787,14.17050059
2948,1,247634.0,1755.59,2.924317781,15.65129205
2949,1,372016.0,2100.07,1.771115294,13.73325025
2950,1,269773.0,1862.44,4.021245866,17.04590526
2951,2,355960.0,2402.39,2.004186683,13.54512219
2952,1,168928.0,973.96,3.750952023,16.50381124
2953,1,381776.0,2689.44,2.943943065,15.31350556
2954,1,355535.0,1846.26,0.82094419,13.04233485
2955,0,263713.0,1790.42,3.867572571,16.74249823
2956,2,137428.0,885.67,3.078535486,16.17860457
2957,1,253381.0,1767.79,3.736174463,16.33330105
2958,1,359017.0,2086.41,2.522027499,15.42609424
2959,2,154126.0,1307.58,3.418685503,15.91691725
2960,1,128464.0,707.78,1.194457071,12.14138701
2961,2,123151.0,1331.55,3.09891541,16.42774205
2962,1,237954.0,1320.57,1.143964498,13.52358242
2963,1,168500.0,1209.76,4.790122104,16.89114448
2964,1,152122.0,749.6,4.093281817,16.53132888
2965,1,349223.0,2172.54,0.364372893,12.57613122
2966,1,147585.0,1262.3,3.484190702,15.68163032
2967,1,151210.0,921.47,3.047732292,15.18426443
2968,1,352756.0,1901.34,0.731198183,12.77540544
2969,2,134694.0,961.36,3.165776713,16.12167034
2970,2,238900.0,895.58,1.822027681,14.23290501
2971,2,362708.0,1625.26,1.378487697,13.57462739
2972,1,253705.0,1380.75,3.112624082,16.03919121
2973,1,141184.0,1378.2,3.527540598,16.98560983
2974,1,366057.0,1927.98,1.387602757,13.57128441
2975,0,160073.0,1026.2,3.421499673,16.54108673
2976,1,387729.0,2706.03,3.452618638,16.06015388
2977,2,250459.0,1434.04,1.22232925,13.66838687
2978,2,147564.0,875.54,3.561244562,16.34513378
2979,3,141398.0,895.58,2.979549133,15.38612248
2980,0,255405.0,1243.43,1.731360468,13.21106154
2981,2,135387.0,1670.17,2.839540091,16.04639526
2982,3,248819.0,1337.91,2.151364167,15.05077703
2983,1,244772.0,1338.11,2.165422954,13.62286727
2984,1,264574.0,2052.25,3.731804727,15.85145943
2985,1,146007.0,806.82,2.9106158,16.53402223
2986,1,152314.0,1453.8,3.653419956,16.42192348
2987,2,254645.0,1510.84,2.969300091,15.57598009
2988,2,269584.0,1920.37,3.212160086,15.92050765
2989,2,376308.0,2106.76,2.911001662,15.53847538
2990,2,232459.0,1745.75,1.295638186,13.21673214
2991,1,377452.0,1859.25,2.945767613,15.96972764
2992,1,275230.0,1753.78,3.505599361,15.95223589
2993,1,250185.0,1528.9,2.647128194,14.37011157
2994,1,166424.0,622.21,2.935149275,17.14039944
2995,1,166399.0,1742.73,3.740734105,15.82194609
2996,1,144686.0,897.67,3.590832102,16.5147158
2997,1,158444.0,1324.6,3.667091856,16.4304429
2998,1,375395.0,2027.36,0.590692251,13.90000915
2999,1,135474.0,897.57,2.995978967,16.00779223
3000,1,257607.0,1348.14,1.120556429,12.73868389
3001,1,270558.0,1762.45,3.496559436,16.41738673
3002,1,158684.0,1046.06,3.798441912,17.14350651
3003,2,343421.0,1904.05,0.693388225,12.46353649
3004,1,366292.0,1869.72,0.801060602,13.59211132
3005,1,163557.0,1436.44,3.729442721,16.73682075
3006,2,238118.0,1617.31,1.355977952,13.21644719
3007,1,359075.0,2332.55,0.527535322,12.18170424
3008,2,271512.0,1848.52,3.98173544,16.5829971
3009,1,356399.0,2148.33,1.370131768,12.14176108
3010,1,383788.0,2460.32,1.797628299,13.99197963
3011,0,171707.0,904.12,3.909474276,16.37552886
3012,0,374038.0,2126.16,3.656816157,16.0739384
3013,2,245128.0,1821.47,2.289486073,15.33682976
3014,1,156557.0,944.75,4.049300149,16.47124271
3015,1,378205.0,1909.16,3.66017029,16.0150375
3016,1,374212.0,2228.66,3.542542446,16.01284105
3017,1,259063.0,1445.31,1.159707229,13.42865028
3018,1,363117.0,2108.04,1.766228748,13.71859222
3019,2,140290.0,1550.12,3.149102639,16.29351078
3020,2,263294.0,1408.06,3.694868129,15.6056583
3021,2,267427.0,1765.21,4.203640474,16.18893006
3022,1,352130.0,2387.43,0.735898017,12.15323995
3023,1,273769.0,1967.52,4.039428555,16.03304308
3024,1,149484.0,898.53,3.636557437,15.51364998
3025,2,250477.0,1571.78,1.868168097,14.38781557
3026,2,256028.0,1829.55,3.841445395,16.1513538
3027,1,155474.0,741.61,3.687573308,15.98128997
3028,1,134529.0,654.22,2.104175955,15.25248968
3029,1,375647.0,2527.74,2.753763892,15.34958521
3030,2,359490.0,2233.74,2.018085787,14.89329201
3031,1,144995.0,869.05,2.878838194,16.11318431
3032,2,351930.0,1652.47,0.731066214,12.61631855
3033,2,146814.0,900.45,3.744872708,16.48284527
3034,2,332790.0,1549.14,1.778416488,13.50926382
3035,3,357251.0,1856.25,2.884679655,15.53830855
3036,2,123943.0,712.41,2.843825697,15.02651886
3037,2,250209.0,1589.55,2.889864428,15.47664216
3038,1,371900.0,2361.98,2.693689733,14.707395
3039,2,158111.0,646.0,3.955020118,17.0423732
3040,1,161633.0,1163.03,3.745869479,17.15306947
3041,1,376133.0,1918.69,3.174908855,15.82303834
3042,1,286349.0,1987.28,3.481339017,16.72488355
3043,1,381554.0,2452.47,1.695663256,13.18801724
3044,1,383730.0,2856.46,2.827378183,15.31859972
3045,1,158008.0,1074.28,3.274220119,16.57339421
3046,2,133937.0,933.09,2.879178597,15.26540359
3047,1,365441.0,2048.76,1.98291943,15.11732229
3048,1,241615.0,1216.92,0.54804458,12.03923291
3049,2,241971.0,1476.55,2.311773613,15.41195965
3050,2,250126.0,1754.33,2.206874391,15.51693956
3051,2,153553.0,805.27,4.280050152,16.32374228
3052,1,273961.0,2654.52,3.268714252,16.06131773
3053,1,256776.0,1268.96,2.62016854,15.52250698
3054,1,389345.0,2690.23,3.922250626,16.40521442
3055,2,228609.0,1273.25,0.664600786,11.2583727
3056,2,345022.0,1932.12,0.332495739,12.98315256
3057,2,370827.0,2458.64,3.19096396,15.41311532
3058,2,363177.0,1692.5,3.002603651,15.37079868
3059,1,144519.0,622.92,3.808682859,16.44167642
3060,2,115807.0,770.55,0.228299489,11.73631471
3061,2,251929.0,1452.79,1.671507567,15.04530755
3062,1,392395.0,2668.84,3.769040409,16.29182887
3063,2,135940.0,668.9,2.840877318,15.17696638
3064,1,359711.0,1891.7,1.394348684,13.34764271
3065,1,248923.0,1760.64,2.258023468,14.23792504
3066,1,267426.0,1330.0,3.366826757,17.02410165
3067,1,253495.0,1393.57,2.250434923,15.16902004
3068,0,362574.0,1737.85,3.418004892,16.11787671
3069,2,360670.0,3046.68,2.558562324,15.27413027
3070,2,134643.0,1321.94,3.807913397,16.82444582
3071,2,132011.0,838.54,0.806506241,13.53509387
3072,2,255338.0,1270.32,2.579920142,14.18468021
3073,2,357486.0,1887.31,3.133953078,15.52576759
3074,1,263578.0,1800.54,3.732248278,16.35133602
3075,2,364281.0,2255.04,1.480666229,14.86354296
3076,2,385580.0,2212.79,2.967799416,15.86674455
3077,2,360169.0,1837.35,2.758100222,15.39628126
3078,1,348203.0,1898.08,0.198031267,12.24916289
3079,1,283009.0,1947.3,3.754236646,16.84267984
3080,2,374163.0,2332.3,3.3178548,16.354447
3081,1,256397.0,1736.64,1.717453169,13.81828464
3082,1,187216.0,1239.13,4.853902034,17.6206829
3083,2,248088.0,1431.08,1.735777458,14.04110487
3084,2,262795.0,1574.11,3.944308792,16.43778908
3085,1,265490.0,2550.06,3.209129166,15.46881722
3086,2,345968.0,1772.93,1.518331515,13.35656237
3087,1,144539.0,933.94,3.281098618,16.11381488
3088,2,348008.0,1791.37,1.263838449,13.4764164
3089,1,149103.0,1406.67,3.614809254,16.69443534
3090,2,365409.0,1955.69,2.41042283,15.58601805
3091,1,264477.0,1627.32,3.294648142,15.89496353
3092,2,244668.0,1738.25,1.338005923,12.7803386
3093,1,265467.0,1749.31,2.96898128,15.05806157
3094,2,120430.0,1502.71,3.084657809,15.75805353
3095,1,245205.0,1164.63,2.76062238,15.17893067
3096,1,362391.0,2337.9,1.652935429,13.48095825
3097,2,182076.0,1030.21,4.931328412,17.03929061
3098,1,281281.0,1809.52,4.242567455,16.82843537
3099,1,366377.0,2061.0,3.130038016,15.58449902
3100,2,242729.0,1745.21,3.107152286,15.65473587
3101,1,255014.0,1864.59,1.998350832,14.40248985
3102,2,248283.0,1943.08,2.776125222,15.60309797
3103,1,145288.0,1174.55,3.84002576,16.23526322
3104,1,156215.0,1323.29,4.266584067,16.12862857
3105,2,120559.0,693.21,1.854686663,15.09515802
3106,2,356808.0,1820.42,1.680050782,15.13897852
3107,2,143617.0,1224.53,3.367253574,14.79344465
3108,1,154092.0,915.86,2.536326427,15.81981259
3109,2,365961.0,2113.33,0.791804969,12.90442565
3110,1,373543.0,2260.37,3.696685219,16.18537169
3111,1,129498.0,1377.52,3.184869522,15.95993151
3112,1,379573.0,2112.41,3.173823134,15.99458765
3113,1,163661.0,1636.7,3.706957174,16.59538556
3114,2,343166.0,1838.3,0.788672619,11.96066439
3115,2,252442.0,1768.95,3.172602226,15.34854654
3116,1,375303.0,1924.53,1.618454693,13.94120514
3117,1,171183.0,1855.31,3.912407626,16.98267633
3118,1,354571.0,1987.47,0.125256645,12.95606991
3119,2,353565.0,1995.34,1.438471973,13.51520012
3120,2,257411.0,1659.2,3.094038357,15.42397264
3121,2,130431.0,813.72,2.579164985,15.91790225
3122,1,142969.0,966.58,3.427078451,16.44688038
3123,1,362164.0,1909.46,0.623781279,13.89868863
3124,2,252438.0,1426.67,3.754884518,15.69487819
3125,3,350515.0,1509.98,1.534347321,13.60574337
3126,1,363880.0,2168.37,1.319252882,12.73298484
3127,1,368441.0,1814.07,1.008479681,13.43061718
3128,0,390405.0,2829.66,3.488063878,16.13225163
3129,3,242091.0,1579.53,1.851646285,13.22740367
3130,1,355867.0,1976.19,0.688098157,12.93398107
3131,2,364296.0,1840.67,2.525255541,14.96442705
3132,2,150185.0,1096.35,3.435068167,16.73278576
3133,2,363855.0,1736.76,2.146008179,14.88431896
3134,1,381151.0,2600.01,3.063455989,16.11917586
3135,1,183063.0,784.43,3.78932545,17.07812652
3136,1,146385.0,1059.4,3.633738806,16.39218187
3137,1,125612.0,817.64,1.919091141,13.89575245
3138,1,148945.0,922.8,3.643082033,16.1884133
3139,2,147724.0,1125.11,3.828242428,16.52289636
3140,1,139865.0,743.15,2.143630246,15.09509723
3141,0,186738.0,938.79,3.836924447,16.92531233
3142,2,246884.0,1040.41,3.456695977,15.98117328
3143,1,121027.0,681.37,0.076773283,12.7582955
3144,0,256055.0,1375.79,2.893687015,15.90870106
3145,1,242250.0,1501.84,1.243478784,13.49778826
3146,1,375819.0,1803.57,2.140918692,15.81552026
3147,1,141697.0,952.98,2.99656427,15.96573132
3148,2,351218.0,1832.65,1.175087551,12.35791903
3149,2,245359.0,1778.17,2.853539658,13.79963957
3150,2,114947.0,1671.81,1.389878879,12.8683478
3151,1,270477.0,1853.86,3.660757346,15.99172947
3152,1,371463.0,2137.15,2.51922446,15.83965696
3153,1,249388.0,1386.87,1.924403104,13.97484452
3154,1,260700.0,1852.74,3.898001565,17.03435335
3155,2,245778.0,1440.61,0.810439459,13.68662817
3156,3,125781.0,929.68,1.306121911,12.68870912
3157,1,390064.0,2354.9,3.115898427,15.74360671
3158,1,151845.0,870.41,3.728740485,16.46979539
3159,1,384909.0,2878.55,1.679412175,15.07193004
3160,1,258710.0,1808.04,3.814333598,15.93488777
3161,1,163165.0,1188.94,4.148543703,16.64307164
3162,2,126356.0,1532.58,2.246363286,15.67151256
3163,2,252298.0,1078.55,3.539490218,15.85053244
3164,1,159873.0,838.97,3.51342371,17.15722525
3165,2,254152.0,1919.6,3.95920495,15.75691407
3166,1,379968.0,2742.56,3.39704851,16.47456992
3167,1,382786.0,2449.72,2.896482095,15.01825293
3168,1,366377.0,2245.87,2.00347379,14.84959281
3169,1,168855.0,691.68,3.953476974,16.23945266
3170,3,241631.0,1797.62,2.955953552,15.67239635
3171,2,248025.0,1828.38,1.804763983,13.92507584
3172,1,163932.0,1314.08,3.555894269,16.27319226
3173,1,369820.0,1711.13,3.546874321,16.06627224
3174,2,251580.0,1767.21,2.039453425,14.17608076
3175,1,251682.0,1306.08,1.841566837,13.33070554
3176,1,147946.0,955.05,3.754311914,16.31496969
3177,2,352144.0,1837.63,1.58237985,12.63711397
3178,1,156294.0,1113.84,3.119951745,15.96210656
3179,1,138160.0,813.77,2.356440101,15.57503888
3180,1,126878.0,767.19,2.534637944,13.98287189
3181,2,351881.0,2075.95,1.27810394,13.72949131
3182,3,143641.0,1568.29,4.390451718,15.91362259
3183,1,365322.0,1935.95,2.965778362,15.87725267
3184,2,247497.0,1800.45,2.315152151,14.37000677
3185,1,253090.0,1787.96,3.764742448,15.85234032
3186,1,149701.0,948.49,3.205613645,15.83664758
3187,1,138741.0,816.05,1.925555111,15.53798481
3188,2,143742.0,1130.04,4.031898174,15.93551168
3189,3,239220.0,1502.93,1.526577401,13.45615959
3190,1,387803.0,2604.7,3.856589407,15.79716838
3191,1,367735.0,2301.11,2.380217858,14.89324769
3192,1,238240.0,1389.38,2.200859561,14.36674777
3193,1,237895.0,1495.62,0.883176532,12.69711488
3194,2,131041.0,1569.62,1.519032244,13.68159405
3195,2,347708.0,2002.77,2.267776418,13.56757237
3196,2,246920.0,1755.45,2.377796099,15.28400702
3197,1,260453.0,1465.55,1.28007741,13.8724219
3198,1,362205.0,1888.63,0.817546388,12.92773445
3199,2,238917.0,1750.25,2.060144611,13.68443378
3200,2,152416.0,836.15,4.580535374,17.02018554
3201,1,245513.0,1399.75,1.844303238,14.32050469
3202,1,362914.0,2065.64,1.760117128,15.46333647
3203,2,250650.0,993.18,3.111261566,15.65165933
3204,1,251613.0,1225.66,1.466990338,13.71901653
3205,2,361208.0,2327.63,3.0997507,15.1705588
3206,1,143571.0,733.21,2.799417428,16.26405824
3207,1,367368.0,2255.04,2.914117844,15.71029634
3208,1,170603.0,943.08,4.025329519,16.42200979
3209,1,143289.0,780.09,3.016330632,15.86532481
3210,1,154921.0,733.09,3.830487524,16.79308032
3211,1,267960.0,1462.58,3.917038544,16.37159794
3212,1,172916.0,862.42,4.430281265,17.73027397
3213,1,247537.0,1724.85,1.730773046,13.76235063
3214,1,364509.0,1913.97,1.319520785,13.98919007
3215,1,142044.0,586.86,2.993947028,16.15798201
3216,1,127838.0,810.74,2.921168355,15.30452474
3217,1,360275.0,1994.88,1.500477798,15.65072493
3218,1,262468.0,1427.84,2.224321644,14.1015554
3219,2,355550.0,1518.67,1.863639227,13.54842431
3220,2,245008.0,1654.45,2.257683416,14.63220441
3221,1,179719.0,1428.52,4.007052327,17.12601924
3222,3,144655.0,858.46,3.656032822,15.60197868
3223,1,368279.0,1896.3,1.551352907,13.66930042
3224,1,187038.0,699.19,3.886440003,15.84946084
3225,0,371143.0,1759.97,3.190411578,16.05561572
3226,2,132277.0,1112.59,2.169905171,14.6291826
3227,1,256187.0,1826.43,2.148984754,15.22526073
3228,1,257856.0,1269.42,3.27595312,15.52282106
3229,1,246676.0,1388.53,2.242301577,13.85765482
3230,1,261892.0,1776.07,3.552129124,16.37390119
3231,1,236230.0,1735.53,2.776787773,14.99734323
3232,1,352471.0,1813.23,3.117663985,15.29596903
3233,2,363899.0,2303.67,1.497142169,13.31911534
3234,1,260223.0,1809.72,3.562659987,16.25304929
3235,1,164934.0,1127.57,3.645156561,16.47103264
3236,1,155678.0,1607.64,3.263508652,16.07517437
3237,1,155000.0,1228.31,3.516195128,16.68385114
3238,1,237185.0,1245.26,0.894905024,12.33841703
3239,1,122929.0,782.93,0.923115377,13.34343054
3240,1,372010.0,2519.95,1.120370951,14.92456256
3241,2,360301.0,1850.28,2.119936504,14.47897717
3242,1,360107.0,1827.36,1.226363211,13.08877324
3243,1,249764.0,1280.29,2.179987291,14.28149177
3244,1,207639.0,1166.14,4.897495464,17.52706705
3245,2,255161.0,1835.6,3.307348915,15.70077624
3246,1,262859.0,1497.97,1.532300056,13.83276177
3247,1,167217.0,1318.15,3.722041428,16.78356489
3248,1,178655.0,900.63,3.700654649,17.62184299
3249,0,276994.0,2455.51,3.615584601,16.15717646
3250,1,239799.0,1268.74,1.580015198,13.02850081
3251,2,140228.0,697.54,2.832217445,15.49856369
3252,3,350609.0,1911.85,1.010483156,13.39245936
3253,1,380404.0,1937.43,1.579320529,14.05990807
3254,0,357779.0,2184.66,0.412900942,11.96687972
3255,1,160067.0,645.3,3.477759577,16.68752428
3256,2,141058.0,856.02,2.69659591,13.65078703
3257,2,114947.0,752.3,1.360577416,13.20712448
3258,2,339386.0,2044.03,1.590636455,11.39017662
3259,2,249163.0,1461.36,1.463325964,13.79514041
3260,0,269195.0,1818.4,3.459102839,16.4557475
3261,2,143902.0,1109.84,1.429795582,13.71038695
3262,3,231504.0,935.64,1.275065335,13.57000992
3263,2,131423.0,876.65,2.82340494,16.31614686
3264,3,123589.0,860.22,2.196566699,13.44126045
3265,2,233763.0,1222.95,2.415504079,14.08149721
3266,1,257655.0,1765.79,1.443436757,12.80033394
3267,2,142512.0,702.33,1.423763033,14.21014757
3268,3,115237.0,979.17,1.005391422,11.82613266
3269,2,249687.0,1685.52,2.206094318,13.43485775
3270,2,128296.0,710.38,1.702370253,14.04836238
3271,2,114947.0,692.13,1.596115857,13.36818984
3272,1,143969.0,1109.09,2.768693359,15.80064343
3273,2,251821.0,1651.3,3.073185843,14.80310178
3274,1,250264.0,1354.27,2.222784565,15.41422914
3275,1,287462.0,2081.25,3.804346627,16.81968538
3276,2,359891.0,1809.09,1.643610354,12.92560476
3277,1,163252.0,1344.86,4.711985787,17.73027397
3278,1,156131.0,1197.16,4.084909091,16.63124459
3279,2,154613.0,1279.55,3.685044382,16.45729321
3280,1,148680.0,924.2,2.332248612,15.95115552
3281,2,157090.0,1192.32,4.207566815,17.02937665
3282,2,359744.0,2376.39,0.771029476,12.75506156
3283,1,143403.0,869.7,2.909830187,16.13851091
3284,1,286210.0,1800.94,3.941659872,17.37988876
3285,2,254117.0,1925.04,3.40154806,16.23926998
3286,1,148899.0,828.52,3.006168494,15.81882433
3287,1,250381.0,1706.65,2.748725795,15.80373389
3288,1,287830.0,1945.18,3.737036069,16.81178943
3289,1,260918.0,1788.26,2.622473235,15.4090518
3290,1,146757.0,840.93,2.951614727,15.76043513
3291,0,275501.0,1888.25,3.70324244,16.08653554
3292,1,283539.0,1849.52,3.711409647,16.61820243
3293,1,269863.0,1882.03,3.736649676,16.42614516
3294,1,368352.0,1662.09,1.491957519,15.63791073
3295,1,371655.0,2345.51,1.302072869,12.91389981
3296,3,353786.0,2188.16,2.500261366,15.13727926
3297,1,372415.0,1876.72,1.985256633,13.8537328
3298,2,126816.0,859.61,2.44160689,14.47317423
3299,2,369953.0,2341.45,2.866041542,14.4962439
3300,1,130676.0,1399.11,1.112333963,13.61732672
3301,1,376073.0,1681.56,3.721688196,16.82463345
3302,2,256312.0,1508.11,3.061032387,15.34335912
3303,1,242172.0,2139.63,1.961041417,13.43447723
3304,1,264765.0,1682.97,3.545739674,15.93176888
3305,0,135578.0,883.13,1.782125067,14.78050675
3306,1,375375.0,1875.29,2.213904444,15.11174634
3307,1,388191.0,1987.61,2.535801477,15.49094023
3308,1,356748.0,1794.39,1.293022216,13.84459187
3309,1,230380.0,1215.07,1.607850127,12.93157573
3310,1,274495.0,1910.43,3.773043274,15.89837137
3311,2,135263.0,832.99,2.305469902,14.26471874
3312,1,251310.0,1801.92,2.264873682,15.61390813
3313,1,133130.0,1366.55,3.110631291,16.32880025
3314,1,373197.0,2634.21,2.212795622,14.96256958
3315,2,263066.0,1529.84,3.629996069,15.54786607
3316,1,380530.0,2419.57,2.062125813,15.54362654
3317,1,152888.0,1084.46,2.582261009,16.01815106
3318,1,271097.0,1766.65,3.736992269,15.89229791
3319,1,367825.0,1611.59,1.768167941,13.94525434
3320,2,130800.0,688.4,2.263535361,15.61487189
3321,1,154399.0,770.6,4.013930387,16.7959147
3322,1,283342.0,2151.89,3.879827651,16.90193531
3323,1,370332.0,1855.93,1.244997355,12.88889567
3324,1,267067.0,1748.2,3.890115462,16.86110889
3325,3,240367.0,1814.8,1.622886194,13.33637735
3326,1,370525.0,2398.61,0.823770671,12.32997703
3327,1,257687.0,1899.24,3.244673546,15.82388249
3328,1,376288.0,2421.4,2.087471791,14.01153106
3329,2,364995.0,1954.76,2.910334785,14.94978795
3330,2,250972.0,1771.13,2.932065713,15.4365763
3331,2,248630.0,1292.79,3.090647695,16.16817082
3332,1,244406.0,1683.56,2.167214604,14.13311872
3333,1,368194.0,2407.08,1.038922856,15.18704373
3334,0,193640.0,829.21,3.501239353,16.49726894
3335,1,161651.0,1120.07,3.762379664,17.0034829
3336,1,379443.0,2241.44,3.712623969,16.67898022
3337,2,252035.0,1638.74,3.227281263,15.13924662
3338,1,158551.0,817.67,3.342840885,16.76825581
3339,1,374630.0,2241.83,1.643469601,13.53440019
3340,2,133223.0,824.99,2.892221893,16.1347343
3341,1,266090.0,1483.22,3.924228227,16.81929961
3342,1,366721.0,1804.51,1.034119225,12.9364944
3343,0,283332.0,2264.09,3.569850251,16.7110896
3344,1,257471.0,1677.08,1.304493906,12.61337922
3345,2,140101.0,1110.7,3.845479284,15.40762953
3346,2,265528.0,1772.39,3.740157135,16.45159366
3347,2,239892.0,1351.17,1.339012028,13.04133515
3348,2,357302.0,1805.02,0.991166211,12.65199578
3349,1,150069.0,908.15,3.763739441,16.69689224
3350,2,370824.0,1866.27,1.597420986,13.41429029
3351,1,371377.0,2216.71,1.902093607,14.09080844
3352,3,241558.0,1647.95,2.363465255,14.8859351
3353,2,237486.0,1803.53,2.214290192,15.19899944
3354,0,395207.0,1878.33,2.986228488,16.02017694
3355,2,126256.0,725.14,1.624768714,13.5883592
3356,2,360025.0,1832.96,3.210238369,16.15929779
3357,2,253120.0,1325.49,1.562170022,15.72889284
3358,1,174644.0,790.96,3.409897329,16.96141658
3359,1,381158.0,1885.03,2.861213944,15.67959944
3360,2,244957.0,1260.48,1.027648827,13.71117162
3361,0,150125.0,977.41,3.823095815,16.98466681
3362,1,158820.0,1344.65,4.1248945,16.79219467
3363,1,376188.0,2349.0,1.65144967,13.45304071
3364,2,120897.0,754.52,2.388265153,13.6752202
3365,2,257884.0,1432.1,3.660035071,15.57970062
3366,1,378693.0,2255.99,3.530931207,15.77630781
3367,2,254885.0,1327.94,1.919035023,13.94301759
3368,2,246735.0,1821.64,3.634051652,15.94456391
3369,1,386676.0,2456.09,3.474151737,16.87505912
3370,1,259179.0,1368.81,2.623737705,15.71235776
3371,1,363045.0,2179.23,1.598296571,13.54189293
3372,2,129998.0,1377.45,2.754317788,16.36669097
3373,1,162562.0,781.98,3.400303891,16.8318329
3374,1,374031.0,1929.04,3.359054273,16.0975696
3375,1,248498.0,1375.88,0.948888975,12.89162209
3376,1,243365.0,1723.44,1.280160058,13.59044615
3377,1,132748.0,1051.81,2.385437487,16.09287175
3378,2,262789.0,1755.86,3.783063063,15.82550954
3379,1,387340.0,2603.43,3.119437868,15.60350599
3380,1,276668.0,1930.75,3.53170967,16.06859748
3381,1,360988.0,2088.65,0.712109172,12.22003055
3382,1,137632.0,757.08,3.092129553,15.107933
3383,2,262470.0,1616.79,2.91457794,14.88344194
3384,1,144633.0,925.71,3.733452744,15.87245243
3385,1,254175.0,1922.35,3.544648927,16.97636436
3386,1,131176.0,632.07,2.405599465,16.10712082
3387,1,250199.0,1865.46,2.118010763,15.51802263
3388,1,151389.0,829.46,2.896665546,15.97472592
3389,1,128902.0,723.52,2.475995632,15.8391036
3390,1,369187.0,2588.4,3.083647112,15.62427433
3391,2,244187.0,1306.15,1.557663018,13.63395223
3392,1,370817.0,2157.74,2.232796263,15.70233625
3393,3,134096.0,939.62,3.087029501,15.07821233
3394,2,114947.0,887.15,2.488277902,14.49939589
3395,0,139126.0,586.86,1.987248638,13.59766406
3396,2,357682.0,2144.89,1.771108441,13.50944603
3397,1,249081.0,1048.98,0.640677841,13.22171913
3398,2,145777.0,826.27,3.996771938,16.62096724
3399,1,362973.0,2268.47,0.5452913,12.02249082
3400,1,174228.0,784.09,3.857009702,17.32948718
3401,2,244470.0,1666.74,1.086145611,12.01683972
3402,1,379132.0,2361.26,2.969230513,15.89188072
3403,2,247257.0,1838.15,2.972910054,15.21062856
3404,2,358310.0,2134.97,2.352090593,15.78203758
3405,2,354775.0,1833.08,1.508559961,13.00687261
3406,1,157604.0,870.6,4.661222463,16.94026668
3407,2,254333.0,1742.94,2.323979085,13.74594086
3408,1,363547.0,1835.55,2.116594059,14.13033622
3409,1,365860.0,2123.26,0.864583367,12.76318291
3410,1,242009.0,1409.2,1.451167481,13.74073554
3411,2,350428.0,2246.88,1.16867872,13.27200407
3412,1,276764.0,1924.39,3.709005918,16.26720575
3413,1,237123.0,1458.04,0.503635995,13.08120037
3414,2,246052.0,1386.98,2.018449528,14.64777263
3415,1,245933.0,1813.24,3.377941194,16.15215828
3416,2,250495.0,1820.17,1.600793485,14.66541944
3417,1,265851.0,1792.66,3.620562252,16.38705336
3418,2,251675.0,1280.56,1.034565426,13.30360809
3419,1,169026.0,1351.53,3.759986781,17.38279161
3420,2,370979.0,2284.87,2.00669239,15.63810438
3421,1,256074.0,1618.55,2.191479556,14.15625002
3422,2,262940.0,1454.97,2.979790628,15.22533913
3423,1,374283.0,1945.75,1.583356545,13.38972763
3424,2,120385.0,1022.72,2.125500008,15.19784086
3425,2,244177.0,1544.64,2.015934955,13.3665742
3426,1,163426.0,810.18,4.606265389,16.63600024
3427,3,138973.0,1246.63,3.737799762,15.81465053
3428,2,240833.0,1413.61,2.987480806,15.61034557
3429,1,255265.0,1453.43,1.897537003,14.55501193
3430,1,263094.0,2243.7,3.059521998,15.75816355
3431,3,138625.0,901.4,2.908047636,15.31222626
3432,1,155926.0,1174.21,2.989733415,16.15165519
3433,0,268024.0,1846.36,3.916021871,16.57232547
3434,2,345148.0,1901.81,1.48737433,12.41550643
3435,2,266805.0,1880.21,3.820265479,16.00873917
3436,1,394308.0,2347.55,3.644968276,16.42994133
3437,1,363162.0,1913.92,1.466518655,15.30733512
3438,1,388722.0,2070.38,3.443327057,15.18351792
3439,1,150989.0,1516.67,3.654602058,16.77039996
3440,2,144126.0,953.71,3.59284888,16.27271458
3441,1,340009.0,1748.14,1.544053306,11.78023984
3442,1,359541.0,1839.72,1.664313913,13.50347038
3443,1,141100.0,662.06,3.031496615,16.71576143
3444,1,358533.0,1870.71,0.055147125,12.63060799
3445,2,342767.0,1523.2,1.383979516,11.95051768
3446,1,153162.0,861.55,4.437748524,16.90986368
3447,2,261022.0,1854.22,3.683201151,16.57989565
3448,1,246772.0,1271.41,1.009161543,13.23277045
3449,2,144584.0,1159.59,3.778522587,16.21670893
3450,2,377316.0,2434.31,3.268915245,16.29088602
3451,1,159786.0,1356.97,3.620623658,17.35904307
3452,1,352805.0,1894.13,-0.018673588,12.64073469
3453,2,239512.0,1506.89,1.063961845,13.07550185
3454,1,262515.0,1827.16,2.810966781,15.4126951
3455,2,140317.0,1560.7,3.445766824,16.61602944
3456,1,147835.0,592.66,2.986064306,16.48395956
3457,2,362258.0,1919.84,2.682802335,15.49232659
3458,1,281994.0,1809.63,3.652618813,16.18685462
3459,2,274345.0,2246.05,3.600120174,16.4766896
3460,1,144113.0,934.27,3.59895713,16.03567067
3461,1,284001.0,1848.98,3.913797942,17.38085729
3462,2,342001.0,2004.49,0.405153516,11.83033317
3463,2,252836.0,1765.81,3.788647795,15.65148036
3464,1,372669.0,2129.5,0.817520297,13.20609061
3465,1,264862.0,1762.79,3.580156984,16.33466323
3466,1,183271.0,1861.25,3.764091821,17.39264484
3467,1,266132.0,1871.86,3.86570922,16.02413524
3468,1,165856.0,653.75,3.371410311,17.25260481
3469,1,203164.0,781.16,3.778817034,16.98919505
3470,1,256692.0,1841.42,3.274908022,15.40412172
3471,1,249808.0,1684.33,2.183960731,14.68365192
3472,1,155436.0,937.34,3.711412896,16.2989742
3473,1,265300.0,1809.97,3.612076475,16.2549234
3474,1,245837.0,1703.21,1.723143837,14.73833807
3475,1,360959.0,1805.03,1.209142615,13.48997142
3476,1,369295.0,2319.54,2.398622822,15.67861847
3477,1,272947.0,1813.73,3.650846977,16.79139967
3478,1,367624.0,1892.91,2.154739317,13.7782469
3479,2,125245.0,1432.19,3.104724831,15.5124858
3480,2,355682.0,1779.75,2.353409451,15.06024753
3481,1,182681.0,797.21,3.74396557,16.67287949
3482,2,240004.0,1531.41,1.652065626,14.76759053
3483,1,268407.0,1479.08,3.574245563,15.59572049
3484,2,377665.0,2573.96,1.961526111,15.12506097
3485,1,356034.0,1836.53,1.547130358,15.42728303
3486,2,128400.0,744.16,1.656454471,13.75143825
3487,1,261695.0,1385.44,3.149588229,16.34725381
3488,0,265188.0,1362.46,2.869927543,15.66544444
3489,1,265700.0,1853.95,3.51390301,16.26426494
3490,1,246432.0,1487.45,2.730844999,15.57072731
3491,1,258959.0,1863.87,3.641127591,16.24496308
3492,1,363408.0,2305.9,2.962778271,15.46136591
3493,2,383980.0,2571.75,2.499651316,15.4131998
3494,1,123379.0,640.1,1.547032554,12.45789714
3495,2,154889.0,1149.47,3.380937086,15.76426146
3496,1,144303.0,972.17,3.531295999,16.22148198
3497,2,134627.0,624.73,2.973255118,15.65149515
3498,3,127226.0,1532.24,2.937344478,16.17427999
3499,2,366103.0,2176.23,3.009256856,15.68709251
3500,1,285074.0,1834.02,3.657037288,17.16379416
3501,2,247925.0,1765.37,3.697947606,15.85040261
3502,2,135429.0,823.03,1.535171048,14.15157456
3503,2,151712.0,853.58,1.47017733,13.43574715
3504,1,369119.0,2165.84,3.755942435,16.11418558
3505,2,136295.0,879.51,3.228924949,14.9781946
3506,1,128590.0,722.33,1.268787877,12.85657305
3507,1,156100.0,1104.62,4.090543437,17.1788848
3508,0,134476.0,755.81,1.81858025,14.03302747
3509,1,117583.0,1288.37,1.270830444,13.30466701
3510,2,366829.0,2150.29,1.321681604,13.62282963
3511,1,366015.0,2253.01,1.677278461,13.80792495
3512,2,357407.0,2576.98,2.400915427,15.19725161
3513,2,242847.0,1334.61,1.185146003,12.88755136
3514,2,349179.0,1792.69,0.453517342,12.16603901
3515,2,354848.0,2445.67,2.483947021,13.96650952
3516,1,116147.0,691.67,1.700714694,13.50537533
3517,2,141158.0,1346.62,3.3057662,15.95184796
3518,2,250076.0,1884.99,3.375516202,15.94685544
3519,0,388077.0,1878.08,3.378028141,16.74685892
3520,2,263219.0,1861.74,3.663222526,15.93583288
3521,1,374649.0,2468.25,3.463517901,15.7525728
3522,2,127998.0,608.85,1.947653293,14.89560205
3523,2,353412.0,2195.77,1.589245025,12.4482748
3524,2,130458.0,1175.5,2.114871122,15.11599816
3525,2,353445.0,1845.67,0.963620715,11.2583727
3526,1,263522.0,1795.9,3.198528411,15.68887344
3527,1,168034.0,1328.41,4.14840049,15.491822
3528,1,365078.0,2097.63,0.711247115,13.18436713
3529,3,114947.0,1538.96,2.079868072,15.3419901
3530,2,256883.0,1822.88,3.038360318,15.53481267
3531,2,145394.0,1084.92,3.804611357,16.45541507
3532,2,367999.0,2249.32,3.524280082,15.67406237
3533,2,232534.0,1139.19,0.824846278,14.52150428
3534,2,130347.0,1509.27,3.078180713,16.55811867
3535,1,163127.0,1097.04,3.205052733,16.70486739
3536,1,354316.0,1842.07,1.15151914,14.48977174
3537,1,161521.0,968.09,4.034794616,16.33033984
3538,2,146798.0,1514.54,3.624134791,15.84570776
3539,1,256000.0,1326.18,2.729015037,14.90766201
3540,2,362440.0,2298.82,2.221637096,13.06906798
3541,2,146409.0,1296.1,2.992243304,15.96692148
3542,1,247902.0,1269.35,1.75179424,14.96608886
3543,2,136081.0,936.26,2.899332188,13.75423577
3544,1,145484.0,1819.87,3.521955848,16.44249704
3545,2,263461.0,1395.75,2.759213727,15.08028803
3546,1,368028.0,2056.02,1.009044125,13.63474775
3547,2,350651.0,1949.8,1.075241851,13.880211
3548,2,358420.0,1848.73,1.44179232,12.56763503
3549,2,362972.0,1832.52,2.093362031,14.72332059
3550,1,370957.0,1786.87,2.524851071,15.14655876
3551,1,257800.0,1500.12,3.60048719,15.9837
3552,2,260573.0,1333.18,4.098724991,15.67053218
3553,1,255785.0,1503.38,2.432007141,15.1834337
3554,2,249342.0,1903.04,3.050376362,15.49082532
3555,2,136685.0,890.12,2.257568642,15.37463335
3556,1,153913.0,1473.73,4.03455634,16.47066419
3557,1,262796.0,1766.92,4.110873023,16.67818284
3558,1,391694.0,2383.44,3.664583537,16.2366008
3559,2,138537.0,868.87,2.944548541,16.04485937
3560,1,379341.0,2266.02,3.444857864,15.8073701
3561,1,253971.0,1422.81,1.484585412,14.0077202
3562,2,141054.0,1031.22,2.146262727,15.22727274
3563,1,252468.0,1433.47,2.887687182,14.43982641
3564,1,278101.0,1814.47,3.573415012,16.60307715
3565,1,265604.0,1871.55,3.528100095,15.72407953
3566,1,244626.0,1822.18,2.106316201,13.87996412
3567,1,381753.0,2320.04,2.924129584,15.44865704
3568,3,114947.0,1462.4,2.032092767,13.60017195
3569,0,389918.0,2188.18,3.541899502,16.46036506
3570,1,146985.0,896.15,3.714050175,16.45559338
3571,2,248807.0,1769.27,3.238786297,15.94038104
3572,1,268169.0,1582.62,3.599618383,16.4219604
3573,3,261300.0,1862.91,3.27817381,15.50220893
3574,1,135128.0,589.88,1.86558183,13.90175855
3575,2,159941.0,782.08,3.816104171,16.30217177
3576,1,377830.0,1979.68,1.732535271,15.77144267
3577,1,274158.0,1466.26,4.392535086,16.92363806
3578,2,133375.0,990.6,3.862824682,16.49683758
3579,2,157543.0,928.83,3.56064012,15.96617135
3580,1,270833.0,1643.37,3.793734614,17.0474548
3581,1,146389.0,742.46,3.088260756,16.44067572
3582,1,355963.0,1930.24,1.465714451,12.62132913
3583,0,385939.0,2471.98,3.59130951,16.1267537
3584,2,234165.0,1346.77,0.314203945,13.42498159
3585,0,161763.0,1075.22,3.580811112,16.21495512
3586,2,347055.0,1484.54,1.429817736,13.05047962
3587,2,154226.0,1158.02,3.195638124,15.79729813
3588,1,165804.0,1793.55,3.693007891,16.8897354
3589,2,387086.0,2095.05,3.219827135,16.07218598
3590,1,354301.0,1863.23,1.459262358,12.86625345
3591,1,145979.0,1291.56,2.896216873,15.63183211
3592,2,364106.0,2003.39,1.236720521,12.91463081
3593,1,360576.0,1949.2,0.859605124,13.88621442
3594,1,259581.0,1857.54,2.438803441,15.50982139
3595,2,238588.0,1564.64,1.099916214,14.96124349
3596,1,270116.0,1954.36,3.603896615,16.9977982
3597,2,254322.0,1721.43,1.752795,14.75807637
3598,1,365210.0,2245.52,1.634839778,13.11430238
3599,1,265006.0,1909.31,4.435390626,16.70949186
3600,2,154182.0,1324.84,3.643980583,16.68392521
3601,1,268563.0,1462.03,3.966582503,16.31737469
3602,0,377317.0,1868.15,3.639027268,16.05715964
3603,1,363206.0,2350.25,0.679010235,11.92821153
3604,1,375674.0,1943.83,2.049535361,13.63058654
3605,1,256811.0,1413.45,3.284699144,15.84659065
3606,2,248098.0,1211.95,0.558355753,12.72542009
3607,2,127115.0,1496.16,1.544167926,14.16554984
3608,2,360014.0,2221.02,1.862145588,13.8209731
3609,1,265740.0,1558.36,3.591187054,15.5517353
3610,1,354254.0,1891.18,0.895727529,12.53614414
3611,1,354880.0,2243.66,1.478409719,13.54470025
3612,1,143634.0,1373.2,2.910324075,15.87589245
3613,1,270051.0,1607.18,3.669744158,14.33052204
3614,2,267890.0,1891.92,3.57466826,15.43785277
3615,2,242112.0,1301.76,1.779659343,13.48059148
3616,1,394414.0,1953.96,4.346815598,16.34615461
3617,1,373827.0,1901.1,2.807587478,15.06356544
3618,1,266236.0,1868.73,3.62196517,15.93904927
3619,2,132749.0,743.71,1.985793288,15.23688627
3620,2,132341.0,928.14,2.907652825,15.50636255
3621,2,140057.0,889.95,3.080398528,14.26082225
3622,2,136003.0,792.63,1.800205732,13.40882904
3623,2,133121.0,996.96,3.830228647,16.21191206
3624,2,248826.0,1329.48,1.829795245,13.47344125
3625,2,163440.0,1081.41,3.67620327,16.49643751
3626,1,164205.0,1200.56,3.66616249,16.48363336
3627,2,343376.0,1738.51,1.038294625,13.30629026
3628,1,157735.0,826.71,3.949214947,15.72651501
3629,1,138714.0,737.68,3.718375016,16.30176834
3630,1,362146.0,1970.0,2.034199579,13.21964956
3631,1,143033.0,933.61,3.07673575,15.64018512
3632,1,125122.0,702.52,1.827552266,13.45751057
3633,2,369298.0,1881.34,2.884021877,15.62305099
3634,1,374909.0,2390.94,3.317217344,15.93070619
3635,1,250784.0,1680.71,1.539681231,13.64706119
3636,2,114947.0,721.7,1.898786703,13.29330503
3637,2,346987.0,1818.78,1.872643463,12.94318431
3638,2,135283.0,820.33,1.383257407,14.87796398
3639,1,157746.0,983.73,3.860219976,16.22377084
3640,2,363978.0,2159.57,1.639195761,13.22520272
3641,1,376252.0,1973.52,1.560644891,12.57378376
3642,2,143948.0,1111.16,2.873272785,15.98397742
3643,2,140664.0,1181.99,3.319684687,16.21294528
3644,2,378242.0,2586.8,1.47684235,14.73475763
3645,1,143611.0,872.25,3.014405811,16.12754794
3646,2,130940.0,1522.22,1.110921828,12.9496097
3647,1,256865.0,1401.51,1.914583798,13.30587384
3648,2,358560.0,1828.16,1.400353862,13.54776852
3649,3,247283.0,1798.45,3.41342401,15.60788549
3650,1,370004.0,2328.46,3.318545321,15.3370489
3651,2,173237.0,793.36,3.643041887,17.34858135
3652,2,362631.0,1969.61,1.395307865,13.03019776
3653,1,376950.0,1989.88,0.875184353,13.53498914
3654,2,241641.0,1845.05,1.18837962,14.21616551
3655,1,271393.0,1322.14,4.278610842,16.84578181
3656,2,262086.0,1565.09,3.03529815,14.53571864
3657,2,132652.0,810.84,3.1855118,16.00059449
3658,1,367645.0,1869.21,1.35307424,13.54479073
3659,2,130171.0,781.99,1.323434722,13.36695037
3660,0,268974.0,1156.46,3.796725933,16.66927406
3661,1,154827.0,1162.21,3.872679529,17.26379274
3662,0,271054.0,1894.14,3.921543877,15.74135778
3663,2,244294.0,1884.79,3.247787887,15.48900662
3664,2,367316.0,2024.69,3.076023243,15.49264942
3665,1,137609.0,636.83,2.972642098,15.81488617
3666,1,149597.0,988.13,2.961057995,16.4131522
3667,2,237168.0,1350.07,2.330792598,13.25484995
3668,2,137282.0,688.42,2.347560188,16.11037967
3669,2,251304.0,1413.69,3.544268551,16.22579581
3670,2,126840.0,967.26,2.105240863,15.50393175
3671,3,255607.0,1556.9,2.571389113,16.00936501
3672,1,360486.0,2318.61,1.184365844,12.45683668
3673,1,156949.0,737.18,3.68552604,16.24016297
3674,1,155643.0,1336.16,3.729877773,17.20208293
3675,2,254828.0,1434.36,2.767047871,14.08330323
3676,2,270827.0,1456.14,3.249394241,15.78792023
3677,2,114947.0,803.09,1.877740425,13.5056713
3678,0,369724.0,1850.21,1.657418412,13.5032976
3679,2,361992.0,2333.08,1.735995217,13.73477583
3680,2,379204.0,2440.0,1.59557571,13.87129111
3681,2,123969.0,619.52,2.010232051,14.9143254
3682,2,360685.0,2298.6,2.956038873,16.01234611
3683,3,354693.0,1668.31,2.293253744,15.08390892
3684,2,365330.0,2285.47,1.628106719,13.91779851
3685,3,231724.0,1810.83,1.919800893,13.71842219
3686,1,161648.0,1435.99,3.667152692,17.5571867
3687,1,149861.0,1001.21,3.6668632,17.12446876
3688,2,114947.0,1507.49,2.826543137,15.59646457
3689,1,382212.0,2526.67,1.981084846,15.77805537
3690,2,357170.0,2234.77,2.608366979,15.39781925
3691,3,131772.0,1911.8,2.197710643,14.40849183
3692,1,259984.0,1721.42,3.618901258,14.31573162
3693,1,150291.0,1178.2,0.81606992,12.82024476
3694,2,358675.0,2137.99,1.871006372,13.79261694
3695,1,151494.0,946.36,3.683933601,16.0540536
3696,1,267136.0,1820.81,4.037297485,15.98520307
3697,1,134929.0,766.15,2.041280807,15.57734194
3698,1,134164.0,1249.92,2.924213025,15.41492395
3699,2,362848.0,1877.63,2.587950256,15.01048197
3700,1,131654.0,943.7,2.991820121,15.98653843
3701,3,247874.0,1280.14,1.895582273,15.55171206
3702,2,136328.0,849.15,2.373325464,15.31216668
3703,1,134958.0,669.49,2.857637048,15.4755363
3704,1,254519.0,1361.74,3.030230399,14.85442734
3705,1,255484.0,1874.33,2.333519893,15.24441053
3706,3,331046.0,1591.91,1.420890942,12.04977327
3707,1,241256.0,1510.38,1.598585993,12.35792953
3708,2,132389.0,722.55,1.431748165,13.4888167
3709,2,130378.0,773.33,2.209627226,14.71858712
3710,1,358795.0,1835.82,0.065595202,12.48953562
3711,2,161278.0,898.86,3.668983445,16.80163149
3712,1,136152.0,812.97,1.222514658,13.42706474
3713,2,254250.0,1628.15,2.152153957,15.04027822
3714,1,378963.0,2290.74,3.515321139,16.38298429
3715,2,142909.0,862.22,2.883368177,16.16447983
3716,3,217283.0,1670.6,2.619862941,13.55065395
3717,1,388569.0,2384.91,3.312603568,15.59131578
3718,2,253215.0,1579.14,3.873927096,16.16188121
3719,1,254601.0,1864.63,2.249661697,14.06612481
3720,1,130503.0,894.29,1.264847856,13.37477553
3721,2,373016.0,2280.88,3.260955529,15.63129419
3722,1,248153.0,1541.77,0.929885881,12.55781309
3723,2,237823.0,1595.39,0.800952962,12.80701297
3724,1,156624.0,790.43,3.630825978,16.88810207
3725,1,266986.0,1720.81,3.900452023,16.02547391
3726,1,148204.0,1194.93,3.664967626,16.15859896
3727,0,383199.0,2208.96,3.186833792,16.72120659
3728,2,140981.0,938.91,3.069240569,15.99954114
3729,2,256763.0,1042.89,2.296003705,15.45153949
3730,1,148574.0,843.3,4.033197844,16.81842745
3731,2,136617.0,738.9,3.059055268,15.2960944
3732,1,373390.0,1827.21,2.772095605,15.60550802
3733,2,344148.0,1940.96,1.333531686,12.74824165
3734,2,354796.0,1887.33,1.408906831,13.30419513
3735,3,124765.0,706.16,2.346935741,14.58831215
3736,1,373101.0,1823.1,2.853775614,15.89358748
3737,2,143168.0,1698.86,1.576035567,13.93923797
3738,1,248885.0,1704.2,1.506301519,14.93880524
3739,1,383096.0,2540.2,2.891328512,13.97142764
3740,1,365049.0,1881.66,1.189006088,12.78283993
3741,2,353828.0,1850.7,1.358839616,13.61551374
3742,2,255401.0,1545.17,2.961581928,15.76702876
3743,2,155818.0,757.74,3.484590734,16.5123443
3744,2,348102.0,1737.03,1.138453683,13.23523335
3745,1,130388.0,676.31,3.128331586,15.74424747
3746,2,360809.0,1836.12,1.798484264,14.64612993
3747,2,361952.0,2322.82,0.871962514,12.92716825
3748,1,261120.0,1714.84,2.951806196,15.74195576
3749,2,361434.0,2206.2,1.422958659,13.02638833
3750,2,252120.0,1912.12,3.837924121,15.8879166
3751,1,239476.0,1416.92,1.75218207,12.63752941
3752,1,156939.0,1165.22,4.026155944,16.5675451
3753,2,139642.0,879.6,3.895190874,16.70432771
3754,1,283136.0,1852.82,3.908408343,16.77121899
3755,2,129657.0,677.91,2.347309626,15.17638406
3756,2,366776.0,1909.11,1.632553995,13.76255131
3757,1,249613.0,1122.94,1.008162204,13.30178442
3758,1,153388.0,1698.51,3.592202141,16.24914732
3759,0,163907.0,1478.12,4.088420043,17.12234319
3760,2,239180.0,1610.48,0.649654147,13.74713801
3761,1,246149.0,1742.88,2.337676057,15.94996981
3762,2,252946.0,1641.75,3.625929084,16.02176472
3763,1,371482.0,2776.68,2.827893281,15.3986835
3764,1,356399.0,1957.65,2.950006987,15.61172223
3765,2,366798.0,1834.97,1.734000966,14.98345006
3766,2,142793.0,1741.67,3.139471259,15.95217965
3767,3,132226.0,842.03,2.642305619,14.89326722
3768,1,258715.0,1400.11,2.162086365,13.62107342
3769,2,242942.0,1612.46,2.617677302,14.76124885
3770,1,279061.0,1983.26,2.736458187,14.46627441
3771,2,358814.0,2183.5,1.817249833,13.20457533
3772,2,237834.0,1839.31,1.025446027,13.44054068
3773,1,251505.0,1321.96,2.85345716,15.75171169
3774,1,149527.0,895.31,3.87830794,16.13262589
3775,2,340409.0,1976.71,1.695830671,13.13262443
3776,2,129135.0,1195.13,2.911601348,16.03860074
3777,2,355383.0,1828.89,1.489793805,13.43556638
3778,1,260353.0,1865.71,1.827359726,15.03856042
3779,2,243124.0,1144.25,1.545114018,13.59096107
3780,3,140350.0,1369.5,3.598966848,15.85995594
3781,1,257708.0,1934.66,3.665558173,16.31220242
3782,2,236848.0,1335.55,1.094094003,13.54187624
3783,0,128468.0,603.1,1.75326484,13.84052695
3784,2,366130.0,2279.58,3.229885062,15.89874851
3785,1,251159.0,1292.07,1.085893705,13.80777957
3786,2,136252.0,942.4,1.719629576,13.80341432
3787,1,144925.0,734.7,2.908286013,15.29349948
3788,2,137514.0,1021.03,0.881918104,13.63810333
3789,2,140028.0,939.91,1.945702046,15.23696392
3790,2,131549.0,1638.4,3.009760024,16.29851908
3791,1,258207.0,1711.6,3.610012337,16.81335576
3792,1,261180.0,1816.45,3.249103438,16.09213428
3793,1,162755.0,843.34,3.778255422,17.14017412
3794,2,373144.0,2369.93,2.99443965,15.88721947
3795,2,160282.0,1098.15,3.739194572,16.1483372
3796,2,371549.0,2290.04,2.938037356,15.69731022
3797,1,372181.0,1884.41,3.457633202,15.85333552
3798,1,394526.0,2613.01,2.180196451,15.62112011
3799,1,262529.0,1411.07,2.875198783,15.59791218
3800,1,250592.0,1848.45,1.397643945,15.04531634
3801,2,114947.0,777.54,1.644607154,12.86400345
3802,1,364987.0,1823.63,1.953633803,15.18263215
3803,2,356265.0,2056.87,2.162331824,15.08997231
3804,2,358083.0,1908.29,1.25432967,11.83465974
3805,2,243467.0,1347.5,1.449230272,13.32545915
3806,2,235236.0,1233.71,1.738277899,13.62739021
3807,2,371956.0,1646.56,2.98050771,15.37762724
3808,2,350629.0,2275.93,1.801477385,13.04568168
3809,2,114947.0,1136.98,1.925311813,13.95200304
3810,0,396529.0,2456.89,3.331373562,16.35425148
3811,2,368279.0,1934.26,1.750689714,15.19304357
3812,1,155761.0,741.61,3.488019775,16.7561778
3813,2,130476.0,855.61,2.982281129,16.12006675
3814,2,355604.0,2046.07,1.376017153,12.76902278
3815,2,254101.0,1656.95,0.408295973,12.73323176
3816,1,365102.0,1884.69,2.468867754,13.70788755
3817,1,385946.0,2348.3,1.943368421,15.15617529
3818,2,140360.0,867.29,3.038538252,16.31648097
3819,2,377025.0,2657.36,1.551797481,15.24388549
3820,1,122618.0,586.86,1.94588099,13.11995182
3821,1,250715.0,1085.71,2.663828458,15.69470974
3822,2,242230.0,1301.69,2.423068035,15.41802099
3823,2,156593.0,1447.51,4.93924406,16.57991492
3824,1,346776.0,1859.62,1.234239156,13.35247571
3825,1,245358.0,1309.53,1.953964419,14.27401212
3826,2,126521.0,586.86,2.306849343,15.30979474
3827,2,248241.0,1284.11,1.671563171,13.89892944
3828,1,139199.0,1100.61,1.343128208,13.78394301
3829,2,371595.0,1897.55,1.160280921,13.60567169
3830,3,143558.0,928.99,2.977174417,15.3319674
3831,0,127332.0,700.37,0.32999804,12.29654527
3832,0,151281.0,1101.03,3.735575779,16.40351177
3833,1,143833.0,1442.96,3.096016616,16.77489103
3834,1,367238.0,2340.63,1.723658561,15.08067609
3835,3,238804.0,1347.09,2.891662413,15.69864761
3836,1,365239.0,2440.74,0.47790471,13.13302752
3837,2,365247.0,2540.49,1.697264742,13.37253468
3838,1,144408.0,975.95,3.727146644,16.25792437
3839,0,197366.0,784.81,3.515111404,17.56692382
3840,2,382235.0,2572.62,3.096200885,15.51328303
3841,3,231840.0,1497.09,2.569026018,13.72694286
3842,1,392763.0,2305.23,2.125068407,14.47361611
3843,0,183083.0,1259.15,3.86086801,16.40082136
3844,2,134018.0,1525.19,3.648336052,16.86675217
3845,1,139181.0,940.42,3.017819414,15.23741958
3846,2,118698.0,747.77,2.340912976,14.91883107
3847,1,372388.0,2221.97,1.0778377,12.95913033
3848,1,270126.0,2674.2,3.164917713,15.62334375
3849,1,249851.0,1365.95,3.258141253,15.70757429
3850,1,269053.0,1881.15,3.974566911,16.54469919
3851,2,240020.0,1149.23,1.97866586,13.60029363
3852,1,178790.0,748.95,3.523481092,16.06553196
3853,2,265640.0,1612.77,1.847105381,13.79671096
3854,1,131719.0,1129.17,0.851077699,13.16089136
3855,2,248838.0,1202.76,1.224119617,13.86820116
3856,2,246266.0,1425.02,2.315059779,14.7787806
3857,1,344348.0,1787.63,1.555570405,12.28649801
3858,1,188070.0,1240.97,3.96408336,16.73138411
3859,1,367562.0,1900.75,1.982908528,14.03435982
3860,2,248081.0,1536.25,2.976953433,15.48916936
3861,2,142804.0,812.27,3.02323499,14.40322579
3862,1,163500.0,780.52,3.565547099,17.13561493
3863,1,358834.0,2254.12,0.435401888,13.52420693
3864,2,354116.0,1971.02,3.05511071,15.71682131
3865,1,267390.0,1862.7,3.960211987,15.85610277
3866,1,260500.0,1333.24,2.90957575,14.33817179
3867,1,239118.0,1457.96,1.528916747,14.0512335
3868,1,122831.0,803.92,2.230055926,15.65491919
3869,2,148348.0,843.28,2.807534509,14.70991645
3870,1,368924.0,1965.53,1.485036453,13.70387695
3871,1,378879.0,2398.36,1.873099879,14.40640347
3872,1,375730.0,1881.15,3.571783488,16.15844112
3873,1,137410.0,743.61,1.890681144,13.24288199
3874,2,155510.0,783.88,4.01293963,16.23564417
3875,2,137962.0,643.62,3.0120721,16.29372096
3876,2,135119.0,891.82,3.00770521,15.75098275
3877,1,163885.0,1319.03,3.297292838,16.78648847
3878,1,149229.0,831.11,3.013622188,15.57222874
3879,1,135513.0,1551.73,3.467557805,16.18931671
3880,1,180390.0,1236.91,3.850609019,16.49394924
3881,1,369721.0,2244.73,1.799532895,13.60660243
3882,1,364035.0,2110.33,1.325447235,13.28748299
3883,3,256086.0,1824.23,2.12490212,15.18983468
3884,2,133171.0,793.06,2.136091633,14.98685255
3885,1,381649.0,2350.49,2.985299687,16.18871176
3886,2,362002.0,2366.6,2.169614271,13.81284138
3887,2,355711.0,2338.12,1.953061426,13.71448758
3888,3,141569.0,1014.42,2.902708981,15.13429775
3889,1,140206.0,817.34,3.059253061,15.87552378
3890,1,253721.0,1641.92,2.073810038,15.43787191
3891,1,346471.0,1724.38,2.042734752,13.13129759
3892,1,164510.0,930.45,3.958533491,16.42651679
3893,2,368469.0,2430.64,3.19608305,15.73759172
3894,3,240791.0,925.8,1.054183615,13.31402521
3895,2,154996.0,1469.03,3.70708041,16.99119378
3896,1,388523.0,2278.06,3.013261208,14.31768363
3897,1,135655.0,672.09,2.187176243,15.08694877
3898,2,114947.0,871.25,1.873133509,14.78295264
3899,2,238388.0,1215.08,2.096068472,14.06567175
3900,2,231999.0,1390.62,1.693983982,13.96529414
3901,1,266224.0,1819.96,3.730731676,16.40662868
3902,2,345659.0,1834.66,1.809823391,14.92964721
3903,1,154518.0,751.6,3.519938866,16.77389922
3904,0,362252.0,1854.54,1.447251403,12.55227751
3905,2,370475.0,1971.51,2.034159428,12.81219349
3906,2,232475.0,1589.73,1.106711885,13.00079523
3907,2,124514.0,1378.77,1.662051834,13.92774718
3908,1,193938.0,1081.82,3.871949322,16.00952822
3909,1,254588.0,1488.93,1.862206183,14.50037322
3910,1,120593.0,822.27,2.979407141,15.78926953
3911,1,367851.0,2169.03,3.608384933,15.61097986
3912,2,134135.0,820.79,2.108339753,15.20361409
3913,1,377232.0,2297.28,1.400152576,13.54109691
3914,0,371987.0,1882.76,0.757230596,12.97259836
3915,1,255384.0,1430.11,3.657962168,16.42009662
3916,1,163895.0,1202.92,3.73103372,16.96388464
3917,0,151729.0,1795.0,1.450628257,15.48929856
3918,1,155145.0,698.09,3.670615006,16.9385581
3919,1,165143.0,1139.93,2.998806098,17.31158926
3920,2,363644.0,2243.06,1.99796118,13.76005745
3921,2,259336.0,1743.49,1.417052341,13.67741469
3922,1,249294.0,1767.32,2.283411886,14.4529944
3923,1,252160.0,1230.81,0.386754512,13.77967989
3924,1,376479.0,2508.53,2.33989767,15.49691033
3925,2,134930.0,834.47,1.544595789,13.90009941
3926,2,369932.0,1918.29,1.637021312,13.71382551
3927,1,142858.0,792.8,2.436813897,15.7926176
3928,1,138492.0,804.59,3.018975869,15.30429923
3929,2,241985.0,1178.94,2.906499896,16.04110453
3930,2,239759.0,1326.99,1.539370159,13.56878648
3931,2,141854.0,914.64,3.025402638,15.70124345
3932,2,242592.0,769.63,2.077652855,15.35044252
3933,2,253537.0,1794.42,3.886811684,16.24343821
3934,0,376431.0,1941.97,2.223004641,15.34580504
3935,1,350896.0,1823.01,1.099012945,12.7354744
3936,2,258661.0,1794.93,1.750027074,15.63642413
3937,1,366754.0,2152.25,1.635007571,15.51233023
3938,3,230072.0,1838.71,2.539667928,14.83381037
3939,2,123368.0,669.8,1.586268498,13.36417652
3940,2,371234.0,2359.29,2.928616975,15.6098756
3941,1,152022.0,1051.14,3.687690237,16.87869405
3942,1,145523.0,1337.05,2.8919699,16.59150248
3943,1,368201.0,1686.59,2.242422445,13.74378075
3944,2,176343.0,589.6,3.929492076,17.0018823
3945,1,173157.0,1037.1,3.792938551,16.66970789
3946,2,144589.0,887.19,3.205782503,16.22267677
3947,2,133465.0,783.45,2.795797919,15.29514974
3948,2,244270.0,1315.39,2.828243503,15.34321339
3949,1,260638.0,1701.82,2.028620153,15.92396847
3950,2,240051.0,1773.14,1.303782606,14.66559975
3951,1,378311.0,2395.68,3.019136688,15.53471311
3952,0,246947.0,1467.33,0.353208053,12.12425219
3953,1,268931.0,1721.19,3.55524908,16.42042415
3954,0,131429.0,711.88,1.711376479,14.03016242
3955,2,369928.0,2137.79,3.589472396,16.18229706
3956,3,246462.0,1651.79,2.578609925,15.16384461
3957,0,276007.0,1878.03,4.343838379,16.97532368
3958,1,176783.0,874.46,3.481957246,16.76167534
3959,3,347411.0,1831.08,2.245955442,12.7204472
3960,2,390789.0,2739.48,2.120953395,14.49093307
3961,1,361917.0,2482.03,1.903401582,12.72327615
3962,1,374372.0,2273.31,1.889706991,13.98201327
3963,0,258230.0,1672.08,3.205711427,15.48051499
3964,1,150774.0,1452.73,3.468137385,16.24266177
3965,2,146414.0,1109.98,3.694788775,15.74713248
3966,1,266799.0,1749.58,3.665278116,16.71654775
3967,1,142842.0,710.1,4.116932445,16.25200117
3968,1,251933.0,1528.53,2.06889733,13.99541596
3969,1,159079.0,767.89,3.783860488,16.56400413
3970,1,373956.0,1904.62,3.616023684,15.69236097
3971,1,387025.0,2539.47,3.882232637,16.21168553
3972,2,241226.0,1466.98,2.495144061,15.21868526
3973,1,142167.0,897.56,1.207469463,13.82951887
3974,2,361496.0,2010.05,1.277316791,13.62785966
3975,1,263005.0,1621.45,1.900693619,14.00735077
3976,2,257058.0,1802.96,3.474735385,15.69475018
3977,2,372973.0,2147.75,2.14483543,14.08922635
3978,1,143739.0,1106.14,1.776434291,13.67686472
3979,1,275604.0,1853.03,1.772916218,15.21855021
3980,1,366429.0,2422.56,1.585532529,13.60297378
3981,1,250488.0,1302.61,2.448733172,15.77983381
3982,1,154510.0,1206.23,4.683108486,17.1809377
3983,2,114947.0,1094.87,1.304737456,13.76393333
3984,1,371900.0,1783.41,1.573046097,13.59900088
3985,0,269506.0,1901.79,3.534349711,16.35698286
3986,1,154956.0,825.25,3.162751977,15.81000107
3987,2,144276.0,1202.95,3.426170799,16.75392314
3988,1,359787.0,1875.21,1.502476264,13.63824423
3989,1,136814.0,920.98,2.948122533,15.71502808
3990,1,160587.0,1225.57,4.103755865,16.63632773
3991,2,365328.0,1921.5,1.084265046,12.80239553
3992,1,375595.0,2209.07,1.373173976,15.06541561
3993,2,242698.0,1517.54,2.231508749,15.4638231
3994,3,357761.0,1772.77,2.95191863,15.45892696
3995,1,154655.0,1157.68,3.72543209,16.88037266
3996,1,155504.0,1277.63,3.874973641,16.58475327
3997,2,242850.0,1317.63,1.648006901,13.76007025
3998,1,153632.0,953.82,2.963766876,15.81095604
3999,1,384717.0,2471.34,3.836600862,16.28843571
4000,1,166442.0,728.97,3.793676802,16.61512854
4001,2,133917.0,813.98,1.812155461,14.75964985
4002,2,362576.0,2291.06,2.39346669,15.38073945
4003,1,393617.0,2390.7,3.056679465,15.85830422
4004,1,383477.0,2487.4,3.535956997,16.65253345
4005,1,248931.0,1761.15,1.542531248,13.82563496
4006,2,138100.0,955.91,3.503733192,16.32780401
4007,1,140590.0,801.71,1.95949453,13.90014283
4008,0,265170.0,1415.4,3.400599071,16.19823481
4009,1,167760.0,1090.59,3.588724696,16.85514154
4010,2,376029.0,2792.2,3.148589966,15.83426853
4011,2,144681.0,625.43,2.823550724,15.84754017
4012,1,154712.0,980.72,3.637640987,16.44298898
4013,1,282357.0,2389.44,3.705528399,17.14129157
4014,1,154765.0,1116.28,3.092644201,16.97668037
4015,1,390233.0,2199.92,2.838535759,15.46165034
4016,1,146348.0,827.13,3.138620032,16.08548338
4017,1,368204.0,2125.24,2.873008648,15.52754623
4018,1,177114.0,830.7,3.767584023,17.28101602
4019,1,145202.0,703.45,1.658036657,13.85836648
4020,0,131934.0,850.88,2.109549352,14.30326862
4021,1,273199.0,1919.72,3.846229395,16.56804234
4022,2,134564.0,877.15,2.474395011,15.68218773
4023,1,268155.0,1842.23,3.683423322,15.50767156
4024,2,128703.0,1476.38,2.076515548,15.94356804
4025,1,372146.0,1801.49,1.985703648,14.04672238
4026,0,177724.0,1406.59,3.94322464,16.76456839
4027,2,357138.0,1751.89,2.293844163,14.85788361
4028,1,362978.0,2247.03,1.097777329,12.99390468
4029,2,134118.0,738.92,1.911834873,15.78018037
4030,1,156948.0,1084.35,2.570425165,16.31976387
4031,2,353881.0,1852.23,1.532091123,13.41007323
4032,2,133707.0,623.04,1.896592862,14.02398061
4033,1,361994.0,1761.35,1.416431877,13.27889105
4034,1,142467.0,946.61,1.46343406,13.63529806
4035,1,141344.0,711.78,3.891689742,15.54498296
4036,1,364766.0,1880.43,1.297893978,13.34818287
4037,2,246422.0,1429.89,0.991878958,13.88639903
4038,1,255842.0,1728.04,1.633123958,14.00528847
4039,2,119572.0,1260.24,1.67194619,15.56613138
4040,2,149724.0,735.38,3.118571128,15.75193974
4041,2,384223.0,1948.11,3.381299297,15.46943951
4042,1,264104.0,2056.17,3.764680287,16.06605828
4043,1,262235.0,1944.91,3.49883074,16.52820747
4044,2,121728.0,702.92,0.903140193,12.20189388
4045,2,250858.0,1303.82,2.157080236,14.10326063
4046,1,256370.0,1562.45,1.348973457,13.35945584
4047,1,359314.0,1538.34,1.553659053,13.56884932
4048,2,239384.0,1490.66,1.368712919,12.34248427
4049,1,386386.0,2070.41,1.362830785,13.49441753
4050,1,253327.0,1650.53,1.470669998,15.09630097
4051,2,359246.0,2460.29,1.521684701,13.06792718
4052,2,354669.0,2108.3,1.546462609,15.30100683
4053,1,367034.0,1815.36,1.68240162,14.82030305
4054,2,367456.0,1809.41,1.500469672,13.57597249
4055,1,259268.0,1706.28,3.621320105,16.39963206
4056,1,339551.0,1537.71,1.714239708,12.77382678
4057,1,246602.0,1690.41,2.600841736,15.43265091
4058,1,281394.0,1860.4,3.697341197,16.9501729
4059,2,251307.0,1507.99,2.535915322,14.95096169
4060,1,240397.0,1250.93,1.394304288,13.19515629
4061,2,133503.0,1054.66,2.387506334,15.27017513
4062,1,142033.0,897.61,3.43149892,16.25900875
4063,2,243461.0,1349.11,2.656297054,13.72691749
4064,1,153422.0,907.31,3.660078143,15.76880866
4065,1,383419.0,2694.87,2.856986887,15.50960158
4066,2,226402.0,1381.09,2.618457578,15.07487696
4067,1,251932.0,1798.93,2.090089651,14.4228982
4068,2,254945.0,1866.17,2.180913786,15.62424354
4069,1,383995.0,1570.42,2.893168808,16.4080787
4070,1,366165.0,1826.77,2.889585329,13.71618379
4071,2,359686.0,2530.25,2.647453183,15.22515373
4072,1,264612.0,1987.43,3.745934661,15.79028602
4073,1,187546.0,1290.11,3.691175473,16.822981
4074,1,281466.0,1943.79,3.752981749,16.49148071
4075,2,243277.0,1361.5,3.063631454,15.95893679
4076,0,374142.0,1860.14,2.795252134,14.07111407
4077,1,250201.0,1882.34,2.069320567,15.15109734
4078,1,374084.0,2216.94,1.945736535,13.9710461
4079,0,122628.0,704.13,1.215925629,13.37497555
4080,1,245637.0,1473.37,3.108758917,15.87296294
4081,1,371563.0,1897.31,2.130198604,13.50388677
4082,1,258124.0,1836.02,2.91416274,15.49486496
4083,1,250449.0,1805.55,3.07146019,15.63124814
4084,2,243418.0,1370.3,1.840404658,14.09850153
4085,1,247800.0,1398.49,1.238415459,13.17212982
4086,2,363965.0,1838.39,1.308682704,13.04652262
4087,2,372135.0,2632.93,1.722204185,15.65387441
4088,2,355035.0,1864.4,2.885362956,15.51774407
4089,1,158049.0,921.77,4.164890519,16.51506802
4090,1,168825.0,1345.34,3.841393013,16.20493974
4091,2,169422.0,1369.55,4.89735979,17.63897514
4092,1,254151.0,1419.58,1.42799555,13.46737126
4093,2,150652.0,1843.37,2.922639277,15.71548785
4094,1,239308.0,1377.89,0.834123099,11.84915966
4095,1,276546.0,1887.76,3.543774354,16.62514722
4096,1,177950.0,766.69,3.795061236,17.17727608
4097,3,356603.0,1842.98,1.289955307,12.75773823
4098,1,262382.0,1756.5,3.91218693,15.94593917
4099,1,158469.0,1292.12,4.452269868,16.54745756
4100,2,244220.0,1436.05,1.659247587,14.27345686
4101,2,145648.0,1186.77,4.519951314,17.03734275
4102,1,278277.0,1959.74,3.446540191,16.18732648
4103,1,246699.0,1463.81,1.910585339,13.19411692
4104,1,253982.0,1711.88,3.311604431,15.44503707
4105,0,285709.0,1887.03,3.777588141,17.05083879
4106,1,125013.0,1260.03,3.068408746,16.98502782
4107,1,252136.0,1518.69,1.528883113,12.99409373
4108,1,364847.0,1802.91,1.924939627,13.88270427
4109,1,167084.0,975.9,3.745065783,17.006404
4110,2,161574.0,1171.17,4.93924406,16.58951136
4111,1,383980.0,1942.23,3.274684519,16.2486994
4112,2,345659.0,1699.85,0.469458307,11.85343228
4113,2,250245.0,1640.05,1.781931263,13.96314387
4114,1,118618.0,1284.44,0.822333438,12.19095456
4115,1,381206.0,2245.79,3.505432937,15.79488951
4116,2,384666.0,2659.33,3.039263205,15.61203156
4117,1,172569.0,682.37,3.802848078,16.32633706
4118,1,366342.0,1786.69,1.423926676,13.39613535
4119,1,279700.0,2160.21,4.816425819,17.2984743
4120,3,351202.0,1832.86,1.114867935,13.40004176
4121,2,229060.0,1564.04,1.888584312,13.82347755
4122,1,256338.0,1584.7,2.820214991,14.96994414
4123,1,352312.0,1870.99,0.11773245,13.23799806
4124,2,258049.0,1790.99,2.116610405,13.5011462
4125,1,370272.0,1884.12,1.422335741,12.24801313
4126,2,276645.0,2245.4,3.511692781,16.01535638
4127,1,268991.0,1833.2,3.222567391,16.23065825
4128,3,124175.0,1395.13,2.944597486,16.07104994
4129,1,256709.0,1397.22,2.781823426,16.20219983
4130,3,341657.0,1863.14,1.530434766,13.45958484
4131,1,144104.0,898.83,3.579307335,16.94182555
4132,1,174844.0,1171.69,3.793916379,17.29417596
4133,2,361398.0,2066.53,1.599705263,12.57514665
4134,1,153779.0,1175.32,3.395822679,16.86478738
4135,2,357822.0,2158.53,1.621529077,14.87121269
4136,2,240240.0,1149.75,0.72840099,12.82012183
4137,2,388326.0,2798.44,3.766070785,16.45047652
4138,2,245249.0,949.43,1.880513297,13.72419084
4139,1,246085.0,1644.73,1.663941031,14.87712048
4140,1,250208.0,1677.81,2.391164527,16.07218094
4141,1,246895.0,1592.41,2.185790835,14.87928237
4142,1,163135.0,840.49,3.67385082,16.30744049
4143,1,158224.0,1189.53,4.93924406,16.86926137
4144,2,354524.0,2316.4,2.461939583,15.66846836
4145,1,254016.0,1265.47,1.759853597,14.17610998
4146,1,142236.0,840.71,3.243626477,16.64183156
4147,1,263304.0,1770.18,3.196699723,16.97329956
4148,1,373121.0,2342.92,1.939003412,13.91156805
4149,2,245188.0,1303.34,1.94136927,13.28315103
4150,2,239305.0,1578.06,2.535273319,15.15444154
4151,3,143119.0,921.26,2.825878338,15.06300652
4152,2,235800.0,1127.16,0.89505945,13.1533526
4153,1,138682.0,1259.03,3.007791794,15.16422775
4154,2,249186.0,1649.5,2.616157827,15.25511568
4155,1,263749.0,1793.07,2.166704796,14.42088141
4156,3,349219.0,2624.27,1.728372607,13.50635545
4157,2,139745.0,1048.22,3.223647784,16.31684333
4158,2,154321.0,847.76,3.625587178,15.59645097
4159,2,360369.0,1868.41,0.481510504,12.95538642
4160,2,363049.0,2366.33,2.680044316,15.00174851
4161,2,379044.0,2048.17,2.9582753,16.06650519
4162,2,147803.0,883.85,3.626072602,16.85296756
4163,1,372674.0,1750.72,1.685203916,13.56713612
4164,1,348397.0,1799.19,1.753652722,12.16584834
4165,1,275073.0,1858.92,3.318484041,16.10820654
4166,1,139603.0,878.18,1.841553015,13.3990104
4167,2,251874.0,1894.6,2.989933056,15.67046102
4168,2,140940.0,851.03,3.474340374,15.73351404
4169,3,234633.0,1524.11,1.512421809,13.26340138
4170,1,114947.0,623.37,1.261549207,12.31825379
4171,2,271134.0,1957.88,3.458497763,16.7227611
4172,2,249763.0,1789.89,2.989824274,15.24656125
4173,2,237072.0,1659.27,1.390428359,13.14819065
4174,0,270299.0,2003.77,3.751774132,16.54768227
4175,1,176362.0,1600.0,3.712328449,16.14218074
4176,1,160648.0,1429.74,3.6468843,15.78769803
4177,1,371462.0,1855.7,3.062766979,15.3444026
4178,0,182900.0,747.21,3.460402013,17.423398
4179,2,127479.0,920.85,1.471478156,12.63177429
4180,3,129505.0,905.86,1.994933425,15.03421944
4181,1,241770.0,1224.76,1.089403726,13.34098667
4182,2,342929.0,1945.38,0.518404775,13.48727645
4183,3,364275.0,1981.62,0.816006319,13.07935385
4184,1,265221.0,1898.03,3.274879612,16.21796622
4185,1,121592.0,598.62,2.228156967,13.82543252
4186,2,366801.0,1723.34,2.190266068,15.51734144
4187,3,136260.0,870.89,3.511173232,16.4333748
4188,1,159018.0,1163.26,4.63485988,17.41511582
4189,2,247897.0,1071.74,1.345822309,13.83881768
4190,1,392712.0,2594.1,2.873707299,15.76654151
4191,1,369909.0,2315.75,1.706147852,13.93540563
4192,3,362666.0,2435.68,1.111210697,14.56239024
4193,2,129535.0,1490.47,1.675218943,13.9114312
4194,1,288074.0,1900.83,3.645316722,16.14329472
4195,1,357551.0,1836.33,1.290560041,12.33859945
4196,1,274541.0,1786.9,3.709376155,16.58188955
4197,2,279080.0,1851.38,3.825874068,16.58892009
4198,1,129700.0,1199.88,3.318326154,15.01322989
4199,1,269280.0,1687.93,3.045097974,15.53913234
4200,0,270404.0,1903.82,3.671206561,16.48012071
4201,2,246987.0,1796.78,2.741150884,15.18548322
4202,1,389843.0,2609.74,3.020516775,16.06622727
4203,3,367579.0,2382.6,1.832108682,13.78851469
4204,2,248341.0,1598.35,0.419944306,12.9933864
4205,2,243630.0,1448.49,1.220595662,14.50062676
4206,3,366480.0,2385.63,2.824282994,15.01043205
4207,1,162628.0,1257.35,4.064481202,16.77632426
4208,1,362094.0,1889.81,1.887456851,14.11888107
4209,1,354587.0,2157.62,0.220413035,11.42302895
4210,2,250437.0,1298.84,1.830680091,15.32866705
4211,1,253017.0,1811.7,1.835601598,15.06419272
4212,1,278956.0,1905.56,3.679181846,17.08752642
4213,1,114947.0,741.6,2.828677746,15.56582141
4214,2,144868.0,779.27,2.977114557,14.65708442
4215,1,139737.0,1429.15,3.151770348,16.65769044
4216,1,140286.0,586.86,2.179784262,15.66199797
4217,1,142072.0,852.44,2.191246401,15.90214967
4218,2,268478.0,1931.99,3.829453408,16.3223747
4219,2,351837.0,1941.29,1.17020178,13.6850417
4220,2,143199.0,1882.74,2.203328343,15.07478414
4221,1,390914.0,2471.82,3.137200965,16.01078492
4222,1,374111.0,2159.39,2.262849473,13.69620748
4223,1,126837.0,697.04,2.232145926,13.5844232
4224,1,194131.0,755.17,3.543978752,16.93488646
4225,1,258330.0,1894.78,3.27292006,16.24105969
4226,2,363900.0,2026.22,1.320316199,15.05837435
4227,2,241623.0,1457.9,1.692832772,13.44697168
4228,1,257110.0,1291.38,3.873243952,16.02255616
4229,3,126155.0,789.72,1.595592502,13.29466977
4230,2,235875.0,1456.92,2.196587474,12.45453011
4231,1,254493.0,1772.16,2.898315192,15.60525084
4232,1,371144.0,1872.85,2.046684828,15.61402875
4233,1,142424.0,764.01,2.48083963,16.33809336
4234,1,265667.0,1845.29,3.889143799,16.05499342
4235,1,256246.0,1556.37,2.254171156,14.53488422
4236,1,376700.0,2002.22,3.692438347,16.11463064
4237,1,151994.0,1090.0,2.962520836,15.99181009
4238,2,114947.0,1305.04,3.170292175,15.94242059
4239,2,264468.0,1730.49,4.043718903,15.94834288
4240,1,375101.0,2196.17,3.568300551,16.09384407
4241,1,258673.0,1293.55,2.948056184,16.11203427
4242,2,152833.0,763.98,3.479180286,17.1222205
4243,2,129565.0,1003.33,2.65400147,15.27030399
4244,1,176698.0,1332.89,3.583843361,16.60924993
4245,2,256269.0,1276.18,3.20963735,16.32332963
4246,1,241245.0,1703.74,2.140835359,13.98045176
4247,1,375446.0,2070.84,3.071567458,15.96223688
4248,2,347247.0,1694.46,0.877208975,13.16737263
4249,1,374673.0,2435.79,3.179413075,15.78739595
4250,2,359344.0,1828.32,1.920602019,14.7142713
4251,2,252460.0,1556.0,1.999825707,13.73566654
4252,1,147911.0,772.8,3.058250281,15.98590907
4253,1,360206.0,1902.02,0.746189145,12.56637331
4254,0,162788.0,774.19,3.665593788,16.41827388
4255,1,267533.0,1363.35,3.060539611,15.56929505
4256,2,126092.0,849.1,1.724288507,12.64044065
4257,2,134647.0,1143.22,2.620462429,15.24628947
4258,2,350592.0,1867.14,1.855435056,13.36192812
4259,2,241951.0,1625.23,1.079478205,13.49987588
4260,1,273591.0,1964.32,3.965082886,16.17575944
4261,1,364615.0,2173.15,1.310003348,12.70748776
4262,1,297933.0,2239.3,3.780996119,16.60024693
4263,1,168334.0,1159.14,3.492881264,16.08761386
4264,1,155992.0,752.05,3.832341633,16.60670581
4265,2,241026.0,1349.71,2.923062834,14.41921539
4266,1,263935.0,1856.39,3.646369546,16.30311926
4267,1,383667.0,1906.47,3.931970475,16.40814244
4268,1,366920.0,1938.23,1.45754782,13.4219272
4269,1,120924.0,931.02,2.285175391,15.76253949
4270,2,243149.0,1256.99,1.335861172,13.47372987
4271,1,182654.0,969.41,4.073712148,16.27592286
4272,2,355122.0,2301.24,0.419285855,12.2628532
4273,1,279642.0,1896.19,3.831212504,16.61734527
4274,3,347317.0,1916.2,2.324200018,13.76391799
4275,0,373573.0,1830.74,1.588540943,13.70206755
4276,1,379087.0,2233.97,3.598340831,16.23987154
4277,1,364321.0,2103.64,2.79689212,14.31750049
4278,3,360994.0,1902.89,1.073809621,13.5577648
4279,2,265300.0,1917.6,3.577385763,15.9468276
4280,1,138259.0,652.28,2.204883719,16.32014605
4281,1,125523.0,1148.93,2.0698363,14.71065015
4282,2,117621.0,814.59,1.289134363,13.3976376
4283,2,236522.0,1338.88,1.161378827,12.81311672
4284,2,263872.0,1805.8,3.732023973,16.26050129
4285,1,372240.0,2283.34,3.01896003,15.69848134
4286,1,373175.0,2135.09,2.980018472,15.87331738
4287,1,154651.0,785.28,3.52806543,17.0583934
4288,1,164271.0,1043.22,3.760887511,16.74684765
4289,2,350137.0,2208.72,1.739724286,13.05644987
4290,2,134871.0,803.29,2.848010796,15.66148572
4291,2,248197.0,1474.74,2.868851625,15.73300585
4292,0,276447.0,1434.25,3.763226414,16.03229889
4293,1,265654.0,1792.03,3.634451896,15.84214138
4294,1,365736.0,2216.16,1.482922246,13.1457293
4295,2,235564.0,1453.3,1.389590392,13.10873242
4296,0,189482.0,1300.0,3.799738842,16.70786592
4297,1,382195.0,2604.69,2.118296777,13.62049369
4298,2,255064.0,1706.89,2.031835264,14.36635791
4299,0,146612.0,1011.98,3.016600259,16.07648597
4300,2,346984.0,2195.5,0.924655085,13.40807168
4301,1,267425.0,1842.64,3.8574588,16.07994982
4302,1,138255.0,725.2,3.008214912,15.40762292
4303,1,256742.0,1830.61,3.25664492,16.26221164
4304,1,157401.0,613.23,3.299877264,17.04508302
4305,3,366706.0,2427.44,2.676277767,15.28348791
4306,2,255254.0,1120.74,2.952714911,15.56296936
4307,1,262419.0,1781.72,3.623578904,16.53368974
4308,1,245902.0,1673.19,1.294520539,13.52964967
4309,2,240306.0,1278.25,3.154665026,15.08466318
4310,1,378413.0,2427.63,1.955180924,15.07323538
4311,2,130316.0,1236.44,2.582152766,15.73219035
4312,2,343774.0,1850.24,0.846196797,13.77634476
4313,3,347805.0,2251.28,1.837819851,13.52583171
4314,2,137225.0,1382.67,3.191732689,15.65435873
4315,0,154926.0,801.4,3.046591622,16.55017761
4316,2,354998.0,2358.08,1.046154014,12.86599023
4317,2,151072.0,979.35,2.949736494,15.25510513
4318,1,245158.0,1146.22,1.650431472,14.14468589
4319,2,236545.0,1803.97,1.945076604,15.0540808
4320,1,138681.0,946.41,3.809792415,16.88716967
4321,1,279153.0,1827.4,3.496780055,16.6772355
4322,1,362503.0,2323.26,1.18897092,14.57958988
4323,1,155424.0,835.11,3.383659358,16.11097085
4324,2,145873.0,787.32,2.997787638,16.08094018
4325,2,114947.0,702.97,2.81542342,14.29826958
4326,2,147847.0,1200.14,3.992611136,16.64308395
4327,2,355688.0,2258.57,0.431170968,12.35061631
4328,2,136728.0,804.68,2.935181085,16.08595464
4329,1,266431.0,1932.79,4.468994382,16.73896326
4330,2,239915.0,1071.33,2.060257818,14.88871742
4331,2,237674.0,1394.35,2.209969754,15.29877034
4332,2,245000.0,1721.23,1.446514571,13.51857469
4333,2,251806.0,1615.61,3.531668742,15.83576128
4334,3,237077.0,1510.86,1.686767944,13.71126204
4335,2,135699.0,890.5,2.705368766,15.22829502
4336,2,246165.0,1390.16,1.615871748,13.51052058
4337,1,252788.0,1143.01,2.049798177,14.72480748
4338,1,388571.0,2362.79,2.998237251,15.76976365
4339,2,249705.0,1809.81,3.843403752,15.74350065
4340,1,262613.0,1394.38,3.682448265,16.96355689
4341,1,123271.0,761.49,1.909898278,15.7167171
4342,1,265065.0,1563.45,1.710532448,15.55772439
4343,2,144120.0,599.3,2.16354348,16.48959768
4344,2,153865.0,1149.77,4.109506988,16.36864052
4345,2,249786.0,1311.12,2.875888481,15.6848369
4346,1,139656.0,927.25,2.065682233,14.33322421
4347,1,258013.0,1768.6,3.130010783,15.53196038
4348,1,369860.0,2608.93,2.275008876,15.18757981
4349,2,241258.0,1836.89,1.844078447,15.31510186
4350,2,367215.0,1904.55,2.888359598,13.80494415
4351,2,360948.0,2280.35,1.370734217,12.96263929
4352,2,117335.0,682.09,0.716094207,12.64594059
4353,1,371284.0,2382.49,2.291421375,15.32790074
4354,1,149941.0,830.23,3.532836031,16.3903763
4355,1,136186.0,835.41,1.930976794,14.36818763
4356,2,141714.0,940.48,2.730781815,13.46364867
4357,2,241433.0,1410.98,0.898818567,12.62415565
4358,1,158287.0,904.31,3.806447544,17.21369046
4359,1,238980.0,1045.88,1.871397869,14.97105588
4360,0,132451.0,633.33,1.844808218,13.81315827
4361,1,358536.0,1806.24,0.654652972,12.75178565
4362,2,114947.0,1248.69,1.4166535,13.06286972
4363,2,244204.0,1347.57,0.991230956,13.3477451
4364,1,265048.0,1873.67,3.534138291,15.6487682
4365,3,251941.0,2215.75,2.433906608,15.06350034
4366,1,177080.0,816.4,3.804645613,16.74512944
4367,2,136442.0,941.37,3.238035206,16.68093077
4368,2,353422.0,1949.64,1.297906488,13.38971408
4369,2,355808.0,1932.43,1.9847043,13.76962931
4370,2,356213.0,1915.86,1.855568177,13.508372
4371,2,143082.0,754.34,3.567938597,15.71214958
4372,0,158430.0,1240.48,3.849634579,16.50199178
4373,1,243148.0,1028.07,2.130487,13.70971564
4374,2,356712.0,2109.59,0.79913039,14.15983659
4375,1,126824.0,847.6,1.946462403,13.0996393
4376,0,271300.0,1196.87,3.848090758,16.99372315
4377,1,150916.0,818.57,2.917068764,15.0645876
4378,2,351365.0,1837.35,1.388451453,13.30415771
4379,1,172230.0,1252.6,3.246202347,17.32037287
4380,3,357890.0,2213.09,1.383486209,13.2561396
4381,1,256932.0,1408.99,2.075382762,15.07326549
4382,1,128946.0,771.51,2.341169935,13.94911625
4383,1,252702.0,1198.6,2.456192158,16.06388492
4384,2,130408.0,663.11,2.936190848,15.70555441
4385,1,141736.0,966.19,2.263197794,15.54490772
4386,1,360070.0,1783.89,1.26114331,12.12879834
4387,0,389691.0,2568.21,3.879585839,16.73518746
4388,1,379497.0,2166.22,2.37098667,14.28885948
4389,1,152582.0,1135.62,3.103190587,17.05951041
4390,1,365016.0,2207.5,3.15010537,15.56545356
4391,2,245926.0,1739.41,1.885303692,13.73637288
4392,1,179702.0,1413.58,3.981946452,17.29083152
4393,1,262272.0,1292.58,1.686306705,13.94783755
4394,2,234215.0,1215.46,1.011027346,12.77415824
4395,2,131698.0,691.98,2.172651109,15.06440626
4396,1,268100.0,1616.84,3.368446819,16.26600838
4397,1,244916.0,1454.51,1.214239779,14.27670368
4398,3,354036.0,2396.01,1.475013777,13.56095055
4399,2,229700.0,1393.06,2.698042641,15.15646479
4400,1,250845.0,1450.56,0.660879165,12.88836693
4401,2,364215.0,1889.0,1.88247609,14.14480386
4402,1,245600.0,1545.17,0.384667269,13.97467867
4403,1,137105.0,798.54,1.521984236,12.85231548
4404,2,243466.0,1448.15,1.418383572,13.58559799
4405,1,242020.0,1743.77,2.428834246,15.86292145
4406,1,153458.0,1640.65,3.721297469,17.19438578
4407,1,255620.0,1764.91,2.646907741,14.58191559
4408,2,375900.0,2504.51,2.505694882,15.28088418
4409,1,256455.0,1669.71,3.067881815,16.31891829
4410,2,146698.0,1381.91,3.648793847,16.58493549
4411,2,342379.0,1792.33,0.153955886,12.17315353
4412,1,235179.0,1367.17,0.886545973,13.44985194
4413,2,144963.0,719.09,3.278179627,16.19963626
4414,1,377082.0,2329.14,2.512617994,15.87522051
4415,2,144837.0,715.86,3.846929504,16.66986932
4416,0,378582.0,1960.46,1.841866204,15.3014326
4417,2,124824.0,789.07,2.826362661,15.60123501
4418,1,357840.0,2018.44,2.413596172,15.21729581
4419,2,259208.0,1844.05,1.554458397,13.9271714
4420,2,147268.0,1242.46,3.610905895,16.87347338
4421,1,359260.0,1991.86,1.580877043,13.74635187
4422,1,241564.0,1203.15,1.776601622,13.74518885
4423,2,271686.0,1900.63,3.690030999,16.13713745
4424,1,156868.0,780.94,3.788432628,16.20203245
4425,2,126774.0,686.05,1.524165975,14.9885358
4426,2,253549.0,1058.92,3.041239531,15.30454402
4427,1,236435.0,1149.46,0.918970101,13.29395296
4428,2,136721.0,1036.2,2.954602092,15.68241102
4429,2,142267.0,1360.98,3.174707094,16.05034723
4430,1,387493.0,1958.4,3.640141344,15.98179233
4431,2,152656.0,1752.93,3.812872424,15.23280897
4432,2,139509.0,790.12,2.976989666,16.2494665
4433,1,353103.0,1931.6,0.525152796,13.26238441
4434,1,386188.0,2222.06,3.626894889,16.20643161
4435,2,360911.0,2418.99,1.83597108,13.36996847
4436,2,144010.0,1385.13,3.790125975,16.75871109
4437,3,235730.0,1192.44,1.740106064,13.57919134
4438,1,364256.0,2272.07,3.115475059,16.06870022
4439,2,343655.0,1803.89,1.782272979,12.73011901
4440,2,238209.0,1400.35,2.969213965,14.90953681
4441,3,114947.0,841.82,1.161402424,13.19537459
4442,1,133371.0,826.03,2.270596208,15.35972492
4443,2,138338.0,1574.77,2.929796026,13.60857391
4444,1,151165.0,952.17,4.568420974,17.01769136
4445,1,140397.0,891.29,1.188947227,13.68408678
4446,2,153761.0,897.94,3.087854329,15.60739749
4447,2,259525.0,1838.41,2.488071289,15.69103842
4448,2,352383.0,1840.97,0.157629587,13.86979621
4449,2,369400.0,2474.42,3.242271268,15.62904932
4450,2,116295.0,889.57,2.422198221,13.91048888
4451,2,118159.0,682.3,1.902708495,13.03334713
4452,3,366634.0,2085.52,1.931516441,15.08748234
4453,1,375300.0,2363.86,2.540986402,14.82468113
4454,1,274267.0,1567.86,2.223178685,14.50716628
4455,1,246887.0,1790.63,1.869439971,13.41698147
4456,1,271794.0,1820.53,3.577941927,16.74990623
4457,1,266430.0,1930.47,3.645895223,16.50980854
4458,2,253651.0,1732.42,2.758151842,14.78097034
4459,2,256277.0,1782.37,1.709765065,14.8103491
4460,0,239566.0,1203.21,1.849737874,13.85120256
4461,1,131693.0,1165.26,2.133668114,15.22177303
4462,2,261151.0,1496.46,2.920600748,15.44835562
4463,0,148609.0,1215.37,3.078586602,16.8967569
4464,1,373570.0,1822.45,2.151529513,13.97340449
4465,1,246595.0,1777.41,2.292876124,15.72043557
4466,2,352577.0,1747.05,0.991790701,14.20438602
4467,1,374112.0,1936.71,1.845997715,15.38362109
4468,2,135053.0,938.78,3.046684939,15.77954222
4469,1,170778.0,1260.43,4.033768653,16.98555106
4470,2,141090.0,821.16,3.263772718,16.24408733
4471,3,239565.0,1449.97,0.986863998,13.0441927
4472,1,156968.0,1125.95,4.455608121,16.9356333
4473,1,246296.0,1693.76,3.102973369,15.74122626
4474,1,140265.0,931.3,2.845348563,15.67515167
4475,2,375102.0,1871.32,2.800024091,15.47146508
4476,1,158590.0,1130.89,3.566352378,17.23757137
4477,2,147723.0,775.16,3.727887948,16.35131993
4478,2,116190.0,636.27,2.274881159,14.98030682
4479,1,160640.0,1334.12,3.867996753,16.51187596
4480,2,359537.0,2023.19,1.766590841,13.77416347
4481,0,269074.0,1835.44,3.490531709,16.2622725
4482,1,349746.0,1771.76,1.269547857,12.49076269
4483,1,142799.0,1063.8,2.889439102,15.93460912
4484,1,159847.0,1157.12,3.737705005,17.09338414
4485,1,137665.0,898.95,2.366510413,14.98797269
4486,1,383357.0,2672.78,3.012177527,15.79645843
4487,2,348728.0,2055.24,0.874151603,13.07043499
4488,1,158071.0,850.44,3.368557159,16.05666416
4489,1,133855.0,1281.86,3.030690848,16.37245039
4490,1,389017.0,2441.56,3.041304893,15.84155415
4491,1,140397.0,689.5,1.332994172,14.69110488
4492,2,134612.0,682.76,2.168644224,14.63649898
4493,1,244974.0,1802.0,1.880413399,15.62989193
4494,2,127742.0,1495.59,2.42006759,15.65754487
4495,2,247754.0,1488.86,2.455867845,15.09633204
4496,1,260911.0,1588.46,2.97287277,15.21906777
4497,1,158025.0,1322.18,3.528882032,16.19472626
4498,1,278184.0,2086.57,3.321415954,17.12451592
4499,1,280498.0,1795.18,3.949377483,15.7784074
4500,1,253433.0,1360.28,1.682066498,14.36637694
4501,1,270763.0,1249.41,2.392798016,14.23028703
4502,2,123569.0,824.8,1.29471675,13.21554374
4503,2,347623.0,1614.9,2.109021596,14.71356478
4504,1,354133.0,1784.26,2.070255397,13.71228271
4505,1,388371.0,2022.26,3.480547585,16.34424291
4506,1,359324.0,1828.11,1.610593695,13.35638377
4507,1,151171.0,861.24,3.56408915,15.90512603
4508,0,256898.0,1314.64,3.703003735,16.61350286
4509,2,376755.0,2428.04,2.268941624,15.3001595
4510,3,370670.0,1931.0,1.780638011,15.03518053
4511,2,135290.0,1068.22,2.284551529,15.73204406
4512,2,368469.0,2943.96,1.833781518,14.57311376
4513,1,123826.0,713.93,0.851826229,14.29572161
4514,1,242749.0,1609.08,1.742326823,15.2186548
4515,1,250271.0,1640.92,2.894692072,15.22482193
4516,1,259299.0,1766.01,3.945192529,15.92753499
4517,3,137094.0,950.87,1.872158383,14.05320041
4518,1,145760.0,678.32,2.088537363,15.79978633
4519,1,272657.0,1901.35,3.757103894,16.33341907
4520,2,261875.0,1433.85,2.315156033,15.43849888
4521,2,235929.0,846.4,1.090128902,12.08602922
4522,2,343688.0,1749.25,1.724647541,12.6327645
4523,2,363251.0,2194.86,1.730606017,13.68844916
4524,3,119472.0,826.64,1.996887007,14.04571703
4525,2,237492.0,1337.58,0.866675285,12.25682378
4526,2,135559.0,586.86,2.149140111,15.42366201
4527,1,379253.0,2461.69,3.001033258,16.1765993
4528,0,175068.0,1518.41,3.802939797,16.64141556
4529,2,247964.0,1270.6,1.678024902,13.96001482
4530,1,151349.0,716.97,3.010223814,16.18749685
4531,2,140398.0,787.64,3.08423117,15.43726988
4532,1,259034.0,1697.21,3.517198692,16.44524288
4533,1,379926.0,2232.95,1.987995865,14.40663774
4534,1,369031.0,2162.5,1.921346975,13.91133248
4535,2,114947.0,814.71,2.629458259,13.84532298
4536,1,173222.0,1931.99,3.815156828,16.86686756
4537,1,165100.0,820.1,4.614053749,16.80653704
4538,1,161294.0,809.77,3.226239697,17.40534622
4539,2,362563.0,2429.83,0.944742056,13.48968419
4540,1,148428.0,1689.31,3.647218228,16.92778505
4541,2,344962.0,2026.73,2.009449994,13.44733028
4542,2,252401.0,1199.3,1.958146526,14.39565318
4543,1,381208.0,2398.5,3.610594122,15.59251422
4544,1,377931.0,1879.42,2.622625502,15.0759525
4545,2,259002.0,1694.64,3.668263056,15.44246003
4546,1,361844.0,1788.08,1.500436305,13.03080067
4547,3,123027.0,945.88,1.856477061,15.21977761
4548,2,361864.0,2104.87,1.48923748,13.170348
4549,2,258875.0,1839.64,1.380363895,13.66889566
4550,2,134652.0,616.18,2.061331472,15.76977729
4551,2,139909.0,844.55,2.201848176,15.35951617
4552,3,353852.0,2261.13,1.594500584,15.03710087
4553,2,350808.0,1785.05,1.132898182,13.94870835
4554,0,162872.0,931.61,3.489017964,17.40025747
4555,2,254862.0,1751.6,2.276825692,15.48704651
4556,1,360593.0,1846.13,1.95459114,13.61522149
4557,1,242798.0,1793.04,3.122778695,15.89375017
4558,1,141635.0,1311.51,3.883916531,16.7619684
4559,1,271971.0,1823.24,4.168952261,16.68069657
4560,2,244276.0,1207.34,1.674264637,15.27284537
4561,0,376082.0,2028.4,2.870552101,15.53709164
4562,1,369602.0,1885.78,2.828474336,15.70956885
4563,2,237506.0,1432.48,1.889708033,13.20095373
4564,2,241305.0,1268.71,0.218615861,14.17460924
4565,2,114947.0,1329.43,1.808141767,11.46183711
4566,1,280437.0,2198.19,3.625002156,15.92620137
4567,2,234816.0,896.55,1.568706014,12.97592781
4568,1,371131.0,2678.15,1.2418882,13.46242664
4569,2,258047.0,1872.62,3.599859028,15.50277138
4570,2,247608.0,1800.62,1.419716055,12.98518298
4571,1,144741.0,1396.21,3.925466483,16.08052911
4572,1,174865.0,704.86,4.93924406,17.14146572
4573,2,129923.0,1050.81,3.080181575,15.48773858
4574,2,362800.0,2231.44,1.866507958,13.79745237
4575,2,264353.0,2271.05,3.449972312,16.63023163
4576,1,161771.0,1254.54,3.848597537,16.14338304
4577,2,119249.0,786.21,1.848508664,14.12820811
4578,1,371436.0,2240.12,3.100640058,15.64423399
4579,1,288480.0,1887.51,3.758767536,17.01006745
4580,1,252570.0,1422.16,1.148512483,13.80845012
4581,2,160305.0,1469.28,3.616302848,16.78246287
4582,2,377650.0,2930.12,3.092413735,15.59027855
4583,1,132269.0,935.54,2.269221307,15.39906707
4584,1,376236.0,2429.28,3.699888953,15.91245253
4585,2,238514.0,1540.81,2.271930143,14.54626043
4586,0,257787.0,1573.32,0.874703755,13.73490844
4587,1,258450.0,1789.36,3.556376356,15.9547468
4588,1,366733.0,2285.9,1.697611267,13.52498821
4589,1,377978.0,2796.5,3.2283757,16.39434606
4590,1,252348.0,1726.1,3.08503094,15.84971917
4591,1,354382.0,2008.08,1.947363544,14.20427281
4592,2,246609.0,1343.94,2.114972761,13.6715594
4593,2,246025.0,910.66,1.878578055,13.35941997
4594,2,149780.0,923.18,3.15912012,15.61724989
4595,1,164527.0,1403.42,3.711157895,16.41197772
4596,1,162439.0,954.18,4.75217575,17.01140763
4597,1,357575.0,1848.25,0.880812568,13.19241428
4598,2,356472.0,2150.04,1.46328081,15.24315654
4599,2,127081.0,838.89,2.230875403,15.60109999
4600,1,182144.0,601.06,3.303876728,16.55149736
4601,1,156063.0,847.17,3.2710847,16.27942731
4602,2,138830.0,895.06,3.108564364,15.58139158
4603,2,122857.0,868.87,2.417372978,15.66203636
4604,1,138550.0,703.73,1.922441632,14.75153326
4605,1,366674.0,2248.31,1.990688626,13.371081
4606,2,137929.0,1045.12,3.23330768,15.48452617
4607,1,386333.0,2659.05,2.988183882,16.10323138
4608,1,156373.0,917.57,3.564735025,16.5021583
4609,2,362460.0,1879.58,1.777518747,14.04486225
4610,1,164589.0,1128.29,3.370039452,17.02688484
4611,0,161294.0,1233.4,3.548140319,17.31757446
4612,2,250023.0,1479.45,3.070797574,15.4761842
4613,0,265283.0,1782.38,3.736216897,16.55412774
4614,2,375031.0,2419.91,2.924706384,15.63190752
4615,1,356577.0,1892.13,0.942524166,12.2693591
4616,1,261987.0,1867.25,1.876881284,15.58169466
4617,1,361309.0,1878.29,0.628157342,13.47200219
4618,2,263776.0,2081.08,2.245283107,15.23857924
4619,2,134353.0,850.47,2.874309188,16.05862198
4620,2,263274.0,1804.9,3.511498956,15.82482255
4621,2,267026.0,1821.82,3.436983795,15.39044942
4622,2,238668.0,1143.26,2.717451818,15.74309856
4623,1,258126.0,1336.92,2.270541778,14.69791428
4624,1,249292.0,1416.8,2.886355008,15.70971423
4625,1,166409.0,689.74,3.015424258,17.00570565
4626,2,360819.0,1940.57,1.450760217,12.92525155
4627,1,389807.0,2411.18,3.706543655,16.06552977
4628,1,150657.0,989.89,3.922332963,16.80315962
4629,1,149554.0,966.34,4.93924406,17.62003004
4630,2,247119.0,1308.3,2.147285107,14.23669242
4631,1,359611.0,2136.4,0.878829181,12.46312171
4632,1,151594.0,847.65,3.406775273,16.59120041
4633,1,167200.0,837.98,3.591741212,16.98722757
4634,1,166480.0,1382.6,3.773015784,16.5105509
4635,1,261824.0,1751.18,2.232225498,13.91518975
4636,2,125519.0,701.25,2.204312238,13.45864274
4637,2,354924.0,2408.43,-0.055135944,11.83099479
4638,2,133794.0,740.42,2.128222197,15.19135248
4639,1,344400.0,1865.84,1.922346123,12.11223583
4640,2,252342.0,1691.19,1.600720127,13.96931898
4641,1,372044.0,1979.64,3.834911354,16.52715047
4642,2,114947.0,1336.29,2.879066139,15.23204402
4643,1,368170.0,1695.31,0.526511618,13.49615129
4644,3,247310.0,1421.43,2.829066892,14.70424902
4645,1,179508.0,1247.61,3.629616575,17.14114011
4646,1,263434.0,1687.63,1.711259581,13.84695649
4647,1,347709.0,2244.54,0.945172194,13.31940952
4648,3,234315.0,1353.44,2.38610065,15.0793981
4649,1,272729.0,1861.6,3.729163394,17.39197669
4650,1,270521.0,1878.67,3.577164241,17.22518627
4651,2,254521.0,1844.99,4.11719105,15.6378444
4652,1,247346.0,1811.37,1.743386944,15.14032506
4653,1,140833.0,677.25,2.064741251,14.04617676
4654,2,360709.0,2365.16,2.009819278,13.59619055
4655,1,237827.0,1305.72,0.675844103,12.05675721
4656,2,131034.0,968.25,1.969565814,13.73557361
4657,2,354915.0,1848.08,2.325038522,15.00696068
4658,1,251680.0,1323.88,3.054016873,15.07530521
4659,2,265543.0,1749.17,3.757863113,15.92596318
4660,2,358784.0,1895.26,1.796116163,14.53485267
4661,2,362148.0,1989.14,1.994108751,11.94017094
4662,1,171072.0,1119.83,3.725235795,16.9637294
4663,1,276183.0,1900.92,3.510715502,16.99162855
4664,1,281729.0,1876.31,3.7006397,15.90713438
4665,2,247063.0,1808.57,3.096898736,15.54343152
4666,1,374892.0,2575.86,3.546097544,15.95154367
4667,2,356629.0,2375.81,1.683089535,13.23272555
4668,1,373351.0,2330.15,3.49303516,16.01629711
4669,1,138797.0,875.76,2.351895089,14.18137388
4670,1,177735.0,683.69,3.715559135,15.79169935
4671,2,253510.0,2138.31,3.443884337,16.1479475
4672,1,170238.0,1296.01,3.652935799,16.28734763
4673,1,372093.0,2385.03,1.024707704,13.47125154
4674,2,244824.0,1662.13,2.310895828,15.02268015
4675,1,359955.0,1873.11,2.040313597,13.67287571
4676,1,154527.0,1037.73,3.925249068,16.17750585
4677,0,386469.0,2335.58,3.758199924,16.39099832
4678,1,241542.0,1777.42,1.632923328,14.07361172
4679,1,357837.0,1930.19,1.450189967,13.38837361
4680,2,147071.0,760.35,3.408176769,16.25092733
4681,1,154431.0,794.48,3.132481818,16.4164191
4682,1,380948.0,2372.81,3.547815854,16.05252069
4683,2,139174.0,871.52,3.66397006,16.1332031
4684,4,114947.0,815.78,2.703510364,14.91149172
4685,1,128536.0,1168.86,2.806844477,15.9735382
4686,1,388153.0,2260.14,2.266583866,14.12696453
4687,1,148670.0,1089.91,3.84302954,16.4252372
4688,2,381291.0,2465.78,2.748785811,15.53448572
4689,2,134120.0,1642.73,2.513854094,15.08052091
4690,0,164138.0,780.98,3.592611076,16.46014712
4691,3,147784.0,1076.1,3.355212129,15.95492242
4692,2,153026.0,927.58,3.51765497,16.50349896
4693,3,132366.0,1013.07,3.105755275,15.68440287
4694,2,128281.0,833.23,2.88041249,14.81814815
4695,1,186386.0,747.51,4.54613348,17.34683635
4696,1,378210.0,2224.56,2.880681561,15.18857466
4697,2,236926.0,1513.54,0.851094485,12.81188334
4698,2,135783.0,881.35,3.649294728,16.25956548
4699,2,244894.0,1858.55,2.921943954,15.58496844
4700,1,386290.0,2283.99,2.35104896,15.36617502
4701,1,371543.0,1887.98,3.059391032,15.8352455
4702,1,376429.0,1821.26,3.11547678,16.41881761
4703,2,244634.0,1575.31,2.614842977,14.33760594
4704,2,123559.0,820.94,2.890235161,15.55220455
4705,1,267548.0,1725.16,3.678531906,16.61677331
4706,1,140041.0,1674.74,1.83073684,15.33500443
4707,1,258313.0,1894.36,2.849956202,15.46624581
4708,2,125826.0,969.21,2.969562855,16.18400473
4709,1,363459.0,1920.78,1.931690351,13.44896126
4710,1,165825.0,1174.65,3.771518321,16.85696884
4711,2,114947.0,1154.5,1.434276412,13.41558877
4712,1,264475.0,1819.46,3.829151507,16.95114881
4713,1,369540.0,2268.76,1.373417462,12.86742016
4714,1,129341.0,1194.14,2.009952759,15.36723145
4715,3,240293.0,867.21,2.239827198,13.57846642
4716,2,244109.0,1199.98,1.2676311,13.8650801
4717,1,150650.0,640.03,3.260824219,15.77475554
4718,2,149671.0,1058.43,3.435582469,16.49632823
4719,1,257931.0,1308.16,4.035879496,17.19802739
4720,1,260610.0,1754.61,3.212620861,15.2809897
4721,1,155087.0,963.08,3.327371286,16.80682195
4722,2,258168.0,1437.78,1.265232532,13.22249222
4723,2,246335.0,1693.46,1.812860089,13.67917172
4724,2,240507.0,1796.46,2.072059611,14.55215055
4725,1,232185.0,1054.19,2.151774808,13.80235923
4726,2,261756.0,1774.89,2.842419846,15.41827944
4727,1,247951.0,1773.5,2.737866415,15.35293886
4728,1,364630.0,2217.17,3.090680382,15.60270705
4729,1,149240.0,850.91,3.542728114,16.23101218
4730,1,251922.0,1431.82,3.105709467,15.62748595
4731,2,144132.0,767.14,3.715803053,16.25326519
4732,1,390310.0,2679.87,3.578791931,15.51174533
4733,1,160703.0,1298.23,3.598703317,16.06774347
4734,1,249373.0,1264.27,1.990533383,15.32306467
4735,1,135315.0,722.86,2.746120216,15.60870506
4736,2,142924.0,927.85,3.271869706,15.62821675
4737,2,128753.0,1202.14,1.888231183,13.91905485
4738,3,134901.0,1193.64,3.778739353,15.49700663
4739,1,377613.0,2409.27,2.884906778,13.81501753
4740,2,253700.0,1386.78,2.933188202,15.36719306
4741,3,141871.0,1169.71,3.509320721,16.55187219
4742,2,166713.0,1371.52,4.903738856,16.90225936
4743,1,266610.0,1713.51,3.667676667,16.19229997
4744,4,124547.0,910.23,3.75305115,16.10238403
4745,2,133864.0,920.92,1.585511061,13.13049373
4746,2,256162.0,1868.45,2.240468212,15.18457774
4747,1,166314.0,1548.54,4.604417009,17.45272988
4748,1,255841.0,1609.66,3.039173947,15.21047838
4749,2,243848.0,1683.38,2.363913882,14.22160852
4750,2,389640.0,2771.49,3.833651622,16.34343941
4751,1,349915.0,2184.47,1.485482263,12.76874653
4752,2,360118.0,2382.91,1.410755209,15.06928431
4753,1,125527.0,711.09,2.071559441,13.86162225
4754,1,255894.0,1690.54,3.537607331,16.08572779
4755,2,144974.0,730.61,1.855370419,14.16898125
4756,1,160256.0,1092.36,3.676784813,16.50476528
4757,1,363273.0,2089.04,2.384609814,15.14402128
4758,1,275254.0,1884.94,3.142047444,16.50940811
4759,1,159852.0,1174.09,3.945814972,16.88030165
4760,1,257144.0,1780.88,2.44316326,15.93054897
4761,1,362301.0,1834.41,2.25343279,15.79136849
4762,2,345709.0,1848.98,1.160518808,12.76918645
4763,2,247158.0,1628.16,3.008956964,14.95959119
4764,1,195535.0,1314.28,3.650013483,16.42730397
4765,1,175163.0,1468.54,3.862197348,17.73027397
4766,1,131801.0,825.31,1.397691449,13.08952263
4767,3,254948.0,1103.16,3.579512757,15.75756365
4768,1,269046.0,1723.2,3.414848852,16.16083133
4769,1,121218.0,991.91,1.650776675,15.4854945
4770,1,260420.0,2029.05,3.036203143,14.46898283
4771,1,142492.0,1145.7,3.76694905,16.25182568
4772,1,273276.0,1851.44,3.709885314,16.20209296
4773,1,147925.0,1144.09,3.544137495,16.55423032
4774,1,357960.0,1704.0,1.427873948,13.6818806
4775,1,370103.0,2340.13,1.936539608,13.31565812
4776,2,121519.0,713.52,1.353413593,13.09106215
4777,2,359945.0,1911.72,1.712241087,15.56103464
4778,2,345111.0,1875.08,1.158678711,13.23558969
4779,1,356454.0,1712.51,2.01349434,13.75075325
4780,2,248849.0,1829.91,2.065929738,14.92027327
4781,2,137973.0,1312.48,3.203367299,15.88072873
4782,1,272108.0,1645.05,3.720184833,15.75686452
4783,1,147446.0,1303.34,3.701710403,16.59349651
4784,1,344874.0,1768.34,1.591390456,13.16622429
4785,1,375443.0,2199.31,3.370868838,15.84714594
4786,1,242442.0,1445.65,-0.108915958,11.52661186
4787,3,139195.0,966.05,2.014854407,15.44757844
4788,1,254346.0,1763.49,1.89880415,15.18066935
4789,3,114947.0,1530.61,1.161303085,12.83644884
4790,2,130417.0,775.54,1.984505201,14.58059416
4791,1,152764.0,1016.26,3.668492474,15.86409295
4792,1,260858.0,1846.08,2.950242761,16.36414123
4793,2,350996.0,1851.71,1.358900365,13.3865416
4794,0,176227.0,1162.11,3.805512832,16.51381709
4795,3,230473.0,832.87,1.776216474,13.86863556
4796,3,379605.0,3047.82,2.879775487,15.52994305
4797,1,373676.0,1930.72,1.53297889,13.3662654
4798,3,237228.0,1452.98,2.143498865,15.01415584
4799,1,151071.0,765.07,3.712864328,17.00114462
4800,1,242470.0,1122.49,1.70771401,14.69631302
4801,2,355510.0,1779.99,1.350403817,13.55317648
4802,1,258083.0,1483.01,3.376411539,15.75178056
4803,2,255003.0,1562.84,3.284299963,16.1408784
4804,2,157111.0,797.37,4.367107356,17.09050332
4805,1,364572.0,2259.19,1.667226279,12.65415827
4806,1,382066.0,2468.99,3.083645531,16.03451413
4807,1,272972.0,1922.99,3.569827022,16.74914481
4808,1,358288.0,1852.67,1.231355584,13.32998525
4809,1,152296.0,843.34,3.769716664,16.85867766
4810,2,235328.0,1513.47,1.889816834,13.88515545
4811,1,362886.0,1887.22,1.623770885,15.19587158
4812,1,254831.0,1817.17,2.172635959,14.65498533
4813,1,135780.0,884.68,2.71000025,15.69233181
4814,1,148644.0,677.78,2.771399225,15.3048448
4815,1,349228.0,2065.63,0.721816147,11.85029661
4816,1,354166.0,1802.52,0.784670263,12.60974145
4817,1,365964.0,2262.64,1.847393669,14.0638479
4818,2,145830.0,867.48,3.004100935,15.89838317
4819,1,150321.0,1492.31,3.834472014,17.163985
4820,1,246703.0,1339.27,0.065616583,12.24198238
4821,2,351997.0,2181.42,1.626241045,13.58578495
4822,1,266636.0,1829.26,3.924551809,16.34970819
4823,2,135324.0,784.66,2.860014111,15.37898863
4824,1,366283.0,2142.35,2.270783279,14.19621308
4825,1,120054.0,1316.91,2.631228046,16.5437678
4826,1,154579.0,904.85,3.005317341,16.23551685
4827,1,171921.0,1167.61,3.646840139,17.0418397
4828,2,144823.0,779.72,2.031965678,13.84881661
4829,2,339811.0,1972.37,2.366754384,12.46463567
4830,1,154003.0,1306.88,3.854242897,17.11023883
4831,1,360401.0,1908.47,2.477887381,15.1195056
4832,2,245774.0,1737.12,2.901233154,14.96036887
4833,2,356529.0,1935.23,1.629887439,13.90550091
4834,2,239307.0,1499.26,1.680503038,14.93546656
4835,2,243509.0,1385.68,1.658044999,14.54666232
4836,2,354468.0,2197.68,1.262856891,13.70202917
4837,2,129499.0,1570.73,2.780147372,13.55946408
4838,2,345742.0,1885.71,1.283300471,12.28521007
4839,1,381311.0,2709.88,3.035731546,15.48605114
4840,2,128977.0,1484.32,1.561257658,13.48323985
4841,3,243824.0,1808.06,2.828042261,14.980607
4842,2,253558.0,1229.23,1.992292871,13.87188281
4843,2,357798.0,1884.71,1.137060588,13.37961029
4844,1,349637.0,1529.77,0.893137529,13.81670723
4845,1,132100.0,845.22,1.582743645,13.78872468
4846,2,245665.0,1440.58,2.81304563,14.25443743
4847,2,129528.0,1632.7,1.191336199,13.41060848
4848,1,257838.0,1365.92,2.957962428,15.53426101
4849,2,136226.0,924.09,3.236865465,16.0670526
4850,2,347930.0,1762.14,1.566627305,13.5860811
4851,2,347652.0,1790.1,2.23997335,13.76172288
4852,2,133967.0,649.4,2.297243022,15.16218409
4853,1,136388.0,1370.58,3.07529804,16.8548437
4854,2,256003.0,1802.06,3.25390493,15.61102405
4855,1,114947.0,819.79,0.89489284,13.08191806
4856,2,130424.0,833.03,2.119757957,13.81578079
4857,1,259175.0,1824.1,3.311288508,16.52875545
4858,1,135259.0,1508.74,2.992319295,15.6895085
4859,2,114947.0,1121.55,2.86558351,15.82955734
4860,2,347759.0,1558.88,0.777178289,13.82515194
4861,1,133746.0,866.49,1.449761189,13.81910663
4862,1,350541.0,1837.49,1.96639415,13.66326271
4863,3,263392.0,1952.32,3.517942045,15.50760099
4864,2,143137.0,1060.39,3.714916058,16.1456854
4865,1,377255.0,1841.86,3.483844725,15.97409572
4866,3,133077.0,693.11,2.0430175,15.31659873
4867,3,237016.0,1202.0,1.342015873,13.88018299
4868,1,260247.0,1821.53,3.570536651,16.4708581
4869,1,120245.0,784.02,1.279660406,13.8444989
4870,1,383822.0,2535.46,3.202137643,15.77593673
4871,1,357091.0,1854.4,1.374996525,13.38765283
4872,2,350132.0,1898.99,0.280490401,14.02172542
4873,2,248937.0,1768.52,3.818658454,15.63850394
4874,3,235439.0,1283.8,2.345697759,15.58522782
4875,1,364115.0,2283.06,1.929541424,14.84650424
4876,2,255786.0,1293.39,2.044380197,14.13783815
4877,0,169988.0,928.79,3.687019762,16.56856169
4878,1,379442.0,2496.29,3.74384444,16.15459653
4879,2,243606.0,1262.42,1.447878049,13.81598588
4880,1,151422.0,741.06,3.138732004,15.80004186
4881,2,233081.0,1246.47,1.270915519,13.29330055
4882,0,209136.0,1460.7,3.428823628,16.87277399
4883,1,252263.0,1809.48,3.652237815,15.96849093
4884,2,254025.0,1520.06,3.069311569,15.72590772
4885,2,273534.0,1906.77,2.950623097,15.36442299
4886,2,232882.0,881.67,0.090266231,12.03372787
4887,1,125515.0,1009.79,2.615972359,15.03137174
4888,5,360812.0,2272.33,1.87634249,15.31722052
4889,2,158875.0,881.73,4.116137956,17.17262014
4890,2,120322.0,828.77,1.319225417,13.71525199
4891,1,392175.0,2531.74,4.065972284,16.5811369
4892,1,275887.0,2059.01,3.786341883,16.56552745
4893,2,345213.0,1841.78,1.601895931,12.96550028
4894,2,240710.0,1195.35,1.197584351,13.19419611
4895,2,119657.0,766.86,1.670671573,14.54890732
4896,2,122025.0,701.79,2.139740239,14.37521293
4897,1,268810.0,1763.43,1.652413716,13.51781106
4898,2,238226.0,1523.16,0.571848002,12.34926888
4899,2,390424.0,3047.82,3.74256378,16.12361515
4900,1,247298.0,1252.59,0.826187468,14.12913178
4901,1,287883.0,1894.49,3.643008927,16.83158182
4902,2,257266.0,1129.34,1.767938685,13.90828006
4903,1,207063.0,958.04,3.955948466,16.82231476
4904,2,258485.0,1818.8,2.346030603,14.12417499
4905,1,380743.0,2318.28,2.878175407,16.38507915
4906,2,123964.0,586.86,1.376517137,14.9451777
4907,1,369319.0,1855.13,3.180747545,15.55137685
4908,2,244523.0,1552.15,3.116044898,15.73983766
4909,1,378651.0,1920.57,3.770857163,16.39823457
4910,2,132124.0,674.87,1.360632779,13.79173078
4911,1,135849.0,1057.43,1.772156716,13.33630731
4912,1,260203.0,1669.79,2.044418759,14.0917484
4913,2,240882.0,1478.6,2.761176771,14.1927207
4914,1,377921.0,2523.9,2.712117452,15.60783848
4915,0,276539.0,1849.45,4.180044972,16.62272654
4916,1,251602.0,1755.46,2.723974988,15.2852519
4917,1,156058.0,814.42,3.858153372,16.85565643
4918,2,140831.0,863.37,1.812515081,13.61974238
4919,3,346825.0,1825.61,1.534146023,13.31870572
4920,3,238355.0,1308.53,1.878502807,13.38089634
4921,1,167871.0,1585.8,4.27909277,17.27379362
4922,1,363954.0,2242.07,1.408640052,13.28175731
4923,1,261454.0,1781.02,3.705832126,16.3645302
4924,0,283441.0,1979.18,3.731051609,16.91102697
4925,2,249517.0,1492.27,3.102948528,15.65122839
4926,1,241145.0,1346.82,0.816143334,11.80829217
4927,2,248958.0,1154.59,2.198025624,13.60621991
4928,1,184691.0,995.18,3.886413848,15.50311508
4929,1,147423.0,1075.11,3.000808895,16.12924898
4930,1,378498.0,2387.01,2.871923363,15.48692715
4931,1,267218.0,2150.51,3.381519408,15.99188234
4932,1,136083.0,1119.88,2.967487768,15.12143897
4933,2,259167.0,1866.01,2.81126182,15.41618175
4934,2,135141.0,919.78,1.969012152,13.7598961
4935,2,144545.0,829.36,3.004117292,15.79369593
4936,1,262129.0,1867.72,2.89277494,16.29475356
4937,1,171614.0,729.0,4.845248909,17.4095396
4938,1,254700.0,1336.22,2.826263878,15.7002632
4939,1,379038.0,2004.1,3.244614572,16.56510017
4940,1,160251.0,1540.16,4.028897158,16.6972286
4941,1,247655.0,1469.57,1.752250417,14.13650298
4942,2,138869.0,780.89,3.843043885,16.7113248
4943,2,146436.0,980.21,3.908862556,16.17894387
4944,2,255657.0,1666.57,0.976058758,13.85837702
4945,1,261186.0,1363.55,3.764624821,15.91639774
4946,2,350806.0,2310.96,0.942817448,12.98281137
4947,1,159423.0,1247.39,3.106856073,16.68164966
4948,1,350928.0,1791.3,1.647494903,13.29965462
4949,2,363825.0,1860.83,2.238621858,15.12478432
4950,2,357022.0,1831.66,0.984848587,13.58265044
4951,2,235171.0,1276.58,1.997539595,13.53323933
4952,1,388730.0,2968.82,3.009575015,15.54484641
4953,1,142312.0,1262.31,3.012247868,16.31486528
4954,1,140490.0,858.15,1.535119276,13.42712676
4955,1,144771.0,846.88,3.362202288,16.76493492
4956,2,114947.0,718.67,2.054805133,13.4854488
4957,1,198794.0,1396.12,4.818116529,17.73027397
4958,3,114947.0,1228.73,2.655817877,15.19433909
4959,2,239385.0,1057.77,2.189837566,15.51615557
4960,1,161535.0,1435.42,3.918393586,16.76801207
4961,2,362965.0,1866.39,3.025015248,15.49203337
4962,2,348933.0,1825.02,1.461445731,13.93441755
4963,1,119828.0,684.95,2.173103365,15.4016282
4964,2,252814.0,1874.73,2.906056333,15.35495825
4965,2,257148.0,1879.33,2.976923795,15.67287908
4966,1,370469.0,1950.39,2.889682932,15.36892677
4967,0,268573.0,1679.64,3.076611563,16.29712368
4968,1,240579.0,1461.84,1.630695974,13.1597522
4969,2,364626.0,1853.71,1.332779412,14.62051844
4970,1,147534.0,788.03,2.918253902,15.78234024
4971,1,371666.0,1958.53,1.867819285,13.23728811
4972,1,128218.0,849.96,1.835474586,14.82036627
4973,1,151848.0,1366.76,3.363795331,16.50541547
4974,1,372141.0,1844.56,3.125750433,15.50093938
4975,2,372204.0,1952.81,2.112881271,14.00322605
4976,2,375747.0,2394.32,2.594198549,15.04284518
4977,2,244154.0,1720.9,1.706219326,13.8159569
4978,1,366113.0,2143.05,1.858569111,13.27300892
4979,2,259340.0,1911.88,4.315590559,16.31680067
4980,1,134005.0,719.86,2.939241503,15.7509485
4981,2,360456.0,2407.04,2.594060976,15.76295138
4982,1,288703.0,2283.54,3.83956402,17.44816677
4983,1,272844.0,2093.48,3.896551491,17.21301619
4984,1,135710.0,811.62,2.677169398,14.01767292
4985,1,240585.0,1756.95,2.402924001,14.87685898
4986,1,174871.0,658.97,3.806091558,16.43580512
4987,1,401119.0,2506.47,3.844340427,16.77951337
4988,1,148550.0,956.3,3.193045947,15.63499439
4989,1,139323.0,901.22,2.927586082,15.68477451
4990,2,119590.0,878.87,1.699521262,13.79137347
4991,2,244549.0,1432.94,1.703522569,13.56749232
4992,2,241523.0,1725.09,2.196869152,14.80154675
4993,2,235410.0,1766.59,1.483232064,12.9332984
4994,1,270112.0,1753.27,3.44968279,16.22324638
4995,1,163593.0,1420.0,3.430915219,16.69067503
4996,2,245756.0,1446.61,2.29447777,14.53812304
4997,1,271981.0,1617.4,2.983958747,15.35683446
4998,2,360835.0,2264.24,2.250851182,14.0057038
4999,1,240202.0,1406.66,2.389924885,15.35690869
5000,1,151898.0,1006.66,3.620573235,15.78379636
5001,1,244612.0,1336.9,0.246186149,13.32992027
5002,1,367822.0,2174.53,3.151088127,15.70911504
5003,2,122409.0,794.46,1.413933842,13.62339191
5004,1,271850.0,2001.14,3.694679816,17.31507723
5005,1,266799.0,1795.98,3.470191546,16.53742032
5006,1,256320.0,1782.02,2.639135222,15.76901892
5007,2,245900.0,1591.4,2.568039792,15.0537362
5008,1,262792.0,1218.6,3.32691743,15.64869747
5009,1,364280.0,2599.72,2.559967089,14.98712619
5010,1,375296.0,2429.0,3.059490835,16.22443142
5011,2,245603.0,1104.74,2.902453524,15.0428989
5012,3,349337.0,2160.56,1.474489377,13.69936714
5013,3,134976.0,818.99,2.477812552,15.22238589
5014,1,370026.0,1893.32,3.041533745,16.01867929
5015,1,136269.0,853.68,2.975198008,15.51198457
5016,1,148334.0,1042.5,3.867444499,17.14729916
5017,2,251724.0,1088.68,1.300634458,13.89666383
5018,1,366794.0,1898.03,1.094989636,12.86773295
5019,1,253622.0,1732.68,1.353064796,13.48307943
5020,1,158958.0,1067.48,3.020095162,16.49990627
5021,1,246145.0,1302.43,1.524819309,13.1672796
5022,1,376651.0,1848.57,1.02755737,13.01952911
5023,2,278351.0,1846.72,3.656918384,16.04286901
5024,2,361660.0,1964.3,2.943229546,15.40259553
5025,2,271401.0,1839.06,3.139666345,16.52235934
5026,1,257000.0,1853.15,3.522959367,16.10754962
5027,1,253083.0,1465.7,2.945972934,15.53331552
5028,1,345569.0,1393.07,0.63055731,13.55349941
5029,1,384961.0,2358.77,2.98767269,15.51931233
5030,1,125295.0,1306.02,3.089571203,16.13882251
5031,1,386923.0,1930.93,3.618486017,16.74765212
5032,1,371665.0,2012.71,2.098088916,14.08567909
5033,2,246287.0,1995.37,2.243399331,13.90342489
5034,2,239497.0,1831.78,1.647738255,15.2215652
5035,1,352607.0,2270.3,1.934361163,13.12911817
5036,1,369667.0,1760.43,1.27513282,12.06557456
5037,2,138137.0,1404.13,3.037957412,14.75010648
5038,1,266358.0,2286.86,3.556146752,15.97086935
5039,2,367452.0,2312.96,2.358339832,14.05228257
5040,2,270379.0,2008.09,3.991410747,16.72614961
5041,1,129246.0,636.32,1.896511499,15.74485247
5042,1,370367.0,1950.3,2.935221371,15.57741787
5043,2,354161.0,2239.19,1.482292592,13.51881358
5044,2,138428.0,894.74,3.752171934,16.65550442
5045,1,376263.0,2296.17,2.291426676,13.84314565
5046,2,379146.0,1910.82,2.230678157,15.69761444
5047,1,159789.0,1760.71,3.475489014,16.28874383
5048,2,351392.0,1769.19,2.684367569,15.01473863
5049,1,135855.0,1033.18,2.113011563,15.42177236
5050,1,261690.0,1801.39,3.856663796,15.42654273
5051,2,261299.0,1753.33,3.784881764,16.36430176
5052,2,148438.0,929.54,1.921743172,15.42484592
5053,1,263127.0,1870.25,3.841372087,16.49073534
5054,0,379856.0,2271.49,3.625867387,16.38803247
5055,1,246718.0,1733.31,2.972802722,15.63601501
5056,2,129844.0,1550.68,2.808249039,13.70865508
5057,2,250544.0,1794.21,2.809681438,15.50071901
5058,0,258789.0,1165.26,1.904425736,13.88424887
5059,0,387390.0,1828.12,2.076799504,15.68183327
5060,1,242578.0,1187.97,1.4957107,13.52936825
5061,0,376852.0,1898.04,2.597789297,15.68491645
5062,1,152327.0,698.94,3.698023811,16.07691802
5063,1,124222.0,723.89,1.860505979,13.79264028
5064,3,352413.0,2158.96,1.667266522,14.92611859
5065,1,252643.0,1551.88,3.265898809,15.83004062
5066,2,357257.0,1628.72,1.252653671,13.69249825
5067,1,366448.0,2285.04,1.962649563,13.11542159
5068,2,126090.0,597.51,2.082086858,13.86486129
5069,1,275053.0,1658.06,4.653190879,16.68836586
5070,0,124054.0,714.86,1.125148903,14.70282592
5071,2,146081.0,1235.87,3.308585103,15.74347064
5072,1,161918.0,941.92,3.415598401,16.35058671
5073,2,263831.0,1822.47,3.21610682,15.63173672
5074,2,370939.0,1913.2,1.404715567,14.93884718
5075,2,139646.0,1494.48,3.001345546,16.34772397
5076,2,133205.0,1691.9,3.067399586,15.80352658
5077,2,135536.0,1354.58,2.864124221,16.20041416
5078,1,163231.0,1156.08,3.655319191,16.70400363
5079,2,143533.0,1156.7,3.655131731,15.86547716
5080,1,160419.0,1341.48,3.705123218,16.75653452
5081,0,279884.0,1764.07,3.604092925,16.86086465
5082,2,256292.0,1372.02,1.35664776,13.72433817
5083,1,355325.0,1907.99,3.214496442,15.51578963
5084,1,375093.0,2272.96,2.688759571,16.0116508
5085,1,137637.0,1210.88,2.970393039,16.23580494
5086,2,130949.0,828.01,3.209173865,16.01723457
5087,1,373536.0,1907.84,2.195957107,15.39036698
5088,2,355642.0,2326.82,2.288318327,14.87885538
5089,1,272548.0,2038.39,3.716889979,16.57144522
5090,1,358976.0,1805.33,1.433435548,13.04443009
5091,2,244260.0,1345.65,1.45655263,13.004082
5092,2,140525.0,1252.64,3.74173094,17.41352169
5093,1,114947.0,1381.62,2.069725915,16.18212231
5094,2,356862.0,2411.63,1.697067388,13.88573717
5095,2,251643.0,1855.21,2.210106825,14.97596132
5096,1,357746.0,2192.98,0.531871736,12.20797163
5097,2,229629.0,1264.09,1.645268604,13.07589367
5098,1,367300.0,1897.44,1.814668053,13.78120747
5099,1,365870.0,1892.95,1.905820533,15.44489377
5100,1,358102.0,2235.09,0.810812196,13.06695489
5101,2,256347.0,1359.44,1.980685438,14.59435962
5102,1,261791.0,1800.61,1.598486124,14.35945661
5103,2,353330.0,1949.38,0.47140799,13.02562499
5104,2,245908.0,1684.12,0.330139562,13.28450937
5105,1,268838.0,1830.74,2.15890473,14.38455346
5106,1,129600.0,916.98,1.502227199,12.35781839
5107,1,137496.0,982.38,3.615392076,16.50448971
5108,2,127370.0,727.63,2.193846596,13.72469954
5109,1,131152.0,834.38,1.394271926,13.87216697
5110,1,238628.0,1699.78,1.803035888,13.18163896
5111,2,356789.0,2290.64,1.885190659,13.83488663
5112,1,397272.0,2533.57,4.535360985,16.58117743
5113,1,385365.0,2509.02,3.828860682,16.39075643
5114,1,266925.0,1573.63,3.619981973,15.38962841
5115,2,239001.0,1363.03,2.72616679,14.97104904
5116,2,251641.0,1958.29,3.943309305,15.57636976
5117,1,264745.0,1823.58,4.114966966,15.8468972
5118,1,378887.0,2228.12,3.85721557,16.07862948
5119,2,243012.0,1773.94,1.642666669,12.75740173
5120,2,355942.0,1914.58,0.9468518,14.33506978
5121,1,195860.0,598.34,3.599389967,16.75854735
5122,2,141959.0,799.07,3.246909158,15.99706674
5123,2,139210.0,850.15,2.530914553,16.37755479
5124,1,367594.0,2143.92,1.273718959,15.03899386
5125,0,400505.0,2883.43,3.866815713,16.7764899
5126,1,267495.0,1928.32,3.729064874,16.62365604
5127,1,371416.0,1951.21,2.180193869,13.94080912
5128,1,262306.0,1418.91,3.574458565,15.65942992
5129,3,128841.0,917.17,2.979669413,15.75375345
5130,1,368953.0,1886.79,1.405753826,12.8336666
5131,2,253266.0,1751.16,1.636423366,13.57994781
5132,3,362162.0,1892.56,2.923713317,15.53219581
5133,2,130412.0,1429.46,2.629607457,15.55634454
5134,0,259570.0,1565.46,3.694403218,16.23190769
5135,2,266098.0,1909.92,3.887572652,16.44769499
5136,1,381329.0,2514.86,3.153053102,15.81141621
5137,2,244562.0,1478.74,1.986545456,13.73251252
5138,1,380618.0,2331.54,2.881023499,15.51216297
5139,3,119660.0,1479.09,1.860338921,13.91696939
5140,1,238450.0,1260.2,3.032319587,15.56065706
5141,1,248886.0,1719.27,2.198404526,14.25132194
5142,2,368107.0,1938.11,1.628556851,12.80543837
5143,2,355678.0,2259.97,1.211110801,15.42940502
5144,3,352787.0,2619.85,1.504118933,15.10257861
5145,2,244448.0,979.14,1.925289105,14.32022171
5146,2,136812.0,691.72,2.920337606,15.78073217
5147,2,361772.0,1914.8,2.815312647,15.12205499
5148,1,370084.0,2255.99,1.422089123,13.67359569
5149,1,276424.0,1891.14,3.482776822,16.37792735
5150,1,158553.0,1054.86,3.670742384,16.31308434
5151,2,349212.0,2203.93,1.666267495,13.42095854
5152,1,272940.0,1692.31,3.774479188,16.38011769
5153,2,358861.0,2170.62,1.88128675,14.1404401
5154,2,250702.0,1393.92,3.30923678,15.68102151
5155,2,254108.0,1761.14,1.782319366,13.64550453
5156,1,131474.0,739.04,2.149121891,15.97262191
5157,1,276036.0,1982.1,3.597477651,16.68388827
5158,2,238451.0,1737.0,1.208975493,13.15598983
5159,2,263405.0,1855.21,3.510396233,16.14710808
5160,2,129440.0,739.25,2.901620779,15.42002003
5161,1,247615.0,1513.88,1.484076267,14.6685768
5162,2,369145.0,1939.72,1.364577776,12.98624254
5163,1,128099.0,624.65,1.204804144,12.70956209
5164,1,130872.0,717.18,1.04763694,12.97477127
5165,1,129190.0,1038.13,1.361880287,14.54299704
5166,1,153329.0,767.92,3.526542683,15.88073369
5167,1,273507.0,1843.41,3.930846174,16.41135908
5168,1,169387.0,811.7,3.725616042,17.27713086
5169,2,171677.0,2108.82,3.626002326,16.32991513
5170,1,174083.0,776.18,3.679829288,17.31403638
5171,1,143705.0,1522.92,3.781511949,17.07467707
5172,1,150254.0,810.67,3.079610799,15.79153918
5173,2,154041.0,1047.66,3.699958862,16.78907312
5174,1,269165.0,1402.51,1.544976113,14.71091232
5175,3,135736.0,1707.41,1.305447209,13.42588509
5176,2,258941.0,1821.64,3.493315937,15.52778042
5177,1,265092.0,1511.98,1.640769979,13.59249681
5178,1,136166.0,817.37,2.186522368,13.86230626
5179,2,137921.0,612.09,1.573065083,14.94571457
5180,1,134118.0,677.54,3.082510103,15.40542502
5181,3,251847.0,1444.24,1.368051427,13.46743745
5182,1,132014.0,1259.48,2.670105515,15.75799974
5183,1,162947.0,898.92,3.842642006,16.45321603
5184,1,277187.0,1946.42,3.615384766,16.74476212
5185,2,139658.0,1489.11,2.94569682,15.54857276
5186,1,375141.0,2232.56,1.631132388,13.32586126
5187,1,140082.0,795.22,0.729714504,13.39966984
5188,2,271256.0,1917.13,4.289269898,16.44541317
5189,2,265121.0,1841.66,4.403412462,16.53233893
5190,1,281867.0,1883.49,4.776372822,16.72713363
5191,2,343962.0,1945.39,0.573147234,13.64073235
5192,1,347369.0,2099.02,0.874313121,11.96383848
5193,1,351969.0,2035.17,0.763150635,12.7497524
5194,1,379551.0,2613.78,1.67683182,13.04421776
5195,3,364915.0,2285.67,1.759294414,15.17058395
5196,1,381316.0,1972.22,3.047179351,16.03131337
5197,1,135251.0,1602.72,3.1718394,16.42169549
5198,0,357207.0,2049.87,0.114273572,12.45450548
5199,1,157131.0,1188.14,3.659456323,15.74104797
5200,2,121980.0,748.67,1.820072554,13.06392667
5201,1,242610.0,1018.16,0.539762192,13.44115283
5202,1,287864.0,2405.3,3.967590582,16.6795933
5203,2,129710.0,674.09,1.265005457,13.1287768
5204,1,371209.0,1911.19,1.570051068,13.80695624
5205,1,380468.0,2460.76,1.814942366,13.63346352
5206,2,239789.0,1617.16,1.587556661,13.15178448
5207,3,128939.0,1694.94,1.361364138,13.56177719
5208,2,241920.0,1258.61,1.636816841,13.38143112
5209,1,245283.0,1845.44,1.302205639,12.89634125
5210,0,156411.0,871.88,3.543133461,16.94767288
5211,1,245932.0,1824.25,2.18443581,15.28745455
5212,2,251774.0,1172.97,1.696628314,14.03337674
5213,1,124513.0,858.25,1.186594719,12.98364794
5214,1,356286.0,2297.41,0.183481616,12.38280783
5215,1,154658.0,977.12,3.489227334,16.54317226
5216,2,142529.0,939.88,3.586178615,16.59441523
5217,1,123710.0,586.86,1.469117684,12.76385397
5218,2,349641.0,1809.32,2.346335409,14.09982821
5219,1,382436.0,2206.45,2.168299477,16.15829592
5220,1,263488.0,1749.67,3.37841382,16.74795302
5221,2,134669.0,1749.23,1.968725633,13.72739557
5222,1,357730.0,1889.82,0.697114172,12.7155651
5223,1,393844.0,2276.04,3.389818065,16.79555956
5224,1,141173.0,931.52,3.117036251,15.7853478
5225,3,239345.0,1575.2,1.481247841,13.87281927
5226,2,254162.0,1801.32,3.672199433,15.77929627
5227,1,362750.0,2092.2,1.621209788,12.95894299
5228,0,153968.0,1086.58,3.854535889,16.5120162
5229,2,135944.0,825.93,2.283804875,15.59980401
5230,2,240788.0,1410.81,1.732675343,14.27520448
5231,2,358888.0,1775.25,2.311876662,15.29147618
5232,1,114947.0,1298.96,1.971488251,16.97828966
5233,2,365200.0,2228.09,1.806139467,13.45712395
5234,1,175977.0,775.29,3.627440509,16.82330061
5235,3,124580.0,1812.06,2.483721916,13.48279916
5236,1,131401.0,787.87,2.022803264,13.84468801
5237,1,170225.0,1271.9,3.745524291,16.32058789
5238,1,259518.0,1817.5,3.729904113,16.01514936
5239,0,151271.0,893.27,2.977901005,15.32141139
5240,2,148797.0,716.72,3.602981385,17.15965024
5241,1,268095.0,2178.19,3.771895282,16.52924807
5242,1,158482.0,967.19,3.964192741,16.67938278
5243,1,373506.0,2086.39,3.052700352,15.65511814
5244,1,145337.0,887.03,3.173109216,15.69400069
5245,3,139306.0,868.33,3.225782751,15.67875676
5246,1,159736.0,833.05,3.6193536,16.64983383
5247,2,244228.0,1621.58,2.302229084,15.54621949
5248,1,243970.0,1309.56,2.415137858,14.17493829
5249,1,248565.0,1516.68,1.28473453,13.16281388
5250,2,266395.0,1915.56,3.883282511,15.97289153
5251,1,263638.0,1845.22,3.557678914,16.09140394
5252,1,380099.0,1970.16,1.635081994,14.03965686
5253,2,133843.0,622.98,1.83763375,14.9597867
5254,1,380031.0,2069.58,1.1562782,15.29711463
5255,1,245342.0,1208.12,2.326917162,15.41959929
5256,1,158553.0,929.13,3.524137895,16.65957092
5257,1,365218.0,1907.82,2.841884745,15.57235891
5258,1,260590.0,2000.69,3.654870759,15.77807843
5259,1,357436.0,1792.15,1.539753365,13.4320196
5260,2,351279.0,1815.83,1.273116191,13.10243457
5261,1,258959.0,1426.79,3.690495409,16.54825813
5262,1,175846.0,1317.45,3.615002639,17.37887075
5263,0,369367.0,2086.28,3.223792729,15.83982786
5264,2,151730.0,1168.18,3.072376163,15.87403449
5265,2,158985.0,1509.29,3.629552723,16.60219407
5266,2,247848.0,1372.07,2.953186358,15.09670464
5267,1,251870.0,1157.13,2.124902444,15.3569401
5268,1,135522.0,914.16,2.628684168,15.0824101
5269,1,150259.0,874.11,3.660108006,16.81519554
5270,1,155871.0,1239.52,4.050310484,16.47778075
5271,2,171239.0,622.44,3.830498872,16.85566246
5272,2,353722.0,1590.74,2.1975122,14.86071525
5273,0,157701.0,1112.74,2.892770799,16.39120852
5274,1,370523.0,2388.0,1.145712487,12.72091548
5275,2,237009.0,1391.7,0.173193887,11.41525839
5276,1,166816.0,1838.84,3.629999172,16.59785886
5277,1,264508.0,1770.58,4.01521172,16.09416119
5278,1,258746.0,1821.62,2.801494099,15.30038911
5279,2,356192.0,1855.44,0.896122027,12.15011962
5280,2,237888.0,1283.47,1.656118014,13.36251743
5281,3,114947.0,1488.76,0.398859237,12.95763174
5282,1,272194.0,1598.38,3.654055105,15.92924863
5283,1,145729.0,765.64,2.130331276,14.39651649
5284,1,245103.0,1445.12,3.170046547,15.68271235
5285,2,264714.0,1700.69,3.795652949,15.75490107
5286,2,392566.0,2747.96,2.848017293,15.62561501
5287,2,239080.0,1016.81,0.302764647,11.7237619
5288,2,246253.0,1464.24,2.804441838,15.72745168
5289,1,244498.0,1729.22,2.0535024,15.09994691
5290,2,229638.0,1321.18,1.172675389,13.31641075
5291,1,259309.0,1576.36,3.532748126,15.71859895
5292,2,249247.0,1757.07,2.997702379,15.06128006
5293,2,140516.0,895.21,2.703216142,15.39811777
5294,1,255211.0,1178.38,3.650664752,15.97262073
5295,2,368702.0,2502.95,2.009844912,13.75843216
5296,1,375149.0,2508.92,2.236369225,15.31160429
5297,1,247945.0,1303.31,2.098946817,13.64339227
5298,1,166695.0,1488.23,3.695622682,16.42660875
5299,1,361427.0,1926.17,3.161469427,15.3864282
5300,2,243716.0,1517.97,1.637591454,13.94890656
5301,2,249702.0,1711.42,1.691097373,13.32167948
5302,1,251551.0,1000.46,1.490619303,12.96661117
5303,2,370260.0,2154.11,2.844689252,15.52535305
5304,1,248314.0,1419.67,1.854479922,13.62430005
5305,1,151479.0,804.79,3.576609411,17.18523668
5306,1,241618.0,1264.03,2.090947481,16.04296123
5307,1,240630.0,1467.49,1.767251213,13.90404808
5308,2,136383.0,893.95,2.681227373,15.71169762
5309,1,146505.0,1105.5,3.696148287,15.5817558
5310,2,338056.0,1792.24,1.113050077,11.70131912
5311,1,153081.0,1286.26,3.84346476,16.75388509
5312,2,241681.0,1210.11,1.157609712,13.58470731
5313,2,227559.0,1451.04,1.10275789,11.73412417
5314,2,117985.0,1447.29,1.798320507,14.30052744
5315,1,263844.0,1481.16,2.067830497,15.2615872
5316,2,119335.0,828.41,0.888093839,13.18244325
5317,1,151257.0,1247.18,3.539858321,15.74530121
5318,1,367829.0,1964.89,1.518326408,15.33466572
5319,2,129485.0,901.86,1.515107656,13.35843567
5320,2,238142.0,1336.03,2.836386254,14.80171493
5321,1,375799.0,1863.18,1.33762917,14.09081023
5322,1,278952.0,2023.55,3.919055944,16.67540319
5323,1,263152.0,1801.68,1.779835989,13.56711427
5324,2,158690.0,1911.08,3.588997998,16.4881395
5325,1,155082.0,1253.83,3.770166059,16.16070854
5326,2,269174.0,2060.41,3.52990439,16.62066278
5327,1,150134.0,854.12,3.969382278,16.24980881
5328,0,244691.0,1691.52,0.906788565,13.432568
5329,1,368189.0,1999.36,1.287289794,13.03703594
5330,1,235860.0,1679.76,2.351484595,15.0108497
5331,2,353004.0,2157.79,1.54630865,14.88293583
5332,1,372525.0,2097.65,3.460228336,16.0245247
5333,1,260036.0,1532.71,1.876206967,13.7017787
5334,2,356182.0,2225.4,0.871236431,13.23569333
5335,2,368728.0,2192.06,1.644468589,13.77376414
5336,2,353075.0,1801.17,1.571704092,13.84827069
5337,2,124936.0,792.47,3.012702136,15.47563959
5338,2,142680.0,742.32,2.755343927,14.71646278
5339,2,364574.0,2612.31,2.305529024,14.62885
5340,1,248607.0,1448.76,2.524112571,15.40691276
5341,1,141569.0,780.98,3.155534948,16.25154845
5342,1,259846.0,1912.37,3.694950749,16.22004401
5343,1,359655.0,1649.73,1.588503884,13.30227398
5344,1,374964.0,2353.3,3.22678123,15.42656832
5345,2,358934.0,2488.38,1.753893834,13.74939846
5346,0,275780.0,2127.86,3.990254155,16.69201434
5347,1,135864.0,643.29,2.008865318,13.69785414
5348,1,358030.0,2334.9,2.375110506,13.76771919
5349,1,175552.0,1096.05,3.62914465,17.2211189
5350,2,126953.0,958.87,3.091697153,16.47798304
5351,2,362138.0,1875.65,1.638717941,13.43052103
5352,2,372022.0,1865.32,1.901455583,13.59774038
5353,2,364997.0,1899.46,1.762353075,13.17146
5354,1,360052.0,1803.37,1.567714626,13.15646485
5355,2,114947.0,681.07,2.090913782,13.85237876
5356,1,157949.0,1797.31,3.256702094,16.26373235
5357,2,354329.0,2393.8,0.9210309,12.26914429
5358,1,385482.0,2416.44,3.355822958,15.89901163
5359,1,358618.0,2052.33,1.665819214,12.6530354
5360,2,342937.0,1764.37,1.475324371,13.36718625
5361,2,142050.0,877.72,3.051066119,15.65311773
5362,1,114947.0,1287.85,1.988773717,14.19368905
5363,1,154697.0,1217.37,3.10244267,17.46797155
5364,3,123842.0,839.27,1.595917409,12.99313621
5365,2,238168.0,1747.67,1.59825955,12.0847751
5366,1,372973.0,2181.38,3.90694325,15.94691927
5367,0,250686.0,1182.89,2.040999396,15.52739528
5368,2,231809.0,1316.84,1.951346737,13.27665542
5369,1,272381.0,1904.76,3.309884903,16.71506291
5370,2,144865.0,808.9,3.456605204,15.88503784
5371,2,345483.0,1797.96,1.14759262,12.39951805
5372,1,256077.0,1358.48,3.646177917,16.73220494
5373,2,342103.0,1618.87,1.827335058,13.0921979
5374,1,165706.0,1438.3,3.492715098,16.82834948
5375,1,265149.0,1488.4,3.19464997,16.13335829
5376,1,370326.0,2109.73,3.940040339,15.85175076
5377,1,267190.0,1766.07,3.588499023,16.17490585
5378,2,233269.0,1448.04,1.814489617,14.62354233
5379,1,167609.0,1177.94,3.719815608,17.66837644
5380,3,237693.0,1255.07,1.101619474,13.19639393
5381,1,375761.0,1855.27,2.150863441,13.91928795
5382,2,255381.0,1598.65,1.382724548,15.39676991
5383,2,256763.0,974.72,2.873487657,15.17575523
5384,1,263765.0,1792.27,3.356141354,16.72116396
5385,1,360653.0,1730.5,1.223315442,13.59498556
5386,2,129663.0,1085.02,1.383938042,13.49913663
5387,1,238788.0,767.18,1.413206822,13.58104593
5388,1,166901.0,1268.56,3.230629458,16.1882304
5389,2,365301.0,1792.25,2.081380674,15.8478542
5390,1,372677.0,1759.35,2.941764448,15.56503429
5391,1,262649.0,1762.07,3.84884503,16.01071789
5392,1,360998.0,2151.54,1.84599943,13.8236278
5393,1,247204.0,1323.69,1.6124874,13.62510012
5394,1,394533.0,2582.98,3.496488307,15.95183197
5395,1,124907.0,725.08,1.452186723,13.71412603
5396,2,359330.0,1963.43,1.033928995,12.41486239
5397,2,246698.0,1407.48,2.436760017,15.6774644
5398,1,374125.0,2337.13,1.969277839,14.07679524
5399,1,376085.0,2409.78,1.585787052,15.1940517
5400,1,354010.0,1541.18,0.45313126,12.08986408
5401,0,144971.0,1331.93,3.022078465,15.25752218
5402,2,131049.0,591.9,2.154943906,15.49855612
5403,2,234777.0,1775.48,1.151940558,13.04120102
5404,0,378442.0,1829.7,1.081182517,13.15619611
5405,2,138526.0,981.91,2.702864941,14.64383086
5406,2,235492.0,1805.49,3.260203303,14.12922279
5407,1,358878.0,1874.0,1.362368228,12.86901556
5408,1,171034.0,852.75,4.466983899,16.59465591
5409,1,192015.0,746.09,4.434413874,17.30953187
5410,1,260206.0,1452.47,2.553594997,14.31940641
5411,0,159516.0,1102.54,4.005763411,17.6684235
5412,2,162589.0,1661.6,3.792203847,16.04931597
5413,2,254199.0,1430.1,2.443774974,14.75918656
5414,1,163394.0,1364.68,4.543745849,17.1525996
5415,0,381018.0,1884.76,2.990832106,15.8210699
5416,2,159451.0,1344.5,4.357240019,16.11935835
5417,3,356830.0,2253.57,1.075008714,12.43625573
5418,1,362633.0,2235.43,1.747565571,13.53927259
5419,2,362044.0,1934.63,0.857883483,11.93540985
5420,2,234381.0,1180.68,1.67655298,13.94103927
5421,1,366196.0,1746.47,1.520681829,13.21347755
5422,2,356858.0,1788.71,0.858050599,12.59729624
5423,2,253189.0,1398.73,1.689515458,13.53126492
5424,2,366576.0,2270.54,1.961189281,15.20365858
5425,2,250645.0,912.33,2.957924118,15.28233765
5426,1,361800.0,1685.79,2.345871369,15.97709535
5427,2,373664.0,1856.35,2.381327149,14.35110497
5428,1,238862.0,1273.83,1.499239534,13.34911139
5429,2,236467.0,1126.64,1.33153992,13.55966394
5430,1,149212.0,1826.62,3.502904843,14.22985168
5431,2,115461.0,918.62,2.54778466,14.86077448
5432,2,259514.0,1840.4,2.922746658,15.46247935
5433,1,259558.0,1802.33,3.627406287,16.76478631
5434,2,124117.0,586.86,2.20700681,14.93358513
5435,1,369129.0,1977.43,1.948380701,14.37163377
5436,1,366154.0,1631.86,0.61796268,12.89023898
5437,1,242804.0,1344.01,2.62653841,14.58409842
5438,2,153417.0,1133.2,2.957184945,14.96517078
5439,1,252818.0,1759.84,2.868560226,15.31850732
5440,2,244508.0,1682.7,2.311350535,14.8908235
5441,3,247574.0,1756.43,2.912309643,14.9212664
5442,1,150348.0,962.43,4.592263213,16.39020762
5443,1,242935.0,1825.06,1.28648887,13.50387653
5444,3,366188.0,2398.55,1.949394575,15.35390823
5445,3,119266.0,922.67,1.215076033,12.58099042
5446,2,130252.0,1226.34,2.900158048,16.22429394
5447,2,262635.0,1808.44,2.313864638,15.40795737
5448,2,141369.0,763.57,3.28349764,16.4177414
5449,2,237642.0,1767.06,0.689924812,12.8891374
5450,2,137465.0,887.16,3.54342201,16.59180991
5451,2,125724.0,778.27,0.171000229,13.29205272
5452,1,373546.0,2299.4,3.542465232,16.32245158
5453,2,248929.0,1868.68,3.070783665,15.61249079
5454,1,155119.0,1786.6,3.506031752,16.09043303
5455,1,260752.0,1816.62,3.960608748,16.34232198
5456,2,357276.0,1785.48,1.297898314,12.88336717
5457,1,373036.0,2499.97,1.05930011,12.4569735
5458,0,247802.0,1219.69,1.289166902,13.7952629
5459,2,360776.0,2424.24,1.782163549,15.04191638
5460,1,258543.0,1821.27,3.076906007,15.8033636
5461,2,144422.0,1366.22,3.004701431,16.06534579
5462,3,141710.0,910.29,3.124502793,15.3239501
5463,2,360755.0,2207.31,1.35628995,12.54730338
5464,2,124260.0,928.63,0.327014214,12.85378288
5465,2,127732.0,936.29,1.455071675,12.8761341
5466,1,153367.0,993.26,3.334961933,16.87569536
5467,2,356042.0,2278.74,3.049932955,15.31625123
5468,2,130450.0,1763.82,2.074349293,15.18347434
5469,1,247018.0,1447.01,2.808204752,15.71854928
5470,1,376394.0,1829.14,2.877395984,15.38507341
5471,1,159734.0,812.67,3.747595069,16.49013
5472,2,233073.0,1694.96,1.91637388,13.9756261
5473,2,260345.0,1345.2,4.160387144,16.60780513
5474,2,138555.0,1280.92,1.580352755,13.69259674
5475,1,140413.0,666.79,2.746284544,16.4378099
5476,1,160724.0,1207.46,3.602188836,16.3266505
5477,1,130524.0,772.98,1.979019378,14.19691139
5478,0,165074.0,858.89,3.690228408,17.01964709
5479,1,149686.0,798.67,3.780749094,16.10780787
5480,1,247564.0,1768.82,3.76122308,15.8246576
5481,2,133050.0,1258.67,2.40291974,15.98317084
5482,0,255308.0,1169.32,1.241519399,13.65883684
5483,1,360028.0,1831.08,0.429497253,12.58502169
5484,1,155327.0,797.08,4.567447832,17.25787834
5485,3,239581.0,1436.13,1.630095281,14.14495765
5486,1,255525.0,1738.83,3.644361688,16.65806448
5487,2,145210.0,1677.37,3.487735689,16.59371019
5488,2,378242.0,2442.93,2.78883129,15.69487288
5489,2,344772.0,1824.79,1.770760189,12.83498645
5490,1,378597.0,2011.07,2.307522076,13.74952009
5491,2,374448.0,1889.47,2.014940314,15.22198537
5492,1,146813.0,1360.34,2.975330259,16.91594863
5493,1,245177.0,1431.4,0.301630841,13.01597443
5494,2,136802.0,789.72,1.959980834,15.42539131
5495,2,235078.0,1355.74,0.844024919,14.66297854
5496,2,122410.0,1032.75,2.197108965,13.19241796
5497,2,236969.0,1475.1,-0.208178852,12.59548807
5498,1,262566.0,1994.92,3.429018183,15.95242499
5499,1,263358.0,1558.17,0.583148068,13.52779288
5500,1,165773.0,1232.84,4.818431734,17.11268043
5501,2,378347.0,1984.16,1.272848992,15.11519967
5502,2,259988.0,1497.1,2.373574554,14.4455038
5503,1,381286.0,2585.27,2.844103178,15.3425468
5504,1,346881.0,2127.38,0.704559723,13.94120908
5505,1,268718.0,1832.07,4.401372878,17.03998786
5506,1,150159.0,1764.04,3.530358475,16.57744817
5507,1,251514.0,1790.75,1.546907178,13.15969151
5508,2,258133.0,1387.45,2.709295434,14.14374887
5509,1,268782.0,1766.34,3.352596799,16.63733245
5510,2,143010.0,751.72,3.160279864,15.88790456
5511,2,247017.0,1797.56,1.669768704,15.24604989
5512,1,132706.0,775.9,2.868464544,15.86770885
5513,2,242744.0,1038.9,2.114676822,13.87011128
5514,2,124615.0,761.96,2.600918882,15.65162763
5515,1,258224.0,1893.97,2.959571758,15.32233096
5516,1,154232.0,825.61,3.801433428,16.38262468
5517,1,378918.0,2656.43,3.059449185,15.27182613
5518,1,362101.0,2535.76,0.105398422,12.57123557
5519,1,375249.0,3047.82,3.18512025,15.26628869
5520,2,130607.0,849.66,2.712194203,15.87676881
5521,1,349708.0,1725.56,0.580261296,13.36442154
5522,1,146361.0,784.68,3.658111986,16.62496164
5523,1,263932.0,1960.79,3.844569899,16.9050482
5524,2,147806.0,891.76,3.969536689,15.89174934
5525,1,275295.0,1785.52,3.657135152,16.23917589
5526,2,235728.0,1690.99,1.468906512,12.94806231
5527,2,341774.0,1762.39,2.212603151,14.87773095
5528,3,145158.0,1173.37,2.726339761,15.00638722
5529,2,232242.0,1372.66,1.577588318,13.74684222
5530,0,264877.0,893.83,3.364186924,16.31487583
5531,1,160803.0,1353.52,4.868681245,16.80759981
5532,1,140496.0,1182.49,1.683463011,14.94074611
5533,2,255029.0,1819.53,2.957988104,15.4299677
5534,1,154237.0,995.59,3.138219043,16.27680689
5535,1,259260.0,1829.94,3.850230283,15.89593312
5536,2,350900.0,2297.18,1.323204336,12.45109332
5537,2,271084.0,1900.54,3.686885168,16.27123199
5538,2,259566.0,1859.67,3.415315758,15.94287396
5539,1,362111.0,2001.85,1.829354496,13.46654628
5540,3,244798.0,1535.01,2.865904308,14.65853005
5541,1,156402.0,1082.25,3.474457844,16.95633739
5542,2,365774.0,2543.0,1.855842076,15.30184836
5543,3,242545.0,1281.57,1.636263314,13.37169541
5544,1,247060.0,1841.47,2.907486055,15.45983907
5545,2,254781.0,1551.59,3.35394398,15.74736911
5546,2,124595.0,914.96,2.463080218,15.44397566
5547,1,365819.0,2071.95,1.890755175,14.01470901
5548,2,155625.0,1251.11,3.722993994,17.07531525
5549,2,364342.0,2047.05,2.442201282,15.57389891
5550,1,360440.0,2181.54,0.769263761,12.71146216
5551,1,122100.0,716.91,2.228142587,13.91204513
5552,1,361656.0,2101.91,1.786817084,13.95585023
5553,1,157979.0,720.26,3.585395211,16.57471315
5554,1,364826.0,1826.48,1.881340478,13.55351625
5555,2,145242.0,730.22,3.416553218,15.64365463
5556,1,183536.0,1599.54,3.605750745,16.53725442
5557,2,246711.0,1595.45,1.766126201,13.54092449
5558,2,156045.0,1210.58,3.474178252,16.26295817
5559,2,359838.0,1894.82,1.320167506,13.00760359
5560,1,151213.0,798.97,2.737838271,15.86783159
5561,2,361998.0,2444.94,2.917015825,14.15962086
5562,2,144717.0,807.32,3.587920689,15.58602858
5563,2,252665.0,1761.48,2.60728552,15.44202946
5564,3,353157.0,1915.75,1.682746423,14.87661662
5565,2,130373.0,595.08,1.987891543,15.21902453
5566,2,346362.0,1804.41,1.903471756,15.22723278
5567,1,132450.0,650.35,2.89666879,15.33558383
5568,0,265125.0,1896.8,3.132142888,16.00848146
5569,1,158853.0,937.24,3.603940759,16.31990589
5570,0,381436.0,1894.28,3.699559024,15.95144608
5571,2,242171.0,1813.1,1.401700349,13.19339854
5572,1,141342.0,856.38,2.929594588,14.29700584
5573,1,353894.0,2497.58,0.611904346,12.36744837
5574,1,126863.0,634.62,1.618603603,14.24572766
5575,2,143320.0,586.86,2.436078197,16.27504234
5576,1,274739.0,1924.16,3.417331001,16.17427325
5577,2,362018.0,1992.14,1.399868931,14.78495634
5578,2,352229.0,1728.31,0.488597661,12.92429895
5579,1,372765.0,1823.71,3.309130636,16.47996701
5580,2,347111.0,1830.31,2.651309602,13.47058085
5581,2,365143.0,1908.55,1.932695931,15.016791
5582,2,357753.0,1959.8,1.036679686,14.4649882
5583,3,132683.0,1135.3,2.637933289,15.91504808
5584,1,133372.0,726.04,3.607177599,16.64024076
5585,1,258518.0,1421.91,1.751353383,13.99232403
5586,2,239866.0,1259.53,0.673750545,13.35064104
5587,2,130899.0,819.11,2.34092105,13.97460756
5588,2,361478.0,1885.77,1.414529206,13.56162206
5589,2,352893.0,1811.28,1.42550024,13.1391525
5590,1,255977.0,1542.37,2.930262538,15.48932509
5591,4,135210.0,865.16,2.877359363,15.06730662
5592,2,247491.0,1821.02,2.84455595,15.43084713
5593,2,133456.0,1334.99,2.471083432,15.17864139
5594,1,278216.0,1987.8,4.551729392,16.24643391
5595,1,352536.0,1934.74,1.105925768,12.26203749
5596,1,270042.0,1875.45,3.664462988,16.72400734
5597,1,377373.0,1969.84,3.522836528,16.06756693
5598,1,378232.0,1887.19,2.941826478,15.40460772
5599,1,367843.0,1597.43,1.96371414,14.8014667
5600,2,249671.0,1700.99,3.078523644,14.5814967
5601,2,248208.0,1224.86,1.29411138,13.82408682
5602,1,191832.0,1084.7,4.93924406,16.87970293
5603,2,137834.0,1021.76,3.254689711,15.21127673
5604,2,249034.0,1669.95,2.983528545,15.11291718
5605,1,254438.0,1702.23,1.258914108,13.39500375
5606,1,377988.0,2202.92,3.94910242,16.5257778
5607,1,130997.0,828.58,2.327518057,15.50430644
5608,2,347067.0,1879.51,-0.056101503,12.04140997
5609,1,163762.0,851.6,3.667663572,17.17357643
5610,1,361526.0,2190.56,1.489770813,12.65691541
5611,3,114947.0,1343.78,1.865063107,13.12475187
5612,1,162346.0,1399.34,4.93924406,16.984547
5613,1,389398.0,2725.35,4.174261253,16.54528486
5614,2,152024.0,892.05,3.68721768,15.45203563
5615,1,136804.0,675.4,2.508091692,13.9781107
5616,1,258782.0,1862.52,3.843734595,15.7745093
5617,2,384336.0,2327.16,3.107998261,16.06237271
5618,2,242289.0,1703.92,3.051016193,15.08871156
5619,1,255902.0,1804.45,1.466453087,13.76474302
5620,1,354142.0,1844.67,2.345218541,15.44467511
5621,0,384324.0,2471.34,3.646337493,16.8816014
5622,3,230741.0,1735.14,1.889028823,12.89669027
5623,2,253018.0,1538.39,1.579870809,13.80093445
5624,1,134772.0,714.49,2.321521295,16.06546739
5625,2,244160.0,1393.09,2.026937232,14.24595485
5626,2,373315.0,2125.97,3.002518297,14.47851213
5627,3,356514.0,1884.08,1.987234849,13.63779091
5628,1,263957.0,1795.52,1.699403303,12.94551545
5629,2,145941.0,770.29,3.650812085,15.75074387
5630,1,115942.0,705.13,1.276442466,13.81700583
5631,1,250686.0,1989.0,2.651908954,14.2153376
5632,1,126706.0,712.15,1.549893404,13.57412834
5633,2,234698.0,1107.28,1.778530168,14.75181364
5634,1,267693.0,1861.88,3.570961485,15.86614616
5635,1,252268.0,1680.99,2.646097412,13.46687211
5636,1,372902.0,2267.31,2.436247879,15.53403283
5637,2,123853.0,857.23,1.90297527,13.72563614
5638,0,240914.0,1293.26,1.623927875,15.41821046
5639,1,391682.0,2557.43,3.699435318,16.33306105
5640,1,360651.0,1923.52,1.071003431,11.52168492
5641,0,169522.0,586.86,2.860182326,16.53739016
5642,1,142923.0,866.89,3.099534504,15.940352
5643,1,152613.0,853.92,3.7646295,15.84745968
5644,2,243785.0,1441.45,1.828602276,14.58988222
5645,1,352994.0,1765.06,0.13625397,13.36348654
5646,1,145285.0,1221.64,3.10943677,16.86604022
5647,2,358637.0,1859.96,1.858393632,13.98269021
5648,1,385497.0,1932.52,3.491352457,16.18010387
5649,2,260234.0,1363.97,3.090636902,15.15058226
5650,1,159174.0,1097.94,4.903606315,17.40775317
5651,1,156800.0,959.07,3.52065382,16.7672025
5652,1,238856.0,1794.09,1.793582244,14.96261798
5653,2,239314.0,1773.86,1.962712817,13.75271609
5654,1,132789.0,1078.48,2.171446065,15.9095259
5655,2,134370.0,904.29,3.038840928,15.48776828
5656,1,136355.0,1320.69,1.672128945,14.14275588
5657,2,378192.0,2124.0,3.126155859,15.48345494
5658,1,351594.0,1776.21,0.903679637,13.38989105
5659,1,273733.0,1875.13,3.775631412,16.40749688
5660,2,380908.0,2707.04,3.056157512,15.4983904
5661,1,359651.0,1838.92,1.511268892,13.48502115
5662,2,140014.0,637.79,2.998919726,16.09486279
5663,1,234574.0,1022.04,1.550303291,12.17065424
5664,1,155233.0,918.07,3.677445816,16.20269235
5665,1,272596.0,1962.91,3.788703098,16.87776926
5666,1,361091.0,2143.33,2.384666593,14.0784463
5667,0,159229.0,1436.71,3.596793592,16.66715787
5668,1,278578.0,1433.47,4.230525996,16.53838952
5669,1,154115.0,673.99,3.242732021,16.01441306
5670,2,129474.0,1273.49,2.871895651,16.21613583
5671,1,274846.0,1966.48,3.660183221,16.22822451
5672,1,257774.0,1184.54,1.954024327,13.83216111
5673,1,270906.0,2051.38,3.767060769,16.39984046
5674,1,357786.0,1957.19,0.840358652,13.49517959
5675,1,247563.0,1298.0,0.30901592,12.82161036
5676,1,348608.0,1762.38,0.764059791,12.96024433
5677,1,150393.0,671.18,3.465163991,16.21180428
5678,1,121422.0,830.82,2.802700625,14.66533118
5679,1,376901.0,1984.72,1.911053938,15.08774657
5680,2,262700.0,1841.74,3.744307298,16.2478441
5681,4,359035.0,2497.83,3.045091175,15.14294282
5682,2,263036.0,1736.61,3.440718044,16.09597844
5683,2,240693.0,1672.14,0.462563404,12.05252015
5684,1,357847.0,2186.64,-0.126964057,12.23595125
5685,1,264339.0,1877.59,4.570845187,16.79332808
5686,2,351812.0,1868.35,0.339503761,13.3587795
5687,1,264806.0,1804.71,3.791782725,16.94784469
5688,2,125999.0,915.41,1.882659741,14.02363173
5689,0,249269.0,1452.22,2.396286266,13.68927243
5690,1,360331.0,2244.53,2.517391875,15.29380732
5691,1,150313.0,971.86,3.62715998,16.81583579
5692,1,357029.0,2082.25,1.266192093,14.73220532
5693,1,371436.0,2075.41,3.582687276,15.95580278
5694,2,124756.0,696.18,1.229917829,14.11955954
5695,1,156983.0,715.9,3.694518345,16.69939643
5696,1,244512.0,1290.36,0.793623514,12.53678958
5697,2,133367.0,761.56,1.762805647,13.15347769
5698,0,385962.0,2280.99,3.753140138,16.60247665
5699,1,375310.0,1810.76,1.55035234,14.01167703
5700,1,245158.0,1707.9,2.313856176,15.47616553
5701,2,368134.0,2420.58,2.864286525,15.49386364
5702,2,256619.0,1866.64,1.793414445,14.92898681
5703,0,276024.0,1940.29,3.950786685,16.52723782
5704,2,359345.0,2155.43,1.823162066,14.16344013
5705,2,359985.0,2440.36,2.679324137,15.6691017
5706,2,254227.0,1936.2,2.832265069,15.31057865
5707,2,367999.0,2503.73,2.120128553,15.40867753
5708,1,270856.0,1765.86,3.969929949,16.400382
5709,2,157157.0,820.79,3.660934654,16.67875442
5710,2,349059.0,2339.86,2.493804749,13.85252061
5711,2,247138.0,1535.33,3.261973004,15.78364525
5712,1,374166.0,1888.59,2.989402753,15.61216786
5713,1,175414.0,1406.49,3.717616718,16.30226734
5714,2,118126.0,760.05,2.264680418,15.35210789
5715,2,129817.0,1928.15,2.454723498,15.25678885
5716,1,147188.0,1178.08,3.214516288,16.18154966
5717,3,236386.0,1581.88,2.048233648,14.54108776
5718,1,353558.0,2033.76,1.533742933,12.99804507
5719,3,133005.0,933.05,2.286405628,14.86716011
5720,0,272421.0,1932.24,3.819251577,16.08739366
5721,2,359837.0,1514.51,2.039454114,14.75411977
5722,2,145419.0,768.37,2.505080015,15.58961094
5723,2,239195.0,1285.47,1.105825674,13.2948783
5724,2,347084.0,1834.99,1.944746704,13.17097287
5725,1,242827.0,1775.2,0.849584344,12.61024411
5726,1,360798.0,2209.91,1.359829372,13.43569302
5727,2,345468.0,1788.85,1.083961212,12.40631182
5728,1,369622.0,1884.44,1.917898826,13.89636552
5729,2,120143.0,1031.92,3.064175589,15.69631411
5730,0,121532.0,1130.6,1.236356864,12.74433634
5731,1,264164.0,1577.18,3.067060802,16.02859889
5732,2,363584.0,2336.09,1.686246056,13.43429268
5733,1,258954.0,1735.57,2.199536591,15.37551809
5734,2,145738.0,816.75,4.301604287,16.67111824
5735,2,372643.0,2635.71,3.253775565,15.58487735
5736,1,251692.0,1533.05,0.067958257,13.19999286
5737,1,388877.0,1824.79,3.166114488,16.31271678
5738,1,148218.0,841.9,3.668430009,16.64176866
5739,2,124652.0,732.67,0.988398955,12.98761296
5740,1,370368.0,2147.02,1.944063959,15.41636059
5741,1,381910.0,2305.61,1.879104652,13.84060922
5742,1,243557.0,1694.22,1.948263584,14.07190979
5743,2,234491.0,1498.13,0.170735819,13.55294328
5744,2,123773.0,621.13,1.844454574,13.51314656
5745,1,367106.0,2280.25,2.1556818,15.49583566
5746,1,150313.0,1195.41,3.303299844,16.19495977
5747,1,366906.0,1845.38,1.311928325,13.90253656
5748,1,245066.0,1782.27,1.313707029,13.04665152
5749,2,149814.0,896.25,3.444690799,15.81068695
5750,1,187371.0,1083.73,3.581828852,16.90335189
5751,1,258992.0,1346.45,3.211756161,15.95733906
5752,1,256519.0,1627.88,2.234949267,15.55378491
5753,2,114947.0,1392.32,2.207449939,13.83506141
5754,1,374997.0,1805.79,2.814906291,15.61877942
5755,1,167573.0,1287.08,3.580042561,16.7135148
5756,2,253625.0,1502.88,2.033788883,14.80518428
5757,3,233247.0,1154.27,1.59998455,12.79148632
5758,1,348836.0,1817.36,1.918676135,12.84864354
5759,2,247259.0,1340.6,2.891135699,15.30336505
5760,2,230118.0,1467.16,1.655618502,14.3006029
5761,2,153269.0,1073.48,3.612776964,16.13010532
5762,2,246609.0,1316.89,1.900505382,13.87518097
5763,1,274406.0,1869.33,4.031176648,15.99370751
5764,1,273768.0,1850.13,4.046102646,16.5992127
5765,0,266526.0,1830.08,3.95227041,16.41683249
5766,2,342280.0,1735.42,1.317653872,13.18133757
5767,1,148132.0,1215.79,3.651515952,16.12668447
5768,1,364740.0,1861.22,2.787697364,13.94899545
5769,2,243011.0,1277.23,2.843568742,15.4362548
5770,1,252525.0,1856.41,2.478513126,15.47714889
5771,1,253631.0,1360.06,1.843445871,13.35046337
5772,2,367545.0,1736.85,1.811355062,14.88197644
5773,1,372490.0,1813.67,1.852729187,15.352941
5774,1,264093.0,1927.03,3.590162944,16.39014687
5775,2,354639.0,1895.44,1.737301131,12.8781683
5776,1,158315.0,798.91,3.621048185,16.41048872
5777,1,144018.0,1066.91,3.706481255,16.50720248
5778,2,357003.0,1908.56,2.150183875,15.27763668
5779,1,153767.0,690.64,3.615973604,16.35575474
5780,1,359067.0,1673.31,1.815165461,13.64997473
5781,1,258840.0,1191.94,3.288414496,14.40096186
5782,1,145816.0,1047.68,1.993527534,15.57070386
5783,3,240618.0,1208.83,1.666460364,13.74813845
5784,1,381907.0,1543.51,3.602991739,16.35284343
5785,1,165911.0,1405.31,3.540908488,16.92306976
5786,2,349505.0,1893.2,0.536315272,13.11030699
5787,2,150025.0,860.65,3.795351655,16.69283492
5788,1,375378.0,2201.23,3.075455334,15.57511507
5789,1,266982.0,1917.86,3.749960185,16.47674863
5790,2,358016.0,2435.38,0.805441962,12.80374168
5791,2,351507.0,2101.39,1.425672483,12.37058454
5792,1,270889.0,1228.07,3.681455957,15.85597663
5793,1,150006.0,832.8,3.258939113,15.6077683
5794,2,130902.0,1245.46,3.099060509,16.41161011
5795,1,148473.0,728.36,2.916853263,15.73852569
5796,2,146131.0,746.63,2.326216375,16.53147206
5797,2,369108.0,1792.24,1.597309272,14.99884409
5798,2,259042.0,1813.89,3.224393679,15.89354927
5799,1,369387.0,2337.39,1.462700588,13.79346668
5800,1,266058.0,1724.0,3.819987148,16.23622191
5801,1,266343.0,1387.92,3.835947307,16.61922399
5802,0,146931.0,650.69,3.079049472,16.19520813
5803,1,142356.0,595.92,1.988815453,14.27646459
5804,2,255752.0,1446.94,2.814332904,14.31188942
5805,1,361727.0,2353.73,1.563078688,15.22776124
5806,1,364546.0,1900.82,0.531835581,12.26998946
5807,1,370018.0,2278.1,2.694951079,15.60110297
5808,1,258269.0,1380.37,3.196825614,16.37664476
5809,2,126096.0,1063.69,1.678831731,13.95395444
5810,1,376432.0,1759.41,1.834792683,12.97451757
5811,1,377923.0,1903.87,1.058275133,14.03001323
5812,2,334476.0,1732.6,1.041837273,11.66747671
5813,2,143514.0,737.83,4.031058271,16.2521342
5814,2,131322.0,1144.26,2.957157875,17.01603412
5815,2,233160.0,1413.83,1.10878891,12.25682103
5816,2,248004.0,1272.11,2.772572709,15.48211093
5817,2,346652.0,2134.5,1.590206645,14.7771568
5818,1,268061.0,1698.06,3.753903623,15.97554002
5819,2,149243.0,1651.06,2.899374029,15.82541071
5820,2,129661.0,803.99,1.69580018,13.0645859
5821,1,169908.0,1418.21,3.834349898,16.51862147
5822,1,369560.0,1867.97,3.406637915,15.67864259
5823,0,262653.0,1088.63,2.940864999,16.16679879
5824,1,141484.0,827.48,2.910423662,15.25059661
5825,1,252572.0,1779.07,2.923079799,15.89319517
5826,1,359204.0,1724.21,1.704914482,13.19711941
5827,1,136616.0,1569.93,3.02581655,16.02667799
5828,1,157206.0,1096.87,2.991157718,16.21280536
5829,2,124687.0,829.28,2.297608247,15.52065047
5830,2,247726.0,1791.8,1.763018999,13.91821334
5831,2,130320.0,789.52,3.01388124,16.06352385
5832,2,253883.0,1769.73,3.098271076,15.48255394
5833,1,251876.0,1228.73,1.612682177,13.89243764
5834,1,349150.0,1753.94,1.857460275,13.274645
5835,1,359058.0,1794.4,1.021157002,13.45006123
5836,2,372944.0,1870.23,2.26676572,13.95380212
5837,2,342855.0,1725.16,0.339371442,12.69828223
5838,1,359743.0,1831.9,2.398087855,15.4365285
5839,2,118623.0,1347.72,1.793334057,13.3138393
5840,1,165229.0,1267.14,4.316365917,17.39340721
5841,2,240556.0,1553.22,1.790269499,13.74890233
5842,1,386182.0,2450.6,3.794739911,16.65656017
5843,2,242099.0,1595.47,3.116410629,15.46633716
5844,1,158041.0,1307.13,4.324070076,17.68783782
5845,1,262743.0,1724.73,3.454945023,15.60703388
5846,3,361856.0,2261.13,1.555958018,13.78794005
5847,2,258694.0,1851.23,3.082254052,15.31310853
5848,2,355023.0,1692.0,2.091017307,12.77976081
5849,1,376212.0,2267.31,1.477300038,13.70633835
5850,1,365107.0,2253.14,2.332413855,15.18678459
5851,2,228099.0,1712.83,0.859821062,13.33220902
5852,1,148744.0,1024.96,2.530915732,16.44530806
5853,2,247299.0,932.53,2.256356864,14.04157931
5854,1,233997.0,1786.76,1.874963384,15.14840257
5855,1,132425.0,767.8,2.520272917,15.61976322
5856,2,114947.0,717.99,2.740070424,15.28133497
5857,2,357180.0,2489.44,1.072940114,12.96618997
5858,1,375296.0,2157.35,1.626437615,13.06900552
5859,1,156730.0,1056.12,3.791922168,15.96950242
5860,2,150441.0,987.04,3.491895183,15.98066093
5861,1,140702.0,1214.93,2.983001191,17.10972668
5862,1,156694.0,765.45,3.863345741,17.02328884
5863,2,379825.0,2663.82,2.869251589,14.0580856
5864,2,140358.0,1228.77,3.663023682,16.47954894
5865,2,253605.0,1531.52,1.46940328,13.66830206
5866,2,130128.0,768.23,2.102937244,15.97648165
5867,2,128272.0,920.29,2.928441708,15.72763655
5868,1,140612.0,743.92,2.880663346,16.0847128
5869,1,390880.0,2389.03,3.786627363,16.29933706
5870,3,246686.0,1469.24,0.210118056,13.2850449
5871,1,372650.0,1881.08,1.536030825,13.23108065
5872,1,362700.0,2104.87,1.194640311,14.4555898
5873,2,125773.0,787.2,1.727280864,14.50308809
5874,1,357304.0,2259.04,1.867823019,13.75793582
5875,2,369328.0,2347.16,2.099455139,13.63441662
5876,0,262620.0,1872.45,3.388191883,15.5273459
5877,1,376394.0,2242.92,3.634805834,16.37618603
5878,2,360964.0,2021.73,2.453775565,15.49681063
5879,3,234394.0,1798.47,2.486096337,14.39941215
5880,1,279030.0,1927.28,3.708961594,16.48404161
5881,1,377590.0,2410.93,2.973397105,14.35850137
5882,1,260189.0,1305.72,3.795784993,15.68442321
5883,2,366429.0,1744.44,3.601889319,15.62173455
5884,2,134992.0,1049.17,1.558918596,13.42111605
5885,1,160425.0,1246.13,3.521672353,17.416382
5886,2,368603.0,2238.84,3.007853507,15.00597965
5887,1,147060.0,1319.87,3.170124923,15.85265285
5888,1,156955.0,1247.35,3.938613733,17.08818501
5889,1,248528.0,1752.51,2.369111638,15.33500179
5890,1,167745.0,700.78,3.562382286,16.97816133
5891,3,243516.0,1475.23,3.15278742,15.10279243
5892,1,144666.0,720.64,3.099157068,16.73480688
5893,2,355295.0,1974.22,0.719636569,11.97424092
5894,2,131841.0,907.31,2.560050675,14.28531638
5895,2,358744.0,2281.8,2.066095864,13.43791662
5896,0,248361.0,1069.44,1.430347929,14.33103021
5897,1,263197.0,1848.06,3.742863924,16.24094522
5898,3,133013.0,1697.64,3.108174799,15.55526067
5899,2,245187.0,1707.03,0.643573181,13.4505253
5900,1,174594.0,797.12,3.650275712,16.5600787
5901,1,156705.0,1573.01,3.638134419,16.37573
5902,2,264740.0,1891.84,3.34323509,15.94264998
5903,2,351844.0,2307.86,1.920598912,14.97630833
5904,1,155181.0,1257.78,3.712281083,16.92354653
5905,2,114947.0,809.03,1.662533835,13.44277268
5906,1,168276.0,1040.36,3.788536212,16.90181245
5907,2,133735.0,796.81,2.481742637,15.67438787
5908,3,137776.0,666.56,1.684662607,15.40905408
5909,1,241880.0,1736.68,2.929113558,15.65080382
5910,1,365838.0,1818.8,1.980164116,13.72302939
5911,1,260066.0,1784.95,1.677542023,13.76247826
5912,1,362418.0,2099.45,0.904244789,13.31114958
5913,1,381764.0,2357.82,3.098299682,16.14226853
5914,1,377702.0,1857.46,3.688790064,14.76813337
5915,3,238332.0,1481.33,3.176621485,15.32328746
5916,1,151370.0,772.6,4.627689408,17.48178589
5917,1,380938.0,2528.61,2.981166353,15.54804689
5918,1,136398.0,712.61,2.217675619,15.78716878
5919,2,128641.0,818.94,1.687462108,14.90009256
5920,0,200859.0,940.97,4.109939409,16.44897532
5921,2,251875.0,1299.6,1.153370258,13.48957325
5922,1,160658.0,1080.88,3.969046498,17.02352646
5923,2,243814.0,1740.78,1.874052568,13.56262132
5924,1,183593.0,1873.99,4.084413924,17.33034387
5925,1,145994.0,598.44,3.490081515,16.63374556
5926,1,154816.0,1575.59,4.666647525,17.16237085
5927,1,143306.0,644.12,3.440624905,16.44727021
5928,2,148587.0,1017.78,3.636805844,15.902711
5929,1,251454.0,1745.2,2.135883336,15.24640198
5930,1,167283.0,1460.76,3.331929373,16.96365173
5931,2,132042.0,868.12,2.817211848,15.08324714
5932,2,118413.0,827.68,2.101163453,13.79527179
5933,1,258756.0,1922.84,3.255292766,16.58724994
5934,2,247972.0,1272.83,1.185901095,14.81501944
5935,2,231951.0,1459.01,1.908308013,13.20878646
5936,1,371348.0,2011.4,2.848199059,13.57497473
5937,2,124694.0,712.88,2.178758633,15.37066844
5938,1,251566.0,1057.08,2.955972944,15.59534751
5939,1,263740.0,1654.88,4.014509134,16.13607908
5940,2,141919.0,1028.35,1.281280231,13.35793027
5941,2,251439.0,1227.04,2.451298443,15.36651634
5942,3,220079.0,1282.99,0.126402258,11.74773057
5943,2,135537.0,932.62,2.619761051,15.10446216
5944,1,153435.0,912.38,3.438510328,16.64678415
5945,1,380857.0,3047.82,2.880237093,15.24390087
5946,1,155794.0,717.97,3.274200021,16.82814659
5947,2,248700.0,1569.69,2.500920329,14.15900381
5948,2,242840.0,1778.7,0.826398913,12.99003127
5949,2,350099.0,1815.58,0.37834073,13.42286864
5950,3,114947.0,1358.81,1.831955742,15.4295575
5951,1,380309.0,1895.26,1.980856288,14.16513507
5952,0,182359.0,700.87,3.25730659,16.15144693
5953,2,153744.0,907.14,3.435912833,16.08165455
5954,0,369122.0,1766.47,3.399232312,15.68142607
5955,1,358144.0,2632.7,0.346235918,12.49556608
5956,1,152408.0,1232.32,3.655089624,14.80783587
5957,1,368584.0,2240.85,2.10761927,14.5158703
5958,3,234503.0,1754.55,1.24800993,13.0306844
5959,2,245133.0,881.57,2.565780984,14.12184121
5960,2,147750.0,832.45,3.824465723,16.28811841
5961,3,350707.0,1847.18,2.065341315,13.51998363
5962,1,133174.0,978.58,1.121429061,13.85378755
5963,2,238933.0,1751.93,1.942802913,13.22319185
5964,1,167825.0,959.78,3.740325976,17.34860479
5965,1,358764.0,2173.51,1.875778964,13.09848753
5966,1,244265.0,1441.54,2.388652742,15.70071729
5967,1,369090.0,1892.08,1.571866554,12.49834525
5968,2,148093.0,1469.77,2.969263372,15.37174476
5969,1,144262.0,1203.31,3.218717251,16.55791264
5970,1,156374.0,1170.62,3.882344866,16.25356611
5971,1,388737.0,2743.94,3.491220973,16.03271619
5972,2,131930.0,1469.12,1.741863384,13.49528215
5973,1,380511.0,2376.62,2.250141557,15.81394327
5974,0,361919.0,1835.58,3.137015841,15.65543654
5975,0,153222.0,833.81,3.556953194,16.98712359
5976,1,123110.0,1316.44,2.45815373,16.57489849
5977,1,377938.0,1368.58,3.062407473,15.61344581
5978,2,241276.0,1318.08,1.058868013,13.81444239
5979,2,138848.0,720.72,2.170806041,15.4891315
5980,1,378380.0,2343.43,3.124007388,15.88074735
5981,1,153751.0,1304.03,3.78004844,16.08509253
5982,3,342525.0,1935.54,0.750626477,12.55782472
5983,1,143823.0,753.7,3.000020448,16.59323706
5984,2,361181.0,2037.41,1.025262673,12.91713556
5985,2,373510.0,1888.46,0.626835207,12.71091141
5986,2,119787.0,1162.26,1.926378976,15.82480337
5987,3,260533.0,1884.0,3.220276352,15.6285248
5988,3,346645.0,1847.14,1.307077231,13.86070023
5989,2,367058.0,1960.88,3.376902314,15.80072094
5990,2,356758.0,2094.38,0.686895901,14.35243667
5991,1,157508.0,1067.45,3.882084268,16.16330209
5992,1,276306.0,1874.12,3.748965516,16.90511634
5993,2,128602.0,836.64,2.340426013,15.96607778
5994,1,381289.0,2588.63,2.918728857,15.27167041
5995,2,341444.0,1813.24,2.045454385,13.0598284
5996,2,245670.0,1473.37,1.701148441,13.18991286
5997,1,118108.0,717.35,1.610688419,13.09920939
5998,2,370826.0,1920.38,3.511974677,16.20689952
5999,2,247281.0,1293.78,3.352549047,15.3134734
6000,2,349454.0,1848.84,0.265639411,12.26379994
6001,1,142193.0,714.66,2.713171187,16.23211343
6002,1,380067.0,2466.56,2.010638806,15.94648656
6003,2,123989.0,787.18,2.491558431,16.78689506
6004,1,242064.0,1587.12,0.843470686,12.29210306
6005,2,368304.0,2441.56,1.092087721,12.91043022
6006,1,378298.0,2099.56,2.240945852,15.35814399
6007,1,371451.0,2463.09,1.776056763,15.15931089
6008,2,133446.0,868.66,2.968247516,16.71361102
6009,2,362789.0,1900.51,1.698944222,13.72645298
6010,1,249572.0,1734.45,1.714637663,13.70195514
6011,1,255048.0,1827.09,2.886915065,15.53324165
6012,1,358158.0,1974.61,1.378359314,12.36019299
6013,1,134932.0,778.77,3.060759543,15.92749362
6014,3,360891.0,2316.69,2.39927108,14.09173796
6015,2,127052.0,1314.94,2.237297613,14.26837266
6016,1,259721.0,1584.52,3.60529507,15.77957021
6017,1,256337.0,1756.99,1.252944347,13.42179671
6018,2,349136.0,1789.5,2.186927674,15.33930778
6019,2,369365.0,2479.58,1.596070992,13.4813306
6020,1,372802.0,2899.88,2.252430941,14.43719383
6021,1,260675.0,1719.83,2.719031241,16.0825516
6022,1,281019.0,1854.92,3.54228485,16.16275048
6023,1,357940.0,2189.14,1.480375117,11.94424662
6024,0,129967.0,586.86,1.794227721,13.52275843
6025,2,261065.0,1585.1,1.5152874,13.19296531
6026,1,367589.0,1940.83,2.54740481,15.42394091
6027,1,262023.0,1732.15,4.168885234,16.07907243
6028,2,242506.0,888.32,2.051743019,14.7980623
6029,1,151518.0,868.12,3.768726671,16.87773967
6030,1,147411.0,837.86,4.427945416,16.78092768
6031,1,155043.0,866.53,3.265185396,16.89443541
6032,2,260646.0,1258.36,2.879880563,15.47193456
6033,2,246998.0,1702.75,3.302211561,15.56926697
6034,1,259272.0,1463.71,3.213481744,16.15501047
6035,1,352763.0,2038.97,0.701031697,12.36369258
6036,2,231597.0,1531.52,2.559561645,14.94056099
6037,1,149036.0,907.94,3.674375661,17.06016046
6038,1,114947.0,997.12,2.787456661,15.70026192
6039,2,368418.0,1963.03,3.87565948,16.35279364
6040,2,133434.0,1113.27,3.515908271,16.4887608
6041,0,136326.0,715.12,1.83484018,15.1663425
6042,2,232675.0,1470.34,2.459147091,15.26897263
6043,2,114947.0,1229.2,2.080592624,16.06408937
6044,1,367994.0,1842.09,1.037977264,14.46539127
6045,3,127991.0,1662.41,2.744597919,15.34517247
6046,2,145366.0,844.18,3.163652498,15.60585136
6047,2,268526.0,1869.74,3.724789288,16.16227089
6048,1,125427.0,706.22,1.843910447,13.92654038
6049,2,138386.0,815.54,3.091694879,16.61313486
6050,1,265313.0,1740.4,3.609249557,15.58320202
6051,1,238778.0,1734.47,1.498599747,15.29185205
6052,2,374240.0,2239.44,2.918054834,15.24175206
6053,1,356725.0,1854.63,2.143093795,13.56653112
6054,2,135503.0,876.93,2.148147186,15.10331502
6055,2,244707.0,1404.77,1.78110624,13.93277662
6056,2,128797.0,1231.8,1.600467954,14.83739728
6057,2,246517.0,1392.03,2.421178594,15.52413588
6058,2,236439.0,1693.47,1.227211277,12.33439786
6059,1,282589.0,1934.43,3.933017825,17.28587035
6060,1,144538.0,1124.29,2.699392715,14.48161019
6061,1,366164.0,1836.69,0.606122902,14.51111563
6062,2,246097.0,1378.82,1.094195166,13.44084535
6063,2,126667.0,760.81,0.463190596,13.19524782
6064,2,239424.0,1798.55,1.933385315,15.16366858
6065,3,121358.0,915.11,2.51420167,14.1166128
6066,1,282490.0,1858.08,4.014823958,16.41802002
6067,2,357264.0,1824.51,2.464679973,13.59662189
6068,1,140630.0,714.84,3.660930106,16.84203637
6069,1,139837.0,676.2,2.947783767,15.477115
6070,0,254116.0,1154.28,1.273207957,15.0266132
6071,1,258981.0,1525.36,3.692951455,15.7311331
6072,1,245254.0,1183.08,1.047183188,13.97015819
6073,1,377139.0,1955.61,1.577581616,13.33550853
6074,0,269655.0,1708.31,3.612244119,16.65109589
6075,2,359208.0,2567.2,1.468401056,13.34321694
6076,2,343427.0,2041.74,0.683633172,13.59336732
6077,3,348522.0,1817.5,0.299560478,12.68134832
6078,2,127738.0,812.06,1.546353161,13.50492936
6079,1,146320.0,983.73,3.846184462,17.33286006
6080,2,133960.0,777.06,2.30449974,15.39322854
6081,1,379164.0,2687.86,1.528374319,13.23216427
6082,2,244609.0,1535.27,0.857424473,12.33697354
6083,1,360453.0,2119.67,0.396966174,12.62214565
6084,2,249205.0,1299.43,1.598519182,14.00071642
6085,2,363361.0,2144.48,2.083681873,15.54796704
6086,2,361666.0,2213.49,1.775527389,13.87096791
6087,1,370606.0,1874.3,1.710934789,14.07124085
6088,1,372498.0,1823.12,1.556280569,13.44554101
6089,1,151842.0,814.17,3.604076131,16.19364914
6090,1,265508.0,1860.24,3.543926735,15.89555934
6091,2,239296.0,1488.58,2.828094649,14.01676444
6092,1,234941.0,826.77,0.997458374,13.38320565
6093,2,353004.0,2109.97,0.359227133,12.1634525
6094,1,363013.0,1483.88,1.641540559,12.85370674
6095,1,396642.0,2180.54,3.81611136,16.70306637
6096,2,356513.0,2053.57,1.955127567,13.53936862
6097,1,134075.0,1413.46,1.966908072,13.63877666
6098,2,374128.0,1875.4,2.918222515,15.35508543
6099,3,347231.0,2201.78,1.861894749,13.8154381
6100,3,243505.0,1833.91,2.577146729,15.11033038
6101,1,234482.0,1287.32,1.861496036,12.50146994
6102,1,375806.0,2305.27,2.921593095,15.0656429
6103,1,387508.0,1926.73,3.675474365,16.0797551
6104,1,144940.0,773.78,2.018967215,15.72736706
6105,1,262017.0,1438.38,3.5673513,16.07954116
6106,2,274721.0,1764.57,3.614020599,15.91871946
6107,1,248284.0,1471.72,2.491424307,15.29873109
6108,0,254025.0,1405.01,2.648618447,15.82471417
6109,2,349848.0,2231.19,1.091193611,13.17499377
6110,2,358852.0,1880.16,0.305622999,12.29535439
6111,2,368858.0,2342.86,1.186037637,13.69489317
6112,2,365855.0,1717.61,1.558809891,13.33424647
6113,3,117349.0,1383.77,1.299362313,13.6476928
6114,2,366182.0,1740.68,1.404830423,13.62420428
6115,2,257926.0,1376.47,3.55751646,15.86946462
6116,1,143447.0,886.47,3.562866404,15.86229303
6117,1,372132.0,1882.35,3.523727878,16.45059949
6118,2,130615.0,1561.95,3.039773152,15.31661128
6119,1,361677.0,1757.39,1.032576999,12.91080396
6120,2,137908.0,761.11,1.699070715,15.05188472
6121,3,120677.0,747.09,1.427721199,12.98488485
6122,2,141553.0,1016.96,3.057715608,16.61404347
6123,2,139053.0,1165.84,2.89776997,14.91150577
6124,1,263582.0,1543.14,3.803848343,16.50076802
6125,2,362707.0,1844.18,1.886653125,13.81615406
6126,1,382794.0,2379.56,1.363662161,13.21455298
6127,1,357745.0,1944.69,0.324808018,12.85745641
6128,2,361267.0,2348.39,2.115916936,14.87073878
6129,2,367628.0,2322.17,1.523208767,13.17857775
6130,2,359867.0,1908.73,2.753551875,14.78500202
6131,1,350724.0,1761.63,2.425084362,15.33949772
6132,1,248974.0,1068.14,2.833904301,14.97674137
6133,1,132959.0,615.69,1.827667463,15.37606871
6134,1,144783.0,792.45,3.856015403,15.64916384
6135,2,160655.0,1539.92,3.581371475,16.14155765
6136,1,268227.0,1247.97,3.575758884,14.71584867
6137,1,376291.0,2342.84,1.607961999,13.90903288
6138,1,125900.0,1636.83,2.150413212,15.27169534
6139,1,395691.0,2713.03,3.557221583,16.29926578
6140,3,339547.0,1884.76,0.91665796,12.42630577
6141,1,156623.0,1280.98,4.681276814,16.76165173
6142,1,348419.0,1789.12,0.161645371,12.94332482
6143,2,259680.0,1298.31,2.937991539,15.60066948
6144,4,241904.0,1701.86,1.338110147,14.79798615
6145,2,119293.0,712.61,1.203758142,12.90294368
6146,2,117375.0,1437.32,1.634178557,14.30092843
6147,1,158914.0,852.81,3.921462298,16.91957449
6148,1,265487.0,1833.46,4.733498269,16.81309818
6149,1,164565.0,1127.88,4.185708733,16.92497501
6150,1,371417.0,2171.97,2.93265015,15.48188094
6151,2,116155.0,774.09,1.26720792,12.87960104
6152,2,362085.0,2015.41,1.939542938,13.91922302
6153,2,119952.0,802.32,1.052577379,13.14595281
6154,1,246278.0,1458.43,1.9730967,13.94434975
6155,1,264263.0,1473.41,2.983429005,14.1032889
6156,1,159689.0,826.56,3.312804449,16.96767807
6157,1,127889.0,707.15,2.816330916,15.01518147
6158,2,254483.0,1356.26,2.830921339,16.47612014
6159,1,140621.0,695.84,3.770577137,16.41601159
6160,1,374402.0,1883.18,1.348291444,14.75182647
6161,1,152726.0,647.36,3.676519501,16.63092895
6162,2,264254.0,1803.76,1.742143941,14.12656691
6163,2,260786.0,1379.05,2.712419851,15.47252882
6164,2,139514.0,949.44,3.616522199,15.62966136
6165,2,248829.0,1826.32,2.357402813,14.27212946
6166,1,148228.0,1257.49,3.37110462,16.0318639
6167,2,370815.0,2351.04,3.15615843,15.18745915
6168,2,233646.0,1458.22,2.05690989,13.96140152
6169,2,253023.0,1428.39,2.21620131,13.94614576
6170,1,243947.0,1716.75,2.685054015,13.93513993
6171,2,256141.0,1278.5,1.680432239,13.29888226
6172,1,248118.0,1680.08,2.49757451,13.78058054
6173,1,380450.0,2311.37,3.772537961,16.23717036
6174,1,378570.0,2474.53,2.965165138,15.74075173
6175,1,384110.0,2578.62,3.941200242,15.72661385
6176,1,245923.0,971.24,2.203693397,14.42634549
6177,1,361388.0,1991.9,2.2108758,14.88345115
6178,1,267692.0,1517.06,3.393721777,16.96594835
6179,2,133323.0,854.48,2.628777582,15.04414057
6180,2,238690.0,1565.18,1.92703003,13.96607028
6181,2,126228.0,1023.53,2.068393871,13.60164014
6182,1,132665.0,764.88,2.81173174,14.91543555
6183,2,371135.0,1867.36,1.119063823,13.64456188
6184,2,122907.0,894.12,2.809637608,15.88076648
6185,1,347680.0,1922.71,0.87611405,13.50388385
6186,0,143059.0,1100.07,3.66637734,17.07478191
6187,0,152653.0,1830.2,3.685029307,16.88612877
6188,3,366167.0,3017.28,1.420026922,14.61234703
6189,2,372237.0,2422.04,2.91872783,16.10662035
6190,1,372344.0,2161.32,1.667177559,13.46173235
6191,1,262532.0,1855.56,3.65627477,15.6325722
6192,3,359713.0,2412.11,1.6599192,13.3606336
6193,2,243536.0,1318.14,2.580200419,14.90974037
6194,1,272927.0,1863.96,3.305095217,15.93225906
6195,0,148072.0,1084.65,3.729515687,16.525749
6196,1,263134.0,1464.24,3.912969872,15.08107358
6197,3,242718.0,1578.56,2.237029418,14.69556134
6198,1,378018.0,1937.03,1.74551831,13.97107815
6199,1,152816.0,1682.09,3.055256186,15.89559818
6200,1,146654.0,708.37,3.489456531,16.29135759
6201,1,143402.0,836.31,3.102266371,16.4710097
6202,2,230390.0,886.98,1.553855776,13.26970226
6203,1,139640.0,1266.19,2.804350067,15.76538883
6204,1,149126.0,1014.13,3.972788434,16.72192541
6205,1,167874.0,1244.65,3.722375202,17.37102816
6206,1,368862.0,1745.99,0.741674957,12.44617287
6207,1,384216.0,1944.03,2.506445663,15.79722742
6208,2,358856.0,2162.15,1.752421577,13.3216934
6209,0,154095.0,1014.92,3.428394294,16.22983738
6210,1,364821.0,2007.31,1.744212012,13.90246905
6211,2,350576.0,1545.31,1.55051161,13.48116293
6212,0,150473.0,630.5,1.361021045,14.32777163
6213,1,176401.0,1342.01,3.809055905,16.97715703
6214,1,382661.0,2608.81,2.950161954,15.52717018
6215,1,147580.0,673.28,1.709466827,14.27806768
6216,2,385923.0,2224.09,3.823877253,16.13838119
6217,2,394328.0,2621.15,3.418065619,15.77863926
6218,2,380205.0,2308.26,3.063149629,15.10558862
6219,2,137354.0,784.76,2.794941893,14.85782693
6220,1,253929.0,1771.88,2.987858849,15.76080365
6221,1,117541.0,665.37,0.901530644,13.37619509
6222,1,153823.0,820.29,3.091648161,15.52542428
6223,1,196533.0,877.8,3.624660648,17.27402323
6224,2,234861.0,1444.48,2.081386948,13.68518834
6225,1,278111.0,1898.26,3.733046496,16.77746411
6226,1,373019.0,2086.89,2.068061134,14.1163251
6227,2,236392.0,1730.59,1.257500192,12.87296307
6228,2,338516.0,1803.33,0.875477331,12.75944978
6229,1,148450.0,1292.67,3.092205123,15.48688228
6230,2,368426.0,1644.95,2.931832532,15.92948011
6231,1,142927.0,733.89,2.350424796,15.1381288
6232,1,351916.0,1851.82,2.31173257,14.07096805
6233,1,264552.0,1819.95,3.59770695,15.90424895
6234,2,266145.0,1791.82,3.292645284,15.32448694
6235,2,119107.0,835.58,1.286759343,12.07085758
6236,1,192742.0,1082.8,3.948998613,16.86966149
6237,1,154425.0,830.15,3.345833856,16.24920595
6238,2,241876.0,1340.44,2.320505147,15.33956389
6239,1,367367.0,2215.69,1.179702373,12.74890197
6240,1,351190.0,2281.59,1.600631251,11.9403301
6241,0,278369.0,1955.85,3.560244524,16.11339243
6242,2,376431.0,2578.17,3.036877443,15.7032805
6243,1,257907.0,1693.33,3.973070916,16.40211612
6244,2,264487.0,1852.14,4.010257343,15.52334604
6245,2,142040.0,973.48,3.775365232,16.41644282
6246,1,147737.0,681.66,2.831008348,16.84526711
6247,2,355110.0,2537.36,2.255496328,13.79297432
6248,1,395440.0,2473.05,3.552450696,16.22588839
6249,2,270554.0,1849.23,3.222641289,15.40328859
6250,2,358212.0,1789.29,0.833086877,12.19233408
6251,3,235149.0,1308.48,1.778339993,12.96122337
6252,2,159576.0,1267.13,3.788512239,16.34842018
6253,2,344910.0,1880.33,1.314381523,12.69677757
6254,2,245589.0,1425.8,1.505194436,14.9679821
6255,0,396036.0,2636.35,3.877682368,17.0039128
6256,1,359843.0,2149.61,1.919919134,14.22024231
6257,1,266441.0,1784.76,3.044387935,15.60505249
6258,1,191670.0,722.56,3.790006719,17.48021321
6259,1,156024.0,1423.56,3.376696006,16.9210765
6260,2,251091.0,1610.34,3.31955745,15.38391313
6261,1,143131.0,1197.14,1.010681081,13.73873521
6262,2,126260.0,1481.64,1.925964415,15.38951808
6263,1,268258.0,1610.3,3.0413403,15.40990866
6264,1,148666.0,586.86,2.612137299,16.08901134
6265,2,121307.0,818.08,1.181737676,13.55984443
6266,2,235253.0,1508.5,0.771498693,12.29922265
6267,1,375562.0,2871.32,1.222484506,15.38060951
6268,2,238377.0,1526.11,1.996258277,15.16369435
6269,2,125461.0,1482.38,2.244184704,13.43817331
6270,1,372463.0,1765.81,1.436383663,13.600636
6271,1,255938.0,1272.2,3.696573671,16.87012918
6272,1,355515.0,1722.63,1.465148077,14.21136758
6273,2,138725.0,684.83,3.351682387,15.66739061
6274,2,125804.0,586.86,1.892358868,14.25293936
6275,1,368444.0,2270.04,1.752727666,13.36813948
6276,1,259078.0,1832.2,3.466588458,15.77188412
6277,2,354274.0,2084.35,1.831591292,12.65918438
6278,2,128458.0,1308.15,1.267099848,13.55445039
6279,2,348256.0,2031.92,1.315214075,13.35015529
6280,1,145370.0,728.45,3.254133548,15.45583999
6281,2,131702.0,801.22,1.84755398,14.67205541
6282,1,123558.0,620.24,0.542370379,12.99848966
6283,1,360568.0,1773.48,1.850707617,15.03086135
6284,0,378532.0,2334.32,2.315582003,14.20020478
6285,2,248161.0,1281.12,3.237144974,16.08882738
6286,2,131109.0,932.89,1.481037228,13.28670729
6287,1,168105.0,1251.61,3.835943637,16.56784201
6288,1,259088.0,1458.01,3.409629665,15.97846062
6289,1,261102.0,1880.53,4.109875654,15.99705041
6290,1,140834.0,1716.55,3.813134485,17.04394385
6291,1,143308.0,756.6,2.948095139,15.82032008
6292,2,137801.0,1318.36,3.18073099,16.04230798
6293,1,358787.0,1836.78,2.788944094,15.6748039
6294,2,131911.0,1053.39,1.794671832,14.59772927
6295,2,239346.0,1158.57,1.827537071,13.52796388
6296,1,369091.0,2022.02,1.744817773,13.78473223
6297,2,123157.0,787.41,1.22995394,11.99894848
6298,2,139483.0,1560.1,2.716559149,15.53381426
6299,1,259355.0,1333.11,1.971505898,13.84089673
6300,1,138932.0,650.97,2.473572356,16.34020059
6301,1,154467.0,586.86,2.09539667,16.70671441
6302,2,247784.0,1717.32,1.029639948,13.52364051
6303,1,246330.0,1670.96,1.9038729,13.6257396
6304,1,371421.0,2278.2,1.788654482,13.70254266
6305,1,262315.0,1494.25,1.080360796,14.04012833
6306,1,127153.0,770.7,2.00784929,13.7800005
6307,2,241670.0,1675.77,2.370889114,15.44979173
6308,2,356105.0,1850.77,0.838883584,12.71875817
6309,1,158547.0,1407.42,4.189891049,17.0965072
6310,2,150047.0,1121.99,4.721138939,16.59376431
6311,1,374269.0,1873.39,3.390595081,16.32908049
6312,1,159631.0,1749.87,3.783759849,16.10201428
6313,2,350441.0,1916.47,1.640250234,13.27673525
6314,1,145297.0,906.06,2.992782634,14.47654086
6315,2,370959.0,2521.36,0.893572529,13.48129012
6316,2,238673.0,1300.15,1.747600177,13.50706241
6317,2,248231.0,1303.44,1.265310438,15.03008575
6318,1,356193.0,1750.97,2.127576645,15.78801036
6319,1,259103.0,1863.14,3.446012023,15.78475047
6320,1,139260.0,1074.09,2.381827333,15.70397346
6321,1,356249.0,1767.08,1.73714276,13.05018682
6322,2,243175.0,1440.05,2.144367712,15.1615369
6323,1,279633.0,1968.6,4.007674013,16.89172625
6324,1,360688.0,2533.47,0.381757443,12.20164547
6325,2,237242.0,1361.26,2.837698409,16.07511471
6326,3,249823.0,2236.96,2.419109761,14.93295437
6327,1,142486.0,709.83,3.740816011,16.11160216
6328,3,368308.0,2349.89,2.887515576,15.56661589
6329,1,149279.0,1088.28,3.166731451,15.6958917
6330,1,371682.0,1858.0,2.080318931,13.87838347
6331,0,357405.0,2110.43,1.705995314,15.381
6332,2,250997.0,1411.76,3.128342661,15.27773463
6333,2,251193.0,1584.42,3.084855395,14.94703812
6334,1,262879.0,1544.75,3.86672456,16.51089828
6335,1,376257.0,2391.25,2.624545606,13.92299195
6336,1,183545.0,1913.5,3.964670243,17.61344461
6337,0,181698.0,737.93,4.899356603,17.32969731
6338,1,382417.0,2370.95,3.974268058,17.19716631
6339,1,141690.0,854.02,2.766430697,15.39242906
6340,1,385424.0,1423.77,3.589707406,15.97784587
6341,1,191689.0,1129.88,4.816020908,17.03626025
6342,1,368727.0,1992.04,1.466732247,13.35141468
6343,2,240307.0,1698.75,2.077551214,15.19715859
6344,3,240640.0,1716.51,2.233790847,14.9911413
6345,2,127153.0,932.0,3.059183347,15.7163683
6346,3,122113.0,822.57,2.856934748,15.43438875
6347,2,139749.0,968.6,1.828732493,13.80135841
6348,2,149066.0,1424.68,4.47203535,16.66113346
6349,1,131795.0,663.46,2.419694511,15.18352776
6350,2,151609.0,749.24,3.599103973,16.58062966
6351,1,352398.0,1755.64,1.704378451,14.02502046
6352,1,136439.0,830.42,2.956226428,14.28590835
6353,1,159157.0,1219.76,3.481738351,16.8278818
6354,1,166091.0,1195.01,3.877367219,16.97385682
6355,1,370197.0,2662.76,0.557087111,12.75570503
6356,1,360628.0,2106.5,2.414250785,14.28274171
6357,1,179474.0,716.71,3.692093801,16.77777348
6358,1,256528.0,1197.25,2.135451788,15.16902066
6359,1,155334.0,1326.03,3.416750469,16.62316704
6360,1,372902.0,2224.17,2.027439843,13.22147416
6361,2,352427.0,1957.69,1.2844645,12.99216102
6362,1,254013.0,1810.34,2.907461324,16.10178305
6363,2,373816.0,2340.03,2.441439607,15.22725582
6364,1,359831.0,1670.63,1.818566088,13.79555334
6365,2,340807.0,2299.9,1.862097721,13.17820125
6366,2,137309.0,1007.62,2.068728839,15.21946454
6367,2,118674.0,632.29,2.093037834,15.28058932
6368,1,141971.0,1166.49,3.043744852,16.13093501
6369,2,127720.0,879.33,2.152171203,15.07271032
6370,2,351136.0,2321.36,1.073334171,11.9614922
6371,1,252959.0,1224.54,2.34244387,14.02517633
6372,2,372828.0,2422.24,3.124414761,15.74514464
6373,1,133124.0,1164.84,2.340854443,15.5371376
6374,1,259140.0,1290.45,3.205920685,16.04184177
6375,1,242841.0,1345.46,2.107373508,15.2418618
6376,2,114947.0,1221.05,1.714548974,13.97460849
6377,2,138665.0,1851.74,3.007398017,14.13266017
6378,3,233000.0,1347.84,1.91876409,13.22972955
6379,3,125172.0,1023.92,1.809685611,13.68104284
6380,3,142779.0,975.88,3.019756752,15.38647931
6381,1,255175.0,1538.48,1.35650485,14.40965583
6382,1,131026.0,807.93,2.017918499,14.1650655
6383,2,140837.0,1530.65,3.792745647,17.3157399
6384,1,381553.0,1743.49,3.050770232,15.27793143
6385,1,144600.0,844.76,3.079047318,16.58576805
6386,1,156859.0,1285.91,3.93080999,17.33105882
6387,1,375702.0,1891.3,3.562326591,15.98656468
6388,1,157903.0,1307.69,3.948774233,15.88645451
6389,1,162814.0,1227.93,3.801118516,17.05475869
6390,2,251576.0,1388.86,2.074257019,15.25391236
6391,2,361685.0,1864.59,2.220859026,15.23937192
6392,1,144597.0,741.49,3.036153888,15.8114632
6393,1,125966.0,840.47,1.866736704,13.66680961
6394,1,371390.0,2381.14,3.087856866,15.65998542
6395,2,237223.0,1564.2,1.09495071,13.07388527
6396,1,387965.0,2419.54,3.052253956,15.88017846
6397,1,154436.0,740.06,3.221859665,15.9355228
6398,2,361441.0,1867.06,1.918243627,15.11113513
6399,3,115448.0,1591.58,1.952635558,13.13876597
6400,2,151129.0,1028.35,3.571199156,16.10552262
6401,2,130069.0,1263.39,1.276421721,13.09063471
6402,3,339711.0,1918.56,0.608419596,11.75203339
6403,2,265870.0,1415.07,3.975198517,16.85440643
6404,1,246379.0,1507.43,1.174800314,13.77895225
6405,2,255799.0,1568.08,3.246676996,15.39078842
6406,1,266705.0,1420.3,3.403431931,16.80644431
6407,1,249144.0,1388.4,2.076475164,13.75639014
6408,1,141229.0,657.32,2.415735351,15.69585134
6409,2,137836.0,1411.14,2.764202639,15.95263536
6410,3,133973.0,892.34,3.197509529,15.26306043
6411,1,148367.0,646.84,3.150495254,16.71885637
6412,1,376723.0,2386.86,2.894731395,15.03271333
6413,2,238216.0,1721.8,0.851613178,12.17303676
6414,2,249397.0,1833.95,4.159920187,16.05652243
6415,2,357784.0,1925.27,0.50267211,12.4116109
6416,1,363180.0,2320.14,1.006410713,13.15664437
6417,1,140774.0,1279.35,3.709720233,16.13086394
6418,1,256976.0,2036.72,3.877595431,16.73542052
6419,1,258865.0,1874.16,3.496371729,16.07345004
6420,2,244291.0,1422.34,1.337216358,13.49219795
6421,1,272258.0,1913.09,3.964466119,16.70400168
6422,1,260438.0,1837.72,2.989741902,15.45547786
6423,2,132146.0,976.41,3.5801093,15.99025926
6424,1,372116.0,2354.2,3.52470112,16.05902548
6425,2,368557.0,2005.25,1.706413428,13.3926306
6426,1,157456.0,1314.93,3.690799555,17.01247301
6427,1,141108.0,1018.48,3.596483048,15.93952533
6428,2,252687.0,1780.18,1.853298935,13.91097088
6429,2,267063.0,1894.87,3.579174596,15.95284739
6430,1,150159.0,1330.98,3.569382309,16.18917152
6431,1,135554.0,822.57,2.012466045,13.79205826
6432,1,132840.0,637.77,2.23341607,15.46078874
6433,1,133191.0,1219.28,1.7334213,14.51036662
6434,1,273337.0,1921.69,3.790900512,16.31745694
6435,1,239225.0,1620.03,1.097858779,13.12031233
6436,2,120016.0,774.46,1.495879868,13.41365033
6437,2,365450.0,2173.38,2.843651006,15.63693349
6438,1,171997.0,1398.69,4.09080161,17.04562631
6439,2,262035.0,1865.99,3.496973772,15.73527286
6440,2,358142.0,2364.1,2.040575057,13.33190018
6441,2,242926.0,1401.63,2.993508633,15.40615724
6442,2,363167.0,1936.34,1.035413315,13.14596408
6443,1,364851.0,2123.89,2.373020713,14.95979827
6444,2,370269.0,1834.39,1.574363242,13.81210214
6445,2,137494.0,692.37,2.742305325,15.62232471
6446,1,376759.0,1763.89,1.314449351,13.33235293
6447,2,362082.0,1825.53,1.681942196,14.86940422
6448,2,358364.0,1743.7,1.359619061,13.54186764
6449,1,355104.0,1718.91,1.514867558,12.9672685
6450,2,137041.0,1154.62,3.01991761,15.27940565
6451,2,363551.0,1908.63,1.697731773,14.43782118
6452,1,246419.0,1505.11,2.062229036,14.49172466
6453,2,248716.0,1380.97,3.212641645,15.94583241
6454,2,116818.0,914.69,1.67142297,13.31877813
6455,2,256366.0,1368.07,1.49446387,15.19199274
6456,2,247901.0,1307.08,1.966431558,14.60601529
6457,2,143734.0,787.2,3.604227767,16.33417837
6458,0,364704.0,1756.1,0.44962202,12.90814031
6459,1,143786.0,802.57,2.827670905,14.9019008
6460,1,158313.0,832.68,4.664821476,17.15706648
6461,1,364013.0,2161.31,1.573213549,13.03432308
6462,1,171418.0,765.93,3.521232247,17.23850142
6463,0,254429.0,1620.62,2.374180111,13.65501807
6464,2,126667.0,808.09,2.447016038,14.02230526
6465,0,258167.0,1154.23,3.254399486,15.81583098
6466,2,370595.0,1968.85,0.560567432,13.81564836
6467,2,387591.0,2545.8,3.046016133,14.48183087
6468,2,253104.0,1684.68,2.117914925,15.17036585
6469,2,249867.0,1726.77,3.071552392,15.63897544
6470,2,254966.0,1388.02,3.168372069,15.31136697
6471,1,264617.0,1817.62,3.903074732,16.49726686
6472,1,241726.0,1348.68,2.8936366,15.65493591
6473,1,389731.0,1977.36,3.668985623,16.73824136
6474,1,247315.0,1660.91,2.314685868,15.20168182
6475,2,124346.0,741.64,1.613191739,13.62896683
6476,1,117822.0,1132.45,1.890244977,15.25821164
6477,0,137203.0,979.58,2.923094862,14.98608134
6478,2,176251.0,959.46,3.659283245,17.49101857
6479,1,236945.0,1396.09,1.027867287,14.75439279
6480,2,257456.0,1794.38,3.079236053,15.27255833
6481,0,219243.0,1294.89,4.208719111,17.15409062
6482,1,352171.0,1924.85,0.085249552,11.81243551
6483,1,263797.0,1545.54,3.811584186,16.1126123
6484,2,335426.0,1565.76,1.239016528,13.94452148
6485,1,141012.0,835.56,3.073865965,15.86837387
6486,2,134482.0,655.58,2.542252093,14.32408829
6487,0,149580.0,757.33,3.668541562,16.59273725
6488,1,261149.0,1870.74,3.269256542,16.13666611
6489,1,135105.0,817.01,2.768503421,14.0112606
6490,3,120639.0,1482.57,3.103095596,16.82620028
6491,1,239024.0,1765.76,0.28819884,14.05347979
6492,1,154658.0,1264.83,4.092665239,17.03242113
6493,0,359392.0,2015.4,1.277066519,13.3011109
6494,2,128375.0,932.31,2.159389121,14.05262464
6495,2,260131.0,1880.55,4.285508208,16.58187713
6496,1,145322.0,712.65,3.057213335,15.68357307
6497,1,241030.0,1682.27,1.281073372,13.22563834
6498,1,159870.0,1541.1,3.623391441,16.46565812
6499,1,150561.0,1026.85,4.062209561,16.41702412
6500,1,377350.0,1928.09,2.907577535,16.15708603
6501,1,157097.0,1277.05,3.518870237,16.47877391
6502,1,363027.0,2406.88,3.094439706,15.46572006
6503,1,371481.0,2118.89,3.508223069,16.04561757
6504,2,232610.0,1190.32,1.403080615,14.86855041
6505,2,136124.0,757.95,2.974140839,15.69843385
6506,1,248498.0,1675.85,3.020500174,15.56456647
6507,1,150375.0,945.24,3.773184103,16.66612002
6508,1,290652.0,2638.18,4.120983421,16.34772492
6509,1,119462.0,1012.69,2.209467982,15.422162
6510,1,369360.0,2265.7,3.009991167,15.49206913
6511,2,353044.0,2081.23,0.563324664,12.51391289
6512,1,198504.0,963.14,4.017088009,16.16664166
6513,2,123214.0,797.85,1.636941061,13.74674075
6514,3,342896.0,1911.4,2.172436239,12.3362146
6515,1,134137.0,757.08,2.027140829,15.67398374
6516,2,147492.0,977.92,3.918037105,16.4278325
6517,1,150215.0,782.0,3.076075032,16.44958305
6518,2,363590.0,2034.49,2.384361975,15.45546778
6519,2,136420.0,947.23,1.959873512,13.70925798
6520,4,137725.0,823.36,3.5790671,16.28103509
6521,0,385417.0,1957.88,3.463773723,16.49889243
6522,2,256292.0,1815.32,3.528826681,15.89755783
6523,2,153876.0,683.44,3.533471546,16.80857925
6524,2,134797.0,663.05,1.338224739,14.6668478
6525,1,193358.0,744.49,3.881648653,16.14050509
6526,2,146103.0,1340.1,3.613919233,17.0000341
6527,1,270136.0,1856.49,3.436432807,16.73157298
6528,2,352979.0,1841.84,1.05568481,11.62414245
6529,2,347403.0,1606.66,1.093332744,12.90793489
6530,1,148222.0,949.95,3.844482512,15.691436
6531,2,355501.0,2046.49,0.670685119,12.71699367
6532,1,376880.0,2669.34,0.768082363,12.47847408
6533,1,132104.0,997.65,1.99201573,15.72091101
6534,1,155744.0,1337.79,3.713128399,16.57839509
6535,1,125166.0,624.28,1.424019928,13.16473677
6536,2,147862.0,1229.21,3.200964852,17.24156574
6537,1,123130.0,1147.35,2.229879025,16.32323916
6538,1,261065.0,1313.86,2.384247689,15.74489724
6539,1,353017.0,1989.68,-0.012714492,11.68104959
6540,2,241253.0,1692.63,1.485357796,13.11667764
6541,1,263255.0,1169.21,3.716482185,16.18242809
6542,2,258866.0,1552.12,1.661401706,13.23500412
6543,2,237135.0,1528.17,1.472271536,14.35477119
6544,1,383234.0,2614.7,3.099165394,15.985266
6545,1,132492.0,790.85,1.108248438,13.14113101
6546,2,252387.0,1277.04,1.936308291,14.89211497
6547,1,371770.0,1753.5,3.853999654,15.99735545
6548,2,352133.0,2224.43,2.976577948,15.18561591
6549,2,242453.0,1264.98,2.035892737,14.83842145
6550,1,156750.0,786.29,3.860828883,16.79600912
6551,2,245252.0,1819.73,3.162897107,15.39447196
6552,2,262345.0,1896.63,3.631563103,16.32980683
6553,1,371084.0,1825.0,1.940765632,13.83313152
6554,2,236602.0,1196.74,1.784940116,13.77336132
6555,2,245071.0,1813.93,1.935327607,14.70620195
6556,2,127908.0,1532.32,3.08819265,14.44595169
6557,2,246286.0,1808.84,1.068187307,12.63609447
6558,2,376285.0,2396.91,3.140708583,15.42855582
6559,2,135964.0,991.11,2.036858175,14.53227235
6560,2,360390.0,1748.52,1.913490216,12.57475484
6561,2,245686.0,1701.6,3.103651924,15.33706828
6562,2,375294.0,2356.61,4.106627421,16.2155194
6563,1,273025.0,1284.31,4.030361675,16.82126959
6564,2,228817.0,1243.51,2.690768884,14.30252971
6565,1,133454.0,1411.79,2.695453945,15.89316836
6566,1,350268.0,1838.68,0.593032966,12.57344496
6567,1,383436.0,1990.9,3.247386681,16.47731522
6568,2,132908.0,988.26,1.137565067,12.91301426
6569,2,119403.0,701.23,2.235147234,13.76836201
6570,1,114947.0,1095.05,1.654281549,13.54809957
6571,1,168672.0,1687.38,3.558366445,16.40321421
6572,1,263761.0,1827.21,3.551086009,16.05671008
6573,2,134546.0,824.08,2.807588197,15.2194553
6574,1,239890.0,1784.52,2.178281989,13.89528546
6575,1,143972.0,765.2,2.752061301,14.99971938
6576,2,137349.0,1175.82,3.190970538,16.03571825
6577,1,355405.0,1939.88,1.537303642,14.92390678
6578,1,153277.0,939.27,3.656709302,15.86949836
6579,1,250265.0,2200.29,3.118474577,15.86275476
6580,2,228894.0,1590.54,1.114112125,13.6757349
6581,2,229450.0,1363.37,1.504040601,13.30408089
6582,2,357553.0,1796.84,0.219524278,11.55764314
6583,2,135346.0,831.11,2.788607069,13.64361276
6584,2,132823.0,1925.86,2.999962823,16.50814754
6585,3,362927.0,2007.45,1.805958823,14.03721943
6586,1,202395.0,651.05,3.846691041,16.98454125
6587,1,157226.0,900.11,4.770496879,16.50410901
6588,1,371368.0,2300.65,3.238250804,15.74523683
6589,1,157063.0,1236.89,3.843685231,17.02246628
6590,2,146275.0,1079.86,3.695557943,16.0107449
6591,2,250218.0,1355.6,1.362869173,14.8002742
6592,0,285691.0,1935.82,3.727296721,17.67426641
6593,1,343957.0,1883.86,0.88689382,13.2370185
6594,1,277876.0,1612.22,4.131922264,16.70880097
6595,1,114947.0,1296.96,2.367079103,13.73309932
6596,1,372553.0,2331.54,1.664900551,15.00255691
6597,2,153726.0,929.2,3.30999478,15.33316577
6598,1,279494.0,2468.68,3.753785854,16.4308995
6599,2,378752.0,2671.02,3.330776458,15.59964058
6600,1,269903.0,1869.48,3.348037911,16.07220552
6601,2,365412.0,1849.86,1.578230921,13.81118094
6602,2,150129.0,1640.86,3.205078212,15.28852087
6603,1,383206.0,2320.01,3.28489176,15.8811063
6604,1,142901.0,708.04,3.046841883,15.38781563
6605,1,368822.0,1716.57,3.517806643,16.37792299
6606,1,355407.0,2194.39,1.403423625,12.0673387
6607,1,149970.0,1068.06,3.631387586,16.10402776
6608,1,262234.0,1274.5,3.710480588,16.01068877
6609,1,273328.0,1306.43,3.594133884,16.46806218
6610,1,254993.0,1818.22,1.221888903,13.53919157
6611,2,248907.0,1748.1,1.819728518,15.73349158
6612,1,189918.0,813.0,4.795225986,16.9698542
6613,1,151964.0,1111.89,3.220293477,16.32696645
6614,1,144517.0,719.65,3.856073168,16.78455256
6615,1,390095.0,2275.0,3.669365276,16.3298751
6616,3,234735.0,1549.87,2.044732815,13.73310461
6617,2,245835.0,1778.58,3.199340218,15.67267389
6618,2,154987.0,1046.52,3.88659757,16.27885604
6619,2,357292.0,2170.74,2.791833149,15.64411857
6620,1,260411.0,1849.05,1.73352664,14.33856463
6621,1,373485.0,1832.0,3.487967526,15.84382769
6622,2,129352.0,1167.91,1.196366564,13.87670191
6623,1,208402.0,1018.25,3.647432728,16.51834934
6624,2,115050.0,814.89,2.336916608,13.7089969
6625,2,354827.0,1829.69,1.266506781,14.22439772
6626,2,372020.0,2510.83,2.826460326,15.81655701
6627,1,254214.0,1867.57,2.72712066,13.91862855
6628,2,124694.0,915.33,1.53948603,13.39022775
6629,2,243706.0,1339.81,2.865242511,15.58777732
6630,2,132435.0,616.89,2.54819745,15.90085856
6631,1,271508.0,1874.93,3.591484397,16.10260104
6632,1,154847.0,677.35,3.754115784,17.245835
6633,1,358875.0,1902.93,2.346232905,13.66359412
6634,1,210247.0,1336.8,4.93924406,17.73027397
6635,1,378281.0,2304.26,1.835992085,13.69330055
6636,2,359874.0,1793.35,1.532911855,13.82883623
6637,2,347566.0,2650.12,1.736987097,12.35675241
6638,2,142049.0,833.32,3.281441769,16.55062022
6639,2,368277.0,2385.68,3.65160147,16.11822147
6640,2,114947.0,940.9,2.409855286,14.72655017
6641,1,374359.0,1851.97,1.300471361,13.57627226
6642,2,363350.0,1986.23,2.944861869,15.58461944
6643,1,262733.0,1808.41,2.83619033,14.55332564
6644,1,248863.0,1259.42,0.722856884,12.9569237
6645,1,152578.0,974.29,3.678937454,15.99646596
6646,1,383747.0,2420.94,3.555499261,16.09044573
6647,2,236108.0,1330.6,1.051028268,12.99524479
6648,1,353628.0,1851.54,0.152044695,12.67669116
6649,1,367273.0,2031.66,1.032905879,12.87511608
6650,2,143908.0,802.31,1.996336923,15.21290971
6651,1,157509.0,1194.82,3.994182227,16.56822156
6652,2,358161.0,2153.95,0.869511386,12.6760854
6653,2,357923.0,1992.25,1.80867203,13.8041418
6654,1,368703.0,1879.51,1.454330876,14.91016962
6655,2,367556.0,2035.26,1.321864304,13.45326613
6656,1,262104.0,1336.95,1.927422476,13.9465895
6657,2,146350.0,759.85,3.630363596,15.32501149
6658,2,127371.0,954.55,2.047367283,14.70077066
6659,1,373751.0,2246.19,3.648222271,15.49901741
6660,3,114947.0,879.48,2.661400195,14.22742527
6661,1,136222.0,993.77,3.756099754,16.16562129
6662,1,152968.0,913.83,2.806635187,15.94068295
6663,1,364969.0,1650.72,1.712688823,13.32583373
6664,2,341390.0,1930.66,1.178211691,13.01668802
6665,1,269331.0,1795.2,3.780713419,16.48673204
6666,2,239580.0,1784.02,1.815300992,15.01040461
6667,0,154633.0,1170.91,3.595250992,17.43062849
6668,1,369302.0,2241.97,3.596935789,15.76572923
6669,2,142117.0,616.23,1.979658329,15.6614116
6670,1,187231.0,1386.02,4.118067332,17.2826234
6671,1,380491.0,2215.15,1.732402561,15.57655377
6672,1,163809.0,1395.86,4.915838766,17.19407548
6673,1,249336.0,1700.14,1.513331529,13.56197638
6674,1,260234.0,1649.25,3.715537138,16.09108035
6675,3,374599.0,2505.23,2.276146262,13.80448147
6676,1,144149.0,1639.96,3.624461029,16.48980959
6677,2,359174.0,2020.38,2.151320048,15.42533112
6678,1,156885.0,738.98,2.777112367,16.47286097
6679,1,267774.0,1172.99,4.101715578,16.87190873
6680,2,367146.0,2475.83,3.26367706,15.78188827
6681,2,368714.0,2278.69,2.584231296,15.90269498
6682,0,155183.0,930.77,3.116392354,16.02828709
6683,1,268505.0,1832.73,2.966172471,15.43530696
6684,2,120406.0,982.46,1.39504486,13.14703906
6685,2,355084.0,1839.28,1.816035231,13.58785104
6686,1,142486.0,586.86,2.63161309,15.98578627
6687,2,267707.0,1879.92,3.469480309,16.94589737
6688,2,241833.0,1644.09,1.808326007,15.07092863
6689,2,150777.0,716.7,2.958319029,16.20400205
6690,1,369267.0,2355.93,2.944551833,15.50813801
6691,1,272561.0,1879.15,4.919039443,17.41308014
6692,1,171905.0,1300.07,3.736135212,17.11529191
6693,3,359525.0,2707.6,1.891659045,14.75945802
6694,2,263080.0,1751.71,3.662321509,16.45120574
6695,1,361952.0,1826.65,1.106527392,13.62190586
6696,1,374843.0,2198.16,2.95330326,15.81441382
6697,1,125941.0,586.86,1.306277761,12.35637084
6698,2,378346.0,2494.45,1.729113673,13.19034508
6699,1,254599.0,1525.46,2.780718138,15.78656643
6700,1,271574.0,2002.66,4.71206749,16.94123971
6701,2,132244.0,1028.2,1.341479875,13.60280026
6702,1,114947.0,586.86,1.838300346,15.06696266
6703,1,120783.0,1420.3,2.808229439,15.92453188
6704,0,269474.0,1767.67,3.360997678,16.00411535
6705,1,362546.0,1794.17,3.265012423,16.16636638
6706,2,250923.0,1453.25,2.45908051,15.04136533
6707,1,149479.0,927.25,3.570661906,15.74177676
6708,2,368903.0,2418.43,2.114060192,14.26597433
6709,1,271601.0,1764.92,3.783994461,15.84493707
6710,2,139654.0,1403.27,1.67443936,13.92521948
6711,2,260271.0,1704.46,2.981253857,15.64944981
6712,3,354059.0,2052.41,1.995369289,13.92280793
6713,1,383649.0,2635.22,4.076765302,16.48880979
6714,3,250334.0,1879.04,2.86757941,14.93479462
6715,1,352302.0,1883.28,0.620161863,13.67329293
6716,1,387234.0,2036.9,3.575207571,16.34165269
6717,3,122301.0,956.53,1.75384682,13.27067832
6718,2,153378.0,806.45,3.872128646,17.06267483
6719,2,257316.0,1465.2,3.44550186,16.09300516
6720,1,142324.0,1518.83,2.771523415,16.13382807
6721,1,378862.0,1878.47,3.901865357,16.36946039
6722,2,247538.0,1732.1,1.539552931,13.29834277
6723,3,240938.0,1205.64,1.778685087,14.7450465
6724,1,133570.0,704.01,0.978699217,13.63212909
6725,2,248910.0,1491.13,0.920250751,13.54438075
6726,1,159201.0,1387.21,3.408099202,16.85985748
6727,2,122545.0,1352.88,2.485139176,15.27276361
6728,2,244735.0,845.2,0.087542916,12.73742004
6729,3,114947.0,731.28,1.649947305,12.98920165
6730,2,365836.0,1890.47,1.582341771,15.21190513
6731,2,357203.0,2427.95,3.07886003,14.17038644
6732,1,368302.0,1968.54,1.076066826,13.92412978
6733,3,137720.0,828.44,1.856601834,14.69728815
6734,1,130292.0,638.51,1.779349485,13.68370087
6735,2,355127.0,1871.13,1.382144891,13.47055401
6736,1,371570.0,2299.29,1.123998623,12.80603399
6737,2,355267.0,1845.99,1.22123728,13.50977457
6738,2,132271.0,704.37,1.87723408,15.49639463
6739,1,144757.0,1683.85,3.788214302,17.40549458
6740,1,122192.0,1315.29,1.489350845,12.74305564
6741,1,125902.0,724.02,1.37971437,13.70919202
6742,3,353695.0,2385.92,1.792855303,15.09482566
6743,1,359105.0,2244.22,1.570760118,12.92747331
6744,1,379314.0,2422.56,2.930886698,15.34087748
6745,3,231358.0,1308.36,1.793468073,13.67915813
6746,2,261963.0,1938.77,3.402237583,15.53623229
6747,1,167396.0,1549.8,3.669118908,17.69623419
6748,1,163309.0,983.13,3.102651011,16.67223764
6749,1,370535.0,2425.9,3.184044726,16.14969025
6750,1,136476.0,834.66,2.810320988,15.59254831
6751,2,247103.0,1469.29,2.740113605,14.11015948
6752,1,133485.0,1087.63,2.587599483,15.83862585
6753,2,136075.0,897.76,2.860259283,15.43201859
6754,1,376254.0,2285.38,3.136185951,15.93168386
6755,2,243770.0,1320.41,2.933304571,15.8865619
6756,2,129343.0,839.26,2.273332885,15.98431234
6757,0,166081.0,842.07,3.371498863,16.56568831
6758,2,347477.0,2318.28,2.137011639,14.23342084
6759,2,148454.0,1234.11,3.547323875,16.93225475
6760,1,141805.0,951.77,3.641231214,16.46412982
6761,0,131129.0,734.76,2.361785049,15.39398194
6762,1,255747.0,1858.24,3.073334352,15.530295
6763,3,245232.0,1798.33,2.438483699,13.84398125
6764,2,346963.0,2296.72,0.759597616,12.51358348
6765,1,276817.0,1947.74,4.93924406,17.08698907
6766,1,249262.0,1422.5,1.706713875,13.81783541
6767,2,133226.0,749.66,2.429780552,15.49402362
6768,1,367952.0,1912.89,2.335709487,13.91681565
6769,2,246742.0,1224.75,1.649622695,13.44461188
6770,2,348828.0,1835.3,0.756098492,13.40758249
6771,1,135134.0,1077.41,2.558682926,15.99142612
6772,2,363590.0,1728.12,2.367580574,15.55474095
6773,1,253882.0,1783.96,2.957560758,15.75693135
6774,2,257849.0,1353.54,3.059640467,15.46973213
6775,1,254496.0,1415.25,1.890800866,13.83923839
6776,0,277947.0,1769.8,3.72974733,16.43045702
6777,1,255999.0,1682.04,1.866657932,13.97005239
6778,1,174862.0,784.84,3.751429167,16.9096022
6779,2,346160.0,2216.21,1.341277608,13.23618411
6780,1,364538.0,2045.22,1.710870851,12.89943388
6781,1,362417.0,2458.61,2.185887842,14.97493542
6782,2,119608.0,593.42,2.247110222,14.88899733
6783,1,169159.0,1274.48,3.564649168,16.81431952
6784,1,151958.0,696.04,3.125596978,16.23562042
6785,3,232131.0,1351.44,2.11911411,13.37807319
6786,2,127705.0,1164.53,1.534877967,13.26416119
6787,3,354270.0,2472.64,1.460363543,13.43920763
6788,2,244966.0,1461.45,1.785009001,14.02750071
6789,2,233596.0,1696.95,1.969147819,13.30226488
6790,1,375097.0,2376.95,3.518675741,16.30381312
6791,3,256637.0,1559.97,2.997448716,15.45260845
6792,2,138475.0,1359.53,3.713350989,16.59029802
6793,1,143286.0,848.74,1.826574595,15.26061374
6794,0,384847.0,2433.35,2.037417994,13.95163336
6795,3,249085.0,1082.27,2.23147858,14.59499391
6796,1,348438.0,2415.9,1.443212576,11.97211601
6797,1,366010.0,1751.8,2.216803633,13.92474197
6798,1,366339.0,2214.3,2.932316393,15.6171912
6799,1,395349.0,2825.48,3.93973554,16.82291537
6800,3,367692.0,2470.3,2.811211596,15.52629771
6801,0,254598.0,1162.99,1.619400292,13.99218468
6802,2,114947.0,1258.6,1.599129778,13.79258531
6803,2,129210.0,625.78,2.564811575,15.21359006
6804,2,140982.0,895.64,2.979757502,15.3091349
6805,2,241379.0,1499.15,2.853338451,15.86020247
6806,2,241602.0,1427.47,1.913012766,13.79671634
6807,1,368041.0,2377.48,2.887402319,15.7251522
6808,3,254493.0,1755.85,3.296526966,15.5337126
6809,1,377325.0,2337.92,3.600360246,16.0505748
6810,2,244922.0,1784.91,3.062296574,15.73478899
6811,2,142228.0,702.63,3.059223403,16.56339281
6812,1,260677.0,1388.71,1.023842081,13.93055484
6813,1,383039.0,2034.48,2.398143015,15.7557068
6814,2,127310.0,996.44,2.314209969,15.5032151
6815,1,261390.0,1252.91,3.45319141,16.13971251
6816,1,252942.0,1534.08,2.005426358,13.77642971
6817,1,135098.0,586.86,2.269260975,15.05665234
6818,2,376441.0,2452.2,3.292977747,15.54913694
6819,3,132055.0,1045.03,1.875553599,15.52009451
6820,2,251935.0,1496.2,1.776659624,13.31610079
6821,1,242339.0,1384.78,0.817958018,14.02024863
6822,1,147381.0,1062.55,4.025778321,17.13179932
6823,2,361161.0,2340.59,2.057350166,15.10835414
6824,3,233015.0,1549.43,2.714806944,14.99071713
6825,2,133096.0,826.58,1.762833315,13.23898782
6826,1,278104.0,1859.77,3.752670529,17.43042045
6827,3,362485.0,2476.3,1.098328023,14.57997541
6828,2,250782.0,1652.83,2.854341786,15.2786399
6829,2,141375.0,788.88,4.103544119,16.35756461
6830,1,377470.0,2033.33,3.199228175,15.91685869
6831,1,255406.0,1398.59,3.167121304,16.0644508
6832,2,150162.0,807.04,3.424784965,16.87887678
6833,1,148155.0,764.92,3.158256958,16.28569595
6834,1,377061.0,2718.53,2.232519108,15.29880132
6835,1,266932.0,1942.95,3.545277078,16.45905136
6836,1,240937.0,1385.63,1.229259148,13.60050799
6837,1,245560.0,1173.47,2.081468332,14.70767688
6838,1,260387.0,1496.19,1.353003281,14.04617963
6839,1,373908.0,1645.44,1.647375438,13.82930316
6840,1,140807.0,888.17,3.581444359,16.80505233
6841,2,369454.0,1878.31,1.865599105,14.57311921
6842,1,229909.0,1169.5,0.312200621,12.99267203
6843,2,252673.0,1431.85,2.663079783,15.26505411
6844,1,189104.0,1008.94,3.813264791,16.20384906
6845,2,167086.0,1333.76,4.504662718,17.30343855
6846,2,353191.0,2302.99,1.582464574,13.87724261
6847,1,147015.0,998.43,3.766566115,17.03504839
6848,2,351044.0,2068.8,0.977871622,13.44125215
6849,1,362841.0,1810.79,2.159252286,15.25307479
6850,2,131766.0,853.75,1.64803282,13.22314831
6851,1,248702.0,1638.41,1.903817358,13.75376436
6852,2,144712.0,1158.49,3.164041164,15.57386623
6853,1,354540.0,1750.42,0.880119119,13.84874578
6854,1,156509.0,875.43,3.266552846,16.85220294
6855,1,267027.0,1953.75,3.466265332,15.66364239
6856,1,253745.0,1507.25,1.758960033,13.73711931
6857,2,129178.0,781.5,1.795521225,13.28591028
6858,1,263980.0,1837.86,3.473070524,16.7734402
6859,1,387805.0,1875.69,3.735871242,16.71934067
6860,2,241986.0,1825.39,2.869945199,15.62451598
6861,2,137280.0,1423.92,3.773503043,16.9393068
6862,2,250676.0,1621.92,3.001632373,15.45289148
6863,2,129838.0,755.63,1.949272142,15.23021837
6864,1,160538.0,712.98,3.564801677,16.73369124
6865,1,369910.0,1844.18,2.857147342,15.41600953
6866,2,254693.0,1902.13,3.495570442,16.44975318
6867,2,234114.0,1849.94,2.548162586,14.94840131
6868,0,266287.0,1758.1,3.487463824,14.39044711
6869,1,355098.0,2216.59,2.950290334,14.10683167
6870,2,148900.0,1138.14,3.448052046,14.14378619
6871,2,356970.0,1875.4,1.549144014,12.08023264
6872,2,374875.0,1925.48,2.920575654,15.53680225
6873,1,118380.0,1604.47,2.866165462,16.47630158
6874,2,271262.0,2209.77,4.112700108,16.54545875
6875,0,289413.0,2064.86,3.711350378,16.63104574
6876,1,364178.0,2376.11,0.680857658,12.21745746
6877,2,133420.0,950.12,1.721801887,13.67124373
6878,2,174926.0,720.31,3.567067046,16.98486658
6879,2,121811.0,679.88,1.369621812,13.79597879
6880,1,381140.0,1844.96,2.037840803,13.75472568
6881,1,352979.0,1853.88,2.229231122,14.00183315
6882,2,268608.0,1856.29,3.674108223,16.40959423
6883,2,261399.0,2001.65,3.980130496,16.12661491
6884,1,285770.0,1788.43,4.064312957,17.19449035
6885,1,361640.0,2340.72,1.491128008,13.40384983
6886,3,346700.0,1696.83,2.377034434,14.93176748
6887,3,350488.0,1634.59,1.943002296,13.64774001
6888,2,257705.0,1878.88,3.286637869,16.11615225
6889,1,257853.0,1731.8,3.93571787,16.27399886
6890,3,121066.0,700.1,1.570085857,13.7802438
6891,1,146651.0,841.05,3.642917798,16.21607448
6892,1,269161.0,1682.28,1.981562756,15.17708456
6893,1,254332.0,1838.53,2.339036813,15.4488113
6894,2,117407.0,704.81,2.605405347,14.33996748
6895,2,364997.0,2189.51,3.008273798,15.57070924
6896,1,133734.0,1100.97,1.903232389,15.20008355
6897,1,150013.0,954.7,3.494852089,17.06196427
6898,1,374945.0,1864.5,2.001842632,15.11356666
6899,1,266093.0,1461.46,3.490372727,14.22195909
6900,2,239160.0,1422.79,1.318199323,13.19362414
6901,1,275685.0,1833.14,4.460867536,17.07084354
6902,2,122178.0,748.84,0.492916837,13.02536288
6903,2,118423.0,920.5,2.560312655,15.43760554
6904,2,262511.0,1550.95,1.402756852,13.96858141
6905,2,351632.0,2253.34,1.130026731,13.27772443
6906,3,131199.0,1030.18,3.045129201,14.84009609
6907,2,368369.0,2473.58,2.801075423,14.62486518
6908,2,236146.0,1752.57,1.877198484,13.37961122
6909,2,150123.0,1486.84,4.337512594,16.07392537
6910,1,379775.0,2382.03,2.830388996,15.48255256
6911,1,135090.0,875.68,3.626284915,16.61207591
6912,2,355808.0,1900.4,1.84821842,13.80800755
6913,1,159035.0,1459.31,3.714657035,16.80178248
6914,2,142041.0,786.44,3.872384141,16.14502675
6915,1,140221.0,1231.18,3.582472579,16.21858543
6916,2,243822.0,1484.76,0.898195801,12.7226788
6917,2,133993.0,1266.42,2.539864372,15.81284053
6918,2,128870.0,929.7,2.124817604,15.68778227
6919,2,131556.0,857.11,0.649232644,12.31828631
6920,2,363210.0,2328.31,2.445379544,15.10748164
6921,1,381523.0,2576.13,3.387680885,16.17913925
6922,1,131041.0,799.78,2.390583004,15.47500074
6923,2,125745.0,901.22,1.234337179,13.45324595
6924,2,156784.0,1308.25,3.707486123,15.85927985
6925,2,349443.0,1856.42,0.535340091,12.41771538
6926,2,245165.0,1380.71,1.853916203,14.44177208
6927,1,264014.0,1795.86,3.763777108,15.54941132
6928,2,355070.0,2152.4,1.615377983,14.59485893
6929,1,365808.0,2937.4,0.529746593,12.41116204
6930,1,364995.0,1954.59,1.537561383,13.48358396
6931,1,293392.0,2033.15,3.499216915,16.64532568
6932,2,243622.0,1180.0,0.681951899,12.81549898
6933,1,130525.0,1526.97,3.621625477,16.33739144
6934,2,261608.0,1957.0,4.159955733,15.9127668
6935,1,387706.0,2219.25,3.404987008,16.05861689
6936,2,119269.0,724.65,2.064316529,15.95513818
6937,2,358806.0,1837.75,1.52988651,14.12188283
6938,1,166166.0,1067.27,3.61845941,16.32545734
6939,2,375110.0,1881.05,3.667849411,15.88870084
6940,2,252129.0,1428.94,3.236057734,15.43908706
6941,2,246445.0,1626.97,2.500769431,14.91028709
6942,2,267100.0,1888.01,4.107751471,16.78230416
6943,1,361123.0,2144.47,3.664816059,15.91749934
6944,2,360746.0,2175.77,2.923838936,15.55489326
6945,2,118513.0,1453.12,1.674498041,13.55641764
6946,1,272701.0,1843.94,3.418761517,16.58815328
6947,2,237886.0,1156.35,1.617215084,13.04763728
6948,2,255744.0,1322.52,1.182438708,13.01312196
6949,2,148460.0,778.93,3.771849363,16.28799334
6950,2,376920.0,3008.74,1.299440879,13.68823071
6951,0,393478.0,1941.53,1.914114704,14.18222422
6952,2,366003.0,2379.65,2.027232864,13.61487439
6953,1,168559.0,1039.26,4.522311757,17.46112459
6954,2,241788.0,1719.72,1.565322513,13.3342984
6955,1,139347.0,760.14,1.928776372,14.02806915
6956,1,281828.0,2059.61,3.714677319,16.5593225
6957,2,355740.0,1879.05,1.204442779,13.45255925
6958,2,344338.0,1830.07,0.971254822,13.08402857
6959,1,142223.0,876.81,3.052610149,15.95135755
6960,1,258399.0,1760.74,3.255911138,15.76848026
6961,1,273638.0,1847.8,1.677835019,13.91561612
6962,2,149349.0,967.98,4.206580833,16.33081049
6963,1,369012.0,2241.01,1.977371105,15.43664714
6964,2,256102.0,1716.33,1.783542706,13.35100306
6965,1,245277.0,1506.57,1.245577831,13.56809186
6966,2,250609.0,1227.24,2.712887548,15.55774518
6967,1,249008.0,1276.58,1.562136392,13.15903271
6968,3,346544.0,2176.66,2.22082287,13.33241815
6969,2,133082.0,900.88,3.136798294,15.371215
6970,1,371329.0,1948.55,1.226704698,13.53106713
6971,1,164362.0,1289.44,4.003055534,16.47749272
6972,2,369597.0,2462.33,2.270748459,15.45699348
6973,1,138755.0,1053.13,3.147771452,16.53478521
6974,2,274227.0,1563.17,3.47361124,16.79935622
6975,2,129276.0,932.26,1.994887989,13.82887054
6976,2,244813.0,1331.78,1.088632867,13.7867006
6977,1,381970.0,2515.44,0.603642897,13.29674811
6978,2,260404.0,1879.23,2.790603295,15.08441305
6979,1,372875.0,2016.04,1.665144253,13.66668689
6980,2,259314.0,2124.77,3.181327205,15.16344661
6981,1,246726.0,1012.27,2.241572911,13.91053983
6982,1,262217.0,1704.38,1.361557016,14.06715407
6983,2,254952.0,1834.71,1.610505361,13.93692224
6984,1,266638.0,1408.42,3.197999605,15.93043261
6985,1,139728.0,980.93,3.500062013,16.15799875
6986,2,140851.0,951.7,3.358760085,16.68165225
6987,1,249518.0,1123.96,2.224108469,14.31785962
6988,1,356840.0,1896.98,0.304582888,13.23371666
6989,2,252025.0,1484.02,1.416791222,13.39773767
6990,2,251730.0,1577.42,3.125261486,15.00625255
6991,1,168049.0,1369.78,3.869861597,16.18253229
6992,2,128526.0,756.55,2.930108235,16.26555122
6993,2,233204.0,1240.05,1.761194618,13.50386053
6994,0,182106.0,594.78,3.564878231,16.03935946
6995,1,379594.0,2211.25,2.606946652,15.58950983
6996,2,366552.0,2391.46,3.068337036,15.62086119
6997,2,385172.0,2436.3,3.126763225,15.49355447
6998,1,162884.0,1216.59,3.575625994,16.39675919
6999,0,263307.0,1609.42,3.763063319,16.91151677
7000,1,256275.0,2071.27,2.93703666,15.70579402
7001,1,166125.0,1459.84,4.93924406,17.19107616
7002,3,370236.0,2203.98,3.082114404,15.7854887
7003,1,150701.0,741.06,2.025203656,14.19483655
7004,2,250741.0,1418.63,0.604632058,14.2729596
7005,2,156184.0,1159.84,3.673632881,16.03956828
7006,1,362251.0,2023.98,2.207957771,13.48993876
7007,3,123624.0,910.14,1.762573303,13.60982779
7008,2,136968.0,697.47,1.872888129,15.76397093
7009,2,244251.0,1741.83,1.202793287,13.21880174
7010,1,373107.0,1855.62,2.997385221,15.5927893
7011,2,240209.0,1433.49,1.468997581,13.1827796
7012,2,357430.0,2004.75,1.35566742,13.27385789
7013,2,361150.0,1887.6,1.808778528,13.72190478
7014,1,357140.0,1809.02,1.625243285,14.39423254
7015,1,274466.0,1504.71,3.864775634,17.02934108
7016,1,364749.0,2673.29,1.806239637,15.24571456
7017,2,116364.0,836.54,1.454390059,13.62092783
7018,2,366343.0,1848.44,1.507309945,13.25394695
7019,2,359308.0,2162.85,1.624231557,12.52587198
7020,1,262721.0,1881.0,4.095230492,16.89411729
7021,1,387737.0,2409.48,3.118514254,15.93342624
7022,2,364297.0,2391.56,1.641559413,12.73011162
7023,2,363703.0,2115.97,2.290533833,14.25046166
7024,1,130275.0,1000.05,1.89359589,14.07652378
7025,0,268746.0,1985.72,3.734502845,16.98051439
7026,2,364132.0,2331.1,1.965340521,15.19487999
7027,1,269709.0,1979.49,3.455789158,16.13725328
7028,2,364915.0,2118.57,2.203069385,13.81395582
7029,0,164961.0,935.07,3.376960666,16.42560905
7030,4,130811.0,1074.54,2.159536054,14.88195698
7031,1,167700.0,833.28,3.868278392,17.03020236
7032,1,369608.0,1844.05,1.702544596,15.14193007
7033,1,153350.0,699.59,3.10477777,17.2709546
7034,2,378964.0,2670.69,1.811658165,13.71557773
7035,1,274647.0,1892.8,3.723425987,16.38065022
7036,1,241276.0,1244.85,1.92886045,15.22093154
7037,1,359212.0,1879.89,0.694235116,12.3926758
7038,4,114947.0,1404.58,0.933782286,13.3280977
7039,2,143547.0,1284.56,4.343120964,16.52962676
7040,1,268691.0,1487.52,2.291038776,14.30456504
7041,1,255199.0,1642.5,3.034043183,15.86633482
7042,3,235951.0,799.3,1.75413866,13.61758922
7043,1,142385.0,586.86,2.358876496,14.61348186
7044,2,262324.0,1762.5,3.702168694,16.40617939
7045,1,365461.0,2266.14,1.241233038,12.12921425
7046,1,359371.0,2028.67,1.804104094,13.72077903
7047,2,246584.0,1391.97,1.55446975,13.56625718
7048,2,270841.0,1713.01,3.920477473,16.28950978
7049,1,253498.0,1185.66,3.320078664,16.10360511
7050,1,382735.0,1913.66,2.079129533,15.44079609
7051,1,252320.0,1319.21,2.557127761,14.45986679
7052,1,257132.0,1157.08,3.942653621,16.16775327
7053,1,138753.0,830.41,3.080973722,16.01788702
7054,1,362401.0,1993.82,2.794681145,15.89731871
7055,1,359116.0,1695.54,1.373281727,13.60830511
7056,1,146174.0,868.62,3.576497565,17.03777314
7057,2,133303.0,812.44,1.455946389,13.95881701
7058,1,145110.0,760.88,2.263182757,15.46134531
7059,1,152675.0,1485.44,3.305396679,16.35508749
7060,0,175212.0,855.97,3.695251571,17.12931847
7061,0,377677.0,2142.75,3.678435227,16.46914501
7062,1,365123.0,2302.15,2.831556144,15.5984863
7063,2,243017.0,1663.93,1.948374107,13.20512582
7064,2,128176.0,1194.67,2.173156505,15.14971139
7065,0,396178.0,2046.28,1.850125822,14.38041722
7066,1,161789.0,1859.47,3.633574213,17.02042631
7067,1,151421.0,1336.55,3.200038712,16.10386549
7068,2,148810.0,1237.88,3.481564732,16.57819977
7069,2,361668.0,2159.21,2.134069854,15.17808452
7070,1,360700.0,2300.14,1.477495516,13.92397962
7071,2,273371.0,2016.51,3.547525137,16.4902568
7072,0,249254.0,1264.99,2.904861875,15.13966341
7073,2,122925.0,1563.47,2.393785717,14.13381001
7074,2,350797.0,1900.62,0.76962053,12.52367724
7075,1,364208.0,1807.99,1.209493215,13.08834661
7076,1,151561.0,992.3,3.658097239,16.72491878
7077,2,127207.0,1031.66,3.136005212,15.15166348
7078,2,357007.0,2355.65,1.106341899,12.67630967
7079,1,142043.0,789.65,3.492148985,16.42345799
7080,1,268048.0,1849.94,3.513321198,16.91777929
7081,2,346537.0,1952.89,0.302845456,11.76352026
7082,2,237841.0,1488.34,2.16880821,14.05190282
7083,2,258979.0,1874.52,3.936613102,16.20941938
7084,1,114947.0,1018.69,2.252526643,15.20063719
7085,1,387168.0,1988.3,2.625221255,15.75760948
7086,0,277882.0,1822.82,3.717505499,16.23028365
7087,1,258245.0,1428.9,3.239715795,16.01032246
7088,1,371405.0,1701.19,3.031302857,16.10389549
7089,1,270644.0,1720.29,3.658135968,15.6768592
7090,2,239464.0,1559.71,1.788995343,13.5705094
7091,2,237179.0,1696.57,2.061389148,15.28035524
7092,1,133811.0,726.92,2.16814983,16.20071152
7093,1,365397.0,1805.34,2.13092273,15.53162923
7094,1,160431.0,858.29,4.125298028,16.52995715
7095,1,246547.0,1509.07,2.391385274,15.53905625
7096,2,132084.0,698.52,2.361946059,15.91367656
7097,1,150134.0,1189.55,3.918767169,16.36271625
7098,1,134345.0,1478.1,3.123253363,15.99319525
7099,1,390164.0,2446.01,3.877179339,15.97467731
7100,1,246894.0,1446.59,0.686327811,12.17717149
7101,2,249205.0,1858.3,2.122695913,14.72311608
7102,0,375225.0,2227.23,3.232248459,15.95432166
7103,2,361393.0,1900.03,1.807046119,14.61366453
7104,2,268755.0,1766.77,3.14047772,15.25158808
7105,3,117236.0,882.61,1.660862506,12.95313833
7106,1,262343.0,1944.6,3.724611133,16.15706235
7107,1,254694.0,1802.11,3.847260017,16.71553956
7108,1,376998.0,1441.78,1.997655108,15.70108635
7109,2,138546.0,858.25,2.293366207,15.66275482
7110,1,365655.0,2243.01,2.968418181,15.89730668
7111,2,366257.0,1891.34,2.546238814,15.60636335
7112,3,227694.0,1768.45,1.379053606,13.17743148
7113,1,164510.0,1273.34,3.087156038,17.37325195
7114,1,361661.0,2165.51,1.03161446,12.40485194
7115,1,253309.0,1461.94,1.767938769,13.69262241
7116,1,136599.0,721.37,2.708172992,14.03935643
7117,1,366105.0,1891.83,2.900703169,16.13596798
7118,1,130814.0,1114.59,1.483990292,13.56512984
7119,2,147974.0,918.91,3.765981192,16.06645388
7120,0,270182.0,1785.6,3.492024735,16.21256116
7121,1,265834.0,1535.08,3.260699355,15.81772533
7122,2,248631.0,1724.97,1.659234062,14.5075899
7123,3,353781.0,2300.19,1.748706445,15.0901049
7124,2,127215.0,775.81,1.649734152,13.45052493
7125,1,367475.0,1602.74,1.433137831,13.79235971
7126,2,133242.0,918.1,2.135817316,14.0282887
7127,2,363170.0,1911.61,0.596043756,12.68957742
7128,2,127240.0,893.56,1.828419335,14.73541221
7129,1,372646.0,1871.33,2.292707744,14.32375043
7130,2,135443.0,815.68,2.29271785,15.69798724
7131,1,243994.0,1139.26,1.590473398,14.64986183
7132,2,256907.0,1718.51,3.581817128,15.98591143
7133,2,356557.0,1812.81,2.134380951,14.89609538
7134,2,362909.0,2299.54,2.645338213,15.02218774
7135,2,127314.0,917.82,2.393303549,16.1178425
7136,2,150610.0,1155.13,2.526817114,16.44502441
7137,2,240097.0,1323.72,0.983379291,12.69809026
7138,1,372918.0,1993.51,2.716474028,15.91921073
7139,2,357841.0,2208.99,2.919764807,16.12550969
7140,1,147039.0,1063.38,3.56446056,15.99889606
7141,1,362552.0,1714.6,0.695593479,13.65321909
7142,2,133752.0,802.32,3.454086858,15.40477034
7143,1,184791.0,882.22,3.652299091,16.59988926
7144,1,266298.0,1370.41,3.061078743,14.33876436
7145,2,137871.0,1283.64,1.427973381,13.85272792
7146,1,151034.0,956.54,3.373761033,16.34183998
7147,2,247973.0,1688.32,1.690070954,13.99286759
7148,2,373786.0,1725.64,3.223906366,16.12867452
7149,2,128325.0,1065.54,2.008359883,14.15942714
7150,1,147197.0,773.09,2.860832647,15.62183273
7151,1,258613.0,1759.74,4.027502661,16.13136513
7152,2,114947.0,1381.19,2.018035076,13.87631767
7153,2,241131.0,1268.4,2.740946367,15.07541221
7154,1,370198.0,2338.37,2.893067019,15.41800729
7155,1,148786.0,1012.85,3.903630587,16.00839357
7156,2,352466.0,1906.81,-0.052834702,13.7706989
7157,1,158240.0,1251.43,4.212195345,16.58279597
7158,1,260788.0,1830.06,3.818532393,16.50702348
7159,2,124374.0,728.08,0.539796015,12.42831318
7160,1,156269.0,1514.93,3.533443161,16.11740699
7161,1,365303.0,1860.42,0.924191006,14.85419111
7162,1,379714.0,2418.25,3.395083997,16.54378094
7163,3,351064.0,2164.77,1.294679431,13.90497085
7164,1,276382.0,2066.16,3.900471488,16.32796528
7165,1,166545.0,1376.79,4.93924406,17.12380162
7166,1,277531.0,2001.7,3.702096938,16.11475488
7167,1,363798.0,1788.37,2.310186628,13.34032723
7168,2,366135.0,2227.35,2.278698628,15.84044934
7169,1,257026.0,1395.27,2.450804216,15.7163862
7170,0,160313.0,1116.5,3.820791407,17.12840797
7171,1,358222.0,1841.68,1.895885974,13.46465536
7172,1,140695.0,720.16,3.031196884,16.12753062
7173,2,368741.0,2400.47,1.491785157,13.88181385
7174,1,152516.0,1207.54,3.586446518,15.99036707
7175,1,386213.0,2825.95,1.913500736,14.68039858
7176,1,131304.0,1490.05,3.137377361,16.66479327
7177,2,270604.0,1565.11,4.222092029,16.07701939
7178,2,355047.0,1828.28,1.716139065,13.41857644
7179,1,281108.0,2974.24,3.628019808,15.85653535
7180,1,161951.0,1517.25,4.015304554,17.17142629
7181,2,123224.0,774.56,2.581846093,14.96503797
7182,2,246625.0,1757.71,1.551562551,13.45188846
7183,2,361028.0,2435.62,1.740331057,12.77286554
7184,2,140465.0,797.04,1.844914796,13.69179854
7185,1,253544.0,1679.01,1.408836844,14.54827881
7186,1,360254.0,2173.64,3.0233557,15.91222519
7187,2,354930.0,1832.25,2.657004099,14.89660769
7188,2,243400.0,1395.75,2.226824096,15.38608582
7189,1,135910.0,612.14,2.293476904,14.13546463
7190,2,250723.0,1442.01,1.400655307,13.23318646
7191,1,163369.0,1154.43,4.93924406,17.15284535
7192,1,117866.0,796.85,2.074141965,15.64528732
7193,1,137288.0,1094.45,2.379736765,14.39233251
7194,1,231436.0,1353.7,1.653255781,13.45221308
7195,2,233852.0,1379.46,0.918362577,12.41057718
7196,2,129209.0,671.15,1.117301961,13.10913766
7197,1,171720.0,1350.86,3.493957613,16.59843599
7198,2,264975.0,2084.83,3.586111445,16.9047276
7199,2,382969.0,2668.29,2.895818663,15.43769078
7200,2,359139.0,1868.33,1.646030805,15.11622557
7201,1,139800.0,927.32,3.150515769,15.36402542
7202,2,248522.0,1392.7,2.519744492,15.43202258
7203,2,141019.0,890.03,3.464405483,15.49079665
7204,2,367280.0,2262.56,2.441140824,15.6570143
7205,1,359289.0,2150.07,1.894006033,15.25189967
7206,1,359034.0,1857.69,1.405215531,14.27927721
7207,2,240847.0,1307.98,1.274932905,13.8147406
7208,1,265679.0,1546.21,3.724454175,16.58423099
7209,2,362880.0,2751.78,3.022717774,15.45680036
7210,2,127881.0,748.52,1.763289765,14.92016325
7211,1,378629.0,2199.55,3.524452918,16.48879137
7212,1,137345.0,724.4,2.155863745,15.78323554
7213,2,135203.0,1496.58,3.104759332,16.81699939
7214,1,332990.0,1812.03,1.618736077,12.85669154
7215,2,114947.0,1715.98,1.25580651,13.85055733
7216,2,359258.0,2117.81,1.498867471,13.63935004
7217,2,144550.0,974.29,3.425512701,15.91954081
7218,1,259572.0,1188.95,2.645735523,15.37831448
7219,2,141802.0,945.11,2.931384991,15.25371002
7220,2,342642.0,2024.4,2.232419042,13.24980815
7221,0,257037.0,1015.67,2.864034175,14.8060902
7222,1,265274.0,1890.22,3.678024954,15.82640962
7223,2,126870.0,969.14,0.967615544,13.25549322
7224,2,241966.0,1707.76,1.737531221,12.61186694
7225,1,354773.0,1758.43,2.320181114,15.31277184
7226,2,263914.0,2286.7,2.91708575,15.64237817
7227,0,150143.0,1156.57,4.345432437,17.26650872
7228,2,147164.0,931.75,4.289297758,16.38474928
7229,1,159219.0,765.68,3.661650335,16.83806629
7230,1,251692.0,1714.21,1.868192796,14.26756867
7231,2,137740.0,846.99,2.861338796,13.72382933
7232,1,151924.0,844.6,3.63547843,17.11423076
7233,1,255926.0,1259.75,2.893180387,15.8895046
7234,1,174360.0,993.4,3.748352574,17.11730792
7235,1,370192.0,1780.04,1.509482642,13.48984948
7236,1,249853.0,1407.94,2.558925047,15.83150378
7237,2,245230.0,1768.55,2.854775474,15.31129936
7238,2,364428.0,2208.2,1.934825447,15.42802047
7239,1,161637.0,977.51,3.652117175,16.84518703
7240,1,132010.0,860.6,2.449391295,15.53282338
7241,1,129805.0,1054.99,2.129418499,13.76852284
7242,1,278449.0,1829.68,4.006150014,16.62942006
7243,2,232220.0,1442.33,0.432041878,12.02684045
7244,1,200499.0,701.11,3.85042423,16.52480654
7245,1,257241.0,1492.45,2.078133457,13.53452635
7246,1,260609.0,1441.38,2.097676038,14.685657
7247,2,137051.0,722.86,1.670998417,13.77870017
7248,1,150222.0,870.11,3.502932162,16.46909327
7249,1,258800.0,1829.68,3.514619416,14.38813831
7250,1,273591.0,1798.77,3.582608767,16.55041368
7251,1,369430.0,2288.65,2.146974939,15.34166802
7252,2,367369.0,1878.8,0.333036101,12.71057394
7253,2,244095.0,1839.71,1.904384591,13.75665161
7254,2,350872.0,1828.92,1.427603682,12.40651006
7255,2,244736.0,1385.88,1.307025913,13.73331254
7256,2,369337.0,1836.78,2.609159929,15.54314198
7257,1,372841.0,2290.09,3.80049432,16.16322643
7258,2,129984.0,1060.63,1.961376561,15.43514409
7259,2,362465.0,1819.32,2.264235179,15.1305199
7260,2,151672.0,762.82,3.481255227,17.12529731
7261,1,146460.0,663.21,3.101857927,15.34056172
7262,0,260445.0,1817.93,3.394083178,16.37140619
7263,1,255754.0,1705.26,1.755163634,14.13112788
7264,2,114947.0,1387.24,2.860713048,16.14225217
7265,1,141768.0,843.53,3.819671075,16.17618826
7266,2,130483.0,1629.77,3.19972983,15.47740042
7267,1,197714.0,962.34,3.728848889,16.97284806
7268,2,140562.0,909.79,2.795954376,16.1142869
7269,1,357043.0,1869.9,1.4171789,13.63943614
7270,2,235208.0,1192.16,1.717305139,13.28504872
7271,3,144457.0,1203.87,2.945147235,15.19483457
7272,1,381991.0,1893.68,1.727016475,13.82985843
7273,2,253162.0,1514.13,1.217008684,13.8203655
7274,1,134038.0,1318.11,3.138057471,16.57136606
7275,2,247462.0,1737.25,1.854509117,15.24146556
7276,1,243477.0,1768.53,1.237103642,12.41366358
7277,1,239398.0,1835.16,0.41796391,12.44261551
7278,1,170228.0,895.98,3.287222801,16.74417165
7279,1,265592.0,1871.47,3.161670999,16.17864841
7280,2,362440.0,2121.19,2.473546345,15.54880243
7281,2,366838.0,1935.95,1.899450241,15.277823
7282,1,244225.0,1211.58,1.791398893,13.94128863
7283,1,386855.0,2229.56,4.002444098,16.19475749
7284,1,287964.0,2095.94,3.881235785,16.28523186
7285,1,269071.0,2020.73,3.617966751,16.66773716
7286,2,375459.0,2528.39,1.965680983,15.50874682
7287,2,135326.0,1066.22,2.684783666,13.87956679
7288,2,253723.0,1765.85,0.951620279,13.50251946
7289,1,251803.0,1722.49,3.236901977,15.86219582
7290,2,336397.0,1952.25,1.399475881,11.91300158
7291,1,386280.0,2189.38,3.459173166,16.26873705
7292,1,366261.0,2249.66,2.803721346,15.0990255
7293,1,154712.0,871.38,3.876166972,15.55875521
7294,2,236965.0,1821.46,1.412745479,13.17818323
7295,3,342536.0,1925.86,1.913272427,13.34721011
7296,2,242442.0,1233.78,1.866089594,15.41673019
7297,2,356493.0,2198.97,0.82215828,14.13047855
7298,2,382989.0,2505.01,3.085522882,15.7680961
7299,2,127481.0,789.65,2.586288024,15.65268847
7300,1,150117.0,952.97,2.204578594,14.39760979
7301,1,372049.0,2317.67,3.114474673,15.71375123
7302,1,366950.0,1823.07,1.66262428,13.73272763
7303,1,243153.0,1736.78,1.616091532,15.30754071
7304,1,382722.0,1848.75,2.917004782,15.80676731
7305,2,133132.0,747.4,2.713349074,15.18224308
7306,1,262351.0,1853.12,2.968457624,16.49692495
7307,2,130706.0,830.73,2.042938943,15.37019272
7308,2,251565.0,1380.32,1.79306692,14.07190136
7309,1,366612.0,1944.14,2.853615257,15.33944741
7310,1,377521.0,1782.43,2.033969613,14.60543681
7311,1,386232.0,2289.71,3.093336817,15.90830082
7312,1,263525.0,1771.06,3.342310105,16.17594971
7313,2,262843.0,1802.31,3.339468782,15.75118674
7314,1,368951.0,2362.02,1.735297898,12.84869321
7315,2,243764.0,1740.93,0.999955655,14.02774257
7316,1,232904.0,1287.17,1.289854545,12.85332307
7317,2,254661.0,1501.41,3.260038722,14.5985453
7318,1,165399.0,1351.5,3.912505562,16.26458627
7319,1,148192.0,680.68,3.167452219,16.22909782
7320,2,123806.0,1530.91,3.113122886,15.85490027
7321,2,239657.0,1515.5,1.54410769,12.84636039
7322,1,138631.0,909.66,3.150430391,16.40688085
7323,0,237872.0,738.13,1.678627184,13.47571756
7324,1,284492.0,2095.41,3.620171855,16.63986756
7325,1,187364.0,1065.79,3.90069474,16.56968184
7326,1,169336.0,1195.62,3.961614899,16.96674499
7327,1,146837.0,758.98,2.953520045,15.95744777
7328,1,149073.0,962.89,3.734505782,16.15188093
7329,1,386548.0,2029.84,3.20795304,16.06250236
7330,1,375558.0,2344.54,1.5689473,13.05933263
7331,2,369862.0,2063.4,2.078783923,15.18931635
7332,2,367325.0,2181.16,2.182759354,13.78278769
7333,2,343585.0,2131.81,1.868395561,12.21688286
7334,2,245584.0,1339.74,3.765609557,16.17807851
7335,1,384900.0,1851.32,3.420056359,15.81261215
7336,1,381431.0,1916.72,2.33702129,14.84589076
7337,3,135738.0,813.89,2.796462846,15.45266292
7338,0,399541.0,2711.41,3.115525967,16.53067526
7339,1,168718.0,811.67,4.765208589,17.47913994
7340,2,354327.0,2060.49,1.57674078,14.0682273
7341,2,234585.0,1246.2,0.972345871,12.17724418
7342,2,231197.0,1628.44,1.08991533,12.20356286
7343,0,248021.0,1189.24,0.852903273,12.85442026
7344,2,232837.0,1614.16,1.464851952,12.82351476
7345,1,167595.0,993.07,3.346877993,16.44319337
7346,1,159588.0,1358.56,3.709840283,16.81641361
7347,1,125282.0,639.12,2.103930946,14.99512957
7348,1,377486.0,2387.43,1.53571354,14.3403258
7349,1,137919.0,1198.27,3.615031628,16.49376471
7350,1,132415.0,586.86,1.929067161,13.82383022
7351,2,269974.0,1831.44,3.279120011,16.1665749
7352,2,134020.0,615.68,2.987462967,15.59183413
7353,2,257856.0,1741.11,2.701460071,15.52884694
7354,1,262195.0,1591.48,3.306979877,16.15047159
7355,0,257148.0,1326.53,2.857846391,15.49461443
7356,1,270191.0,1845.75,3.779318105,16.1017931
7357,2,358416.0,2355.2,2.79408992,15.20930609
7358,3,245958.0,1769.26,1.402688427,15.35303729
7359,3,261406.0,1588.48,3.597635151,15.39862965
7360,1,146147.0,1182.68,3.183968095,16.58273872
7361,1,137919.0,649.6,3.039561283,16.60805642
7362,2,379009.0,2017.58,3.116590956,15.88031911
7363,1,259267.0,1776.96,3.558798683,15.76803924
7364,1,363553.0,1778.55,1.196072508,12.69117924
7365,2,359575.0,1813.05,1.158951428,12.64354238
7366,1,159115.0,843.86,3.702984955,16.63827453
7367,3,143524.0,1377.95,3.793561362,15.88246171
7368,2,154389.0,917.39,3.736230219,16.50152745
7369,1,365437.0,1838.52,2.841209291,15.37638015
7370,1,258061.0,1510.9,2.113309936,14.68625519
7371,1,252008.0,1678.2,2.258483476,15.35845144
7372,2,247558.0,1959.62,3.190225351,15.55793525
7373,1,275663.0,1906.23,3.890935705,16.56887165
7374,2,342006.0,1847.72,0.440254332,13.43494841
7375,1,384141.0,2669.42,3.089609529,15.60006203
7376,2,352455.0,1943.22,0.9176479,12.59516677
7377,2,357702.0,1940.41,1.09632393,12.59206975
7378,2,249047.0,1797.21,2.973871335,14.96770839
7379,1,275620.0,1927.2,4.007184972,16.22788119
7380,2,366054.0,2384.25,2.048238098,14.75696156
7381,2,367051.0,1834.26,1.685168129,13.65336934
7382,1,137823.0,586.86,2.51103269,15.36040085
7383,2,256657.0,1458.79,1.531459213,14.84872759
7384,2,346260.0,1852.32,1.52623995,13.02406478
7385,1,236779.0,1420.12,0.204398835,12.03282849
7386,2,363849.0,1933.26,2.089540148,14.02786409
7387,2,242449.0,1264.54,2.054874098,14.07289043
7388,2,139393.0,813.68,3.945216342,16.0302431
7389,1,151732.0,1321.78,3.366375724,16.16399129
7390,2,250767.0,1409.35,1.577820298,13.68266948
7391,0,381083.0,2253.12,2.721906845,15.86588031
7392,2,134179.0,706.86,3.90995591,16.53630847
7393,1,367660.0,2024.27,1.586995755,13.36547741
7394,2,354846.0,1888.63,1.196251601,12.35414326
7395,1,378143.0,2034.65,2.159892706,16.07558911
7396,1,268202.0,1754.55,3.526835198,16.08327587
7397,1,353332.0,1781.68,0.001437939,12.01887537
7398,2,346752.0,2235.47,0.229223717,12.47368514
7399,1,372976.0,2261.51,2.908454683,15.79459941
7400,2,389165.0,2580.27,2.848523968,15.85143118
7401,1,253129.0,925.08,1.303572199,13.71774036
7402,1,149645.0,795.46,3.068474282,16.3830669
7403,1,355648.0,1914.5,1.301548832,15.02591034
7404,3,117471.0,1714.65,1.083638235,12.94225745
7405,2,253305.0,1253.46,2.636708906,15.07145927
7406,2,146030.0,1391.03,3.691856623,15.93177935
7407,2,233616.0,1510.23,2.822373199,15.81654843
7408,1,126161.0,917.11,1.220037703,14.60999273
7409,2,358570.0,1886.18,3.041581542,15.50625777
7410,2,368595.0,2341.13,1.595603157,13.0320699
7411,1,137312.0,705.31,0.839046753,12.33756604
7412,1,139936.0,1272.95,1.589304571,13.61186833
7413,1,354925.0,2005.72,1.167302744,12.0874203
7414,0,379918.0,1829.91,3.60276117,16.1179206
7415,1,270523.0,1835.51,3.479895191,16.2488454
7416,1,251054.0,1491.96,1.687129772,14.46905591
7417,1,148653.0,1365.67,3.920985143,16.23980133
7418,2,234981.0,1614.22,0.560913736,13.78729043
7419,1,149373.0,874.18,3.311709329,15.98680977
7420,1,144487.0,1381.26,2.510274974,16.24971901
7421,2,365410.0,2212.27,2.83116324,15.28884981
7422,2,266457.0,1842.47,3.641242478,16.73974075
7423,1,276256.0,1908.76,3.940813323,16.32396465
7424,1,159311.0,857.31,3.486719745,16.44975446
7425,1,153679.0,762.67,3.660527184,16.230367
7426,1,264035.0,1889.6,3.47468656,16.45716181
7427,1,255805.0,1765.34,2.396914697,14.03209953
7428,2,255532.0,1694.0,2.962145243,15.63427026
7429,2,351492.0,2208.23,1.874372223,13.83916942
7430,2,114947.0,1326.64,1.783862453,13.62867067
7431,2,132106.0,1551.89,3.068352079,15.46969621
7432,1,359679.0,1847.36,2.198786072,13.66793483
7433,1,148122.0,711.71,2.84749493,15.39901133
7434,2,241052.0,1566.54,1.773597189,13.36113331
7435,2,157493.0,1899.75,3.847747795,16.84245997
7436,1,253465.0,1393.24,0.983581101,12.85931758
7437,2,356170.0,1709.93,1.023472219,13.55859896
7438,1,146130.0,931.93,2.923795423,16.22006811
7439,3,245458.0,1826.69,1.718627682,14.66187896
7440,1,385448.0,2118.36,2.947817891,16.06557533
7441,2,245999.0,1445.99,2.078699273,14.48062828
7442,1,246427.0,1219.42,1.360658944,13.67936426
7443,1,379453.0,2436.11,3.46999107,15.7763292
7444,2,350836.0,2595.75,1.771724199,12.9222515
7445,2,363844.0,1805.45,2.842869007,15.68761959
7446,1,389385.0,2303.31,3.426498288,16.82577783
7447,1,125987.0,586.86,1.608923949,15.09549354
7448,1,258316.0,1774.8,4.258688859,15.94363009
7449,1,139789.0,793.7,2.91964483,15.8778722
7450,1,266736.0,1697.78,3.883547077,16.29444121
7451,2,343653.0,1818.83,1.470224733,12.96593008
7452,1,242167.0,1288.76,1.238457446,12.50862191
7453,1,125412.0,893.25,2.837108557,14.95661395
7454,2,164630.0,1198.69,3.570856405,16.82309232
7455,1,175410.0,1205.87,3.794585149,17.73027397
7456,2,140598.0,902.76,2.67391921,15.39862004
7457,1,175037.0,1837.97,3.749345694,17.36649858
7458,1,373020.0,1880.59,1.32934104,15.13493479
7459,1,252936.0,1080.11,3.074212858,15.68846816
7460,2,125593.0,1086.74,1.581648863,14.44731203
7461,2,255460.0,1837.44,3.658648786,16.39005871
7462,1,357950.0,1965.43,1.93462944,13.78882968
7463,2,353872.0,1854.36,1.269171476,13.28770886
7464,1,242378.0,1205.8,1.605421148,13.9861309
7465,1,362573.0,2324.19,1.957825985,13.7354729
7466,1,354750.0,1772.74,1.936004965,14.9422206
7467,1,248841.0,1429.66,2.216869093,15.32116253
7468,1,192023.0,1551.72,3.97010848,17.0711549
7469,2,358685.0,2298.89,2.00542537,15.26743896
7470,2,270626.0,1923.87,3.657610789,16.96898477
7471,2,348533.0,1758.52,1.83329204,13.19322188
7472,1,142227.0,1202.62,2.052802452,14.46088203
7473,1,259464.0,1856.32,2.858872336,15.39591334
7474,2,240883.0,1263.77,1.637381414,14.29279441
7475,2,137161.0,1059.18,2.911857064,15.86615886
7476,1,385913.0,1893.97,2.028507801,14.27759126
7477,1,367479.0,1811.38,1.00190791,12.63464626
7478,2,373679.0,2377.18,2.346970994,14.00640508
7479,2,359311.0,1860.03,1.484364541,13.1687843
7480,1,279663.0,1856.15,4.93924406,17.14336959
7481,1,354655.0,1854.51,1.247751222,12.32901334
7482,2,227762.0,1256.2,0.52370981,13.16352201
7483,2,359676.0,2586.74,1.207695501,13.20675753
7484,1,377847.0,2170.47,2.315231095,15.4875675
7485,2,354354.0,1839.59,1.416339095,12.31373468
7486,1,247777.0,1181.19,0.738311053,13.52011863
7487,1,377319.0,2545.57,1.840800469,13.73247216
7488,2,373529.0,2262.46,2.098964928,15.16032076
7489,1,137803.0,750.25,3.178145042,16.25174937
7490,1,263330.0,1801.42,3.710238775,16.31326316
7491,2,372205.0,2464.68,3.264769796,15.80435199
7492,2,362897.0,1892.66,2.047876074,14.87421015
7493,1,359860.0,1783.05,1.481846076,13.42509025
7494,1,358730.0,2168.52,0.620843849,12.03028301
7495,1,344679.0,1941.73,0.867663219,13.30225682
7496,1,140394.0,860.46,2.356768338,15.68621775
7497,2,132705.0,930.28,2.943114408,15.5077415
7498,2,265432.0,1855.5,3.233023713,15.77652668
7499,1,363162.0,2551.33,2.190656633,15.55828922
7500,2,353972.0,1766.83,2.205614781,13.72173596
7501,1,371266.0,1746.32,1.937640076,13.89990303
7502,1,175655.0,1177.61,3.803234281,16.44355288
7503,2,141535.0,1119.54,1.966223003,15.30877454
7504,1,250687.0,1700.68,1.456987249,15.48980061
7505,1,247674.0,1561.94,2.380197946,15.40855173
7506,2,370654.0,2215.93,2.771952194,15.3443254
7507,2,238245.0,1266.01,1.610344841,14.06249028
7508,1,265864.0,1721.38,3.72229061,16.96686786
7509,3,244393.0,1531.83,1.588555192,13.97996322
7510,1,371646.0,2207.41,1.97459443,14.14815594
7511,2,134002.0,941.48,2.785854095,14.72027196
7512,1,382681.0,2541.65,3.497775006,16.18345083
7513,2,134075.0,675.49,2.987490251,15.66648216
7514,1,149807.0,869.93,3.378586408,16.1179911
7515,1,145662.0,826.53,2.904935678,16.36640125
7516,3,352954.0,1838.43,1.365835025,13.07380151
7517,2,143691.0,1007.36,3.500944364,16.32368827
7518,2,253924.0,1542.9,2.893149021,15.47304019
7519,2,236313.0,1318.41,1.975805204,13.59698459
7520,2,121002.0,640.0,1.917708056,13.55012337
7521,1,258498.0,1714.62,2.048031487,13.8640451
7522,2,142578.0,1329.65,3.534045147,15.70541037
7523,1,278627.0,1838.94,3.831948638,16.45866756
7524,2,360564.0,2544.04,2.25466856,15.06721597
7525,2,124841.0,796.75,2.398462794,15.18706983
7526,2,360008.0,1757.87,2.936463954,15.61200395
7527,2,146708.0,1176.19,3.752615654,16.29713189
7528,3,141044.0,745.27,3.272591481,15.24816318
7529,2,367904.0,2391.94,1.751400246,15.02579929
7530,1,248804.0,1502.06,1.639440832,13.30081335
7531,1,244316.0,1287.32,2.831391342,14.15587864
7532,3,355477.0,1876.97,1.568450805,13.23918825
7533,1,145126.0,825.84,3.752899719,16.68875053
7534,1,373429.0,2334.38,1.606248298,13.24341983
7535,1,369832.0,2176.99,1.094955732,12.49467192
7536,0,269463.0,1843.6,3.752214621,16.8798014
7537,1,178043.0,660.87,4.017954566,17.11381252
7538,0,384836.0,1923.79,1.815029516,13.54129481
7539,2,259247.0,1847.89,3.935274742,16.18674121
7540,1,174621.0,787.32,3.667769418,16.90583679
7541,1,134406.0,698.71,3.036585867,15.70523048
7542,1,171743.0,1399.69,3.675333564,16.50688836
7543,2,252414.0,1689.01,3.442042016,16.53818668
7544,2,151214.0,1057.63,3.65468609,16.00957426
7545,1,151773.0,992.9,3.028756162,16.32844284
7546,2,361736.0,1867.86,2.95363534,15.12266662
7547,2,369257.0,2013.21,3.131264552,15.60778598
7548,2,359295.0,2117.7,1.31442494,13.25082962
7549,2,138710.0,657.09,3.721826743,15.76208114
7550,2,273714.0,1855.44,4.098145608,16.98362063
7551,1,156320.0,918.6,3.55880559,16.57882454
7552,1,163917.0,1423.94,3.944049111,16.80147365
7553,2,354177.0,1667.43,1.407506222,13.13759709
7554,2,135871.0,1065.25,2.879792072,14.71966689
7555,2,243452.0,1456.58,0.985417778,14.28785005
7556,1,236201.0,1690.44,1.50329222,13.43662528
7557,0,241039.0,990.43,1.634573345,13.93429705
7558,1,376412.0,2409.02,3.561070664,16.4172413
7559,0,186948.0,756.68,3.789918587,17.15173374
7560,1,157049.0,1106.67,3.702340602,16.58519129
7561,2,375455.0,2417.24,3.402790935,15.94725824
7562,1,257227.0,1564.28,1.305226034,13.57122432
7563,2,141846.0,1090.86,3.680250797,15.80246515
7564,2,345989.0,1585.39,1.030756683,13.75256306
7565,1,134036.0,745.76,1.786779098,13.87133377
7566,1,239771.0,1812.46,1.094869189,13.17993695
7567,1,162143.0,1081.06,3.991806805,16.86373863
7568,1,273436.0,1520.63,4.143490768,16.63528681
7569,0,269971.0,1818.18,3.404416448,16.59992102
7570,2,258505.0,1856.24,1.740288054,14.71960731
7571,1,267060.0,1763.56,4.391016389,17.18667798
7572,1,246893.0,1650.15,1.898680889,13.55814631
7573,2,247877.0,1463.32,2.584553188,15.04240122
7574,2,249839.0,1820.92,2.699594017,15.10091225
7575,2,153959.0,1065.96,3.897914743,17.73027397
7576,1,361028.0,1578.85,1.087402396,12.60397624
7577,3,125223.0,935.41,2.50705171,14.98808342
7578,3,243146.0,1712.81,3.004928005,15.22482548
7579,1,138762.0,1550.11,3.099090123,15.79696105
7580,2,370344.0,1881.6,1.659383333,13.632091
7581,2,253446.0,1781.71,1.307796418,14.39755169
7582,2,366096.0,1703.63,2.836120508,13.82970511
7583,1,166318.0,1202.93,3.47076796,16.93386311
7584,1,155659.0,800.14,3.900790421,17.0088056
7585,1,260902.0,1814.03,3.835565301,15.45031873
7586,1,240123.0,1323.94,1.92464526,14.90986278
7587,2,134165.0,804.1,1.48653889,13.581884
7588,2,254167.0,1442.34,2.6996844,15.26598136
7589,1,152268.0,784.46,3.66289521,15.55731503
7590,2,264277.0,1999.53,3.286487486,15.95074917
7591,2,193462.0,1091.62,4.794737602,16.88598288
7592,2,224293.0,1299.82,1.934206364,14.34267351
7593,1,149638.0,1140.66,3.321853695,16.65672683
7594,1,247176.0,1739.04,2.985686555,15.67069317
7595,1,354097.0,2461.08,0.774900316,12.38698604
7596,2,351299.0,2327.55,1.321336914,12.76347846
7597,1,256152.0,1399.89,3.495967178,16.01384381
7598,2,244150.0,1241.89,2.715795353,14.62469784
7599,1,260501.0,1346.64,2.086031458,14.1712159
7600,1,256286.0,1698.17,3.609918467,16.82495439
7601,1,245801.0,1338.68,2.672431633,15.89996179
7602,2,255298.0,1537.55,1.232120822,13.61529722
7603,1,254166.0,1224.68,1.432482361,14.93284404
7604,1,242958.0,1802.1,1.692892298,13.3988769
7605,1,276273.0,1451.82,3.859151358,16.44308721
7606,1,128243.0,626.78,2.841743943,15.72428886
7607,1,156385.0,1320.68,4.93924406,17.33221818
7608,2,355983.0,2220.1,2.149753927,13.88106706
7609,1,160236.0,1384.85,3.740917521,16.24483063
7610,2,367858.0,1872.4,1.786548855,14.18560507
7611,1,242138.0,1328.05,0.393390306,12.15289239
7612,1,271824.0,1855.54,3.365665603,16.58167127
7613,1,367054.0,2426.06,1.368107338,14.08789275
7614,2,250149.0,1217.82,1.669652483,14.54969163
7615,2,352690.0,2143.96,2.2878645,15.03097096
7616,2,354120.0,2323.53,1.591002044,14.54854715
7617,2,143611.0,1057.69,3.120534349,15.40691494
7618,2,253520.0,1490.96,3.014880891,15.83497515
7619,1,208364.0,1420.35,4.295902581,16.55766931
7620,2,129446.0,749.49,2.372402758,15.4449323
7621,1,370769.0,2203.93,2.312710891,15.54497798
7622,1,379516.0,2209.43,2.12385696,13.8288995
7623,1,257459.0,1717.32,2.41125276,15.40569647
7624,2,152177.0,1319.93,3.769297836,16.72108639
7625,1,153178.0,766.16,3.617484295,17.31169897
7626,1,147906.0,593.39,3.637835548,15.89653037
7627,2,114947.0,1417.63,2.800345834,15.21772682
7628,1,270378.0,1862.86,4.117472089,16.55482702
7629,1,149073.0,842.95,3.600658251,16.49783107
7630,1,152411.0,946.97,3.048666364,15.50590815
7631,1,257325.0,1278.48,3.324982446,16.25484234
7632,2,380767.0,2564.35,3.457258668,15.70499996
7633,1,375708.0,2000.59,2.130619106,14.09276813
7634,2,266524.0,1831.54,3.863681155,15.79921915
7635,1,253640.0,1483.29,1.331167502,14.06094388
7636,2,277952.0,1944.69,3.578211526,16.0739976
7637,2,130195.0,762.13,2.829167423,15.3594708
7638,1,146701.0,864.98,1.839330194,13.65326248
7639,2,121880.0,816.49,2.660750616,13.71157514
7640,1,257841.0,1297.66,3.06349275,14.61146559
7641,3,119498.0,1675.08,1.755761743,13.51082334
7642,1,370108.0,2244.99,2.450046925,15.60949675
7643,1,205360.0,1358.41,3.509340687,16.75840222
7644,2,241012.0,1328.91,2.587983698,15.04635571
7645,2,159233.0,1212.45,3.841101264,17.04138496
7646,1,244413.0,1403.69,2.469127107,15.76322912
7647,2,236168.0,1425.24,1.426018773,13.02431268
7648,2,263104.0,1856.8,3.509464125,16.1295621
7649,2,361426.0,3047.82,2.126568186,14.99165453
7650,1,136707.0,925.98,0.288418621,14.14791735
7651,1,258619.0,1350.77,0.858222245,14.31182653
7652,2,137456.0,752.33,3.05639435,15.03574939
7653,2,257467.0,2272.39,3.052981497,15.87303805
7654,0,259134.0,1776.7,3.434700067,16.21394957
7655,2,135877.0,1192.56,2.598093018,15.45930741
7656,1,212832.0,1221.53,3.694060664,17.07015886
7657,2,124291.0,1248.86,2.480581723,16.6029839
7658,1,379589.0,2459.56,2.898953062,15.89673692
7659,1,368057.0,2296.07,1.869147359,13.7084744
7660,2,243682.0,922.7,3.122606431,15.39970942
7661,1,267367.0,1865.82,3.853874408,16.35959488
7662,2,352125.0,2070.04,1.557078234,15.03710101
7663,1,359807.0,1935.38,1.802548651,13.47829157
7664,2,257393.0,1512.36,2.969433913,15.63729706
7665,2,265724.0,1841.71,2.357161727,15.29130585
7666,2,348041.0,1878.92,0.665666519,13.19147598
7667,1,381435.0,1942.03,1.043151358,12.11554271
7668,2,251143.0,1775.51,2.256104414,13.93511112
7669,1,264105.0,1422.56,3.254544631,15.81362665
7670,1,170318.0,1445.34,3.769261896,17.04810023
7671,2,364063.0,2345.29,1.696583119,15.541695
7672,3,239485.0,1692.54,1.782418825,14.60098415
7673,1,125397.0,586.86,2.065778337,15.47357029
7674,2,267051.0,1472.02,3.126873568,16.10366038
7675,2,142178.0,910.81,3.431314304,16.63369169
7676,0,257411.0,1899.24,1.909164058,15.48622588
7677,0,284889.0,1904.34,3.643833006,16.39743981
7678,2,137114.0,885.51,1.738276143,14.84604354
7679,2,130407.0,1008.22,3.100209941,15.64640326
7680,2,244373.0,1768.4,1.970755173,14.83734297
7681,1,252924.0,1375.58,1.043690432,14.54005677
7682,1,379500.0,2684.56,2.247901577,14.99410312
7683,2,250907.0,2163.1,3.634404213,15.74671646
7684,2,367547.0,2483.94,2.971388558,15.46527665
7685,1,178590.0,737.0,3.629954383,17.21705733
7686,2,147384.0,643.71,3.758931696,16.66128894
7687,2,360281.0,1836.19,1.619112972,14.60705722
7688,1,371022.0,2641.04,3.192638157,16.06251543
7689,1,151699.0,592.53,2.476126283,16.06259451
7690,1,376641.0,2363.33,2.317514042,15.50606679
7691,0,253768.0,1035.92,1.465000603,12.97830341
7692,1,255189.0,1774.11,3.898027779,16.11630565
7693,1,268452.0,1828.43,2.419842392,14.63360634
7694,3,123332.0,1302.98,2.204200605,14.51267892
7695,2,365253.0,2278.48,1.784553547,13.65100558
7696,2,365663.0,1814.86,1.304211204,12.82530319
7697,2,246911.0,1737.43,2.504386734,15.61889694
7698,1,361105.0,2187.67,1.420639659,13.31354179
7699,3,337936.0,1842.59,1.621913534,12.69985867
7700,1,243164.0,1221.97,1.778731981,13.7618329
7701,2,124892.0,1370.07,3.571779701,16.76580802
7702,1,157176.0,1394.78,3.643006497,15.99021416
7703,1,133392.0,727.73,1.744655859,14.89745632
7704,1,165362.0,1579.22,3.841864117,16.9550292
7705,1,207386.0,1270.63,3.646685244,17.11787847
7706,4,346699.0,2368.02,1.180725412,14.77958039
7707,1,361659.0,2344.85,1.747477116,13.24874217
7708,2,146974.0,978.39,3.695357253,16.97057919
7709,1,137341.0,1431.12,2.687866304,16.28083355
7710,1,254343.0,1791.71,3.197838145,15.78459922
7711,2,132886.0,892.17,2.234921797,13.6493173
7712,1,278631.0,1875.19,3.657585416,17.21615668
7713,1,352628.0,1923.53,1.309388199,12.32847612
7714,2,126653.0,823.37,-0.254301708,13.87708882
7715,1,371113.0,2297.5,1.631891763,14.03816584
7716,2,363792.0,2214.89,2.228500934,15.34036954
7717,2,355015.0,2704.94,0.855173948,13.1254091
7718,2,361398.0,1811.55,0.985780158,13.11608889
7719,2,127433.0,1381.37,1.841650987,13.2554042
7720,2,136155.0,612.98,2.149899865,16.65846147
7721,1,280906.0,1953.11,3.664613458,16.25902937
7722,1,157252.0,1027.58,3.906799316,16.88815192
7723,2,249508.0,1689.24,2.77005183,14.63343608
7724,1,251622.0,1607.64,2.35747342,15.76585899
7725,2,125247.0,895.66,2.8778143,15.17384175
7726,2,367051.0,1971.93,0.865469626,13.21836784
7727,0,275381.0,1765.58,3.583050066,16.33625249
7728,1,161858.0,1403.79,3.280221878,16.28045617
7729,3,232112.0,1231.38,1.297261408,13.03333792
7730,2,351487.0,1993.82,1.446392085,13.05882468
7731,1,379046.0,2105.46,3.565876044,16.37137772
7732,1,187993.0,1166.69,4.005111597,16.66451023
7733,2,241696.0,1290.47,2.655058553,15.75079053
7734,2,246216.0,1401.44,2.131358456,14.90198194
7735,1,365518.0,1830.01,2.634890518,15.29314391
7736,1,255061.0,1551.23,1.659784669,15.41727285
7737,1,133732.0,951.31,3.006956061,15.56771181
7738,1,143184.0,1131.56,2.597764912,15.14043185
7739,3,358776.0,2239.3,2.020142374,15.266068
7740,1,256947.0,1930.15,3.488137053,15.79052157
7741,2,147075.0,1653.52,3.065606448,15.7066051
7742,2,134213.0,789.41,2.719810424,14.89105092
7743,1,155386.0,1256.5,3.239708971,16.60685771
7744,1,370228.0,2303.55,2.729807201,14.9333274
7745,1,153206.0,655.82,3.559408193,16.58903408
7746,2,130915.0,1377.99,2.960048548,15.22944706
7747,2,254684.0,2368.12,2.42015236,15.15117148
7748,1,134485.0,746.07,1.660610835,13.80368261
7749,1,365082.0,2296.86,2.181636025,15.14196007
7750,2,250735.0,1727.7,2.778683938,15.57766887
7751,1,147949.0,1208.56,4.022350511,16.48724532
7752,2,115145.0,617.46,1.714833978,13.7272794
7753,1,372901.0,2287.6,1.52259509,13.08525413
7754,1,133351.0,736.78,1.645308464,13.44917948
7755,1,389656.0,2109.06,3.826839128,16.79493359
7756,2,354379.0,2151.98,1.014127296,12.06778413
7757,1,189713.0,624.42,3.59150491,17.32721267
7758,2,381059.0,2441.02,3.481851738,15.77967006
7759,2,158906.0,1164.81,4.110165085,16.6612763
7760,2,364552.0,2212.26,2.995546941,15.46517782
7761,2,373855.0,2500.05,3.198764051,15.99849197
7762,2,237871.0,1444.39,1.284721515,13.49239973
7763,1,360546.0,2213.38,1.693127829,13.30526051
7764,2,249669.0,1392.74,1.426619288,14.87365669
7765,3,245352.0,1359.25,1.670900202,14.68931059
7766,2,144649.0,798.56,3.764354881,15.9799355
7767,1,238854.0,1381.11,2.256011822,13.76446017
7768,1,358455.0,1813.16,0.726033941,12.73944535
7769,1,356890.0,2134.96,1.834035157,13.44774183
7770,2,143140.0,1158.36,3.684524748,15.68478506
7771,1,271615.0,1925.73,3.510505568,15.87786837
7772,2,266407.0,1926.59,4.025513487,16.44076832
7773,2,274508.0,1975.05,3.991457069,16.65639338
7774,1,172635.0,1354.88,3.823881041,15.4877377
7775,1,129145.0,680.5,1.402918128,13.95275922
7776,1,161061.0,1284.55,3.728495346,16.48631551
7777,2,124428.0,925.51,2.391000802,14.04565351
7778,2,158921.0,961.39,4.93924406,17.63715162
7779,1,233691.0,1565.18,-0.224487216,13.06921685
7780,2,136115.0,872.26,2.905950956,13.85884993
7781,1,257428.0,1873.69,4.029918436,16.66883197
7782,1,370603.0,1913.98,1.592664796,13.22607303
7783,1,124506.0,1659.13,3.209104196,16.74209014
7784,1,273160.0,1880.76,3.342711869,17.08828395
7785,2,240153.0,1367.94,2.205741917,14.40879781
7786,3,239574.0,1354.82,2.585427148,14.05946081
7787,1,382476.0,2624.91,2.86676853,15.96993568
7788,1,363547.0,1729.74,1.468508823,14.02878757
7789,2,253705.0,1531.3,2.101795471,13.86808397
7790,1,240994.0,1233.89,1.594150535,13.42314737
7791,2,358775.0,2031.1,1.79019292,13.4578344
7792,2,349459.0,1935.95,1.893495527,13.32987211
7793,2,358593.0,2062.26,0.795504694,14.42023519
7794,1,371762.0,1885.09,3.420395742,15.89264524
7795,2,360333.0,1932.08,2.527229716,15.23518868
7796,2,246554.0,1521.59,1.053358308,13.159786
7797,2,339334.0,1625.92,1.451030879,13.02192331
7798,2,367542.0,2313.19,1.551764002,13.668672
7799,1,373711.0,1830.38,1.834162369,13.32586871
7800,1,259133.0,1641.28,3.104495036,15.25239331
7801,1,123278.0,1170.99,1.71727319,13.4194567
7802,1,260371.0,1446.65,3.781997672,16.02571226
7803,2,135402.0,747.81,2.237532236,15.24427041
7804,2,252127.0,1843.04,3.353778875,16.04225922
7805,3,263481.0,1853.52,3.399056044,16.14495878
7806,2,251406.0,1363.5,3.04739001,16.15137938
7807,1,356691.0,1743.83,1.346781682,15.22737584
7808,1,378800.0,1853.78,1.605756861,13.64736929
7809,2,363916.0,1892.17,1.08608911,13.07260706
7810,2,248498.0,1761.23,1.625723454,14.03020052
7811,2,133731.0,1185.49,3.786749019,16.29083087
7812,1,369987.0,1908.59,0.200269122,13.32664916
7813,1,264064.0,1780.99,3.703964828,16.15713877
7814,2,374489.0,2611.11,3.033216995,15.31104015
7815,1,135882.0,888.39,1.988547786,13.8040035
7816,2,121578.0,851.89,1.379138925,13.66991767
7817,0,129909.0,754.3,1.421342381,13.46265944
7818,2,256138.0,1841.69,2.955637106,15.50357909
7819,1,164967.0,894.38,3.796795361,17.09058852
7820,1,374139.0,2368.41,2.462725674,14.10993619
7821,2,120779.0,1271.39,2.000530997,14.98277677
7822,2,132861.0,901.93,2.830574774,14.51108971
7823,3,356247.0,1893.31,1.119211762,13.02190421
7824,2,372922.0,1829.41,2.128242861,14.93373853
7825,1,134964.0,1292.69,2.968249999,15.859588
7826,2,156385.0,1111.82,3.595097433,16.72430465
7827,1,134470.0,629.13,1.986857294,15.0714753
7828,1,365992.0,2208.01,1.231950378,12.67157202
7829,1,164198.0,1348.08,3.880395727,16.98795729
7830,2,371946.0,2358.51,2.976596469,15.6422741
7831,1,253154.0,1829.03,3.346352095,17.29056135
7832,0,238948.0,1177.19,2.326344027,13.97505975
7833,2,254047.0,1719.07,3.040793311,15.35194683
7834,1,240440.0,1432.44,0.806303116,13.08473572
7835,1,373956.0,1892.69,2.084613334,13.72652695
7836,1,244427.0,1614.26,1.832793998,14.0623265
7837,2,248421.0,1523.11,0.768939683,14.0130774
7838,2,127660.0,751.68,1.783200688,14.01186005
7839,1,138370.0,1348.46,3.727479857,17.5284068
7840,2,375776.0,2511.05,3.660106139,15.37912757
7841,2,134618.0,1656.23,2.218911832,15.4127987
7842,2,125451.0,732.99,2.167360202,15.21968397
7843,2,124749.0,1050.8,2.028241352,15.81084375
7844,1,184038.0,687.09,4.87559992,17.73027397
7845,1,264913.0,1837.19,3.860219938,14.79837701
7846,2,243944.0,1584.11,1.589892265,12.8864676
7847,1,369466.0,2066.15,2.0397302,13.9906513
7848,1,170404.0,1210.31,3.973891907,17.30800962
7849,2,129068.0,1085.48,3.086299446,15.82421158
7850,3,236366.0,1549.01,2.894799558,15.20440179
7851,1,368445.0,2241.58,2.350700123,13.48292496
7852,1,130803.0,678.24,2.080982843,14.32030018
7853,2,266232.0,1933.91,4.10908037,16.1541408
7854,2,149487.0,903.25,3.97024361,16.87507947
7855,1,260242.0,1299.41,1.53605101,12.72829842
7856,2,364991.0,1891.06,3.137221448,16.04284109
7857,1,355747.0,2242.47,1.149651539,13.44570195
7858,1,253211.0,1373.09,1.793546357,15.18281919
7859,1,143412.0,1061.26,3.889935473,16.94118716
7860,3,232252.0,1396.75,1.998572328,14.5841334
7861,1,252464.0,1744.08,1.450183089,13.66410485
7862,1,375128.0,2152.66,3.56488805,15.67010419
7863,1,267701.0,1891.72,3.974961019,16.76110777
7864,2,371145.0,1801.69,2.731265322,15.71048109
7865,3,142697.0,741.81,2.987646263,15.67963562
7866,2,250619.0,1447.97,3.024566378,15.21735864
7867,1,246662.0,1375.18,0.975306863,12.7094735
7868,2,263421.0,1890.05,3.502213387,16.14816327
7869,1,381374.0,2346.07,2.961425468,15.96967256
7870,2,146820.0,1003.45,3.765500485,16.85368693
7871,1,376707.0,2297.75,1.740716107,14.8381997
7872,2,135484.0,997.54,2.997625822,15.5747384
7873,1,374583.0,1615.16,1.989801177,13.92866237
7874,2,248751.0,1825.2,2.581562482,14.52473454
7875,2,140808.0,1048.73,3.808315731,15.91169445
7876,1,140108.0,826.99,3.125303601,16.12507786
7877,1,366625.0,2221.61,1.344588232,13.52390769
7878,1,388903.0,2639.3,3.783590025,16.24298502
7879,2,114947.0,1202.04,2.318277952,15.83677132
7880,3,253145.0,1835.33,3.501929314,16.0409041
7881,2,264546.0,1485.37,0.957584099,12.84642716
7882,3,138565.0,941.82,2.581384469,15.58402479
7883,1,393742.0,1987.22,3.537430269,16.84016345
7884,2,133962.0,964.31,2.732853183,15.82014696
7885,1,380896.0,2290.79,3.038750185,16.39129322
7886,1,160312.0,977.85,3.535721671,16.21027961
7887,3,241604.0,1293.88,1.838509603,13.46905722
7888,1,243369.0,1365.86,1.681511487,12.88252628
7889,2,368921.0,1859.27,2.805587893,15.51727093
7890,3,354759.0,1597.59,2.199662261,14.59689775
7891,1,356905.0,2420.17,1.519852604,13.17301909
7892,1,359034.0,1830.83,0.583997459,12.60945663
7893,2,365834.0,2305.51,2.422740964,15.31443623
7894,1,250522.0,1790.86,3.508998874,16.26773995
7895,2,360658.0,1870.05,2.894638697,15.38005139
7896,2,258054.0,1800.8,3.64989464,15.81880702
7897,2,286105.0,1951.37,3.894420201,17.00088616
7898,3,240727.0,1517.3,1.292595288,13.23857157
7899,1,377527.0,2059.91,3.563394157,14.56024426
7900,1,149599.0,786.86,3.629513218,16.32698259
7901,1,181723.0,719.92,3.937473613,16.7809245
7902,2,372985.0,1518.42,1.904131489,15.55927152
7903,2,146750.0,792.43,3.151248126,15.83944941
7904,1,251125.0,1217.32,2.377185066,15.75318104
7905,3,114947.0,1402.14,2.178314561,14.09994663
7906,2,353534.0,1818.52,1.392560158,13.30674859
7907,1,287877.0,1880.24,3.715627458,16.51072696
7908,1,157338.0,1391.37,3.322227058,16.4481758
7909,2,250199.0,1828.25,3.46392661,15.41022528
7910,1,162363.0,1543.5,3.609977843,16.3830174
7911,1,247562.0,1195.14,1.68622993,14.05860683
7912,1,241996.0,1146.25,2.12708432,13.55706415
7913,2,119191.0,818.93,2.198138073,15.24254528
7914,2,144610.0,1110.78,2.044415157,14.29142855
7915,1,375632.0,1884.54,1.965639596,15.09982051
7916,3,128847.0,989.9,1.624752907,13.11920383
7917,1,138830.0,1020.58,1.757829731,15.00542619
7918,2,357723.0,2197.89,2.403426422,15.36891379
7919,2,242825.0,1801.43,2.113555795,14.86742761
7920,1,243119.0,1755.69,1.618472927,13.58861806
7921,3,229429.0,1476.6,1.299511571,13.68583415
7922,1,274576.0,1868.98,3.98366691,17.02767866
7923,2,374237.0,1922.74,2.742997782,15.39134944
7924,1,368117.0,2017.46,1.863969101,13.57969296
7925,1,247278.0,1103.31,1.774721801,12.9920719
7926,1,266225.0,1855.18,3.515519083,16.51859816
7927,2,228418.0,1369.47,0.985777238,12.63592498
7928,1,142273.0,1153.98,2.071231065,15.63802417
7929,2,136775.0,771.05,1.581858316,13.5941318
7930,2,126813.0,774.73,2.063017539,14.72539547
7931,3,115307.0,1262.38,3.53585695,15.74247693
7932,2,161740.0,1373.9,3.581037399,17.03150247
7933,1,360653.0,2399.77,1.104485719,12.24881218
7934,3,361448.0,1870.3,2.992422399,15.66456962
7935,1,266592.0,1834.2,3.493235503,15.95755722
7936,3,244549.0,1409.79,3.176038189,15.75959192
7937,1,258194.0,1611.54,2.946803031,16.21830862
7938,1,265095.0,1354.45,3.797544123,15.74183174
7939,1,171232.0,1377.9,3.893483321,17.29754907
7940,2,261413.0,1838.32,3.789710525,15.73502581
7941,2,141221.0,769.85,2.197311927,16.29685003
7942,1,366088.0,1897.06,1.783905544,13.58098405
7943,2,242183.0,1463.18,2.237298541,13.92570009
7944,1,375732.0,2205.87,3.174757261,16.47141706
7945,2,246674.0,1221.53,2.000359823,13.52291509
7946,1,139607.0,1252.45,2.698642417,15.4492173
7947,2,359785.0,1888.43,1.612973591,13.65543158
7948,2,154021.0,1216.62,3.952617993,16.1876825
7949,2,343450.0,2081.56,1.504579503,12.9567536
7950,3,119990.0,835.46,0.924344011,12.35127655
7951,1,363727.0,2504.0,2.160441746,13.0442545
7952,1,378060.0,2446.44,2.899304426,15.57454242
7953,1,254225.0,1295.47,1.946271787,14.69810304
7954,2,263259.0,1894.23,3.807217227,16.00237518
7955,2,138801.0,763.7,2.924848401,15.70800501
7956,1,155642.0,1337.02,3.80581612,17.11808859
7957,2,147500.0,1066.87,4.366773993,16.16416177
7958,2,124986.0,1252.31,1.944920044,14.82829043
7959,2,265830.0,1809.42,4.269541586,16.57343166
7960,1,381965.0,1884.01,2.109133132,14.25911823
7961,3,357662.0,1796.23,2.090580361,14.55835276
7962,1,252663.0,1426.43,3.48772976,14.92112007
7963,2,247083.0,1782.96,1.731913477,14.20263377
7964,1,390652.0,2587.02,3.991642458,16.45036274
7965,2,136753.0,900.7,2.907515887,15.58482558
7966,1,379200.0,2031.24,1.73453038,13.88451563
7967,2,371344.0,2315.49,3.117212108,15.38805009
7968,1,279657.0,1899.34,3.393279712,16.40151896
7969,2,237862.0,1213.46,1.616915314,13.48208905
7970,2,252759.0,1712.95,1.144905413,13.37939141
7971,2,359094.0,2100.76,2.289972759,13.51757602
7972,1,199064.0,907.05,3.521389474,16.42696211
7973,2,125585.0,920.85,1.287970623,12.33103618
7974,1,239249.0,1226.56,1.891481323,13.35045065
7975,2,372084.0,1947.71,2.901707094,15.4321017
7976,1,375932.0,2383.12,2.956436186,15.54394841
7977,1,373999.0,1825.71,3.2206556,16.05434887
7978,1,186324.0,748.38,3.578323554,16.45886897
7979,1,159793.0,921.92,3.525492975,16.5003149
7980,1,266272.0,1555.38,2.120222693,15.39751627
7981,1,165605.0,1541.37,4.132398865,17.66574707
7982,1,123135.0,671.76,2.013692007,13.50758279
7983,2,240512.0,1049.09,1.421287782,13.67668387
7984,2,236088.0,1313.45,1.770560189,13.8811954
7985,0,250146.0,1119.12,2.996257574,15.70503297
7986,1,375609.0,2223.59,2.133801561,13.78306366
7987,1,247358.0,1180.96,0.739627719,14.16238633
7988,2,114947.0,1053.82,2.12406281,14.06707332
7989,2,377973.0,2908.1,1.616130921,15.43180572
7990,1,157791.0,1496.01,2.963341423,15.33546459
7991,2,251040.0,1853.51,3.394191332,15.54668689
7992,2,257766.0,1814.43,4.132276409,16.50201307
7993,2,245345.0,1389.53,2.06360569,14.29913697
7994,1,361583.0,2378.18,2.091325577,13.64619484
7995,0,388433.0,2756.33,3.158242691,15.75847848
7996,1,176231.0,1151.24,3.891550981,16.29975359
7997,0,148387.0,1327.06,3.515306258,16.30089881
7998,1,268487.0,1860.54,3.818663361,17.04581127
7999,1,156323.0,1397.97,3.660487093,17.07403863
8000,3,358806.0,2553.88,2.334378206,15.29920955
8001,1,244920.0,1151.59,1.579154709,13.71636978
8002,2,355165.0,1846.49,1.051201796,13.40104768
8003,1,135294.0,969.11,1.763595382,14.08812772
8004,2,141503.0,998.09,3.596051124,15.88547668
8005,1,258419.0,1919.67,2.729990346,14.35777865
8006,1,157862.0,1010.32,3.624672664,16.09096203
8007,2,350162.0,2229.75,1.636110243,15.26671719
8008,1,384090.0,2468.65,2.236576008,13.89577889
8009,3,356673.0,2481.48,2.588345996,15.46616656
8010,2,256353.0,1641.89,3.264375408,15.77944064
8011,1,250588.0,1765.92,1.665111527,13.66965772
8012,1,259104.0,1490.48,3.001522798,15.68546652
8013,0,273582.0,1712.97,3.503770081,15.68741894
8014,1,258916.0,1808.35,2.727448161,15.78908843
8015,1,134726.0,950.28,3.051376179,16.01047462
8016,0,163258.0,1262.54,3.881098051,17.22682541
8017,2,364660.0,2342.55,1.090552808,13.45410952
8018,2,149630.0,1327.68,3.662407836,16.81447283
8019,1,368966.0,1867.19,1.544731142,13.62139436
8020,2,353379.0,2247.76,3.153291324,15.44042185
8021,2,246209.0,1764.37,1.70132073,15.02733968
8022,1,154890.0,1410.34,3.541725867,16.94088499
8023,2,125676.0,974.62,1.962816776,13.50468849
8024,2,362619.0,1725.29,2.089722013,13.91311067
8025,1,261730.0,1716.21,2.932319908,15.24780857
8026,2,251962.0,933.56,3.005300764,15.37550661
8027,2,141451.0,1314.49,3.246614372,17.04903523
8028,1,145688.0,966.13,4.314828237,17.18826834
8029,1,368085.0,1830.64,3.480756599,15.95897661
8030,0,261592.0,1740.7,2.125386404,14.10468904
8031,2,236004.0,1485.73,2.673031907,15.56644852
8032,1,381924.0,2198.02,2.070821598,15.89339395
8033,2,258211.0,1860.9,3.847614452,15.72943413
8034,1,157543.0,1334.36,3.789320849,16.41035341
8035,1,239780.0,1364.56,2.142942816,13.79236483
8036,2,265729.0,2041.11,3.833157667,16.06712308
8037,1,248232.0,1709.61,1.435925251,13.02897064
8038,3,242592.0,970.45,2.796160558,15.20296666
8039,1,367491.0,1859.64,0.793935704,13.22461487
8040,3,346828.0,1927.22,1.865629518,13.53803722
8041,1,377133.0,2646.01,2.747414222,15.53847266
8042,2,375378.0,2527.89,2.119325611,13.96682208
8043,1,259145.0,1824.64,3.412307637,15.99778402
8044,2,119791.0,800.19,1.700751119,12.4551266
8045,2,338410.0,1926.15,1.707592011,13.34202165
8046,2,245459.0,1459.99,0.895613964,12.64460738
8047,1,384997.0,2355.54,4.037466963,17.10870148
8048,0,251979.0,1131.12,1.618758922,15.0625341
8049,1,257104.0,1801.28,1.929075548,13.10759914
8050,1,184420.0,1371.81,3.973770272,17.66374135
8051,1,368126.0,1797.79,3.591318624,16.79551081
8052,1,364822.0,1881.29,1.352400852,13.33861807
8053,1,251149.0,1533.44,2.406305784,13.90924232
8054,2,268672.0,1964.1,3.905641283,15.72779609
8055,4,127485.0,974.78,2.035075654,14.81823004
8056,2,119570.0,1471.27,2.375337547,13.25811525
8057,1,137085.0,758.88,2.180057137,15.7626034
8058,2,351585.0,1846.1,1.443392619,13.01470683
8059,2,238253.0,1421.44,1.025664713,13.17117752
8060,4,249553.0,1846.37,3.033197588,15.37080306
8061,1,148994.0,916.21,4.412044722,17.18433499
8062,1,157864.0,1183.91,3.830975926,15.69587882
8063,2,242797.0,1694.9,1.912037283,15.13483455
8064,3,132801.0,952.39,3.935256845,16.4090113
8065,1,378213.0,2105.27,3.05350228,16.10616503
8066,1,254701.0,1710.54,1.706880859,13.9390372
8067,2,257514.0,1602.12,2.085732555,15.40212306
8068,2,349179.0,2178.63,0.450995465,12.79095058
8069,2,368306.0,2462.96,2.914350719,15.35630285
8070,1,365671.0,2161.41,1.153145305,13.08269824
8071,1,368795.0,1817.13,1.943125965,15.58047262
8072,1,161650.0,792.51,3.545577971,16.31681734
8073,1,250182.0,1392.36,2.132101557,14.57646284
8074,0,163980.0,800.28,3.721814624,16.15865255
8075,3,139415.0,867.5,2.79127776,15.14837778
8076,1,138057.0,1176.8,4.310670638,17.38847503
8077,3,149532.0,990.49,3.727366149,16.03124999
8078,1,114947.0,1052.21,2.527694349,16.32872194
8079,3,124614.0,765.44,1.487958424,14.77283952
8080,1,261848.0,1858.63,3.756812834,16.38361835
8081,1,352134.0,1833.56,0.618442523,11.95047627
8082,1,275167.0,1784.85,4.774764204,16.63622462
8083,2,230710.0,1293.79,2.061986943,13.59923749
8084,1,150891.0,924.17,2.883193173,15.11612591
8085,1,240996.0,1386.47,1.887354653,13.8003756
8086,0,120928.0,594.48,0.935738992,12.65288414
8087,1,247304.0,1768.29,3.08913769,16.05423006
8088,1,254565.0,1612.38,3.541902799,16.0592491
8089,2,235962.0,1229.64,2.774181102,15.33047082
8090,2,247411.0,1401.33,3.034496119,14.46520382
8091,2,362989.0,2047.57,1.257181719,13.48140136
8092,1,367934.0,2156.8,3.466464982,16.15963538
8093,1,276446.0,1839.72,3.676707365,15.95962751
8094,2,379222.0,2323.96,3.202088981,15.91341726
8095,2,364887.0,1987.87,1.810892469,15.11085346
8096,2,362999.0,2236.92,1.291814368,12.44458026
8097,1,252078.0,1719.82,2.945719373,15.50515823
8098,1,262685.0,1315.47,3.688478421,16.20267314
8099,2,360613.0,2251.46,2.144841723,14.06713972
8100,1,390585.0,1945.96,3.262499793,16.59972823
8101,1,170240.0,1422.23,3.935947681,17.19439138
8102,1,248938.0,1872.38,1.138443254,13.38207493
8103,1,139050.0,890.01,1.901930742,16.07320894
8104,1,146226.0,846.94,2.215875438,16.01982091
8105,2,137975.0,1566.08,3.045865113,16.26118177
8106,2,246705.0,1709.4,1.360915878,13.23672845
8107,2,164497.0,1294.1,4.092038936,16.23662466
8108,1,263335.0,1811.7,1.255010142,13.95388509
8109,1,247790.0,1252.99,1.969302414,14.03529388
8110,2,335437.0,1854.33,1.109574736,12.1625033
8111,1,358824.0,2327.61,0.863185292,13.21309342
8112,1,285138.0,1781.95,3.554716423,17.34897583
8113,2,137851.0,1489.03,3.058656101,16.64616295
8114,1,360815.0,1863.2,0.848652451,13.13551844
8115,1,370487.0,1972.8,3.712281937,15.81732564
8116,1,121496.0,826.07,1.205570592,13.17535763
8117,1,252085.0,1593.31,2.686149022,15.03145073
8118,3,146109.0,1530.51,3.734613368,16.1673453
8119,3,364936.0,2149.23,1.521512528,13.25339552
8120,2,238035.0,1247.2,2.792991264,15.07324983
8121,2,141641.0,884.15,3.163042375,15.76797808
8122,0,168184.0,1196.15,3.741126944,16.39538064
8123,2,132662.0,971.49,2.250199817,14.036063
8124,1,143297.0,818.44,1.826404585,14.12662714
8125,1,374417.0,1924.15,2.072372959,14.92147252
8126,1,245406.0,1483.29,0.878034245,13.42703836
8127,1,152447.0,932.88,3.776093707,16.89035998
8128,1,144556.0,912.56,2.760386949,14.47034152
8129,1,373351.0,2270.95,3.001551077,16.10862771
8130,1,253910.0,1914.23,3.942724283,16.32825605
8131,2,149821.0,841.05,3.075772972,15.60983988
8132,3,250047.0,1390.04,2.652740763,14.8721377
8133,2,127953.0,845.96,1.212336805,12.67491097
8134,2,126330.0,841.52,2.387126324,15.70842922
8135,1,164575.0,814.54,3.720547457,16.8376512
8136,1,274035.0,1702.25,3.710921544,15.85590162
8137,1,376070.0,2157.83,3.079187813,15.92715737
8138,2,137598.0,845.13,3.914269206,16.56951155
8139,1,355613.0,1826.36,1.189207457,13.13050582
8140,0,163368.0,919.53,3.494754888,16.40427662
8141,2,247801.0,1738.76,2.933002724,15.66877237
8142,2,145864.0,857.62,2.592059634,15.34535486
8143,2,263451.0,1863.13,4.52954848,16.94323006
8144,2,378523.0,2432.45,2.89484138,15.64987356
8145,2,333220.0,1876.52,0.748083268,12.74666417
8146,2,144954.0,923.88,4.048379689,16.231577
8147,1,154123.0,1328.92,3.694347486,16.869014
8148,2,135907.0,1709.78,2.33010705,14.85089201
8149,1,363546.0,1865.47,1.840383415,14.96472717
8150,1,152828.0,639.12,3.318017334,16.84547807
8151,2,122693.0,818.76,3.774606878,15.52068729
8152,1,155063.0,895.98,3.585671815,15.91701207
8153,1,136986.0,618.04,2.507845965,15.56474398
8154,1,165528.0,931.66,3.564178729,16.29615277
8155,2,247590.0,1529.75,0.586434928,13.34377129
8156,0,375488.0,2194.38,3.051539163,16.30706856
8157,1,256540.0,1704.9,3.021626518,15.75764345
8158,2,258198.0,1823.94,2.238936916,14.43153124
8159,2,129452.0,1075.13,1.962563582,15.14841715
8160,0,269236.0,1808.12,3.674470742,17.0284604
8161,1,124913.0,877.2,1.399300206,13.36836064
8162,1,123005.0,754.83,1.934998234,15.17977472
8163,1,262958.0,1772.2,3.460848978,16.34649327
8164,3,232969.0,1515.55,2.08989721,14.91231935
8165,2,246674.0,1791.26,2.246677617,15.41628512
8166,1,165823.0,998.7,3.562865314,16.39985512
8167,1,360702.0,1886.99,1.881217567,15.5746421
8168,2,240224.0,1251.36,2.421910369,15.65763124
8169,2,353143.0,2641.48,1.434888792,13.30647695
8170,0,202371.0,922.89,3.73281763,17.15859833
8171,3,227441.0,857.85,0.777574557,12.25903275
8172,2,369589.0,2331.85,1.999648459,13.77449816
8173,1,262029.0,1482.73,2.854606949,15.37839702
8174,2,244836.0,1465.01,1.519353285,13.44037084
8175,2,346217.0,2275.83,1.229453476,12.2041748
8176,1,363439.0,1858.83,1.651937811,13.89292868
8177,1,360698.0,1896.58,1.753744472,12.50321016
8178,2,274589.0,1759.15,4.128789456,16.13452811
8179,2,264263.0,1763.25,3.709411503,16.2049113
8180,1,276572.0,2420.76,3.54902308,16.23492593
8181,3,220601.0,1617.87,1.919765958,12.53271949
8182,2,243105.0,1782.1,1.466939039,13.49655532
8183,3,114947.0,1448.14,2.091643907,13.83653567
8184,2,257610.0,1832.83,2.920560887,14.06292182
8185,2,366602.0,1846.57,3.466019037,15.82898151
8186,2,245811.0,1852.37,2.668647371,15.11055856
8187,1,143047.0,734.98,1.748544524,15.57550853
8188,2,361031.0,1657.45,0.5261992,12.12088548
8189,1,151514.0,836.57,3.480787532,16.02251316
8190,2,245915.0,1794.0,1.404450108,13.84649796
8191,2,132967.0,807.87,2.931617826,15.50097057
8192,1,172006.0,941.72,3.764238067,16.04514666
8193,1,367093.0,1897.09,1.021284028,13.16247668
8194,1,375553.0,2192.73,2.915112027,15.73645301
8195,1,266864.0,1691.25,3.00644934,15.30629523
8196,2,274895.0,1898.51,3.793536259,16.98653548
8197,2,137756.0,902.01,1.100725606,13.17952416
8198,1,360982.0,1939.61,1.539197943,13.26747636
8199,1,164658.0,668.31,3.592246122,16.71825566
8200,3,254227.0,1716.17,2.934262151,15.35477166
8201,2,246194.0,1771.08,2.075990041,15.02715925
8202,2,144833.0,943.4,3.086665373,15.60278811
8203,1,152096.0,759.31,2.933071852,15.90431242
8204,1,134621.0,752.82,1.891036023,14.59690187
8205,1,363989.0,1858.61,2.83137315,14.26976563
8206,1,164467.0,1161.26,4.93924406,16.64539664
8207,1,356299.0,1816.03,0.927025472,13.21480157
8208,1,173619.0,1393.33,4.778072482,17.16483192
8209,1,168369.0,740.61,3.071138371,17.28682422
8210,2,144231.0,1400.57,2.931589228,15.3796601
8211,2,373932.0,2371.76,1.206685389,13.70672822
8212,1,151699.0,1095.33,3.575226808,16.28164023
8213,2,126397.0,1363.89,2.999127832,16.09092631
8214,1,162791.0,1237.78,3.592705357,17.04103973
8215,1,382122.0,2212.09,3.582860125,16.47773662
8216,2,373425.0,3007.61,1.944486908,15.22866448
8217,1,360649.0,2298.78,1.184744076,12.74171585
8218,2,266288.0,1866.56,3.836754089,16.21206162
8219,1,147971.0,1258.3,3.031223687,16.46735467
8220,1,374191.0,2956.04,1.936473114,15.30022496
8221,2,251339.0,1821.2,2.354878258,14.92196087
8222,1,151622.0,865.83,3.266483887,16.56361038
8223,1,132907.0,1002.24,2.31766277,14.93369921
8224,1,162127.0,811.46,3.671923695,16.80026035
8225,2,148802.0,1675.37,3.783065369,16.03855369
8226,1,244239.0,1352.27,1.110887611,12.7838544
8227,2,239121.0,1520.95,1.612720767,13.26130294
8228,2,130169.0,820.3,1.704158021,13.60450593
8229,1,377249.0,1843.45,1.873634742,13.84703606
8230,1,368639.0,1883.53,2.355227141,13.71183876
8231,2,358275.0,2923.34,2.65426588,15.26972021
8232,1,273505.0,1912.26,4.152698711,16.6622916
8233,2,136216.0,852.07,3.485983791,16.16897737
8234,1,361988.0,1736.48,1.088485906,14.87089599
8235,2,134992.0,881.74,2.01457374,13.92320138
8236,0,386937.0,1893.14,3.727687249,16.98376445
8237,1,256625.0,1192.44,2.669210213,13.93799571
8238,2,134072.0,849.04,1.651831688,13.69561096
8239,1,234619.0,904.79,0.819072511,12.60551468
8240,1,356072.0,2131.93,3.34516415,15.91029459
8241,1,268529.0,1855.17,3.727993424,16.56516627
8242,0,269034.0,1495.57,1.969537141,14.01113158
8243,1,150773.0,790.27,3.546608653,16.47474581
8244,1,151698.0,847.04,3.778561112,16.79527277
8245,1,150472.0,1042.59,2.965557921,16.5045561
8246,1,163781.0,1270.49,3.552346655,17.41020008
8247,2,138940.0,1098.9,2.714587768,15.67575446
8248,2,361183.0,2148.44,1.733922351,13.82223116
8249,1,246251.0,1517.37,1.502163518,13.66712086
8250,1,259444.0,1412.54,3.541225378,15.93802587
8251,1,391555.0,2646.97,3.792851068,16.3120977
8252,3,144424.0,949.63,2.573274529,15.22784682
8253,1,154859.0,1401.73,4.49675139,16.91287944
8254,2,360374.0,1633.03,0.470517403,12.78483377
8255,2,240219.0,1061.18,2.221077753,13.8884738
8256,2,361447.0,2227.25,0.627479155,12.31750909
8257,2,134360.0,1120.3,2.928227023,15.76403492
8258,1,260536.0,1777.24,3.712719329,14.89697245
8259,1,135379.0,654.81,1.773313822,12.90340894
8260,1,149444.0,905.82,2.688738559,16.72654944
8261,1,366169.0,2338.64,2.258350345,15.57884972
8262,2,358188.0,1872.75,2.45272839,15.34093621
8263,0,269400.0,1777.28,3.295032787,16.09659694
8264,2,257580.0,1869.34,3.22738045,16.07416334
8265,2,351250.0,1892.04,0.201459027,13.29854532
8266,1,361490.0,2035.84,1.941335104,13.6310963
8267,1,252480.0,1269.64,1.136457507,13.31088393
8268,3,134230.0,703.01,2.947823815,15.78419016
8269,1,370661.0,2455.26,2.810931603,15.67294902
8270,3,130590.0,910.93,2.81697482,15.26313162
8271,2,119452.0,671.92,1.749122395,15.37941267
8272,1,371734.0,1825.94,3.061782464,15.92460428
8273,1,354626.0,1566.05,2.686491685,15.12200839
8274,2,337007.0,1896.52,1.077579337,13.40962242
8275,1,260321.0,1849.58,3.035589014,15.70777905
8276,1,237713.0,1188.69,0.577726462,13.44217292
8277,2,250681.0,1688.63,2.886438618,15.53206068
8278,2,259281.0,1809.29,3.219846818,16.09986257
8279,2,238148.0,1593.01,0.048380943,12.66685385
8280,2,147742.0,795.04,3.708231915,16.49142729
8281,2,239828.0,1234.04,1.715755167,13.53081233
8282,1,370614.0,2325.09,3.511006193,16.40356701
8283,3,356676.0,2485.86,1.943415445,14.22031241
8284,1,376228.0,1795.05,2.938964178,14.19257465
8285,2,240165.0,1757.65,1.913967689,15.33139872
8286,2,234764.0,1597.26,1.774407516,13.30036186
8287,1,158722.0,1011.89,3.865737543,16.52652377
8288,1,357431.0,1836.87,1.59352117,13.58942562
8289,1,241968.0,1541.88,2.239111019,15.08038678
8290,1,161082.0,1034.42,3.561828948,15.73547282
8291,3,136124.0,919.82,3.26042414,16.04772958
8292,2,139736.0,615.02,2.095048197,16.13130468
8293,1,248968.0,1713.11,2.813831504,16.53406392
8294,1,385492.0,2307.16,2.785185022,15.56001131
8295,1,146974.0,1049.99,3.05640803,15.66771543
8296,1,166189.0,1520.27,3.519028207,15.97445985
8297,2,362655.0,2169.75,1.763017303,15.35747468
8298,2,133448.0,586.86,1.908451111,16.38229649
8299,2,261329.0,2728.07,3.239259133,16.26989975
8300,1,152687.0,1349.45,2.953366207,15.89722528
8301,2,245049.0,1475.93,1.479823757,13.26446463
8302,2,150685.0,1062.28,3.483831999,15.8791901
8303,1,264922.0,1745.81,3.646955812,16.64587047
8304,1,360601.0,2002.89,0.988080816,13.5298926
8305,1,152458.0,687.65,2.970974791,16.05523733
8306,2,384534.0,1737.06,2.960276535,15.85153386
8307,1,151735.0,1330.13,3.527567117,16.46964045
8308,0,393950.0,2327.99,3.474621526,16.3078945
8309,1,392957.0,1947.05,3.66940682,16.50958165
8310,2,266659.0,1598.31,3.984355409,15.96754636
8311,1,170102.0,1318.1,3.819339378,16.33985201
8312,0,376718.0,1808.61,3.73644396,14.66320726
8313,2,128560.0,1096.54,1.520371107,14.42144973
8314,3,352284.0,1787.23,2.817017064,15.37090339
8315,1,164916.0,1315.97,4.001265558,17.06228515
8316,1,136413.0,1440.26,2.840585061,14.32993112
8317,2,360414.0,1843.64,1.895992036,15.18280843
8318,1,241886.0,1183.49,1.791942566,13.70633425
8319,1,160336.0,1329.87,3.531975848,15.91436095
8320,2,158088.0,1202.92,3.223936803,15.54547479
8321,1,148133.0,951.98,3.155863019,15.75776969
8322,2,149363.0,1076.1,3.703968638,14.86097537
8323,2,354458.0,2177.03,0.547124022,12.62360025
8324,1,131877.0,795.37,2.221499131,15.7351031
8325,2,115897.0,1621.33,2.994824224,16.18894866
8326,1,378369.0,1902.28,1.526356918,13.5604386
8327,2,371116.0,2532.58,3.153350159,15.52731258
8328,1,261629.0,1477.24,3.748431167,16.3293301
8329,2,143188.0,767.68,3.059068086,15.96905522
8330,2,348077.0,1811.79,1.932740144,14.96175038
8331,1,277287.0,1689.45,3.487136812,15.45711478
8332,1,127944.0,735.87,1.106287402,13.21525707
8333,1,146671.0,749.23,2.709638011,15.76758084
8334,2,240811.0,1223.96,1.941528406,13.87015091
8335,1,154793.0,910.07,3.522779905,16.53804606
8336,1,243176.0,1536.29,1.166233308,12.66049141
8337,1,369059.0,1775.77,2.660224006,16.01814469
8338,1,144599.0,634.17,3.109621844,15.69896825
8339,2,138329.0,1645.2,3.082566074,16.19008562
8340,2,127893.0,801.69,2.873098941,15.63732722
8341,1,262642.0,1824.12,2.994874522,15.46574397
8342,1,267796.0,1286.49,3.625074425,16.43622603
8343,1,159384.0,1484.58,4.593060752,16.86967766
8344,2,142032.0,1635.71,2.293796297,13.78003925
8345,2,260291.0,1884.12,3.452627356,15.80562487
8346,1,281292.0,1812.1,3.692019024,16.92409303
8347,2,161019.0,1507.15,3.846953904,17.08320188
8348,1,137729.0,704.88,2.618163161,14.32048393
8349,3,129923.0,641.85,1.824053226,15.2347162
8350,1,266534.0,1563.97,2.441945336,14.1251288
8351,2,138189.0,1005.29,3.109060981,16.03795478
8352,2,148790.0,870.0,2.967289219,15.64994854
8353,2,374607.0,2691.23,3.723746427,15.71049586
8354,1,152867.0,607.76,2.503330935,16.29492449
8355,1,368571.0,1778.89,2.216489431,14.14793174
8356,2,355301.0,1814.42,0.597870956,12.92766743
8357,2,356869.0,2438.63,1.180181547,12.50341128
8358,3,243030.0,1554.42,2.016631049,15.03812038
8359,1,382173.0,2867.44,3.066600084,15.66833415
8360,2,270787.0,1905.57,3.626351026,15.89115786
8361,2,232240.0,1588.75,1.600050932,13.21336953
8362,2,260768.0,1328.4,1.210843071,13.93824683
8363,1,154239.0,1684.39,3.642682337,16.21905357
8364,1,147464.0,1130.39,3.377690335,16.94208508
8365,3,131583.0,710.12,2.1957083,15.19053741
8366,1,257209.0,1827.46,1.606529332,12.80532318
8367,2,134660.0,1551.1,2.08699674,13.22544654
8368,1,154839.0,1005.86,3.850653933,15.81634659
8369,2,258796.0,1681.35,1.265568654,15.09618664
8370,3,340900.0,1900.58,0.136913424,11.59838363
8371,2,117786.0,899.62,0.811217719,12.49566117
8372,1,351329.0,1851.39,0.541790999,11.45597813
8373,2,265883.0,1888.61,3.088380126,15.54616338
8374,1,153103.0,599.13,2.863339177,15.47813371
8375,2,231624.0,1058.37,2.092078121,13.74128105
8376,2,268673.0,1328.38,3.784046827,16.18342939
8377,1,172770.0,717.42,4.045410683,17.52970465
8378,1,284359.0,2206.76,3.785360548,17.45836434
8379,2,257285.0,1711.09,1.669735279,14.54337617
8380,2,114947.0,1347.17,2.389671916,16.38116363
8381,2,156406.0,1162.12,3.762429321,16.44968838
8382,1,250101.0,1371.85,2.199816722,15.74942012
8383,2,256507.0,1734.67,3.439652365,15.85115906
8384,1,367069.0,2171.44,0.850926685,13.07668482
8385,2,160217.0,1064.02,3.50543606,15.94164501
8386,1,155973.0,1037.73,3.755869985,16.12964745
8387,1,159407.0,723.76,3.885350082,16.61108037
8388,1,383809.0,2538.37,2.147714266,13.86821166
8389,2,258868.0,1969.76,2.18105947,14.06864633
8390,2,360725.0,2215.6,1.178170232,13.49145232
8391,1,253196.0,1728.49,2.91638386,15.15819484
8392,2,351481.0,1544.91,1.128690039,14.37566952
8393,1,254516.0,1307.09,1.538491194,14.12354421
8394,2,136953.0,889.66,2.409175617,15.99348935
8395,1,257215.0,1841.41,3.693584321,15.72986172
8396,1,383812.0,2400.92,4.093712188,16.3298311
8397,2,133930.0,668.52,2.742020073,15.95114016
8398,2,121352.0,871.66,2.165398326,14.13117657
8399,2,129488.0,653.38,2.07037081,14.78180272
8400,1,249460.0,912.81,1.447329352,13.51064717
8401,2,243031.0,1117.62,1.360157495,13.47019782
8402,2,377529.0,2602.13,3.144423192,15.59878084
8403,1,269297.0,1774.05,3.76177645,17.21370118
8404,1,366384.0,2180.03,1.834151191,13.92606438
8405,2,345595.0,1781.11,0.54954604,12.08054097
8406,1,388100.0,2489.41,2.776174266,15.55581004
8407,1,267606.0,1749.98,3.659451287,16.77853392
8408,2,239934.0,909.35,1.789418309,14.14562792
8409,3,248194.0,1267.83,2.868263439,15.25609154
8410,1,376809.0,1899.69,2.144488088,14.43858987
8411,2,139168.0,712.72,2.884523842,15.49686701
8412,1,274824.0,1867.08,3.95391346,15.80186456
8413,1,279156.0,2288.7,3.985645996,15.99927621
8414,1,130867.0,792.19,1.744250893,13.75026992
8415,2,380483.0,1972.93,3.113848263,16.44208979
8416,1,251476.0,1742.73,2.948440042,15.53709898
8417,0,177173.0,1023.96,3.663129602,17.02596379
8418,1,261582.0,1559.5,1.790285686,15.12341497
8419,2,137472.0,737.78,2.939068568,15.61930748
8420,1,367972.0,2376.43,1.736580796,13.71904723
8421,2,262037.0,1618.92,4.020912457,16.14797883
8422,4,237426.0,1337.79,2.008290447,13.69013578
8423,2,237439.0,988.28,2.469151244,13.92451145
8424,0,135800.0,866.49,1.889036238,13.93328887
8425,2,152247.0,956.76,3.808660051,16.32307296
8426,2,132655.0,838.28,2.94714414,16.02246591
8427,1,178281.0,813.49,4.569200508,17.36693888
8428,1,248857.0,1301.37,1.280764388,13.18547914
8429,1,366512.0,2346.8,2.966000575,15.68352444
8430,3,239013.0,1752.29,3.05531621,15.45220649
8431,1,375341.0,1929.4,1.799144404,15.26084712
8432,1,165334.0,1423.32,3.758686482,16.86652848
8433,1,173003.0,1318.21,3.82202332,16.91199333
8434,3,348750.0,2337.58,2.409235003,13.18712179
8435,1,369036.0,1901.84,3.733976891,16.11575551
8436,0,251012.0,1662.5,2.210974704,13.83497401
8437,0,264996.0,1420.47,1.594520793,14.88361463
8438,1,139300.0,605.32,2.25842354,15.07471537
8439,2,367513.0,1914.32,2.939321139,14.9016174
8440,2,364771.0,2229.12,1.763832316,13.16669329
8441,2,249654.0,1379.74,1.383455702,13.96730285
8442,2,366829.0,2228.69,2.888137123,15.83306278
8443,1,247202.0,1572.02,2.115964037,15.21241089
8444,2,255666.0,1531.6,4.229952203,16.19106352
8445,2,353681.0,1938.99,1.955598004,13.65291332
8446,3,242940.0,1828.81,2.832315677,16.14402622
8447,1,391309.0,2687.1,3.492300185,16.44242519
8448,1,261475.0,1590.64,3.801270174,16.30735231
8449,2,147691.0,1557.69,2.819792277,15.79850138
8450,1,158856.0,862.1,3.634770212,16.32681743
8451,1,256212.0,1348.7,3.361037576,15.87516132
8452,1,243602.0,773.85,1.737335261,12.98611476
8453,1,152041.0,1162.25,3.901857256,16.32121306
8454,1,153876.0,1156.97,3.724639106,17.01791893
8455,2,148824.0,1778.23,2.834844699,15.79225531
8456,1,135211.0,798.51,2.962816507,15.6016043
8457,1,142151.0,785.61,2.934858667,14.72392673
8458,1,357487.0,1535.5,2.696856205,15.14949747
8459,1,284339.0,1810.11,3.761070262,16.97137159
8460,2,256730.0,1828.67,2.176067745,14.10766173
8461,1,159132.0,1454.2,2.921944473,15.8290274
8462,1,264045.0,1443.14,4.666172745,17.29623214
8463,2,361618.0,2185.03,2.194235134,15.45909072
8464,2,241117.0,1263.16,1.65261277,13.69794947
8465,2,243514.0,1242.65,1.665101127,13.44217412
8466,2,136681.0,867.72,2.180067742,14.8958994
8467,1,169839.0,2138.75,3.805844824,16.58723188
8468,1,154807.0,764.18,3.144549507,15.14468173
8469,2,361629.0,1740.99,3.089573102,14.97750022
8470,1,368573.0,1925.6,2.796818001,15.59845602
8471,2,370074.0,1882.63,2.289082613,15.5290458
8472,1,150127.0,1243.43,3.743867566,15.84089426
8473,1,381168.0,2330.1,3.016457454,15.59405456
8474,1,244185.0,1240.89,1.328500297,13.66638346
8475,2,366957.0,1992.36,1.397870539,14.52770402
8476,3,118298.0,1507.6,1.912240264,13.24554926
8477,1,256349.0,1831.61,2.893950672,15.7357536
8478,2,258110.0,1415.85,2.71561395,15.90942373
8479,1,176127.0,1041.66,3.518217533,16.91991694
8480,2,368623.0,2594.57,1.593428061,15.09019483
8481,3,114947.0,1340.21,0.95590932,12.74777751
8482,3,348392.0,2063.67,1.143759634,13.82294119
8483,1,365561.0,2210.61,2.91160876,14.31902313
8484,1,247500.0,1489.62,3.763709228,16.17557993
8485,1,154279.0,1044.69,3.701719812,15.52478778
8486,2,373262.0,2392.34,2.886433335,15.44644836
8487,1,374943.0,1866.03,2.79793673,15.22535611
8488,1,257630.0,1559.88,1.341804144,13.62908016
8489,1,358767.0,1988.33,1.423060435,14.06756415
8490,1,361401.0,2100.39,1.479429355,12.22009914
8491,2,145674.0,950.43,1.657999007,14.19956865
8492,3,364468.0,2328.89,3.119680961,15.28679511
8493,2,229476.0,1651.56,1.063755225,13.40484823
8494,2,128491.0,637.89,1.996279963,13.89110189
8495,1,141270.0,964.41,2.571528747,16.34761148
8496,3,361299.0,1728.86,2.363545567,15.52886399
8497,1,366794.0,2075.73,1.920394933,15.63642917
8498,1,127867.0,1067.37,2.988057573,16.9183689
8499,2,234765.0,1141.43,1.633084949,12.8765889
8500,1,362758.0,2059.84,0.946870441,13.53127726
8501,1,189359.0,832.07,3.772586076,17.04554949
8502,1,358942.0,2233.75,1.893627966,12.7879479
8503,1,250833.0,1836.87,3.542180448,16.1260028
8504,2,265382.0,1886.11,3.966751021,16.67147228
8505,1,258886.0,1573.91,2.172746167,15.05209348
8506,2,132933.0,1255.34,2.604828712,16.24492328
8507,1,345822.0,1871.78,0.572498838,12.04078736
8508,3,229022.0,1300.29,1.648372838,13.33192242
8509,1,371076.0,1842.67,1.318742778,13.67539835
8510,1,130696.0,760.33,2.370697913,15.32699445
8511,1,266645.0,1932.26,3.671725488,16.53667501
8512,2,114947.0,646.94,2.13286257,13.94498931
8513,2,359920.0,2213.18,0.981549938,13.06754291
8514,2,121212.0,804.73,1.672068892,13.68480464
8515,1,267837.0,1635.96,1.47869448,13.4295712
8516,1,260503.0,1425.94,3.764889588,16.13357213
8517,2,158551.0,1393.74,3.614457473,16.72147534
8518,1,149940.0,745.78,2.960363485,16.47188135
8519,1,251677.0,1778.3,3.566397216,15.68067209
8520,1,132791.0,677.37,2.021232171,15.72183124
8521,1,151434.0,1651.65,3.257138508,15.80698745
8522,1,354449.0,1978.18,1.24124701,12.93424902
8523,2,256107.0,1513.42,3.237858913,15.66128397
8524,2,245339.0,989.32,2.621357133,14.07723512
8525,2,377020.0,2143.89,1.599014192,13.63150571
8526,2,254556.0,1460.14,1.832342469,13.91430885
8527,2,114947.0,1360.22,2.60774159,15.66532205
8528,1,132144.0,1288.27,3.234234475,16.19891747
8529,2,139029.0,878.38,2.89717708,15.16883069
8530,2,139942.0,731.46,1.268171203,15.31011882
8531,1,132427.0,664.66,2.239168705,15.0223004
8532,1,167928.0,1196.87,4.797932364,17.12231903
8533,1,354875.0,2157.22,0.938024293,12.99717897
8534,1,129244.0,708.19,2.549838241,15.78166911
8535,0,123084.0,608.28,1.426727922,12.79664369
8536,1,368096.0,2160.11,2.781300698,15.5058008
8537,2,134109.0,855.27,2.108987162,15.43433345
8538,2,128879.0,966.93,1.834773853,13.55417783
8539,2,131484.0,586.86,2.905301709,15.186138
8540,1,203024.0,790.55,3.782507609,17.73027397
8541,1,192007.0,1218.35,4.74737252,17.2402143
8542,1,268608.0,1818.52,3.701812518,15.98803029
8543,0,148364.0,858.51,3.801223616,15.96538783
8544,1,360456.0,1991.76,2.83939642,15.29568084
8545,1,140247.0,748.04,2.411054016,15.55439215
8546,2,345114.0,1817.44,1.987252655,13.71753597
8547,1,161739.0,1964.88,3.801669157,16.09473653
8548,1,264259.0,1917.0,3.7413513,15.41173551
8549,2,131487.0,1540.19,3.003995841,14.50443239
8550,1,262568.0,1450.28,2.710955534,15.58792802
8551,1,249793.0,1047.71,1.998238365,15.17149816
8552,2,242959.0,1699.54,0.346925058,12.40415627
8553,3,232101.0,1353.3,0.945322804,12.94329888
8554,1,255484.0,1490.16,1.485547393,14.27638453
8555,2,247618.0,1831.08,2.886807866,15.74859844
8556,1,156954.0,819.4,3.179174645,16.88141425
8557,2,357986.0,2154.4,1.621767295,13.90865178
8558,1,379408.0,2514.79,3.113810703,15.90719372
8559,2,359502.0,1579.93,1.686482493,15.43249954
8560,2,228455.0,1412.41,0.506476598,12.63935428
8561,2,355470.0,1879.27,2.945967275,15.48227356
8562,3,242500.0,1826.73,1.16980718,13.55999414
8563,1,150744.0,1118.24,3.581419694,16.9530636
8564,2,134045.0,1059.4,3.383805662,16.2069614
8565,2,248672.0,1619.83,3.612819258,15.62535995
8566,1,135743.0,1428.29,3.655053244,17.19370462
8567,2,278905.0,1883.09,3.810412521,16.59935985
8568,1,142020.0,917.5,1.822620763,13.82973404
8569,2,127990.0,705.7,1.774919525,14.02755355
8570,1,370846.0,1954.38,2.859746277,15.38831997
8571,1,271962.0,1860.83,3.389142878,16.20184002
8572,1,130199.0,586.86,2.072539799,14.9545109
8573,2,114947.0,1128.03,2.784141486,15.92696424
8574,3,127409.0,896.68,1.922246141,15.5317664
8575,2,248551.0,1785.91,3.652588228,15.46708039
8576,1,389093.0,1880.68,1.992279114,15.44753906
8577,1,382867.0,2271.48,2.116151592,14.97836607
8578,1,359273.0,2356.63,0.449153603,12.69606432
8579,1,261814.0,1138.69,2.346888691,14.42528608
8580,3,364089.0,1877.25,1.319005983,13.6471279
8581,1,245152.0,1768.33,1.610337333,14.95799896
8582,2,130564.0,628.2,2.956933144,15.94628137
8583,2,253996.0,1467.64,2.22017794,15.54502763
8584,2,369537.0,1743.1,1.963483513,14.82824085
8585,1,370228.0,2474.13,1.547734703,13.27905224
8586,0,147667.0,880.58,2.946714892,16.14615372
8587,2,135938.0,792.92,2.851142279,14.94894836
8588,1,386671.0,2611.68,3.490818319,15.91648648
8589,2,356671.0,2189.16,1.937273008,15.2951566
8590,3,351854.0,1697.79,1.44113778,13.018041
8591,2,250810.0,1687.26,2.993653743,15.92147421
8592,1,377947.0,2031.55,3.701350585,16.04477107
8593,1,372060.0,1894.16,2.788731963,15.57334684
8594,3,251372.0,1490.18,1.756170338,14.81633296
8595,1,132721.0,1074.81,2.571720024,16.81117648
8596,2,265501.0,1470.36,3.140444788,15.69397912
8597,2,114947.0,664.1,1.53168998,12.14245866
8598,3,128272.0,1038.38,2.791770401,15.43603262
8599,2,358856.0,1791.18,3.030748323,15.36433187
8600,2,114947.0,1690.56,2.909218831,15.36932908
8601,2,366768.0,2025.11,2.649326663,15.05589043
8602,0,172754.0,604.36,3.832669897,16.26617848
8603,1,248709.0,1359.21,1.88786632,14.20981731
8604,0,156416.0,1097.73,2.905934338,15.73597756
8605,4,246488.0,925.56,2.144323609,14.63189848
8606,2,153826.0,898.75,3.716123011,16.20216806
8607,1,152694.0,1362.94,4.006036004,16.77672241
8608,1,374779.0,2451.56,2.713585536,14.8580629
8609,1,149724.0,1594.5,3.131437317,16.56829481
8610,1,360590.0,2143.43,1.798732316,13.08227003
8611,1,155101.0,739.42,3.601857314,16.56545872
8612,1,379871.0,2298.44,3.131671661,15.76608687
8613,1,268552.0,1927.24,4.028003021,15.85822859
8614,1,156694.0,1292.27,3.747882704,16.20021663
8615,1,256238.0,1796.52,4.084780569,16.35808465
8616,1,371050.0,2259.27,2.846230052,14.14926943
8617,1,374251.0,2337.01,1.834311058,13.66222784
8618,1,197087.0,872.98,3.764725857,17.20228842
8619,2,355427.0,1679.57,2.13754769,14.90619158
8620,1,391900.0,2128.69,3.615190903,16.10327083
8621,2,140704.0,743.07,2.963049932,15.17269451
8622,2,144069.0,945.51,3.346618272,16.21765845
8623,3,246398.0,1498.36,3.226325755,14.66679629
8624,2,242568.0,1231.3,1.656352485,13.47336414
8625,1,347251.0,1784.77,2.693509585,13.98376519
8626,1,367031.0,2341.82,0.302148129,12.03319029
8627,2,241824.0,1421.35,1.956459114,13.51718385
8628,3,349804.0,2717.73,2.187496883,14.30497042
8629,2,233765.0,1436.25,0.464776468,14.1111475
8630,2,142399.0,1138.26,2.971443643,15.68610611
8631,1,366245.0,1796.92,1.344383958,12.37681578
8632,2,270533.0,1312.89,3.844786928,16.40752072
8633,1,144095.0,1182.08,3.629060979,16.72821259
8634,1,360568.0,1890.59,1.958920379,13.73178579
8635,1,164462.0,1281.07,4.846157043,16.88664073
8636,1,263545.0,1974.83,3.695249607,16.11123525
8637,2,242194.0,1499.45,2.647649288,14.05720348
8638,1,279049.0,2121.21,3.681784731,16.84940678
8639,2,239710.0,1667.99,1.484176309,15.62022461
8640,2,137512.0,737.68,3.054047328,16.18168336
8641,1,170286.0,851.58,3.905280899,17.44192682
8642,0,127002.0,631.34,1.880602416,13.39125017
8643,1,256893.0,1793.85,1.936187278,13.25901174
8644,2,240860.0,1171.48,2.888646903,15.4298064
8645,3,352413.0,2376.63,1.68714584,13.55448783
8646,2,238652.0,1297.1,0.204224911,12.16507897
8647,2,136941.0,1086.02,3.769255424,16.45349729
8648,2,249143.0,1460.73,2.233219088,14.66963764
8649,3,132976.0,1814.05,3.016350373,16.04787564
8650,0,388553.0,1900.7,3.53595908,16.30037689
8651,2,360556.0,1857.17,1.553196042,13.71129637
8652,2,145336.0,983.25,2.936487492,15.39178971
8653,1,233201.0,1046.43,2.834974128,15.90086789
8654,2,359363.0,1705.45,1.428846835,12.98989115
8655,1,362543.0,2023.47,2.862599824,13.99730937
8656,1,142668.0,1008.43,3.391448176,15.71158557
8657,1,288246.0,1900.02,3.727566832,15.26144417
8658,1,134736.0,695.27,1.260871737,13.19092055
8659,1,263927.0,1855.28,3.518284896,16.5126727
8660,1,277625.0,1390.27,4.615300372,17.69427234
8661,1,254204.0,1696.98,1.190974,13.544921
8662,2,338234.0,1802.45,1.515749522,13.19980714
8663,1,276178.0,2170.76,3.676411566,16.51700709
8664,2,147861.0,1648.01,2.946097232,15.24878751
8665,2,364273.0,1787.67,1.652207617,13.81969585
8666,2,258533.0,1802.05,1.907982173,15.41626316
8667,1,273871.0,1891.56,3.629610047,16.57793788
8668,1,381734.0,2070.25,2.074676534,13.84009735
8669,1,257035.0,1793.88,3.689528848,16.00367228
8670,1,254272.0,1769.8,3.168981785,15.83955146
8671,1,280133.0,2928.4,2.797198735,15.71255986
8672,1,347807.0,1740.4,2.506492297,14.91625336
8673,2,343752.0,1882.4,1.46464952,13.73998216
8674,1,127890.0,1371.9,3.807854413,17.21294221
8675,1,137341.0,586.86,2.940541505,16.16789729
8676,1,164465.0,1234.0,3.778460082,16.68069049
8677,2,248364.0,1816.1,2.468064427,14.34118343
8678,1,271241.0,1782.07,3.842712691,16.23927751
8679,1,180045.0,1331.14,3.736210824,16.78459885
8680,3,235531.0,1496.26,2.277166141,13.72859269
8681,1,253517.0,1300.61,3.602846486,15.98362381
8682,2,127996.0,945.94,2.452477043,15.10986671
8683,1,350733.0,2102.79,2.105199935,13.85522212
8684,1,363335.0,1883.31,1.017560845,13.04211472
8685,2,226747.0,1433.95,0.340598478,11.7912142
8686,1,132079.0,1606.35,1.872891376,13.1045153
8687,1,256209.0,1895.07,1.157942649,14.56338405
8688,1,268092.0,1289.67,3.341779589,16.7231531
8689,2,246686.0,890.45,0.792801402,12.64282631
8690,1,365617.0,2370.64,2.535648273,15.25055704
8691,1,276358.0,1847.36,3.612428002,16.90910817
8692,2,241610.0,1526.17,1.659414007,13.80436147
8693,2,140652.0,607.65,2.510966039,16.07916874
8694,2,362977.0,2251.73,1.270325333,13.13523549
8695,2,252930.0,1831.99,3.7000465,15.84493544
8696,1,278031.0,1831.46,3.56798943,16.32559443
8697,1,205335.0,1450.88,3.860771628,16.77009413
8698,1,135427.0,1261.81,2.922697858,15.88007851
8699,2,128460.0,893.84,2.958314266,15.28418335
8700,1,270470.0,1935.16,4.074039773,16.3803567
8701,2,354759.0,2296.02,1.794957268,15.43003832
8702,2,353887.0,1761.41,3.11128543,15.84448596
8703,2,242231.0,1616.03,1.304484744,13.14430222
8704,1,275696.0,1977.53,3.347984631,16.40541629
8705,2,244095.0,1591.95,1.248120887,14.34169685
8706,2,142462.0,924.21,3.123400776,15.70808662
8707,2,369953.0,2007.64,1.315950809,13.72993877
8708,2,247416.0,1542.2,1.488970082,13.59010788
8709,1,241871.0,1800.49,1.40159276,13.72428321
8710,1,162263.0,1349.16,4.890754817,17.38015474
8711,2,362959.0,2618.6,1.735531258,15.38186462
8712,1,243925.0,1169.51,0.495310479,13.31267387
8713,1,127832.0,908.6,2.013332528,14.36128395
8714,2,147852.0,813.38,3.357775913,16.55830519
8715,1,248097.0,1489.61,1.469501279,13.6757972
8716,2,365344.0,1915.54,1.899914177,14.62757462
8717,2,359911.0,2327.1,1.464373123,13.47199143
8718,2,355141.0,2266.63,1.766617591,13.84640964
8719,1,367731.0,2110.43,1.973556235,15.09279991
8720,1,175646.0,1304.55,4.805487085,16.80416485
8721,1,145369.0,1229.74,3.57024989,16.67568
8722,1,151507.0,778.62,3.604836756,16.12936954
8723,2,150034.0,1264.61,4.166157819,15.92033325
8724,2,355491.0,1714.69,2.561039073,15.41808785
8725,1,251628.0,1713.52,2.831226086,15.08934015
8726,2,366409.0,1675.74,1.452289068,13.5971073
8727,2,244759.0,1456.03,2.933139094,14.6417432
8728,1,375174.0,1844.82,1.82965208,13.38259335
8729,2,250027.0,1935.64,3.897090859,16.02249263
8730,1,261839.0,1893.06,3.793401056,16.15479629
8731,1,138224.0,1082.9,1.919104904,15.31674234
8732,1,162502.0,788.89,3.504844242,17.18027928
8733,1,155892.0,1030.93,3.70537686,15.87325818
8734,1,135879.0,869.05,0.632787997,13.26692966
8735,1,248858.0,1778.65,1.156387589,13.47358591
8736,1,155905.0,1266.51,3.484697476,16.28955414
8737,0,163851.0,872.95,3.175025738,16.90558018
8738,2,139587.0,1546.37,3.767256639,16.16824438
8739,1,347913.0,1844.89,1.630402562,13.40937472
8740,2,148438.0,1480.15,4.140346724,15.48427847
8741,2,350135.0,1876.55,1.64977389,12.74857987
8742,0,282705.0,1893.92,3.878025802,17.15274728
8743,1,138790.0,784.19,3.171080007,16.87768742
8744,1,368457.0,2255.47,2.663290336,15.44850059
8745,2,350382.0,2417.81,1.439591822,13.12247846
8746,2,363658.0,2528.26,1.967198955,13.61194438
8747,2,139547.0,929.12,2.323513315,14.35085806
8748,2,378602.0,1918.42,2.055989574,14.20086715
8749,1,256036.0,1487.72,2.836397212,15.34598752
8750,1,275512.0,1885.95,4.136682295,15.94487411
8751,2,253227.0,1424.82,3.113583778,15.40289151
8752,3,256493.0,1871.1,3.012805573,15.70720072
8753,2,144008.0,1498.12,3.784997961,16.81839592
8754,2,127191.0,1309.55,3.056151623,16.45192907
8755,1,136077.0,801.97,3.092648211,15.6386246
8756,1,247693.0,1325.66,1.744676494,13.77427201
8757,2,144220.0,1393.42,3.485157518,16.07151894
8758,1,156550.0,726.24,3.28278677,17.29569871
8759,2,132701.0,771.42,2.790832114,14.26585525
8760,1,365421.0,2147.49,2.380969936,15.4494869
8761,0,280499.0,2837.2,3.822451212,15.97100319
8762,1,147692.0,1023.5,3.776710171,16.00255113
8763,1,169188.0,1287.41,3.848991042,16.53800548
8764,1,202799.0,822.19,4.664559214,17.73027397
8765,1,141076.0,798.52,3.0497773,15.25338933
8766,1,271884.0,1797.62,4.575549634,16.95786803
8767,1,363524.0,1860.67,1.867997721,13.76664903
8768,1,246536.0,1345.03,2.049875866,13.98920586
8769,3,115445.0,694.46,1.586587319,14.53873062
8770,2,133117.0,1067.1,2.281451838,15.93038134
8771,2,384465.0,2498.11,3.189143937,15.40787031
8772,2,369991.0,2687.9,2.404841446,15.16045431
8773,1,233222.0,1129.39,1.177774947,12.56033229
8774,1,180503.0,741.89,4.127800438,16.75879272
8775,1,255381.0,1780.85,1.226811451,12.61186928
8776,2,264869.0,1872.11,4.10898824,15.76430595
8777,0,154479.0,942.76,2.901155476,14.78139107
8778,1,127892.0,694.35,2.890722673,15.05941151
8779,1,182778.0,1541.55,3.801145797,17.43093722
8780,1,378536.0,1932.26,2.014048367,13.29688262
8781,2,238802.0,1311.73,1.982169769,13.51101471
8782,2,142564.0,905.95,3.34649906,16.84061786
8783,2,153216.0,989.35,3.823006312,16.0489855
8784,2,129302.0,856.36,1.238756903,13.33274283
8785,3,136393.0,845.3,2.814939234,15.07939791
8786,2,356329.0,2151.16,1.115192412,14.50053504
8787,1,245907.0,1729.58,2.558420487,15.09429821
8788,2,141424.0,714.46,2.965773931,16.28424258
8789,2,347052.0,1503.19,0.596056475,12.04323846
8790,1,129891.0,768.96,1.537324488,13.57569662
8791,2,237640.0,911.98,1.750611627,14.25803036
8792,1,127274.0,757.08,2.833460189,15.07943288
8793,1,147746.0,1348.37,4.93924406,17.09467709
8794,2,338867.0,1913.16,0.404386504,11.87274495
8795,2,119110.0,695.07,2.115595583,13.85297227
8796,1,367048.0,2167.94,1.856785529,13.58677223
8797,2,251498.0,1800.74,2.871153439,15.25055807
8798,2,249326.0,1449.47,2.880965704,15.51950884
8799,1,119649.0,666.99,0.833255064,12.20939703
8800,1,145627.0,1170.33,3.967521498,16.78640532
8801,2,145681.0,948.35,3.265024034,15.61826469
8802,0,381427.0,1668.95,2.973844579,14.43941127
8803,1,357125.0,2324.11,0.668529734,12.02701397
8804,2,138669.0,897.51,3.723986633,16.66118961
8805,1,264541.0,1360.57,3.625560223,16.07270664
8806,1,349885.0,1963.34,2.389552968,15.4595263
8807,1,249715.0,1674.14,2.444281839,15.34515953
8808,2,250249.0,1862.92,3.744984886,15.8087288
8809,1,147510.0,1400.86,3.355334451,16.15666643
8810,2,251365.0,1524.95,2.528444676,14.69706305
8811,2,249343.0,1772.06,2.770456327,15.42216859
8812,2,139985.0,752.33,2.958237588,15.49586218
8813,2,270342.0,1914.04,3.762735841,16.16770229
8814,1,267569.0,2334.22,3.541836805,16.28182477
8815,1,156483.0,1325.01,3.620446743,16.91567361
8816,2,250801.0,1823.4,3.282659537,15.89115733
8817,1,260025.0,1281.41,2.293024505,16.04480008
8818,2,367560.0,2464.92,1.234438597,12.91785998
8819,1,370712.0,1650.32,2.035442101,15.31917995
8820,1,384028.0,2331.62,3.115851898,15.99594751
8821,1,246419.0,1801.81,1.989868291,14.52954451
8822,1,124697.0,1231.55,2.983303228,16.71562736
8823,1,248325.0,1914.85,2.125112455,13.6395332
8824,2,235743.0,1470.89,1.612355553,14.57544096
8825,2,245856.0,1831.35,1.182171941,13.76371891
8826,1,135321.0,591.27,1.530314292,14.14291749
8827,1,266586.0,1722.3,3.84653283,16.66744164
8828,1,386909.0,2390.42,3.841604469,16.00294537
8829,1,370169.0,1950.67,2.816003777,15.51849083
8830,1,257326.0,1341.13,3.605038761,16.11969374
8831,1,268982.0,1850.15,3.642763782,17.05457346
8832,0,162398.0,745.78,3.152056564,16.72978994
8833,1,143437.0,846.58,3.128451684,16.43192907
8834,2,249587.0,1333.53,3.869499668,15.50156041
8835,1,379217.0,2169.09,2.981435908,16.33892346
8836,1,379646.0,2700.3,2.78975147,15.21922062
8837,2,247615.0,1782.77,2.036671753,15.50554633
8838,1,161249.0,1115.39,3.858362667,16.17555853
8839,2,371682.0,2384.14,2.595378215,15.29095375
8840,2,121444.0,869.25,1.950893106,15.51625702
8841,1,380180.0,1873.44,1.984484631,13.88877646
8842,2,249229.0,1596.82,3.094893483,15.0580259
8843,1,116687.0,1451.77,1.850376961,13.95162981
8844,2,257760.0,1874.56,3.4479577,16.21325608
8845,2,129615.0,1418.98,2.780264584,15.81484604
8846,1,145577.0,1682.91,3.246702596,16.09196085
8847,1,276987.0,1962.55,3.744781834,16.67374975
8848,2,375321.0,2188.01,1.947285794,13.72936018
8849,2,266525.0,1942.88,3.272200675,14.63071469
8850,3,233182.0,1329.16,1.220714583,13.13534819
8851,1,245667.0,1711.5,1.776143655,14.95534543
8852,2,381814.0,2215.03,1.63942918,14.10442824
8853,1,264919.0,1923.98,3.706519018,15.85510619
8854,2,114947.0,1005.13,1.944803196,14.30379671
8855,2,362638.0,1979.94,1.750676502,13.25416805
8856,2,372514.0,2261.28,2.846405562,14.89121879
8857,1,154560.0,667.27,3.849628969,16.43879245
8858,1,152545.0,638.53,3.05883573,16.52616101
8859,2,263616.0,2167.16,3.23885294,15.76532717
8860,1,159881.0,1243.79,2.989386839,17.30375697
8861,1,379489.0,1902.4,1.876339747,14.15061567
8862,1,140467.0,644.47,3.01972961,15.65511843
8863,2,129401.0,1318.29,1.372341021,13.22530948
8864,2,248426.0,1199.29,1.676896148,13.75018568
8865,2,129779.0,1029.49,3.418327855,16.36502592
8866,2,140105.0,863.67,3.292405241,16.70889577
8867,1,363839.0,2268.4,0.874811075,12.19037243
8868,1,378471.0,2697.8,2.737722169,13.99590469
8869,2,142442.0,1012.03,3.677054275,16.01645154
8870,2,135170.0,701.73,2.856987739,15.74513172
8871,1,378276.0,2534.66,1.980760784,14.16059365
8872,1,383886.0,2209.92,3.880826118,16.68175073
8873,1,392384.0,2758.52,3.133487506,15.49367488
8874,2,246379.0,1822.04,3.332081413,15.88760629
8875,2,360056.0,2193.71,2.036304215,13.49419494
8876,1,254308.0,1751.08,3.290814793,15.82172177
8877,2,239393.0,1632.45,3.023299622,15.56088898
8878,1,176755.0,1598.63,3.677789755,16.569494
8879,2,348167.0,2063.72,0.85058901,12.36246428
8880,3,233858.0,1664.12,1.815776837,12.89182909
8881,1,153081.0,871.55,3.686893828,16.53160904
8882,2,120598.0,783.85,1.556022056,14.04131838
8883,1,356659.0,1984.8,0.74655554,13.89854996
8884,2,239033.0,1103.86,2.849748366,15.21644931
8885,1,364035.0,1946.83,2.106701983,13.7848986
8886,0,253735.0,1219.9,1.764844317,14.00396264
8887,2,260706.0,1853.48,3.454565824,15.92400186
8888,2,126463.0,881.88,1.977799632,13.38548037
8889,2,352734.0,2131.22,1.986784528,13.34328796
8890,2,138021.0,740.46,2.989537591,15.94368677
8891,3,360225.0,2520.78,1.77849998,15.03245905
8892,3,138038.0,1021.78,2.764097772,14.33898123
8893,1,273721.0,1856.89,4.502490327,16.57832587
8894,2,262966.0,1862.6,4.102932403,16.24125194
8895,2,248180.0,1505.91,1.745862826,13.55411031
8896,2,132707.0,1284.58,2.774186655,16.69415708
8897,1,242632.0,1688.65,2.071911059,13.34862562
8898,2,247073.0,1262.77,2.959121802,15.63941878
8899,2,137285.0,1449.91,3.871053274,17.08001308
8900,1,160328.0,1128.87,4.066581085,17.600647
8901,2,114947.0,1340.68,1.447589363,13.20770696
8902,1,265843.0,1873.24,3.56297848,16.49705925
8903,1,141794.0,841.08,3.182710151,16.3628846
8904,2,355227.0,1864.58,1.995636504,15.28808135
8905,0,274064.0,1445.88,3.724497756,16.71223267
8906,2,351433.0,2203.57,1.733043244,13.49556852
8907,2,235494.0,1348.52,1.178808927,13.2801277
8908,2,241296.0,1356.66,2.17248261,13.75975543
8909,1,384873.0,2515.41,1.832671299,15.75868017
8910,1,277738.0,1890.64,4.066674723,17.73027397
8911,1,146370.0,819.02,3.466969712,16.3846399
8912,2,136523.0,758.02,2.85404259,14.48115994
8913,1,356598.0,1729.46,1.840062951,13.74186268
8914,2,359982.0,2258.5,3.199764544,15.06685064
8915,1,362964.0,2114.82,1.437838209,12.39509739
8916,2,252606.0,1504.3,1.809685185,14.25943907
8917,2,136387.0,970.35,4.168516156,16.29678608
8918,1,388035.0,1926.29,1.956829227,13.92329086
8919,1,152165.0,1110.66,3.653889562,16.08830065
8920,1,370460.0,2011.87,3.044558644,15.60906948
8921,1,351248.0,1979.13,1.801109386,15.01816438
8922,2,136005.0,586.86,2.100479016,15.70921444
8923,1,383893.0,2316.07,1.989780485,13.6220831
8924,1,162545.0,817.48,3.575285085,16.92586065
8925,1,256418.0,1385.08,2.08132581,14.61938552
8926,1,275706.0,1856.07,3.879158157,16.186424
8927,1,366447.0,2290.22,2.9912433,16.14498761
8928,1,136208.0,1149.32,3.608169831,15.97682275
8929,1,245341.0,1752.65,1.454652516,14.14361739
8930,1,250136.0,1350.32,2.461490414,15.07000063
8931,2,347303.0,1906.21,0.669201298,13.72450392
8932,1,144861.0,727.86,3.587644248,15.91310835
8933,2,359634.0,2163.87,1.775479607,13.99126812
8934,2,248296.0,930.04,3.192351414,15.4438582
8935,1,363841.0,1880.51,2.839295031,15.49858508
8936,3,128306.0,938.84,2.04342158,13.69704402
8937,2,121005.0,921.16,2.604930888,15.09057852
8938,2,361826.0,1914.85,1.688290461,15.08331119
8939,1,366846.0,1913.43,1.619005988,15.12650308
8940,2,248920.0,1740.6,3.070508893,15.50683933
8941,2,138703.0,750.35,2.542434391,15.86900044
8942,1,368112.0,2102.74,2.927237352,15.43634242
8943,1,275541.0,1878.38,3.92856816,16.33754247
8944,1,370257.0,2486.25,2.294169787,15.4825887
8945,1,138396.0,1136.47,2.551200793,15.91057274
8946,2,131371.0,829.81,3.115411671,15.80538057
8947,2,239998.0,1167.97,1.511649026,13.55481286
8948,1,389939.0,2343.82,4.268460721,16.8396796
8949,1,369945.0,1873.3,1.155565847,13.59763661
8950,1,287864.0,2451.38,4.100580204,16.50751406
8951,2,137255.0,733.33,2.974922669,15.74689008
8952,1,146875.0,1792.62,3.56388149,16.17083893
8953,1,372953.0,1870.74,3.432783976,15.84307163
8954,2,122410.0,948.94,2.767253282,15.90745818
8955,2,347757.0,1797.83,1.472242801,13.66389117
8956,2,364360.0,1962.89,2.022607731,15.25700325
8957,2,358196.0,1958.12,1.998942941,15.2662493
8958,3,263134.0,1751.68,2.224588103,15.61665719
8959,2,240929.0,1144.73,1.929191452,14.68101932
8960,1,147193.0,1153.68,2.804366654,15.81923599
8961,2,239031.0,1340.6,2.279140261,13.95426726
8962,1,362264.0,2351.02,1.189905599,12.32366061
8963,1,160189.0,1205.13,3.488984835,16.15223861
8964,2,126989.0,937.42,1.807794348,13.89131241
8965,1,196609.0,1176.33,3.59805106,16.72523745
8966,2,155657.0,838.01,3.495690887,16.84997402
8967,0,269303.0,1427.99,2.780530037,15.12847442
8968,1,362379.0,2120.33,2.293830114,15.73739848
8969,2,142987.0,873.86,3.275837913,16.43627309
8970,1,128229.0,818.54,2.584270321,15.75007243
8971,1,366138.0,1947.1,2.462904949,14.01456898
8972,1,378455.0,2618.98,3.321201455,16.00618612
8973,1,382952.0,2309.8,2.012344568,13.92079733
8974,1,233637.0,1811.14,0.195543546,11.86449196
8975,1,151475.0,1028.38,3.678905292,16.58305715
8976,4,242606.0,1510.93,1.852275892,14.96892555
8977,1,274644.0,1850.09,3.947145176,16.36653595
8978,1,154859.0,1035.97,3.481387403,16.97415962
8979,2,357321.0,1884.79,0.755072009,13.571453
8980,1,350482.0,2002.71,1.965112647,13.84491034
8981,2,274477.0,1919.87,3.570573759,16.39632136
8982,1,255429.0,1816.77,3.385047048,15.75631224
8983,2,255836.0,1787.61,2.902481398,14.83134101
8984,1,184318.0,834.07,3.432225828,17.39169202
8985,1,128560.0,647.66,2.826669616,15.82873146
8986,1,278033.0,1847.83,3.743014505,16.7127672
8987,1,359726.0,1846.8,3.332589661,16.02154825
8988,2,363292.0,2196.91,2.173225232,14.04134834
8989,2,244566.0,1219.1,2.289836336,14.9883882
8990,1,158946.0,714.06,3.70620108,16.80295402
8991,1,252015.0,1270.94,2.246363004,15.29857274
8992,2,245908.0,1170.01,2.277403016,14.93304553
8993,1,262933.0,1258.51,3.024505812,15.90984815
8994,1,376543.0,1782.94,3.028898766,15.21477899
8995,1,371102.0,2262.19,1.45794163,13.29194153
8996,1,249228.0,1510.7,2.21760721,15.26058849
8997,2,251319.0,1442.32,3.405391805,15.6179162
8998,1,144569.0,1203.55,4.270268455,17.08094319
8999,1,259217.0,1478.05,3.732145228,16.73545463
9000,2,363762.0,2319.87,2.352675709,14.35096193
9001,2,362565.0,1905.24,1.702071803,13.83608289
9002,1,271259.0,1834.34,4.508968275,16.63488311
9003,1,379483.0,2583.39,0.996727798,14.37021778
9004,2,251065.0,1118.38,2.635343896,14.49367616
9005,2,133653.0,886.95,1.366126945,13.03027513
9006,1,144195.0,587.37,2.451718374,15.9491
9007,2,364179.0,1784.61,2.102557013,14.84611075
9008,2,136843.0,805.07,2.977326174,15.17379283
9009,1,369433.0,2151.01,1.732611736,14.13090748
9010,2,256855.0,1287.32,1.335347319,13.63144248
9011,1,251733.0,1823.12,3.638446829,16.21328844
9012,2,242922.0,1834.28,2.929712539,15.2557942
9013,0,380848.0,1904.44,3.204645134,16.15657631
9014,2,352064.0,1776.58,0.449216063,12.92460775
9015,1,377457.0,1851.38,2.383304926,14.39905764
9016,1,243406.0,1841.63,2.286723776,15.0220589
9017,2,132995.0,1327.99,3.059382167,15.57329175
9018,1,251679.0,1760.56,1.157130423,14.38221055
9019,1,253619.0,1745.96,2.786283873,15.57921251
9020,2,368781.0,1865.99,1.865407276,14.18681196
9021,0,156331.0,1236.69,2.998666641,15.43074413
9022,1,384198.0,1976.7,3.52291666,15.69431475
9023,2,243710.0,1890.93,3.741926561,16.03963062
9024,2,369936.0,1876.56,2.647801664,15.48791924
9025,2,242587.0,1880.69,2.221335393,15.19095126
9026,2,351764.0,1788.4,0.555283795,13.41449666
9027,1,154763.0,1022.59,3.58393617,16.51575214
9028,1,176437.0,1236.53,4.640195779,16.95080299
9029,1,266569.0,1366.82,3.885202835,16.48464435
9030,1,373687.0,2275.21,2.553303946,15.49745207
9031,2,348514.0,1818.32,1.895534074,13.53823439
9032,2,114947.0,1074.2,2.476569568,15.08249899
9033,1,376719.0,1909.16,1.797027716,15.34823748
9034,2,373256.0,2297.55,2.200032684,15.27141354
9035,1,378817.0,2764.34,3.038025134,15.82771432
9036,1,122951.0,586.86,2.04015897,14.84335286
9037,2,362143.0,2088.89,1.716222089,15.10311964
9038,2,130804.0,732.75,0.954431618,13.68207818
9039,2,241833.0,1424.4,1.481482966,13.43786232
9040,1,371314.0,1774.66,1.522295671,16.06995039
9041,1,367408.0,2257.84,1.776749343,13.02371854
9042,1,259045.0,1371.78,1.483407949,13.48961386
9043,1,389635.0,2677.11,1.954498433,13.66688791
9044,1,134241.0,836.13,3.006460628,15.52782122
9045,2,373589.0,2431.73,3.496949882,16.37374526
9046,1,148608.0,1121.37,3.780480423,16.18908611
9047,2,277651.0,1964.91,3.805729829,16.64408016
9048,1,258638.0,1774.89,2.789678998,16.10934108
9049,2,352889.0,1817.46,1.392555682,13.04125535
9050,2,247100.0,1834.33,1.891131019,14.74499815
9051,2,340383.0,1809.69,0.530016564,11.57120593
9052,1,387885.0,1913.19,1.859911374,14.15965232
9053,2,131163.0,808.54,1.607933896,14.8233617
9054,1,271999.0,1984.37,3.84439737,17.14590532
9055,3,123088.0,766.87,2.130745189,13.66615309
9056,2,124132.0,855.1,1.477709976,14.78609056
9057,2,370042.0,1793.37,2.047448848,13.98341398
9058,2,348474.0,1892.45,0.966456825,12.27742604
9059,1,362615.0,2043.7,1.530722584,13.03747615
9060,1,355520.0,2137.34,0.967008931,12.59202915
9061,1,159921.0,1285.94,4.664732031,17.26650924
9062,1,138985.0,794.24,3.00293133,15.69799779
9063,1,244487.0,1763.69,1.132565974,13.29443546
9064,1,253980.0,1192.27,2.859144307,14.87082791
9065,1,241535.0,1377.32,1.462202949,13.17635844
9066,2,232162.0,1417.42,1.207880247,12.97266179
9067,1,158395.0,1003.84,3.798304713,17.31223021
9068,2,124846.0,774.61,1.761214141,13.59318913
9069,1,358237.0,1814.8,2.243186642,15.51053253
9070,1,258127.0,1309.04,1.280191027,13.07094674
9071,1,252449.0,1290.76,3.683927724,15.6532191
9072,1,363697.0,1903.4,2.366244202,14.44490113
9073,2,119096.0,991.49,1.864132414,13.3198907
9074,2,121618.0,698.49,2.381612707,15.51910213
9075,1,360018.0,2104.26,1.137513695,13.98696188
9076,2,353827.0,1834.95,1.614920125,13.11675562
9077,3,244332.0,1514.39,1.526018206,14.05863868
9078,2,140750.0,913.05,1.805968456,13.45232996
9079,1,179388.0,1564.27,3.940071012,17.15732241
9080,1,272542.0,1701.5,3.63472951,16.53819049
9081,1,340415.0,2404.59,0.401856085,12.93356647
9082,2,141185.0,875.37,3.605599191,16.41947715
9083,0,154874.0,1438.72,3.837622418,16.88616042
9084,1,135392.0,1631.48,3.107095515,16.45258791
9085,1,151544.0,819.27,3.862108137,16.40407513
9086,1,153502.0,1106.72,3.595669334,16.07814876
9087,2,145235.0,774.77,2.894962329,15.66695623
9088,2,251101.0,1398.01,3.051319576,15.69105613
9089,1,379776.0,2283.19,2.63436306,15.39800247
9090,2,378747.0,2247.89,3.684808881,16.34205825
9091,1,156133.0,1718.43,3.473388987,16.2890217
9092,1,381793.0,2358.74,3.628311587,17.02433729
9093,1,269093.0,1831.0,3.614382056,15.96117352
9094,2,240384.0,1777.84,2.088309283,14.00247777
9095,1,244078.0,1296.5,1.451411731,13.35462808
9096,1,141245.0,1038.76,2.930676999,15.99400627
9097,2,114947.0,1328.35,2.4290219,16.41347638
9098,2,131532.0,917.23,1.632532521,13.22081694
9099,2,163214.0,1921.56,3.474342841,16.46940798
9100,0,280684.0,1426.32,3.759039428,16.50841933
9101,2,132757.0,1624.95,2.113723622,14.37614731
9102,1,142181.0,1153.92,3.133574106,15.47214738
9103,2,367797.0,1950.07,1.807193265,13.9450558
9104,1,363911.0,2305.21,1.848454184,13.721811
9105,1,265472.0,1718.2,4.193146912,16.65993568
9106,2,243464.0,1569.73,3.937457176,15.77915047
9107,2,358236.0,2364.71,1.836398012,13.23389231
9108,0,383012.0,1835.04,3.524051345,16.18495152
9109,2,368094.0,2101.87,1.393004174,13.98819902
9110,1,248766.0,1746.4,3.052083458,15.4327198
9111,0,168217.0,1271.86,3.154002935,17.29138525
9112,1,266526.0,1362.04,3.597011426,16.6803523
9113,1,280047.0,2333.84,3.720380709,16.64380352
9114,1,259391.0,1903.99,3.293202635,16.02332696
9115,2,261314.0,1902.3,2.971223084,14.71852141
9116,2,274116.0,1901.39,3.794730714,16.69907734
9117,2,350936.0,1780.77,1.329932573,14.4794014
9118,2,353550.0,1931.74,1.071176011,14.83852543
9119,2,248100.0,1584.05,2.865220811,14.62891271
9120,2,346115.0,1897.12,1.278839613,12.90040186
9121,1,253336.0,1071.98,2.80816172,15.59987084
9122,1,166448.0,800.03,4.87138972,17.45931298
9123,1,255913.0,1862.69,1.824517117,14.90974207
9124,1,146351.0,707.31,3.095159082,16.29074273
9125,1,166832.0,1330.02,3.715390483,16.2793427
9126,2,127607.0,767.59,2.857730494,15.22796916
9127,2,368147.0,2369.46,1.493442188,13.12555047
9128,2,378432.0,2381.28,2.968100479,15.67726467
9129,1,266931.0,1872.57,3.389071318,16.7761406
9130,1,375883.0,2445.91,3.850291001,16.53978224
9131,0,145901.0,1125.47,2.701200515,15.58540739
9132,1,265105.0,1841.06,3.801386056,16.26261485
9133,1,361783.0,2216.93,0.465865355,13.233998
9134,2,140374.0,1489.65,2.90767863,14.77712838
9135,3,114947.0,780.73,0.4455868,13.26329648
9136,0,144394.0,639.84,3.023588623,15.83076417
9137,1,392588.0,2121.92,3.469455782,16.31588718
9138,2,364008.0,2475.44,2.878157102,15.09600197
9139,0,163076.0,983.85,3.58035567,17.07279503
9140,1,259908.0,1767.47,3.739724164,16.10888173
9141,3,229857.0,997.63,1.622382827,13.81850623
9142,2,230781.0,1414.39,1.7196447,12.86557325
9143,2,244820.0,1837.39,2.094277582,12.93981315
9144,1,257264.0,1785.48,3.290261834,15.89182832
9145,2,252735.0,1506.03,2.233738752,13.87220385
9146,2,244499.0,1349.61,0.83929337,13.42722593
9147,1,363135.0,1890.91,0.799357962,13.14721608
9148,1,133118.0,755.08,2.602550364,14.41145812
9149,1,127734.0,1050.43,1.54560417,13.64959133
9150,1,266823.0,1857.74,3.493709045,16.34434655
9151,2,383882.0,2721.31,3.282633683,16.03734631
9152,3,249448.0,1638.86,3.122554871,15.50056348
9153,2,272983.0,1895.68,3.895445029,16.59870172
9154,1,258382.0,1473.34,2.669357323,14.13282019
9155,2,347725.0,1814.01,-0.002920092,11.91042252
9156,1,259505.0,1818.28,2.913542209,15.94902164
9157,1,367387.0,2138.04,3.165218309,16.12095695
9158,2,145354.0,782.04,3.540101624,16.11710683
9159,2,135142.0,884.42,3.662426965,16.45677597
9160,1,268721.0,1897.03,3.278989958,15.56646233
9161,1,145729.0,794.98,1.897108385,15.50814179
9162,3,358700.0,1847.1,1.311941178,14.45237272
9163,1,119529.0,1412.32,3.121166086,17.21538075
9164,3,344939.0,1383.79,0.476185841,13.27439752
9165,1,250557.0,1192.02,1.985962056,14.25574544
9166,1,156035.0,1001.64,2.916924342,16.62856828
9167,0,147089.0,982.11,1.836980514,14.37686749
9168,1,364238.0,1867.81,3.42628866,15.73201882
9169,1,150550.0,1152.89,3.605265483,16.9158252
9170,1,364030.0,1896.63,1.048372523,12.90168572
9171,2,137731.0,824.4,3.454932737,16.08042292
9172,1,145839.0,652.74,2.887559162,16.16477563
9173,2,255218.0,1314.16,3.256483406,15.41324651
9174,1,256918.0,1795.94,3.601341758,14.48152984
9175,3,121331.0,866.03,2.295012496,15.14188726
9176,1,236970.0,1439.22,0.603935125,14.37106962
9177,2,141388.0,931.79,3.448994017,16.2379935
9178,2,142888.0,1020.81,3.069288478,15.52831805
9179,2,254142.0,1799.81,4.192546962,16.6392823
9180,1,242740.0,1074.29,1.412209641,14.500918
9181,1,130867.0,689.74,2.121099396,13.84053433
9182,3,126710.0,971.65,2.086691766,14.8464944
9183,1,255495.0,1824.71,1.427584442,15.53064994
9184,2,248099.0,1816.87,3.195539725,15.67691147
9185,1,271142.0,1744.83,3.880136738,16.06241812
9186,2,359527.0,2235.38,3.006168171,15.49538938
9187,2,358966.0,2197.7,2.824793983,15.50560151
9188,2,351340.0,1740.57,1.273060425,11.73245236
9189,1,389679.0,2605.19,3.504828734,15.73779221
9190,2,256246.0,1549.14,3.48953278,14.20738331
9191,2,368927.0,1828.08,1.892355836,14.16960877
9192,2,261508.0,1829.78,3.681529403,15.56501638
9193,1,149691.0,1284.78,3.766859687,16.68794042
9194,1,348227.0,1976.08,1.316315792,11.90166891
9195,2,142432.0,730.26,4.034738752,16.27111479
9196,1,155746.0,1074.92,3.896578096,16.71685089
9197,3,222651.0,876.81,1.581252977,12.01662783
9198,1,146349.0,649.69,1.56818361,13.71149662
9199,2,368884.0,2210.95,1.205802975,12.77115553
9200,2,121756.0,1449.94,2.15114256,16.32531163
9201,1,158629.0,1015.13,3.845803988,16.91267224
9202,1,258091.0,1845.46,3.43670105,15.66967627
9203,1,156099.0,928.03,4.736528626,17.09212585
9204,3,249784.0,1794.15,1.835718557,15.05030346
9205,1,154311.0,945.28,3.752635149,17.1044987
9206,2,145223.0,647.08,2.016290228,15.83331995
9207,2,363734.0,2288.03,1.378593789,12.78986955
9208,1,142632.0,1193.61,2.471761769,16.36581904
9209,2,143482.0,927.18,3.278231656,16.61459265
9210,1,268671.0,1958.09,3.66145533,16.22556247
9211,1,360494.0,2171.8,0.868599356,12.6970649
9212,2,366913.0,2169.31,1.70757467,13.54021415
9213,2,234295.0,1498.02,1.741628769,13.85171917
9214,2,134284.0,954.31,3.244434109,15.50213832
9215,1,138460.0,815.13,1.824893746,14.08677818
9216,1,256927.0,1851.21,3.861985847,16.38865078
9217,2,267282.0,1706.66,3.902760808,15.71699391
9218,2,370996.0,2617.31,1.490936177,13.59256814
9219,2,246552.0,889.59,1.956365184,13.63054658
9220,1,140052.0,692.44,2.30302288,15.5494153
9221,0,377272.0,1767.37,3.575176743,16.48606798
9222,1,364959.0,1860.95,3.67899768,16.36509566
9223,1,260056.0,1806.24,3.118264332,15.5037235
9224,1,379959.0,1906.19,3.573955406,16.11344861
9225,1,371928.0,1848.25,2.096301586,13.92035115
9226,2,240217.0,1805.3,1.962636278,13.62721599
9227,1,143796.0,906.75,3.147892851,15.32168146
9228,2,130418.0,712.7,2.35843348,15.35442485
9229,1,379720.0,2166.42,3.486498379,16.43544163
9230,1,267122.0,1398.83,2.21787374,15.649401
9231,1,262511.0,1786.36,3.701155952,16.08593716
9232,1,369044.0,2217.22,3.010816708,15.86008176
9233,3,377061.0,2386.55,2.981385683,15.89288929
9234,1,250691.0,1564.52,3.08776227,16.00921597
9235,2,148234.0,685.67,3.428873328,15.98697665
9236,0,279395.0,1851.26,3.746614342,16.36925929
9237,2,140641.0,794.24,2.932609411,15.69641387
9238,2,138997.0,706.05,2.779754023,14.65864922
9239,1,145499.0,1011.0,3.28764776,16.19144172
9240,1,246345.0,1500.51,3.072196576,15.6221039
9241,1,273708.0,1906.11,3.778216218,15.7278793
9242,1,378992.0,1865.66,1.328739142,13.08324434
9243,1,254630.0,1731.8,2.913801449,15.66296124
9244,1,359274.0,1808.44,1.13782147,13.39630902
9245,1,250538.0,1458.08,1.997040577,15.12974583
9246,1,254941.0,1368.91,1.503870661,13.36437377
9247,2,241971.0,1446.97,1.491117621,13.84405649
9248,1,384768.0,1898.71,2.946643318,16.29241576
9249,1,159784.0,744.36,3.594413708,16.2497581
9250,2,362383.0,1996.63,0.924896328,13.08495546
9251,1,156533.0,1324.45,4.101704055,16.91774581
9252,1,163918.0,1534.32,3.598647276,16.34707855
9253,1,239679.0,1308.56,1.83874297,13.80122328
9254,2,144149.0,762.95,2.581577432,15.60693194
9255,1,134464.0,619.83,1.585433196,14.98225882
9256,2,241208.0,1380.98,2.044633435,14.3288371
9257,3,130870.0,1907.61,1.663108988,13.28310099
9258,1,263605.0,2036.21,3.523244404,16.28443673
9259,2,138163.0,723.59,1.011402642,13.63167894
9260,2,148276.0,868.98,3.059698905,16.29122695
9261,1,153374.0,2038.21,3.784113091,16.76639907
9262,1,373246.0,2309.08,2.697854476,15.49674948
9263,2,136246.0,1021.22,3.166832476,15.25342506
9264,2,351772.0,2000.6,2.43058408,15.49263818
9265,3,122112.0,1391.68,2.261538524,15.85050435
9266,1,251801.0,1775.31,3.166559968,15.78723027
9267,2,262834.0,1426.23,3.708612988,15.50823168
9268,1,141845.0,828.39,2.925337505,16.02900152
9269,3,134289.0,1015.01,1.792049643,15.05919849
9270,2,133331.0,835.22,0.729417959,14.47714637
9271,1,363673.0,2227.65,3.014107055,15.68618046
9272,2,127386.0,879.5,0.976102897,14.01124702
9273,2,234209.0,918.85,0.812999449,12.43053348
9274,1,368501.0,2203.36,1.96052507,14.00745384
9275,2,129194.0,689.34,2.535303722,15.24640628
9276,2,355702.0,1699.9,1.332848756,14.08765831
9277,1,256628.0,1622.26,3.009726438,15.78064458
9278,3,244718.0,1155.04,1.462105351,13.6639175
9279,2,245101.0,1725.77,2.66574832,15.52423693
9280,2,259637.0,1967.7,3.633714731,16.08928895
9281,2,248979.0,1607.72,2.036214758,15.28015572
9282,2,116280.0,1101.49,1.889402509,15.4363398
9283,2,354752.0,1794.0,0.423367378,12.42151857
9284,0,150206.0,818.72,2.957129248,16.31708826
9285,1,114947.0,1060.88,2.187827083,14.03348724
9286,1,271942.0,2122.61,3.493490453,16.60316557
9287,1,376075.0,2302.11,1.575811376,13.13820273
9288,1,359172.0,1828.28,1.083223575,13.02650038
9289,2,254031.0,1850.66,1.885058103,14.58895434
9290,1,353915.0,1728.97,3.592303613,15.64132206
9291,1,270195.0,1620.85,3.881740734,16.5324719
9292,3,133554.0,1635.57,2.821155823,15.4528759
9293,1,242788.0,1797.59,2.508426305,15.18869902
9294,1,241195.0,1319.02,0.798351548,12.60006969
9295,1,355437.0,1865.42,1.38417543,12.79508397
9296,2,365232.0,1622.44,2.15377026,14.96698386
9297,1,138971.0,1392.29,2.813337702,13.84657541
9298,0,137578.0,588.47,1.52110542,14.46921013
9299,1,363253.0,2255.11,1.733835356,12.77566955
9300,1,253785.0,1830.87,3.050882567,15.45190026
9301,1,271005.0,1928.97,3.774421058,17.00264886
9302,1,157532.0,911.05,3.785681306,16.8993495
9303,1,369281.0,2505.21,1.594993475,15.20203296
9304,2,235801.0,1725.46,0.905946334,13.22516296
9305,1,150530.0,731.82,3.032113877,16.1222308
9306,2,240515.0,1599.16,1.043351954,13.04208774
9307,1,143472.0,966.39,2.644396556,16.17211155
9308,3,116944.0,860.36,1.723380342,13.58452435
9309,1,157983.0,771.77,3.822571456,17.24510445
9310,1,370005.0,2044.97,1.566257349,13.78339506
9311,2,147269.0,998.02,3.752685232,16.64639339
9312,2,128998.0,1644.34,2.83689413,15.81085548
9313,1,163530.0,778.58,3.687146851,17.05613029
9314,2,346546.0,2043.77,1.7615576,13.2892865
9315,2,240182.0,1314.98,0.451865828,11.96952187
9316,2,269431.0,1849.43,3.122805061,16.05746169
9317,1,118033.0,1177.87,2.827198361,15.80870557
9318,2,248490.0,734.78,1.504174469,13.51626592
9319,2,171857.0,1666.26,4.005915076,16.92244134
9320,2,247318.0,1331.21,1.682638155,13.68190726
9321,2,143226.0,960.38,3.209961864,15.33409794
9322,2,140902.0,879.25,2.909603044,15.90294202
9323,2,130860.0,841.04,1.430709957,13.66280054
9324,1,158243.0,602.66,3.012379179,16.22639766
9325,1,150523.0,1138.54,3.64618291,16.67413491
9326,2,362314.0,2372.6,2.182278032,13.9483302
9327,3,133342.0,983.35,2.07544237,14.3736128
9328,2,368248.0,1817.34,2.767557126,15.8265932
9329,1,282725.0,1774.24,4.274257625,16.73799805
9330,2,245328.0,1308.16,2.201650185,13.92173579
9331,1,366809.0,2320.02,3.285614496,16.58382236
9332,1,386227.0,2578.72,3.275404765,15.97349128
9333,2,366513.0,2406.99,1.594324006,14.91886515
9334,1,374531.0,1990.17,1.416255321,13.38630114
9335,3,355493.0,2245.7,1.634431728,13.95281753
9336,2,342973.0,1913.34,0.213113906,12.91227031
9337,1,156460.0,821.78,3.657148926,17.43047213
9338,2,240355.0,1599.87,0.706537268,12.5481169
9339,2,127057.0,644.36,2.038998706,13.72344802
9340,1,252222.0,1179.9,0.695861198,14.81537597
9341,2,136012.0,1743.47,1.793084721,13.93468823
9342,1,254717.0,1596.53,2.056014898,14.88955532
9343,1,260152.0,1536.64,1.926132421,14.52334656
9344,2,263040.0,1983.49,3.548595137,15.65240049
9345,3,228782.0,1371.81,1.760946975,13.28198771
9346,1,152204.0,1228.55,3.667204681,16.32499705
9347,0,259782.0,1673.14,3.204569565,15.56598433
9348,2,354850.0,1781.3,0.996827689,12.9696784
9349,1,152179.0,586.86,3.066789342,16.19893816
9350,2,366914.0,2298.16,2.629247284,14.69019041
9351,2,359696.0,2276.73,0.585148274,12.13039144
9352,1,154588.0,1143.99,2.879360488,16.71553933
9353,2,359712.0,1903.75,1.471580918,13.58125986
9354,3,121059.0,848.16,0.720230595,12.34014799
9355,1,237891.0,1316.15,2.230129937,13.42550667
9356,2,288410.0,1898.97,4.93924406,16.78254579
9357,1,350971.0,1797.85,1.464429876,13.49700234
9358,2,141184.0,680.44,2.973018826,15.80138618
9359,1,268383.0,1540.41,2.145736368,14.46884489
9360,1,118269.0,935.19,1.901409439,15.20459572
9361,1,391054.0,2424.06,3.233677865,15.852337
9362,2,137826.0,1712.6,1.516926349,13.78805371
9363,1,369094.0,1805.52,1.975650888,14.22986919
9364,1,152758.0,644.71,2.687756885,16.22917097
9365,2,352775.0,2522.95,2.075340079,14.48868526
9366,1,361149.0,1961.73,3.401911995,15.74900112
9367,2,350794.0,1690.78,3.051776922,15.64800667
9368,3,238857.0,942.09,2.555120977,14.69084866
9369,1,261540.0,1804.26,1.77571852,13.73100813
9370,3,247415.0,1626.51,3.193079428,15.79145039
9371,1,156500.0,1245.55,2.5781223,16.06732578
9372,1,235934.0,1745.94,1.390239798,13.369938
9373,2,259215.0,1848.09,3.779922612,16.18482527
9374,2,137603.0,1052.73,1.885170337,14.35398186
9375,3,231469.0,1409.85,1.124707928,12.52251544
9376,1,160482.0,1467.06,3.33715589,16.20113734
9377,2,357560.0,2230.85,1.421590277,13.33578001
9378,2,131154.0,1042.04,3.116390612,15.66584917
9379,2,152329.0,847.75,3.528585664,16.5122353
9380,1,266538.0,1972.04,3.679509641,16.11828683
9381,1,281201.0,1691.41,3.838009515,16.6209171
9382,2,253845.0,1836.04,2.96218818,15.4236614
9383,1,379950.0,2401.62,2.500311495,14.87303445
9384,2,142975.0,1643.6,3.370613484,14.38799775
9385,1,349590.0,1869.21,0.52628236,13.91337422
9386,1,135106.0,1545.5,3.729350352,16.98749992
9387,2,241641.0,1247.45,2.152955626,13.94793231
9388,2,181935.0,1034.21,3.629515845,17.04555906
9389,1,379064.0,2332.89,1.954763039,13.82054546
9390,2,355149.0,1876.71,1.811263563,13.73838344
9391,2,133609.0,917.22,2.012152089,15.2769524
9392,1,156386.0,670.74,3.804441934,16.0143528
9393,1,363415.0,2244.66,3.147833427,15.77249829
9394,2,129010.0,747.22,1.314830153,13.15936053
9395,2,140175.0,1150.54,3.507038761,16.16447084
9396,1,156727.0,849.05,3.708223555,17.05773718
9397,1,137854.0,863.15,1.999588779,13.57393468
9398,0,167835.0,1227.3,3.569910855,16.14750265
9399,1,168221.0,883.48,3.73553611,17.71317715
9400,1,369965.0,1883.93,0.846241857,13.01879087
9401,2,373385.0,2651.88,2.8404908,15.92996485
9402,3,128828.0,908.34,2.523629612,14.04976595
9403,2,241229.0,1753.46,1.685304211,15.13160194
9404,2,347691.0,2132.41,1.387009249,12.5261863
9405,1,279545.0,1831.67,3.517293878,16.99455784
9406,2,114947.0,1453.43,2.286027823,16.62908229
9407,1,274057.0,2516.7,3.73196798,16.45156365
9408,1,255120.0,1802.59,2.663920321,15.3732444
9409,2,362834.0,1856.12,1.267055244,13.92316017
9410,2,369964.0,1803.74,2.613369314,15.05795484
9411,2,243715.0,1353.37,2.359828454,14.87438789
9412,1,252921.0,1403.01,3.913468668,16.07463032
9413,1,360344.0,1820.83,1.354353904,12.8734298
9414,1,263648.0,1361.62,3.801434524,16.34316035
9415,3,246778.0,1821.41,2.608380206,15.00232187
9416,1,250733.0,1605.6,1.904802514,14.20979481
9417,2,153447.0,813.46,3.711160683,16.28336236
9418,1,356154.0,2143.9,1.729446142,13.45633541
9419,2,368869.0,2097.9,3.09668282,16.09498484
9420,1,359822.0,1811.79,0.372154113,12.71724132
9421,1,158261.0,682.68,3.452805479,16.54389653
9422,1,254290.0,1860.11,3.018456468,15.87897798
9423,1,263756.0,1820.04,4.539118158,16.56634889
9424,1,263494.0,1901.63,3.540515931,16.13844307
9425,1,244934.0,1429.63,2.148524919,13.64828028
9426,1,380329.0,2176.74,3.09225969,15.50766867
9427,1,374714.0,2360.46,3.409265536,15.78744122
9428,1,238076.0,1058.81,1.584110294,13.21469112
9429,1,276470.0,1958.5,3.464716733,16.81691208
9430,3,143531.0,1023.7,3.770080564,16.30367709
9431,1,369967.0,1970.11,0.700226894,12.27137925
9432,1,255028.0,1381.67,2.457257685,15.03834422
9433,2,354394.0,1928.15,2.185464458,13.79991281
9434,2,250563.0,1699.23,2.872602271,14.85510923
9435,2,223488.0,1599.63,1.091877739,12.60935279
9436,2,340203.0,2280.27,1.147284796,11.58778385
9437,1,260246.0,1759.04,3.65619306,16.32179323
9438,2,154802.0,1138.45,4.487361246,16.75406114
9439,1,138362.0,1127.95,2.255158611,15.3283433
9440,2,355444.0,2395.25,2.236135714,13.66674972
9441,1,363647.0,1933.92,1.272197646,12.67629441
9442,2,146411.0,586.86,3.698965225,15.71844982
9443,2,352067.0,1855.23,1.375508794,12.99699364
9444,1,146529.0,855.32,3.153950063,16.42181987
9445,1,374012.0,1677.53,1.633918903,15.71478895
9446,1,252189.0,1267.14,3.048725394,16.07969202
9447,1,133139.0,760.79,1.908691782,15.22708067
9448,1,247465.0,1340.2,2.161005884,13.91583476
9449,1,189734.0,738.11,4.077650185,16.30885621
9450,2,361276.0,2177.44,1.736430114,14.33409053
9451,1,254955.0,1719.26,2.901325658,15.78679043
9452,3,247723.0,1782.98,1.758720555,13.6857311
9453,1,150527.0,1237.46,3.529162574,17.27537982
9454,1,365878.0,1741.34,2.076736499,13.84929617
9455,1,247743.0,1491.86,1.121309837,12.91407298
9456,2,235044.0,1690.15,0.743267917,13.23556499
9457,1,151419.0,708.52,2.745110671,16.09942698
9458,1,142422.0,747.72,2.830710168,14.13601811
9459,3,233797.0,855.82,0.791638072,12.69922252
9460,2,146559.0,1105.26,3.483359699,15.92609354
9461,0,251546.0,1137.57,2.296560711,15.95922468
9462,1,276377.0,1891.01,2.987360907,15.76454566
9463,2,360630.0,2192.62,2.172529673,15.53604289
9464,1,143209.0,1182.78,3.084978344,15.3419685
9465,1,131139.0,1054.67,1.971634158,15.85160344
9466,2,252380.0,1719.06,1.67580214,15.47315517
9467,2,267711.0,1955.93,3.529586226,16.49027579
9468,1,266575.0,1480.63,2.996235044,15.42589795
9469,1,281459.0,1876.78,3.913719602,16.63917456
9470,1,181210.0,1641.21,3.826108436,16.25367143
9471,1,240210.0,1261.77,2.286585133,13.93655334
9472,2,351975.0,1772.12,0.628081528,12.41555053
9473,1,262990.0,1293.34,2.365718322,14.3350265
9474,1,251785.0,1411.69,1.567083369,13.49203711
9475,2,147889.0,1248.17,3.473493269,15.80688222
9476,2,235778.0,1783.25,1.890215684,13.61548082
9477,1,254549.0,1365.48,2.477303858,13.73127929
9478,1,136883.0,796.91,2.988535427,14.80384843
9479,1,129505.0,707.72,2.683631999,15.15308336
9480,1,241908.0,1163.13,1.195472446,12.09127408
9481,2,134455.0,1014.41,2.217589047,15.51053211
9482,2,363242.0,2157.17,1.635479945,13.69129093
9483,1,135368.0,1321.57,3.843036736,16.74562849
9484,2,152735.0,1408.33,3.707385856,15.72229156
9485,1,279472.0,2059.44,3.782658521,16.49700383
9486,1,150947.0,1180.36,3.634338298,16.86766103
9487,1,388227.0,1996.37,3.857322669,15.68131672
9488,2,247558.0,1503.85,2.181457451,13.86782701
9489,2,348078.0,1941.82,0.937439051,12.85980647
9490,2,140664.0,908.45,3.0296164,16.55149747
9491,2,276520.0,1977.8,3.668155222,16.36532908
9492,1,137979.0,1171.63,2.717578252,14.70994546
9493,1,198356.0,1443.82,4.041280753,16.62359962
9494,1,368901.0,2136.69,3.29690044,16.72729834
9495,2,365820.0,2613.66,3.048934497,15.51034357
9496,2,154045.0,586.86,2.268419698,15.45561917
9497,1,390733.0,2955.41,3.136691049,15.28405478
9498,1,259337.0,1803.64,3.605714737,15.58980637
9499,1,369309.0,2325.37,1.990824185,15.13489815
9500,3,138412.0,897.1,3.077949219,16.43408116
9501,3,142832.0,869.8,3.732781825,15.74995521
9502,1,152609.0,1112.47,3.928431053,16.16139684
9503,2,354194.0,2014.64,1.923232912,14.58501686
9504,2,233822.0,1486.2,1.517738654,12.69598019
9505,3,122358.0,852.83,2.652509714,14.8446664
9506,2,114947.0,711.28,1.235969733,13.1114226
9507,1,253982.0,1732.73,1.534942539,13.48417127
9508,2,348836.0,1896.43,2.03122893,13.58311868
9509,1,253686.0,1474.64,2.706845423,15.64444412
9510,1,158092.0,1192.27,3.72866638,16.37073723
9511,1,144545.0,1751.59,3.719994997,16.16355405
9512,1,242544.0,1694.78,2.126036642,14.03409973
9513,1,179469.0,923.12,3.776969999,17.19913375
9514,1,247461.0,1557.04,3.343538609,15.99545479
9515,1,263339.0,1559.98,1.677475718,15.24338564
9516,1,167082.0,1376.34,4.04641013,16.88019033
9517,2,254953.0,1732.22,2.003868668,15.29427874
9518,1,368810.0,1853.38,1.63685007,13.79603699
9519,2,362522.0,2187.65,2.089796064,13.72218969
9520,2,140510.0,934.1,3.877639271,16.08500832
9521,1,276626.0,1871.17,4.101872529,16.42126943
9522,1,261409.0,1806.54,3.632180385,15.47946958
9523,1,277665.0,1835.86,3.653667784,16.14840357
9524,2,141454.0,873.66,3.753330506,16.85854842
9525,2,233236.0,1385.98,1.963159399,13.46726341
9526,2,362120.0,1976.55,1.709130849,13.19408343
9527,1,248174.0,1462.0,2.745027867,15.07315067
9528,2,358845.0,2164.85,2.776406664,15.38544513
9529,1,153470.0,1170.57,3.343550629,16.8285647
9530,1,156358.0,1392.84,4.766112305,17.73027397
9531,1,357387.0,2135.94,1.996982189,13.3388455
9532,2,129195.0,926.2,2.846682006,15.7192195
9533,1,183479.0,893.57,3.710067874,16.55258802
9534,2,145169.0,870.87,3.653631921,17.15891636
9535,1,367759.0,2114.88,2.967977266,16.23375623
9536,2,118578.0,1468.41,2.11246605,14.79775904
9537,2,247355.0,1447.3,3.183078817,15.99493632
9538,1,164633.0,1326.25,3.791553734,16.30433068
9539,1,156519.0,875.82,3.177922326,16.34808813
9540,2,245790.0,1727.78,2.174727433,15.73672125
9541,2,143720.0,689.24,3.654988279,16.45041999
9542,1,268129.0,1254.94,2.870347097,15.48253791
9543,1,266896.0,1700.26,3.305479036,16.42150585
9544,3,136203.0,866.99,2.913655746,15.46432582
9545,1,133545.0,1324.37,2.998696725,14.17234895
9546,2,124934.0,925.47,2.155908569,14.04833047
9547,1,369858.0,1888.61,2.261073583,15.32505278
9548,2,368520.0,2374.69,3.066391833,15.39032874
9549,1,123764.0,1214.69,3.01839054,17.14823207
9550,2,259676.0,1648.18,3.106123528,15.47825676
9551,1,378742.0,2610.37,2.009035253,15.51790313
9552,2,129944.0,586.86,1.316619979,14.23488037
9553,1,369263.0,1818.16,2.122998366,13.96363034
9554,1,159518.0,766.71,3.139731219,15.92448518
9555,1,168678.0,1197.26,3.799980109,15.92431155
9556,2,240212.0,1331.74,1.900535825,13.61207904
9557,1,379377.0,2349.85,2.244974068,14.99779055
9558,2,355498.0,2076.61,1.354156275,12.97715743
9559,1,149938.0,744.66,3.283192915,16.56155276
9560,2,246003.0,1676.25,1.559979388,13.31057976
9561,2,232501.0,1209.64,2.650478264,13.86684603
9562,2,367236.0,2027.05,1.539987638,13.21234632
9563,1,134599.0,623.32,2.029993111,15.1433365
9564,0,238566.0,1169.33,1.624669771,14.31255639
9565,1,370652.0,2197.22,3.469598463,16.14308193
9566,2,234664.0,1463.19,0.395599549,13.0281722
9567,1,166196.0,1206.24,4.93924406,17.18871717
9568,1,245860.0,1432.48,0.729908214,13.21771817
9569,2,371745.0,2416.64,3.686951667,16.01207835
9570,2,118145.0,828.37,1.318424036,12.46148997
9571,1,253287.0,1822.06,3.532169063,14.57040044
9572,1,363934.0,2190.57,1.782890761,15.06750326
9573,1,149215.0,672.62,2.188481847,15.88021649
9574,2,141716.0,1162.5,3.744635145,15.79068168
9575,1,362814.0,1862.86,0.99825272,12.95345227
9576,2,351557.0,1640.12,1.627816135,12.78631306
9577,2,250551.0,1501.78,1.727796135,13.7990658
9578,1,358477.0,1914.09,2.042169696,13.53268351
9579,1,369185.0,1821.22,2.254203755,15.57387229
9580,1,379567.0,2060.39,3.60063475,16.00721766
9581,1,248784.0,1558.4,1.747297743,13.68779994
9582,2,352724.0,1964.13,-0.120241335,12.41119458
9583,2,362790.0,1906.94,2.931801217,15.40521417
9584,1,258964.0,1756.24,3.807252759,16.42591643
9585,2,237240.0,1406.26,1.486264308,13.55899766
9586,2,246131.0,1500.22,2.905990899,15.84941245
9587,2,248366.0,1795.2,3.192043254,15.25666247
9588,2,131818.0,987.76,2.316258904,14.05331537
9589,2,233151.0,1540.55,1.125389347,12.7840661
9590,1,363633.0,1720.36,2.724268142,14.11406465
9591,2,258208.0,1759.77,3.882328848,16.44288377
9592,0,260522.0,1723.35,3.642942108,16.60462428
9593,2,369069.0,2268.74,3.082943916,15.74927411
9594,2,245871.0,1604.41,2.031801488,14.80192465
9595,2,339527.0,1877.33,0.589376042,12.24188379
9596,1,264879.0,1465.44,3.680695936,15.75165864
9597,2,255624.0,1721.29,2.011692601,13.62487216
9598,2,363587.0,1963.55,0.548077583,13.3530409
9599,2,375177.0,2371.37,1.035928418,14.23656695
9600,1,378629.0,2403.56,3.341997598,16.19584707
9601,3,256784.0,1864.6,3.681754171,15.9491182
9602,2,126708.0,967.99,2.544040552,13.84107789
9603,1,360792.0,1952.42,0.989759982,12.99221135
9604,2,142681.0,1053.51,2.683355736,16.13162156
9605,1,277475.0,1903.69,3.778169322,16.39825102
9606,3,353841.0,2167.42,1.456416805,13.6391094
9607,2,250631.0,1616.87,2.76044808,15.91181671
9608,1,392198.0,1959.71,3.074775442,15.51014002
9609,1,363340.0,2182.88,2.901513977,15.84959455
9610,1,165284.0,703.91,3.600199367,16.49764778
9611,3,368769.0,2417.21,2.969476546,15.48362016
9612,1,277149.0,1922.96,4.580792368,16.57134619
9613,3,129696.0,1300.54,2.89696291,15.27489016
9614,2,361512.0,1905.87,3.055578895,15.33870081
9615,2,122474.0,1356.94,2.785787,15.61578641
9616,2,245067.0,1120.74,3.020787404,15.17737217
9617,1,373511.0,2796.82,1.838920071,13.98911874
9618,2,134617.0,909.93,3.771978747,15.65487503
9619,2,244739.0,1448.96,1.884469005,14.35272325
9620,2,383836.0,2529.69,3.318164915,16.08813916
9621,1,241601.0,1065.24,1.241157077,13.38629854
9622,3,232452.0,1825.25,3.129804352,15.1844393
9623,1,164859.0,798.98,3.644470752,16.34454939
9624,2,261940.0,1816.73,3.855782806,16.30645857
9625,2,122686.0,676.51,2.109785925,15.00336608
9626,1,136070.0,730.98,3.119908172,15.73402126
9627,1,150374.0,1202.13,2.808490432,16.53896301
9628,1,383854.0,1829.15,1.685065836,15.5952268
9629,1,365963.0,2355.88,2.219081909,13.84885544
9630,1,248401.0,1843.05,1.448360589,14.15920483
9631,2,148544.0,1115.88,3.057260628,15.95621023
9632,1,253268.0,1663.59,2.952081299,15.57492081
9633,1,247339.0,1548.02,2.485803101,15.29457119
9634,1,248337.0,1823.52,2.59387752,15.71433495
9635,0,385881.0,2407.15,3.662234661,15.75060632
9636,1,263873.0,1412.88,3.452256083,16.14285326
9637,2,130649.0,1530.63,3.075738742,15.49504068
9638,2,233495.0,1401.99,2.113899375,13.24219766
9639,1,372966.0,2345.31,2.313069968,15.63384927
9640,1,380925.0,1877.07,3.529033101,15.65442055
9641,2,228800.0,1871.06,0.995524907,12.79614081
9642,1,279175.0,1856.29,4.938064081,17.00382228
9643,1,245147.0,912.14,1.427437558,13.16204795
9644,1,147256.0,965.47,3.570516902,16.13946457
9645,2,134752.0,1026.2,2.30201999,13.66609221
9646,1,123859.0,825.83,3.253965093,16.04478441
9647,2,257169.0,1353.96,2.35331016,14.60225468
9648,1,374433.0,1910.26,0.979677935,13.88843103
9649,1,362339.0,2148.73,1.927173191,13.52272435
9650,2,347116.0,1793.08,1.050355778,13.79992299
9651,1,159857.0,1674.92,4.238809404,17.28866475
9652,2,246954.0,1818.6,2.584821058,15.26854541
9653,2,252036.0,1895.68,2.341142174,14.70419782
9654,1,142500.0,730.59,2.628434345,15.47516456
9655,2,363145.0,2436.96,2.767615745,14.63839251
9656,2,247389.0,1478.51,1.086794588,13.43179177
9657,2,141920.0,856.17,2.785235532,15.20511441
9658,2,122475.0,1476.57,2.918068609,16.37619969
9659,2,141299.0,913.87,2.993979797,15.88779096
9660,1,140584.0,1275.56,3.730130226,16.44442067
9661,1,384841.0,2338.23,2.718619929,15.66187838
9662,1,254784.0,1650.13,1.912560756,15.48334527
9663,2,115193.0,1252.73,2.037468951,16.07926398
9664,1,126677.0,595.91,1.927990168,14.84590648
9665,1,275191.0,1533.82,2.982770197,14.96859344
9666,1,151672.0,748.8,3.062309874,16.12519352
9667,1,259765.0,1792.64,3.206327262,16.57561032
9668,1,247350.0,1269.54,1.153225031,13.7276209
9669,2,146383.0,1336.43,3.508669331,16.26044643
9670,1,151805.0,1104.12,3.402832047,15.88634162
9671,2,262369.0,1321.8,3.63637159,15.559435
9672,0,271493.0,1379.29,4.534682313,16.89050985
9673,1,376156.0,2089.49,2.963697694,16.11983582
9674,1,176309.0,1381.09,3.859725416,17.04283976
9675,1,154257.0,983.72,4.561628687,16.66932771
9676,1,259822.0,1238.45,2.877315817,15.57401628
9677,2,358663.0,1855.16,1.304422324,13.50155227
9678,2,120306.0,805.23,1.21892265,13.21900293
9679,2,145088.0,1778.28,3.490451902,14.2604708
9680,2,118124.0,1224.32,2.283194678,16.34854786
9681,1,256700.0,1259.43,1.546870443,15.4566137
9682,1,159984.0,979.12,3.57907244,16.37172017
9683,1,380579.0,2115.74,3.666177161,16.2295806
9684,2,249840.0,1822.04,3.129006583,15.39901438
9685,1,140489.0,586.86,3.227034438,16.93224179
9686,0,363480.0,1815.61,1.79658386,13.50751367
9687,1,151737.0,742.73,3.620144851,17.05692375
9688,3,129940.0,794.43,1.649539634,13.34247835
9689,2,159635.0,1068.57,3.691055817,15.96840914
9690,1,151479.0,984.31,3.23722723,16.10689404
9691,1,259902.0,1560.47,2.043664311,14.19737926
9692,2,353072.0,1876.98,1.200797409,13.67975359
9693,1,264552.0,1458.76,3.92973825,15.96736195
9694,1,121505.0,766.1,1.120905059,12.90644206
9695,2,114947.0,1146.11,1.965681395,15.44266049
9696,1,363071.0,1816.76,1.664820374,13.49139789
9697,1,161895.0,869.44,3.669476097,16.39200893
9698,2,137217.0,1650.63,3.780209313,16.58517297
9699,1,269166.0,1859.51,3.237717229,16.72612485
9700,2,149948.0,866.13,3.059220327,16.29920466
9701,2,256067.0,1409.66,1.940580512,13.94478597
9702,2,234390.0,1165.95,1.379062714,13.32755601
9703,1,253718.0,1749.09,2.73090022,15.78550722
9704,1,373500.0,2342.82,0.601917085,12.62164041
9705,1,276687.0,1935.19,3.628112969,16.18506637
9706,1,386874.0,2549.15,2.949276978,15.33593435
9707,1,367943.0,1887.53,1.364584305,13.44038643
9708,1,363693.0,2169.92,2.143590013,13.79995579
9709,2,237274.0,1368.77,2.734339367,15.65307722
9710,1,261213.0,1866.21,4.410995681,16.70834555
9711,2,163147.0,873.72,4.722136186,16.55873075
9712,1,131211.0,596.87,1.337578145,13.73055851
9713,1,154062.0,1524.77,3.886772397,16.43347536
9714,1,155731.0,907.05,4.833327202,16.79535817
9715,1,159638.0,730.38,3.702511752,16.91642052
9716,1,162686.0,1057.02,4.709401547,17.5640489
9717,1,275754.0,2108.18,3.756743618,17.05964728
9718,1,153450.0,1086.48,3.773663941,16.35986789
9719,2,146572.0,751.98,3.151388161,15.33060784
9720,2,133261.0,917.98,3.097819261,16.28298552
9721,2,271115.0,1973.26,3.792979954,16.2236818
9722,1,139792.0,1015.1,2.678219641,13.93736716
9723,1,139007.0,850.14,2.796476284,15.89609312
9724,2,351374.0,1794.81,1.696595823,15.13296991
9725,1,352688.0,2237.67,1.324632459,12.59717238
9726,1,268025.0,1415.13,1.336228478,13.43093417
9727,2,162141.0,976.41,4.79763964,16.6711938
9728,2,143379.0,702.37,3.744704535,16.85731783
9729,1,249771.0,1488.94,2.132737607,14.00828575
9730,2,252606.0,1867.05,3.125549617,16.01590733
9731,2,120913.0,657.39,0.296576817,12.03086674
9732,2,377632.0,2531.68,2.157891185,15.14680639
9733,2,351984.0,1891.93,2.063963295,12.79125247
9734,2,251355.0,1317.19,1.886105251,15.06293965
9735,2,240797.0,1481.93,2.477239394,14.13214866
9736,2,252575.0,1506.72,3.945365588,16.26372048
9737,2,374682.0,1961.38,3.827127348,15.83837009
9738,2,364466.0,1833.46,1.407104111,13.5918327
9739,2,143527.0,1551.67,3.014446419,16.4776132
9740,1,257051.0,1773.83,3.480733209,15.96038331
9741,2,135090.0,896.98,2.856962054,13.42951908
9742,1,152363.0,812.18,3.829324405,16.43819385
9743,1,396352.0,2496.99,3.954358449,16.30372369
9744,1,156118.0,633.01,3.77109687,16.79792989
9745,1,346806.0,1760.15,0.952710961,12.89376872
9746,1,149697.0,799.27,3.667167375,15.58778525
9747,1,270098.0,1938.04,3.702757443,16.25687939
9748,1,271198.0,1873.24,3.353665738,15.86241829
9749,2,362975.0,2178.32,2.057630901,15.21270088
9750,1,144479.0,933.9,2.899970889,15.02518275
9751,2,352737.0,1749.3,0.952700091,13.56242068
9752,1,249365.0,1532.53,3.074825051,14.99486304
9753,1,123772.0,1173.8,1.503479552,14.85331545
9754,2,137455.0,738.99,1.451447727,14.03462002
9755,2,238745.0,1206.77,0.191392148,13.72912507
9756,2,239854.0,1724.49,1.881670085,15.28934069
9757,1,270624.0,1634.04,2.369887015,14.40640523
9758,1,244699.0,1712.99,1.673721361,13.79293868
9759,1,350344.0,1995.91,1.811451709,13.07291622
9760,2,149667.0,1172.05,4.42577727,16.81427483
9761,2,145515.0,775.87,3.591825205,16.39372674
9762,2,246237.0,1400.68,1.457920445,13.66393179
9763,1,375107.0,2327.87,1.62432001,13.53333467
9764,2,252521.0,1937.31,2.915154185,15.7590433
9765,1,385861.0,1897.81,3.712420105,15.90983524
9766,1,177060.0,871.28,3.245881946,16.60255736
9767,3,248890.0,1425.99,3.087324552,15.31305939
9768,1,266482.0,1762.12,3.320904874,16.97947816
9769,1,137779.0,704.88,1.528828562,13.36631058
9770,1,253855.0,1449.29,2.962799779,15.3831101
9771,1,266987.0,1343.01,3.695773126,16.7931025
9772,1,369650.0,1861.17,2.935971049,14.07997676
9773,2,351238.0,2169.96,2.323407968,14.00059544
9774,2,149593.0,779.2,3.181848404,15.33479429
9775,2,252423.0,1424.84,2.588289102,15.3180497
9776,1,377790.0,1889.62,1.959789997,13.84189302
9777,1,149908.0,1121.3,3.952612492,17.16530503
9778,2,362596.0,2475.55,1.146554071,13.6664581
9779,2,250219.0,1807.13,2.265393758,14.72026925
9780,1,396910.0,2065.39,3.706651223,16.53625753
9781,1,256237.0,1835.24,3.539417236,16.1106986
9782,1,383477.0,2247.47,3.792412702,16.18515205
9783,2,245492.0,1892.27,3.481428323,16.23675263
9784,0,163142.0,1275.04,3.671273872,16.85114142
9785,1,273920.0,1837.42,3.839757556,16.67714805
9786,2,251992.0,1926.33,4.205507881,16.16405674
9787,3,251371.0,1962.65,1.882795703,13.90075793
9788,1,252386.0,1365.85,1.163059205,13.67865863
9789,0,155636.0,796.97,3.619612141,16.77807432
9790,1,138451.0,884.8,1.05021484,13.77023964
9791,1,248731.0,1456.66,2.746938561,15.41728212
9792,1,151082.0,1155.45,2.837146427,16.24324981
9793,1,364583.0,2268.78,1.764852305,13.71841169
9794,2,258077.0,1351.61,3.227493355,15.96239227
9795,2,355848.0,1773.47,2.988452194,15.28107818
9796,0,362482.0,1855.16,3.169053494,15.67336041
9797,1,159047.0,846.27,3.726115567,16.44734786
9798,1,251304.0,1547.3,3.406196474,15.82846388
9799,2,225104.0,2051.02,1.263481867,14.20799213
9800,1,280473.0,1968.46,3.495155816,17.07464005
9801,1,262264.0,1296.41,2.130305022,13.83148682
9802,1,139135.0,1161.77,2.892654328,15.27038652
9803,1,261296.0,1359.08,2.19536098,14.24963121
9804,2,247625.0,1854.75,3.772170726,15.78266426
9805,2,373802.0,2399.68,2.294160585,14.9259315
9806,1,270260.0,1840.06,3.745619975,16.57285193
9807,1,259936.0,1940.05,3.029601587,15.90356698
9808,2,249688.0,1683.81,2.245599013,13.9753538
9809,2,255758.0,1539.94,2.863056536,15.54225377
9810,2,123986.0,898.64,1.715391175,13.81872444
9811,3,242230.0,1506.27,1.663904293,13.07710903
9812,1,123185.0,806.83,2.942662425,15.60621359
9813,2,240410.0,1820.16,1.823562633,13.86621528
9814,1,387813.0,2519.09,2.977928911,15.55450545
9815,2,368198.0,2504.32,2.264454983,13.98218332
9816,2,269144.0,2040.21,3.952129884,15.98412794
9817,2,346073.0,2074.86,1.744222117,12.28292144
9818,1,142720.0,882.08,3.526306649,16.47044619
9819,2,240425.0,1712.48,1.745263065,15.09790609
9820,0,262989.0,1817.67,3.485026187,16.54106876
9821,1,361819.0,2036.42,0.323128662,12.65913444
9822,2,129349.0,872.16,2.960834061,15.37628245
9823,2,123196.0,1600.98,1.21106951,12.89671557
9824,3,352225.0,1853.97,1.820579397,13.73447932
9825,1,249568.0,1733.52,2.530656864,15.89109914
9826,2,245038.0,911.11,1.230252777,14.36185817
9827,1,350185.0,2223.93,0.692073254,12.08949016
9828,1,376720.0,1893.51,3.389346984,15.95395994
9829,1,373152.0,2308.08,1.631032405,15.43669532
9830,2,116257.0,914.49,1.320525319,13.20759832
9831,1,259046.0,2010.9,3.132822244,15.52664863
9832,2,126012.0,714.74,2.169441027,15.76119856
9833,2,354639.0,2062.94,1.130525747,13.35736292
9834,1,277902.0,1952.54,3.558732811,16.71194857
9835,2,135764.0,644.7,2.659789606,15.15567297
9836,2,125514.0,756.17,2.885059121,15.20729209
9837,1,138074.0,665.33,2.708714145,15.29175897
9838,3,132109.0,987.91,3.14891498,16.07741353
9839,1,150262.0,1062.81,3.086792998,17.1206704
9840,2,360849.0,2328.76,2.978867157,15.76819085
9841,2,144001.0,755.43,2.906377207,15.16125133
9842,2,356056.0,1958.76,1.911676289,12.62553908
9843,1,270069.0,1884.92,3.323887429,16.62355682
9844,1,373319.0,1817.7,2.56715008,13.65212628
9845,2,151835.0,1346.01,3.645183796,16.13758295
9846,1,144268.0,989.17,3.772123568,15.76141738
9847,2,239870.0,1479.34,1.932944322,14.30958509
9848,1,365976.0,1803.05,1.425911815,13.54907633
9849,1,151525.0,1653.18,3.120867756,16.62407939
9850,0,148777.0,1191.25,3.790226221,17.0368766
9851,1,279556.0,1820.43,3.698695306,16.54551457
9852,2,114947.0,1207.09,1.763329034,16.5982924
9853,1,270097.0,2287.14,3.661249463,16.47881578
9854,1,256026.0,1835.97,3.932541192,16.39527899
9855,1,136205.0,1231.64,2.971511756,16.65857977
9856,1,158582.0,1014.34,3.583488952,16.38451075
9857,1,392580.0,2450.04,3.5795318,16.29842734
9858,1,243441.0,1470.28,1.805545076,13.4175032
9859,1,147507.0,880.57,2.684204021,15.42515141
9860,1,253364.0,1518.37,1.836644548,13.8115501
9861,2,349575.0,1794.2,1.913330104,14.74487991
9862,3,345192.0,2037.82,1.25481378,14.03948617
9863,1,365592.0,2477.85,1.368792357,13.31301683
9864,1,375125.0,1911.5,3.305489822,15.39815158
9865,2,124774.0,793.12,2.791273323,13.98478423
9866,1,373484.0,1877.75,3.043883311,15.79466446
9867,1,362056.0,2001.48,1.335100076,12.96095279
9868,2,269036.0,1823.85,4.470187268,16.57734338
9869,2,244417.0,979.22,1.71262082,13.91457053
9870,1,239361.0,1317.5,1.401363614,13.25432883
9871,2,133682.0,842.14,1.760220778,13.82667979
9872,1,254756.0,1319.16,2.522284265,15.73170411
9873,1,364790.0,1879.72,1.762208392,15.51108693
9874,2,133834.0,1861.66,3.319152156,15.41871587
9875,1,133715.0,676.6,2.247037115,14.25002452
9876,1,144499.0,911.31,3.120232037,16.11877366
9877,1,147916.0,1389.56,2.863590285,15.85398057
9878,2,353160.0,1830.15,1.106577099,12.73863062
9879,2,145636.0,1297.24,3.557671612,16.42581743
9880,1,250567.0,1052.83,2.815839361,14.3217778
9881,1,152062.0,1487.27,3.607133577,16.09257083
9882,1,133466.0,730.19,1.757536643,14.18851652
9883,1,272356.0,1809.01,3.854355575,16.52688544
9884,2,236802.0,1305.78,2.136899647,13.33502528
9885,1,150644.0,1277.79,3.749936634,17.53603334
9886,1,241653.0,1382.89,1.452188771,12.80881263
9887,1,383556.0,1940.1,1.574552012,14.23766056
9888,1,275353.0,1910.94,3.44192842,16.36119269
9889,1,259155.0,1832.36,3.608159662,16.00031796
9890,2,242253.0,1757.42,1.77538585,13.89082507
9891,1,277233.0,1870.73,3.862050747,16.75416552
9892,2,254849.0,1882.4,3.228860968,15.13571908
9893,1,157436.0,820.89,3.924211358,16.67359193
9894,1,264593.0,1831.46,3.76678324,16.31311787
9895,1,147730.0,1023.7,3.631005605,15.88308946
9896,2,265929.0,1695.91,4.164710603,16.65337482
9897,1,152833.0,899.78,3.904401972,16.10840247
9898,1,155517.0,898.97,4.340313251,16.78854401
9899,2,248763.0,1239.87,2.67040251,15.57937218
9900,2,358456.0,1778.43,1.442533922,13.08011352
9901,1,359355.0,1993.81,0.593634717,13.05911781
9902,1,379295.0,2446.67,3.614490058,16.56288186
9903,2,232459.0,1790.05,2.751981139,14.26626501
9904,2,150744.0,716.04,4.323943001,16.68024762
9905,2,173032.0,1304.71,3.815805792,16.1479149
9906,2,131984.0,954.97,2.405450629,14.94357009
9907,1,384536.0,1975.33,3.791285629,15.73564026
9908,1,272310.0,1809.83,3.977952539,16.62364263
9909,1,148140.0,1057.5,3.579245432,16.94172
9910,0,272806.0,1903.52,3.993863214,17.03091669
9911,1,366228.0,1930.24,1.273827839,13.2039192
9912,2,353794.0,2063.34,2.115956258,15.25614041
9913,1,147194.0,795.09,3.627118829,16.52639407
9914,2,248877.0,1839.18,3.042094502,15.33734833
9915,1,165275.0,1228.06,3.66837675,16.71011956
9916,2,237111.0,1812.12,1.697631142,15.28547027
9917,1,149656.0,856.32,4.138305036,16.3378543
9918,1,267135.0,2062.07,3.41986283,15.62005553
9919,1,149096.0,691.17,2.780468459,17.08331971
9920,2,248487.0,1550.76,3.157123023,15.22386354
9921,2,265159.0,1913.16,3.936096512,16.13402262
9922,2,126584.0,1398.75,3.090269056,16.08612578
9923,1,370014.0,2381.29,1.971738456,13.90844934
9924,1,367960.0,1817.65,2.698251264,15.16631586
9925,1,132409.0,760.26,2.450162691,15.49676957
9926,2,131336.0,874.69,0.567189468,12.7082452
9927,2,262639.0,1842.94,3.767861916,16.01538913
9928,1,158025.0,721.84,3.601411342,16.91316108
9929,2,362240.0,2257.86,1.608173514,13.70984514
9930,1,273261.0,2027.12,3.737595508,17.1779624
9931,2,123210.0,1111.17,2.204641929,15.63386375
9932,2,141058.0,800.12,3.105143675,16.05744907
9933,2,146169.0,1662.74,3.774826127,16.31359318
9934,3,122640.0,1591.2,1.564617312,14.06622874
9935,2,243341.0,1396.16,1.196596922,13.0395602
9936,1,376317.0,1833.79,2.94132329,15.48525801
9937,2,149550.0,916.82,3.617493454,16.19496919
9938,2,340467.0,2220.36,1.614779888,12.98217166
9939,1,374860.0,2349.55,2.069761147,13.74277744
9940,1,130275.0,752.04,1.438066254,12.82538049
9941,2,234631.0,1806.49,1.95214687,13.02718662
9942,1,249984.0,1229.29,2.046876175,14.94945002
9943,2,234575.0,1429.22,0.186402481,12.38497523
9944,1,243626.0,1148.61,1.825070773,15.36730221
9945,1,259605.0,1941.3,3.573889783,16.22684581
9946,1,270033.0,1848.57,3.425036284,16.52219325
9947,1,150138.0,885.32,1.479816016,13.64152091
9948,1,154967.0,1354.11,2.922298555,16.23680418
9949,1,248336.0,1224.55,1.408971449,13.67103093
9950,1,159586.0,815.7,3.752346913,15.98204985
9951,1,358063.0,1847.52,1.540435957,13.72695794
9952,0,279197.0,1858.06,3.915308638,16.30438946
9953,1,131224.0,866.84,2.341698637,14.79953478
9954,2,244501.0,1557.08,1.162151492,13.67692138
9955,1,267680.0,1210.21,3.007095425,15.82412378
9956,1,264679.0,2033.79,3.741441622,16.75986013
9957,1,361198.0,2233.96,2.443571659,15.50502989
9958,1,144165.0,926.32,3.124495147,15.71494056
9959,2,143429.0,1078.83,3.778387851,15.70510936
9960,1,264408.0,1822.72,3.621237818,15.85236814
9961,1,144915.0,613.92,3.014747544,16.29129245
9962,1,248559.0,1275.76,1.594110488,13.92623736
9963,1,363597.0,1739.9,2.287157588,15.35795318
9964,1,374171.0,2167.88,1.313269852,13.28268447
9965,2,249083.0,1649.28,3.098043087,16.10513481
9966,2,153270.0,1217.49,3.460727218,16.692822
9967,1,155721.0,1122.04,3.847219404,16.59325372
9968,0,377193.0,1870.65,3.54417785,16.45998829
9969,1,145460.0,998.08,3.610743922,16.32747762
9970,2,235054.0,1693.23,1.646744543,13.33251415
9971,2,232317.0,1686.08,-0.326393035,11.94834926
9972,1,127542.0,1389.64,2.98928281,14.35236933
9973,1,267566.0,1912.85,3.833224966,16.3158706
9974,3,358668.0,2735.9,1.343070483,13.30170681
9975,1,157382.0,1225.64,3.966755695,15.93586717
9976,1,254775.0,1807.82,2.529054772,15.93284895
9977,1,183174.0,898.61,3.421660785,17.19779505
9978,2,243708.0,1700.5,2.487875507,14.97780385
9979,2,159189.0,1392.47,3.50896545,16.10350014
9980,2,239621.0,1271.91,3.144314031,15.23880437
9981,1,245877.0,1251.52,1.932341131,13.69902012
9982,0,387238.0,2098.29,1.642245932,13.43539208
9983,1,247812.0,1455.8,2.076910078,14.05923551
9984,2,363707.0,2327.9,2.001162419,13.89313067
9985,1,353380.0,2016.12,1.383860884,13.76775865
9986,1,159135.0,1296.22,4.863344171,17.09463741
9987,2,143005.0,927.05,3.557333912,16.55139894
9988,1,142784.0,922.6,3.009323011,15.87647295
9989,2,355941.0,1788.95,2.379578287,14.94964252
9990,2,134391.0,829.81,3.474990922,16.10442227
9991,1,136417.0,654.93,2.010105515,15.77642558
9992,1,371666.0,1951.33,0.899422233,13.33143493
9993,2,353279.0,2319.05,0.091020363,12.30965231
9994,1,140123.0,757.31,2.75478932,16.30338997
9995,1,363274.0,1757.63,2.132329925,15.09020859
9996,2,261759.0,1829.52,3.653781736,16.08536216
9997,1,258587.0,1447.01,2.91814656,14.55128482
9998,2,134377.0,827.04,1.222107044,13.97648298
9999,2,154378.0,1385.11,3.621155962,15.846218
